# gen=0 CA size=200
# x0..x(D-1) consensus
0.902141 0.964701 0.130079 54.711129
0.462187 0.803953 0.595618 26.053191
0.290098 0.898084 0.496544 26.053191
0.664589 0.510002 0.176453 26.053191
0.384714 0.742479 0.439742 26.053191
0.158461 0.362695 0.829988 29.865480
0.532375 0.099248 0.245909 26.053191
0.370969 0.784789 0.579650 26.394199
0.041249 0.717700 0.875909 53.979972
0.688864 0.389258 0.352748 26.053191
0.874090 0.591350 0.655800 26.053191
0.274273 0.095764 0.195904 26.053191
0.836969 0.379388 0.184385 26.053191
0.917761 0.240641 0.694751 26.053191
0.432150 0.784848 0.337320 26.053191
0.847709 0.777637 0.188645 26.053191
0.738023 0.402073 0.465619 26.053191
0.245836 0.990273 0.018548 26.053191
0.996771 0.273121 0.087335 26.053191
0.588207 0.530233 0.162991 26.053191
0.265230 0.561380 0.412155 26.053191
0.909951 0.602671 0.412415 26.053191
0.275999 0.923768 0.187250 26.053191
0.874925 0.871169 0.159362 26.053191
0.251718 0.760826 0.735764 26.053191
0.575525 0.596606 0.474183 26.053191
0.873125 0.975600 0.254732 26.053191
0.368230 0.449859 0.395761 26.053191
0.649578 0.591670 0.390002 26.053191
0.689974 0.522297 0.645185 26.053191
0.447168 0.794400 0.466469 26.053191
0.115453 0.415981 0.458905 26.053191
0.165674 0.807892 0.686227 26.053191
0.709805 0.980691 0.906629 26.053191
0.889079 0.503529 0.198895 26.053191
0.282186 0.496924 0.346224 26.053191
0.563534 0.638736 0.340465 26.053191
0.603930 0.569362 0.595648 26.053191
0.361124 0.841466 0.416932 26.053191
0.403455 0.443110 0.009990 26.053191
0.352919 0.613851 0.526181 26.053191
0.676726 0.449630 0.264600 32.099524
0.769340 0.550676 0.416126 26.053191
0.469431 0.302883 0.186178 26.053191
0.750779 0.444695 0.180419 26.053191
0.791175 0.375321 0.435602 26.053191
0.548369 0.647425 0.256886 26.053191
0.756149 0.643820 0.182549 26.053191
0.212981 0.730090 0.657825 26.053191
0.536789 0.565869 0.396245 26.053191
0.262317 0.465661 0.082545 26.053191
0.329493 0.419122 0.317823 26.053191
0.610841 0.560934 0.312063 26.053191
0.651237 0.491560 0.567246 26.053191
0.408432 0.763663 0.388531 27.157350
0.702753 0.584519 0.921576 26.053191
0.099855 0.540198 0.852948 26.053191
0.153504 0.611958 0.240317 26.053191
0.794677 0.334979 0.029870 26.053191
0.216367 0.229230 0.512946 26.053191
0.497715 0.371042 0.507186 26.053191
0.538111 0.301668 0.762369 26.053191
0.295305 0.573771 0.583654 26.053191
0.236497 0.910379 0.429461 26.053191
0.275145 0.553571 0.492654 26.053191
0.610619 0.244253 0.299329 26.053191
0.703232 0.345299 0.450855 26.053191
0.403324 0.097506 0.220907 26.053191
0.684672 0.239318 0.215147 26.053191
0.725068 0.169944 0.470330 26.053191
0.134184 0.268336 0.807805 26.053191
0.690042 0.438443 0.217277 39.493642
0.206109 0.751245 0.727780 26.053191
0.529916 0.587024 0.466199 26.053191
0.412463 0.097641 0.095666 26.053191
0.322621 0.440277 0.387777 26.053191
0.603969 0.582088 0.382017 26.053191
0.644365 0.512715 0.637200 26.053191
0.401559 0.784818 0.458485 26.053191
0.109383 0.724435 0.278656 26.053191
0.884862 0.903906 0.648434 26.053191
0.145452 0.891019 0.773474 26.053191
0.076616 0.936575 0.766822 26.053191
0.157656 0.578772 0.033627 26.053191
0.122812 0.650065 0.914920 26.053191
0.662178 0.829361 0.664988 26.053191
0.451281 0.025983 0.349819 26.053191
0.328617 0.276740 0.054423 26.053191
0.292832 0.549111 0.070157 26.053191
0.518331 0.039673 0.448264 26.053191
0.973836 0.069369 0.065349 26.053191
0.088177 0.873242 0.199713 26.053191
0.475022 0.194450 0.955770 26.053191
0.785169 0.918609 0.010918 26.053191
0.302271 0.271389 0.329632 26.053191
0.882645 0.033611 0.065537 26.053191
0.185175 0.730243 0.536376 26.053191
0.919694 0.385527 0.078807 26.053191
0.912603 0.920484 0.536958 26.053191
0.628295 0.486484 0.293360 26.053191
0.908469 0.867589 0.882536 26.053191
0.948954 0.444726 0.408553 26.053191
0.207693 0.194057 0.779299 26.053191
0.698128 0.633747 0.699790 26.053191
0.885175 0.373348 0.115480 26.053191
0.853550 0.313419 0.686132 26.053191
0.577935 0.052762 0.388905 26.053191
0.261426 0.133985 0.514956 26.053191
0.249841 0.253381 0.430521 26.053191
0.649979 0.192543 0.850371 26.053191
0.652642 0.839733 0.738384 26.053191
0.274735 0.688411 0.668297 26.053191
0.468107 0.383373 0.329100 26.053191
0.808761 0.051107 0.230323 26.053191
0.069959 0.858296 0.523741 32.339042
0.119089 0.119018 0.634402 26.053191
0.316921 0.662934 0.405259 26.053191
0.730591 0.105835 0.695290 26.053191
0.133820 0.934630 0.745711 26.053191
0.221332 0.678237 0.424195 26.053191
0.146223 0.659154 0.287559 26.053191
0.482560 0.379280 0.587201 26.053191
0.757333 0.904948 0.618228 26.053191
0.452644 0.151708 0.977848 26.053191
0.348648 0.191497 0.970424 26.053191
0.216988 0.394539 0.798074 26.053191
0.364492 0.636675 0.655032 26.053191
0.900440 0.854672 0.293980 26.053191
0.045207 0.557524 0.394417 26.053191
0.096238 0.076244 0.575574 26.053191
0.233994 0.720667 0.112176 26.053191
0.856422 0.447283 0.533336 26.053191
0.262032 0.008850 0.695827 26.053191
0.012585 0.676190 0.376226 26.053191
0.804329 0.770894 0.636132 26.053191
0.123553 0.078846 0.920427 26.053191
0.844404 0.195354 0.186551 26.053191
0.958065 0.298547 0.751970 36.643338
0.885617 0.392641 0.004072 26.053191
0.132334 0.065282 0.518393 26.053191
0.682286 0.860964 0.692114 26.053191
0.274891 0.381697 0.361504 26.053191
0.797762 0.555410 0.267701 26.053191
0.169533 0.795600 0.470752 26.053191
0.724407 0.217559 0.934143 26.053191
0.914431 0.387067 0.843856 26.053191
0.264543 0.962060 0.347516 26.053191
0.705324 0.122736 0.226337 26.053191
0.007230 0.707616 0.626263 26.053191
0.555177 0.010881 0.244856 26.053191
0.008398 0.446240 0.091976 26.053191
0.751366 0.931612 0.751551 26.053191
0.990100 0.398498 0.058960 26.053191
0.903985 0.825709 0.957240 26.053191
0.569008 0.371029 0.442669 26.053191
0.306692 0.210270 0.041723 26.053191
0.218976 0.215209 0.145234 26.053191
0.636766 0.469568 0.110171 26.053191
0.312002 0.974745 0.745965 26.053191
0.551874 0.163073 0.681376 26.053191
0.503118 0.262472 0.461330 26.053191
0.999836 0.389688 0.787895 26.053191
0.457913 0.153331 0.486474 26.053191
0.983409 0.193893 0.690798 26.053191
0.434053 0.660011 0.729699 26.053191
0.383351 0.521089 0.307490 26.053191
0.811440 0.394553 0.923556 26.053191
0.222046 0.977604 0.847153 26.053191
0.242827 0.930301 0.986311 26.053191
0.171707 0.999957 0.726612 26.053191
0.011638 0.587591 0.401623 26.053191
0.205835 0.361366 0.831706 26.053191
0.154064 0.753675 0.830405 27.018133
0.568321 0.328824 0.608128 26.053191
0.367692 0.250259 0.816843 26.053191
0.982834 0.233042 0.232844 26.053191
0.116557 0.708632 0.681936 26.053191
0.054875 0.586255 0.148490 26.053191
0.241461 0.019439 0.193920 26.053191
0.532933 0.964119 0.012198 26.053191
0.106422 0.034652 0.795085 26.053191
0.104616 0.397514 0.400796 26.053191
0.717561 0.387789 0.580796 26.053191
0.754886 0.520586 0.285482 26.053191
0.319234 0.361376 0.010152 26.053191
0.117440 0.713707 0.791933 26.053191
0.413898 0.501790 0.202101 26.053191
0.080643 0.417471 0.719990 26.053191
0.398757 0.071841 0.645958 26.053191
0.815511 0.921980 0.179008 26.053191
0.645199 0.333281 0.542066 26.053191
0.153471 0.677738 0.633409 26.053191
0.339351 0.401464 0.403642 26.053191
0.007845 0.510086 0.667854 26.053191
0.960656 0.605710 0.180975 26.053191
0.863765 0.941150 0.014729 26.053191
0.081694 0.947169 0.140319 26.053191
0.265577 0.105790 0.883300 26.053191
0.404763 0.940465 0.853459 26.053191
0.872529 0.117065 0.258932 26.053191
