# gen=100 CA size=200
# x0..x(D-1) consensus
0.667202 0.413915 0.290624 0.708715 0.443406 44.983992
0.577689 0.931694 0.713007 0.397230 0.614935 43.441966
0.101083 0.656778 0.953430 0.192782 0.644310 47.114100
0.772060 0.088737 0.736645 0.831063 0.912077 48.592108
0.254306 0.202224 0.205895 0.175596 0.568326 54.275631
0.687391 0.194701 0.277284 0.639783 0.195190 47.002082
0.807281 0.339038 0.803699 0.474337 0.470640 48.592108
0.712077 0.202166 0.110525 0.475733 0.505186 47.002082
0.749276 0.030162 0.429968 0.303172 0.805267 49.057573
0.695043 0.395503 0.660367 0.188206 0.060788 49.057573
0.180100 0.258497 0.140022 0.076342 0.343923 44.692655
0.096434 0.244884 0.272695 0.211528 0.196415 41.590193
0.166389 0.224873 0.374451 0.329526 0.440738 55.686430
0.962569 0.161933 0.928131 0.778853 0.100812 48.592108
0.927283 0.117295 0.984954 0.373964 0.338136 48.592108
0.533936 0.101367 0.963902 0.745525 0.957950 48.592108
0.708239 0.222039 0.360296 0.505944 0.624336 52.323230
0.787688 0.155649 0.742073 0.497473 0.636188 51.290267
0.848391 0.089370 0.762987 0.387212 0.779759 50.987943
0.756692 0.238976 0.333733 0.356699 0.600613 51.843172
0.178157 0.259439 0.354801 0.445434 0.422053 53.789034
0.748867 0.188175 0.323432 0.594849 0.677241 50.780288
0.178988 0.275577 0.301805 0.239926 0.412946 54.497551
0.721794 0.117366 0.707283 0.576581 0.719959 51.542395
0.272951 0.166905 0.272175 0.162488 0.635961 50.811843
0.668101 0.252669 0.323839 0.325066 0.676778 51.309869
0.207243 0.265285 0.293044 0.446964 0.352237 52.682627
0.831433 0.162604 0.812320 0.364550 0.835453 50.870965
0.730785 0.226965 0.308557 0.432999 0.698450 51.932457
0.802251 0.072740 0.745424 0.535050 0.874675 52.826826
0.257733 0.226897 0.332807 0.224782 0.410300 56.065634
0.852497 0.075432 0.735040 0.426826 0.650345 51.400533
0.686570 0.200308 0.343399 0.375183 0.516170 50.979557
0.787003 0.112100 0.650919 0.601955 0.674557 51.087542
0.154890 0.281828 0.238466 0.271299 0.504520 51.288154
0.771445 0.123388 0.725378 0.571760 0.769843 52.991229
0.276786 0.226839 0.312937 0.149241 0.394347 55.068440
0.285839 0.223770 0.280709 0.346956 0.341929 56.575292
0.238358 0.273311 0.260443 0.265864 0.394801 58.491868
0.777848 0.163387 0.701997 0.517968 0.672099 51.605010
0.721636 0.052216 0.761845 0.523558 0.744372 51.708755
0.748888 0.121377 0.725147 0.558592 0.613204 51.781185
0.710134 0.153599 0.746906 0.540728 0.784201 52.569327
0.713795 0.138196 0.813224 0.531903 0.771774 50.804866
0.792503 0.140339 0.777215 0.473357 0.933907 51.372327
0.772337 0.140131 0.715920 0.541197 0.699630 52.965513
0.730124 0.122262 0.663314 0.663185 0.849548 51.643983
0.726100 0.102125 0.670254 0.626091 0.710480 50.897073
0.321172 0.171636 0.242055 0.331868 0.543156 50.893026
0.707223 0.101091 0.727094 0.629744 0.978463 50.849227
0.210599 0.293323 0.287148 0.179048 0.427573 53.577198
0.258008 0.244286 0.220337 0.155657 0.338729 54.829641
0.692542 0.092320 0.784280 0.512252 0.820036 51.240014
0.180173 0.264630 0.325213 0.385862 0.642954 52.934321
0.747848 0.008963 0.706261 0.622071 0.710127 51.003216
0.726584 0.120545 0.673142 0.692263 0.792693 50.871685
0.248879 0.256553 0.318317 0.409290 0.591464 51.153712
0.184516 0.239405 0.291049 0.240815 0.493108 57.020582
0.186054 0.288220 0.324957 0.341355 0.374064 53.121877
0.761293 0.086465 0.699192 0.646196 0.945986 51.551560
0.314392 0.170572 0.292987 0.365759 0.519412 51.757795
0.791487 0.101542 0.683725 0.677799 0.844501 50.942168
0.826081 0.060470 0.670372 0.557161 0.838373 51.493242
0.813887 0.093810 0.777333 0.530215 0.816472 51.611766
0.262018 0.186015 0.276064 0.451585 0.599910 52.433369
0.811128 0.072280 0.732869 0.434366 0.715142 51.444019
0.795854 0.168159 0.757788 0.499783 0.975450 50.798326
0.233956 0.246922 0.370586 0.459406 0.431412 50.998416
0.775724 0.125485 0.677074 0.569280 0.904687 51.079953
0.805815 0.059101 0.641081 0.637742 0.729399 51.044964
0.231542 0.221641 0.347825 0.278977 0.400389 57.562737
0.811559 0.216239 0.356686 0.533701 0.708012 51.106473
0.236999 0.211925 0.332436 0.286473 0.683662 51.820448
0.787367 0.130455 0.713701 0.542037 0.957416 51.255014
0.852042 0.070393 0.689048 0.482110 0.691003 51.249288
0.745513 0.065671 0.720167 0.569291 0.641053 53.031155
0.215856 0.237734 0.347537 0.220342 0.385067 55.590793
0.703398 0.089683 0.725061 0.655710 0.919119 50.921737
0.775332 0.069674 0.733724 0.581469 0.922259 51.996931
0.825894 0.120311 0.761141 0.449058 0.684215 52.836015
0.285419 0.215701 0.319510 0.183301 0.548478 51.994984
0.844415 0.144078 0.676850 0.515299 0.690528 50.819210
0.806272 0.201143 0.752499 0.438740 0.751280 51.084022
0.693776 0.222938 0.353730 0.351699 0.477875 51.301003
0.781357 0.153199 0.704341 0.541673 0.818014 52.997761
0.286944 0.202678 0.337469 0.345290 0.524495 52.165298
0.787297 0.067738 0.641892 0.617378 0.751896 50.935146
0.281499 0.168079 0.320720 0.187186 0.495903 52.739788
0.763696 0.145586 0.679673 0.657869 0.892017 50.806201
0.238996 0.170893 0.291952 0.318160 0.612916 55.355289
0.791883 0.107791 0.700903 0.539358 0.711686 53.415625
0.813995 0.132081 0.780803 0.448979 0.810150 52.812094
0.739693 0.035988 0.720869 0.607270 0.731949 51.963024
0.273122 0.170635 0.309235 0.330413 0.550088 55.062482
0.828404 0.065307 0.723422 0.538341 0.752111 52.705469
0.198950 0.194055 0.312908 0.144372 0.596624 53.264633
0.878934 0.089370 0.753463 0.491864 0.820673 50.960059
0.179367 0.235136 0.239146 0.379166 0.615039 52.779077
0.716612 0.135241 0.748029 0.560612 0.712923 52.219446
0.275927 0.199735 0.186627 0.200552 0.399987 51.713779
0.830240 0.073348 0.753695 0.401901 0.698869 51.419235
0.200023 0.253963 0.216432 0.409766 0.500741 55.489298
0.752923 0.148595 0.712140 0.629288 0.824771 51.245153
0.786823 0.166877 0.743486 0.499691 0.895849 51.861991
0.767155 0.237785 0.342992 0.526928 0.755388 50.832941
0.230138 0.245463 0.300645 0.129141 0.502772 56.583424
0.735321 0.229111 0.341549 0.462976 0.670473 52.544663
0.219823 0.256661 0.201785 0.383294 0.562037 52.755433
0.764576 0.111408 0.754364 0.515430 0.793906 54.055847
0.818216 0.081917 0.756272 0.558457 0.719568 51.758700
0.233598 0.245035 0.195472 0.374930 0.394500 54.865945
0.211851 0.175729 0.244545 0.431717 0.504603 51.616881
0.270586 0.215827 0.252111 0.486421 0.442610 52.392414
0.260818 0.213649 0.232375 0.214372 0.381980 57.955766
0.817641 0.129806 0.723625 0.491864 0.693132 53.158770
0.247975 0.202274 0.297074 0.303010 0.351933 59.497929
0.273840 0.264176 0.296325 0.157763 0.303731 53.881210
0.812410 0.000000 0.721115 0.550425 0.707235 51.146245
0.704765 0.217784 0.342680 0.410136 0.625126 51.510492
0.797210 0.062990 0.734946 0.491548 0.623418 53.079800
0.213380 0.176519 0.337647 0.448002 0.361015 51.817841
0.717420 0.132081 0.837285 0.409368 0.712923 51.064911
0.197893 0.209336 0.264089 0.426398 0.475081 54.697887
0.809726 0.131383 0.824210 0.366718 0.697534 51.278227
0.870270 0.117890 0.732512 0.419065 0.694981 51.303565
0.219539 0.197642 0.329936 0.368273 0.649777 55.668849
0.174724 0.215827 0.274714 0.237514 0.584460 52.481178
0.217940 0.224424 0.349514 0.381927 0.336378 57.632697
0.822133 0.079192 0.741037 0.502723 0.951705 51.105725
0.689724 0.084057 0.750242 0.566463 0.822736 51.152843
0.221199 0.213995 0.315022 0.290592 0.363008 59.000702
0.170249 0.209032 0.337425 0.424773 0.401450 54.001196
0.767265 0.129573 0.723330 0.579967 0.820473 52.824583
0.767608 0.081419 0.764358 0.467455 0.843474 51.683681
0.236474 0.267409 0.351668 0.336394 0.453603 54.971577
0.747830 0.146080 0.760463 0.528143 0.873708 52.660375
0.784065 0.034885 0.707691 0.531602 0.772314 51.407908
0.266268 0.164752 0.326515 0.241901 0.449296 55.149701
0.808749 0.157859 0.730897 0.544663 0.762310 51.244722
0.246484 0.175311 0.291671 0.356414 0.513235 56.657804
0.269322 0.202165 0.309589 0.257300 0.559180 55.431530
0.750254 0.062754 0.790801 0.544327 0.821757 51.126868
0.844456 0.094480 0.747377 0.479361 0.772237 53.491076
0.267231 0.259407 0.281695 0.196585 0.517695 56.376452
0.818204 0.042201 0.712465 0.581810 0.844084 51.287112
0.878903 0.094591 0.710155 0.469564 0.851330 51.095230
0.180389 0.220679 0.334562 0.186088 0.397663 55.853962
0.219612 0.164289 0.333943 0.431011 0.438902 51.535658
0.271877 0.190721 0.236431 0.248022 0.589179 54.773155
0.666453 0.207234 0.301211 0.373517 0.588832 51.605427
0.225994 0.222136 0.296832 0.332152 0.355898 57.932432
0.811442 0.071365 0.762117 0.568205 0.666761 50.926016
0.184265 0.204553 0.341170 0.204804 0.660927 53.046657
0.228702 0.263742 0.279304 0.181829 0.632420 52.380580
0.847805 0.106077 0.678994 0.511192 0.832913 51.454529
0.242742 0.186646 0.300531 0.198597 0.454149 59.314571
0.248421 0.209124 0.232374 0.255633 0.420535 58.204074
0.176042 0.236977 0.206924 0.362049 0.465548 51.099766
0.309419 0.187896 0.286364 0.318160 0.589608 52.202715
0.253352 0.238604 0.235005 0.432084 0.405068 56.468588
0.784478 0.020303 0.699949 0.578849 0.813019 51.417057
0.223036 0.162130 0.308635 0.129909 0.541558 51.236215
0.846855 0.109022 0.765107 0.416322 0.717193 52.573897
0.829314 0.137282 0.801064 0.462495 0.798876 50.951096
0.793469 0.178725 0.696689 0.555643 0.929307 50.933788
0.206504 0.233280 0.237909 0.306963 0.668695 54.246352
0.730115 0.220346 0.344877 0.427598 0.606763 52.545002
0.275637 0.280503 0.300231 0.264018 0.370243 54.943859
0.786371 0.055378 0.773130 0.455666 0.691415 52.986097
0.756692 0.103504 0.754724 0.495040 0.603386 53.096211
0.725636 0.137018 0.728430 0.525266 0.768535 51.332456
0.739818 0.101234 0.685807 0.670066 0.739409 51.539784
0.182796 0.253584 0.264817 0.444715 0.470429 55.605529
0.764484 0.109490 0.704602 0.619685 0.756386 52.371305
0.719668 0.133163 0.730554 0.588580 0.852628 52.372567
0.752172 0.115189 0.722549 0.620738 1.000000 50.799179
0.786816 0.143328 0.739964 0.532801 0.687159 51.887178
0.702080 0.114742 0.768612 0.536495 0.613727 51.942589
0.758217 0.164983 0.803931 0.428540 0.848744 51.426987
0.209764 0.219029 0.352445 0.227560 0.556071 54.892838
0.240166 0.206592 0.304828 0.234575 0.644570 54.287594
0.729717 0.240336 0.332684 0.388031 0.677278 51.721298
0.785877 0.096486 0.744860 0.522185 0.945074 51.681529
0.807294 0.129838 0.764165 0.452878 0.624802 51.833739
0.280628 0.169797 0.306902 0.115837 0.473536 51.326183
0.238899 0.270355 0.315186 0.394405 0.303393 54.281348
0.228796 0.233678 0.305479 0.302680 0.579495 59.773267
0.674298 0.201902 0.357091 0.468409 0.627846 50.845229
0.772060 0.137179 0.710366 0.510278 0.857939 51.464926
0.781188 0.107361 0.686080 0.593665 0.876040 52.214770
0.300246 0.220556 0.169383 0.278628 0.504571 52.018572
0.277291 0.242117 0.195522 0.287359 0.505603 54.191252
0.789707 0.056872 0.782055 0.421198 0.679039 51.963345
0.257632 0.234286 0.206273 0.280645 0.530701 57.056054
0.698293 0.099912 0.754089 0.581946 0.561572 50.907146
0.767558 0.151522 0.645500 0.646970 0.858195 50.820471
0.810720 0.159120 0.735669 0.432142 0.789123 51.313040
0.832273 0.119932 0.757528 0.395347 0.609730 51.372688
0.247362 0.250141 0.205695 0.327494 0.356238 54.714783
0.802021 0.089833 0.785915 0.529411 0.777147 51.731122
