# gen=90 x0..xd f
0.574494 0.433784 0.491822 0.276069 0.678418 0.500409 0.547720 0.026227 0.825938 0.607444 0.000000
0.511411 0.300919 0.989683 0.836044 0.304372 0.852810 0.338968 0.050349 0.776482 0.424892 33.550576
0.649448 0.988899 0.514394 0.571211 0.638404 0.130671 0.097077 0.032187 0.429103 0.377673 20.673848
0.328742 0.217313 0.558634 0.464787 0.441795 0.602124 0.548436 0.491370 0.548922 0.425684 79.969297
0.381342 0.183991 0.549233 0.419518 0.476684 0.515232 0.479793 0.405813 0.403253 0.428140 77.869052
0.673145 0.433971 0.084694 0.824165 0.926598 0.267585 0.254687 0.919499 0.472077 0.998713 20.957334
0.291016 0.233669 0.548522 0.458100 0.590098 0.437214 0.464364 0.486592 0.419742 0.497119 79.687647
0.601864 0.570694 0.998830 0.355288 0.306024 0.797904 0.286019 0.109583 0.037842 0.722250 22.549165
0.332877 0.187307 0.490137 0.537670 0.411511 0.525867 0.513905 0.535582 0.504711 0.412728 81.799448
0.314270 0.199472 0.500875 0.499893 0.503978 0.499558 0.502737 0.502212 0.500237 0.500475 89.603849
0.177812 0.238676 0.422539 0.588587 0.480389 0.458562 0.548560 0.494941 0.426049 0.456369 73.580095
0.241099 0.659511 0.908890 0.198475 0.519102 0.979596 0.353777 0.660612 0.813135 0.413907 32.127640
0.380858 0.370096 0.396726 0.475858 0.402042 0.436378 0.346721 0.532617 0.418484 0.556857 61.520119
0.354601 0.201732 0.480624 0.454761 0.451668 0.522285 0.534228 0.529071 0.385888 0.505559 81.203799
0.323982 0.179517 0.534549 0.599271 0.463400 0.434386 0.573626 0.500927 0.565169 0.515121 80.250486
0.369267 0.169582 0.897735 0.073649 0.988657 0.927855 0.115526 0.488651 0.521338 0.226177 33.141492
0.253666 0.277196 0.561658 0.638490 0.505085 0.413841 0.359742 0.494421 0.531669 0.539571 72.008750
0.294878 0.205228 0.510316 0.372055 0.397886 0.533856 0.496575 0.435234 0.382599 0.635321 75.406756
0.382346 0.279604 0.564257 0.579474 0.629462 0.303378 0.634442 0.522966 0.548669 0.580789 68.427739
0.259049 0.236819 0.443149 0.605130 0.420793 0.453400 0.481796 0.477326 0.503731 0.500307 78.559861
0.422093 0.473542 0.633554 0.508187 0.705003 0.067665 0.507691 0.064747 0.281520 0.232916 23.305304
0.285900 0.214486 0.657898 0.652751 0.484404 0.466412 0.475798 0.412839 0.495582 0.452624 75.623993
0.314270 0.199472 0.500875 0.499893 0.503978 0.499558 0.502737 0.502212 0.500237 0.500475 89.603849
0.311475 0.213447 0.509218 0.633771 0.457188 0.571277 0.410660 0.616434 0.494698 0.569320 76.961695
0.256972 0.145904 0.124529 0.432713 1.000000 0.630321 0.718586 0.196047 0.910237 0.726259 39.108218
0.384250 0.880191 0.570437 0.926719 0.983402 0.622188 0.595150 0.948216 0.320969 0.147826 32.359260
0.337282 0.213440 0.421143 0.449191 0.457829 0.352966 0.468617 0.260675 0.549965 0.459366 72.293172
0.417740 0.216518 0.475124 0.464365 0.456368 0.523220 0.447066 0.636890 0.558801 0.553193 76.153088
0.313075 0.217386 0.597903 0.501174 0.629097 0.645045 0.356540 0.497760 0.564281 0.651430 72.284380
0.329882 0.191177 0.431587 0.551150 0.471727 0.526967 0.605029 0.518624 0.458497 0.564976 80.637986
0.330424 0.222496 0.563052 0.372336 0.519498 0.577233 0.540922 0.444864 0.466463 0.502263 79.187815
0.325662 0.194600 0.504053 0.607012 0.423443 0.417112 0.427238 0.460478 0.400079 0.640487 75.924315
0.292575 0.205048 0.524801 0.524845 0.318023 0.554787 0.506332 0.501642 0.553400 0.550687 77.999835
0.311533 0.174540 0.533644 0.603944 0.442838 0.475220 0.390531 0.581282 0.397220 0.595654 76.262730
0.299003 0.163889 0.432488 0.418818 0.370221 0.526783 0.473085 0.536040 0.338737 0.458565 75.222272
0.269553 0.198816 0.552569 0.422877 0.424466 0.614915 0.490517 0.348261 0.528432 0.462652 76.229151
0.271043 0.215427 0.549552 0.545267 0.428318 0.619911 0.509783 0.500862 0.598531 0.598969 77.228398
0.309356 0.227339 0.663691 0.450619 0.455755 0.382083 0.566652 0.493158 0.579417 0.558432 75.586592
0.257492 0.187490 0.546004 0.425081 0.408805 0.604794 0.553061 0.392566 0.408228 0.657284 73.472336
0.348284 0.193954 0.481531 0.453308 0.486857 0.544085 0.351353 0.385803 0.573111 0.473783 77.466106
0.240521 0.476224 0.974562 0.887572 0.657111 0.334784 0.993913 0.309636 0.874682 0.569019 22.176657
0.183405 0.228209 0.559023 0.571705 0.403694 0.501133 0.555862 0.575158 0.367168 0.519636 72.544783
0.319410 0.198487 0.659093 0.482331 0.474345 0.456260 0.526077 0.623866 0.580907 0.419806 76.383627
0.273449 0.236342 0.570241 0.670946 0.606029 0.482105 0.531871 0.597573 0.538676 0.547451 74.625292
0.262544 0.181542 0.419913 0.576286 0.442741 0.661646 0.467254 0.440779 0.459898 0.595942 75.319355
0.349708 0.094051 0.545330 0.602259 0.446063 0.623735 0.625774 0.812381 0.728228 0.636739 59.466003
0.284480 0.211915 0.505037 0.612725 0.373002 0.348584 0.851788 0.574574 0.656094 0.502401 63.979025
0.776130 0.307623 0.739774 0.775016 0.954801 0.948504 0.738188 0.421916 0.380284 0.345633 0.000000
0.322588 0.233248 0.467477 0.514911 0.416440 0.435823 0.566577 0.427746 0.406853 0.404639 77.686950
0.341689 0.173501 0.440228 0.420285 0.345739 0.567321 0.882555 0.395685 0.316118 0.622934 61.520739
0.339675 0.181586 0.512550 0.514258 0.616533 0.309528 0.528907 0.597924 0.434198 0.505810 75.111171
0.355599 0.193522 0.417672 0.533031 0.579177 0.606436 0.468395 0.855311 0.430836 0.457543 66.998864
0.365358 0.186292 0.439060 0.686768 0.458964 0.472104 0.519120 0.670458 0.593830 0.351322 71.258504
0.365408 0.191248 0.485963 0.409107 0.680746 0.396774 0.602697 0.637719 0.563064 0.542575 72.602044
0.415687 0.773577 0.210135 0.579148 0.507669 0.353983 0.683641 0.752725 0.800751 0.739246 0.000000
0.314876 0.199472 0.497300 0.499893 0.498669 0.499558 0.500793 0.502212 0.500318 0.500475 89.703862
0.185163 0.259527 0.652405 0.659368 0.674719 0.582565 0.434931 0.737794 0.348685 0.406049 61.893344
0.359606 0.209104 0.466093 0.328993 0.526285 0.454950 0.586756 0.598431 0.509432 0.629555 74.698926
0.385186 0.161621 0.520968 0.411123 0.437774 0.541318 0.587697 0.392874 0.398102 0.548142 75.310507
0.878179 0.887454 0.599447 0.061564 0.455263 0.805893 0.071042 0.486171 0.193877 0.144384 0.000000
0.314995 0.218080 0.568672 0.524378 0.480607 0.568063 0.537486 0.421275 0.376329 0.520014 79.249787
0.370544 0.188563 0.383706 0.512504 0.436416 0.601781 0.516809 0.474427 0.422608 0.529812 78.076652
0.469218 0.076414 0.422471 0.580683 0.339511 0.690353 0.699463 0.389447 0.351969 0.404401 58.267580
0.345803 0.224492 0.543984 0.531260 0.492341 0.538825 0.516421 0.298601 0.474485 0.562158 76.571889
0.411481 0.399005 0.918580 0.209261 0.628994 0.331887 0.501208 0.289897 0.407744 0.775780 42.269892
0.523203 0.196823 0.428514 0.440220 0.487487 0.572307 0.498668 0.507653 0.451728 0.420031 69.566493
0.212243 0.214686 0.526553 0.497897 0.415237 0.571643 0.573269 0.505215 0.458314 0.591860 76.384839
0.041187 0.482186 0.131497 0.831146 0.867004 0.213796 0.674020 0.055916 0.419100 0.582625 0.000000
0.140903 0.229084 0.395942 0.474336 0.435615 0.493533 0.524858 0.495282 0.442893 0.460482 71.684745
0.145432 0.299260 0.563163 0.552038 0.486347 0.201777 0.699924 0.018244 0.970572 0.347969 40.797025
0.399315 0.191293 0.471327 0.401266 0.585923 0.442837 0.496162 0.438596 0.484531 0.451342 77.925979
0.862555 0.473025 0.796204 0.462823 0.940068 0.842856 0.181956 0.207825 0.002462 0.562311 0.000000
0.233670 0.213993 0.495636 0.516772 0.576856 0.402225 0.508955 0.431276 0.462738 0.475735 78.472032
0.475072 0.661890 0.196518 0.005356 0.990542 0.736571 0.061271 0.448983 0.859309 0.954268 0.000000
0.629237 0.255932 0.668586 0.323004 0.479737 0.609583 0.458164 0.725289 0.585112 0.609036 53.721747
0.381978 0.226151 0.554672 0.514470 0.366744 0.503483 0.396847 0.514734 0.558954 0.480451 77.208636
0.223060 0.217836 0.568205 0.534407 0.595117 0.661086 0.397446 0.560163 0.454065 0.415450 73.101344
0.354283 0.198626 0.511429 0.650277 0.374569 0.706091 0.504228 0.419606 0.403025 0.552010 71.731904
0.315006 0.174514 0.456372 0.499755 0.383334 0.561587 0.597664 0.526932 0.386565 0.436623 77.205582
0.200781 0.276798 0.642208 0.372574 0.458141 0.778568 0.640469 0.599676 0.600870 0.620501 62.079471
0.342601 0.198521 0.507808 0.533957 0.424776 0.458969 0.523023 0.700954 0.520641 0.492700 77.069313
0.283975 0.171469 0.564299 0.390570 0.560179 0.634902 0.449148 0.412575 0.406625 0.444270 75.181998
0.373582 0.210923 0.560553 0.427475 0.360839 0.551446 0.523346 0.660440 0.457475 0.519764 75.138573
0.846626 0.824329 0.407898 0.557895 0.027236 0.286684 0.033118 0.696787 0.538806 0.853129 23.309470
0.370610 0.226577 0.461861 0.498688 0.419617 0.404690 0.393474 0.782126 0.442523 0.465785 69.954915
0.161770 0.269666 0.527899 0.588509 0.270290 0.208726 0.796549 0.469684 0.286412 0.601513 54.854032
0.341173 0.202468 0.594228 0.657096 0.405622 0.653715 0.586296 0.485901 0.456632 0.538214 74.043311
0.314372 0.195229 0.558990 0.685947 0.481524 0.429072 0.544226 0.605181 0.572976 0.327213 72.755060
0.355953 0.167343 0.616955 0.454328 0.412774 0.533767 0.654181 0.461144 0.516333 0.476743 75.934174
0.299377 0.162594 0.557621 0.452089 0.378320 0.411616 0.527733 0.547900 0.563284 0.506916 77.944151
0.311631 0.191211 0.554552 0.580480 0.447646 0.613895 0.506234 0.488153 0.471136 0.554135 80.196864
0.338718 0.211317 0.429038 0.496982 0.264560 0.514367 0.467885 0.522993 0.544393 0.406292 74.413578
0.376127 0.214231 0.492434 0.494614 0.639353 0.525325 0.582628 0.392061 0.432377 0.532168 76.744530
0.322492 0.180842 0.358476 0.504902 0.448159 0.408956 0.611709 0.436780 0.486319 0.438641 76.793697
0.009753 0.217787 0.408457 0.459137 0.493132 0.428972 0.572611 0.461512 0.456542 0.473011 60.901202
0.262829 0.178528 0.510200 0.392621 0.468377 0.371480 0.524091 0.559027 0.550248 0.550220 77.474384
0.243064 0.212792 0.673215 0.586426 0.498739 0.404998 0.542066 0.510790 0.524969 0.603236 74.488469
0.291710 0.219165 0.559478 0.521164 0.586116 0.544810 0.487803 0.345152 0.493168 0.575997 77.629172
0.336589 0.199534 0.369545 0.335122 0.360029 0.566637 0.409266 0.561381 0.530521 0.588673 72.924029
0.284514 0.498170 0.438462 0.182977 0.189839 0.345038 0.989691 0.684661 0.118619 0.000451 0.000000
0.369690 0.291265 0.664361 0.698466 0.408945 0.764998 0.454440 0.451063 0.517447 0.566610 63.722092
0.877157 0.700691 0.860288 0.289695 0.908153 0.879624 0.195963 0.120277 0.271698 0.175802 0.000000
0.346736 0.173002 0.518415 0.457688 0.643197 0.417466 0.551671 0.527446 0.453690 0.481097 78.314789
0.290391 0.190242 0.499464 0.479721 0.604940 0.424321 0.556286 0.415660 0.470312 0.559804 79.468074
0.271321 0.206048 0.541194 0.500096 0.563019 0.387381 0.633375 0.305455 0.456129 0.535522 73.643269
0.305389 0.129230 0.459472 0.467277 0.638093 0.336729 0.426916 0.238083 0.513427 0.435420 67.348229
0.361472 0.230691 0.443389 0.564076 0.497194 0.553135 0.545140 0.344716 0.562481 0.542629 76.914872
0.267806 0.194832 0.475284 0.632232 0.403052 0.415243 0.620494 0.458848 0.540558 0.607484 74.912593
0.317328 0.199472 0.499231 0.499893 0.501625 0.499558 0.499533 0.502212 0.502013 0.500475 89.779414
0.302442 0.205460 0.442779 0.563743 0.543548 0.385002 0.617875 0.511414 0.524932 0.588338 77.842986
0.280828 0.188161 0.495753 0.735051 0.386541 0.526146 0.647362 0.287252 0.447194 0.664847 66.539195
0.267008 0.157100 0.596895 0.473983 0.497597 0.483688 0.541704 0.611312 0.462713 0.533314 77.970054
0.314376 0.492280 0.910311 0.437224 0.524154 0.295004 0.232221 1.000000 0.400760 0.502221 30.166648
0.343474 0.205206 0.529703 0.568243 0.451653 0.515687 0.519088 0.556723 0.645741 0.331426 75.680134
0.727686 0.645909 0.698210 0.568247 0.171208 0.934058 0.271804 0.697958 0.206731 0.091633 0.000000
0.323534 0.222488 0.534662 0.504965 0.374313 0.397119 0.579810 0.609274 0.690783 0.869581 63.169942
0.258007 0.230428 0.553476 0.550091 0.480887 0.574844 0.614210 0.395175 0.485571 0.542479 77.044788
0.300673 0.236576 0.609698 0.432049 0.516252 0.301788 0.537804 0.460267 0.367863 0.424345 72.790305
0.275968 0.126407 0.566106 0.534230 0.671911 0.453858 0.451763 0.485652 0.325597 0.585461 70.655403
0.282154 0.217517 0.548319 0.442393 0.434274 0.511351 0.344374 0.566030 0.537210 0.668274 74.588613
0.061798 0.939547 0.405329 0.389488 0.612053 0.978817 0.998629 0.326190 0.895115 0.248843 0.000000
0.317328 0.199472 0.499231 0.499893 0.501625 0.499558 0.499533 0.502212 0.502013 0.500475 89.779414
0.424978 0.172558 0.270487 0.338372 0.643720 0.767996 0.551652 0.593103 0.691821 0.509762 61.352970
0.307585 0.239297 0.746924 0.532229 0.587867 0.621766 0.474730 0.529626 0.612853 0.495622 71.233635
0.289863 0.217473 0.482136 0.568982 0.462320 0.546716 0.460996 0.519802 0.564945 0.597890 80.454623
0.377574 0.153363 0.614134 0.511421 0.342710 0.512087 0.561864 0.256803 0.530306 0.701195 66.866645
0.207886 0.432442 0.342468 0.352280 0.634118 0.621541 0.396281 0.662130 0.436159 0.665067 0.000000
0.302064 0.215435 0.520209 0.484062 0.425504 0.528509 0.566199 0.434661 0.554380 0.694934 76.212664
0.320535 0.206903 0.540104 0.506207 0.565870 0.385436 0.590349 0.538710 0.409699 0.505059 79.009308
0.228465 0.153561 0.413804 0.586753 0.484385 0.472080 0.621454 0.522796 0.499910 0.561919 75.153339
0.916638 0.883099 0.236378 0.152148 0.907668 0.988253 0.723022 0.767860 0.721333 0.808503 15.109573
0.321608 0.195819 0.436310 0.479196 0.513729 0.399467 0.473618 0.551086 0.479402 0.477002 82.111144
0.303602 0.292258 0.639065 0.528768 0.608489 0.435883 0.453458 0.859208 0.577282 0.700622 60.582040
0.278048 0.184329 0.453268 0.608889 0.486662 0.589056 0.514468 0.526442 0.509503 0.516471 80.354873
0.359141 0.197108 0.496563 0.525253 0.422159 0.576990 0.447144 0.453253 0.502946 0.424880 80.516084
0.523906 0.414067 0.862623 0.208297 0.471438 0.623816 0.153496 0.758066 0.927216 0.515221 23.717399
0.347414 0.205791 0.499939 0.442072 0.569049 0.496682 0.629666 0.604250 0.520416 0.562037 78.250491
0.284101 0.224029 0.645674 0.457120 0.472157 0.345306 0.508996 0.570047 0.706919 0.503098 71.832914
0.335300 0.179101 0.539833 0.510649 0.557439 0.419749 0.411064 0.640703 0.409641 0.572660 76.510431
0.216074 0.326747 0.101447 0.083594 0.184522 0.477157 0.521802 0.966071 0.448792 0.832929 36.326171
0.309364 0.198808 0.686828 0.536771 0.463627 0.455175 0.460616 0.404951 0.479610 0.550625 76.858355
0.425557 0.519878 0.307523 0.236523 0.817909 0.354562 0.898218 0.760553 0.457839 0.934589 0.000000
0.913591 0.824066 0.313041 0.837273 0.955035 0.198832 0.266437 0.158207 0.041233 0.978975 16.739248
0.307892 0.210271 0.482688 0.446579 0.620673 0.511022 0.482906 0.461697 0.494328 0.428808 80.900108
0.430514 0.618586 0.331563 0.793309 0.196240 0.086444 0.104323 0.907791 0.531723 0.739367 0.000000
0.317328 0.199472 0.499231 0.499893 0.501625 0.499558 0.499533 0.502212 0.502013 0.500475 89.779414
0.050958 0.672047 0.831741 0.285296 0.419585 0.292600 0.857539 0.833431 0.014498 0.048727 27.562192
0.358384 0.214988 0.505821 0.544659 0.483409 0.362841 0.535814 0.686760 0.577136 0.473433 74.980837
0.247741 0.190838 0.378048 0.505223 0.430935 0.759420 0.549173 0.444014 0.490902 0.939739 58.906012
0.315887 0.193010 0.632400 0.432470 0.633618 0.467697 0.497657 0.488898 0.514198 0.542790 78.134138
0.272279 0.151337 0.409564 0.552620 0.543806 0.537884 0.606109 0.657503 0.571746 0.594155 73.489166
0.972398 0.577173 0.249601 0.145735 0.316012 0.130800 0.212964 0.149991 0.098673 0.517968 25.709425
0.568804 0.575585 0.260393 0.782424 0.670294 0.808072 0.874842 0.465125 0.654336 0.336657 0.000000
0.325198 0.636704 0.106569 0.145229 0.457684 0.064144 0.280191 0.856842 0.064171 0.993108 0.000000
0.369241 0.203753 0.487826 0.623213 0.466669 0.512344 0.498610 0.465689 0.401926 0.503554 79.456416
0.345439 0.196583 0.537463 0.428508 0.363129 0.498332 0.616646 0.419025 0.455349 0.474275 77.250452
0.328842 0.253692 0.593122 0.519457 0.471938 0.611677 0.546354 0.473391 0.572410 0.528766 77.321884
0.354142 0.204636 0.439440 0.592704 0.510212 0.562009 0.470381 0.611108 0.570217 0.444662 78.472599
0.346203 0.156367 0.527776 0.616649 0.479794 0.471930 0.614121 0.284192 0.558148 0.307665 69.509862
0.345072 0.204983 0.466677 0.428490 0.425368 0.614915 0.434786 0.426912 0.455659 0.504789 78.800289
0.060844 0.113414 0.395021 0.367683 0.725168 0.424428 0.193826 0.391754 0.458236 0.760016 50.984143
0.246227 0.743573 0.526722 0.453642 0.298453 0.317724 0.284256 0.821866 0.763920 0.318473 0.000000
0.323848 0.163947 0.639499 0.386909 0.477813 0.537775 0.578349 0.464118 0.433244 0.432039 76.184022
0.169163 0.214957 0.599660 0.537532 0.528321 0.503656 0.469333 0.956309 0.569592 0.556797 59.606297
0.317328 0.201941 0.499231 0.495077 0.501625 0.494368 0.499533 0.498334 0.502013 0.499249 89.457590
0.382315 0.195795 0.587806 0.505627 0.227938 0.488903 0.742282 0.341408 0.439883 0.518362 65.820454
0.266741 0.232974 0.649771 0.583266 0.480176 0.612283 0.421951 0.352937 0.628238 0.578023 71.496219
0.066725 0.738410 0.300319 0.282413 0.856192 0.821322 0.341813 0.692822 0.372135 0.674865 0.000000
0.240340 0.197536 0.518466 0.485657 0.478766 0.674590 0.365227 0.530392 0.505881 0.620515 73.924970
0.264509 0.243821 0.832505 0.614743 0.573891 0.610508 0.592487 0.461289 0.604744 0.418801 65.329526
0.328392 0.232641 0.438491 0.467176 0.607396 0.392818 0.497543 0.336461 0.536369 0.417897 74.974028
0.260414 0.193793 0.420956 0.574782 0.587281 0.545510 0.538096 0.457463 0.607459 0.630416 75.880621
0.219272 0.016766 0.964279 0.071181 0.401869 0.676921 0.890757 0.853333 0.214600 0.204040 29.746448
0.242976 0.216718 0.498615 0.502688 0.387713 0.334540 0.656895 0.501853 0.384078 0.535305 72.488131
0.304645 0.206457 0.526816 0.645777 0.449342 0.688233 0.613302 0.512645 0.454936 0.377133 72.854895
0.920721 0.450110 0.970210 0.801564 0.422721 0.689407 0.794103 0.192295 0.030381 0.980552 0.000000
0.346765 0.204205 0.571814 0.482643 0.528631 0.536543 0.476290 0.424782 0.486155 0.438801 81.929784
0.242626 0.156680 0.530760 0.603983 0.490891 0.570768 0.474150 0.399217 0.477648 0.636534 74.696981
0.341105 0.171100 0.453014 0.530151 0.579503 0.606349 0.469295 0.608934 0.578515 0.516243 77.704011
0.210195 0.151044 0.352011 0.443830 0.500256 0.791224 0.879514 0.468226 0.475372 0.392281 58.285180
0.295261 0.179318 0.512686 0.445851 0.465573 0.693643 0.481690 0.491888 0.455382 0.590967 76.496141
0.220137 0.620469 0.201703 0.886536 0.616935 0.214138 0.409798 0.291046 0.636337 0.594122 0.000000
0.014867 0.242024 0.205231 0.325363 0.334681 0.593211 0.290520 0.441351 0.497787 0.886100 46.354655
0.280885 0.158326 0.419598 0.542837 0.521006 0.459000 0.416521 0.381767 0.437552 0.460925 77.160617
0.413284 0.329094 0.751649 0.532630 0.154816 0.939630 0.995575 0.192276 0.196506 0.911159 30.150314
0.362279 0.194443 0.485696 0.375181 0.440311 0.506143 0.482652 0.511059 0.505116 0.452308 80.573137
0.378680 0.989151 0.280670 0.447825 0.302073 0.569019 0.673896 0.185333 0.464211 0.501593 0.000000
0.315865 0.189021 0.449810 0.618940 0.540060 0.568382 0.456284 0.735627 0.445821 0.081942 61.040577
0.269393 0.144639 0.415463 0.570544 0.422363 0.481343 0.664306 0.469583 0.458158 0.491165 74.618385
0.320708 0.187559 0.396952 0.518331 0.621333 0.485171 0.513113 0.536517 0.602908 0.582993 77.807315
0.317328 0.197070 0.499231 0.502158 0.501625 0.494610 0.499533 0.502317 0.502013 0.501440 89.423042
0.316923 0.139136 0.401153 0.500885 0.601161 0.502316 0.474296 0.614077 0.407266 0.650631 73.102351
0.294531 0.216281 0.476907 0.435989 0.517805 0.568409 0.520697 0.513773 0.502833 0.580776 82.014660
0.314897 0.234522 0.737020 0.544480 0.541698 0.589094 0.524438 0.436344 0.495290 0.337270 71.429067
0.366023 0.180655 0.502793 0.436761 0.275826 0.488860 0.629697 0.514240 0.461121 0.392640 72.660825
0.230118 0.205977 0.601046 0.539285 0.547943 0.436128 0.442546 0.553234 0.445632 0.581971 76.906487
0.174186 0.021685 0.158248 0.124554 0.809457 0.224814 0.607245 0.791979 0.197712 0.693834 35.868820
0.373671 0.124702 0.604424 0.596050 0.403090 0.445820 0.618480 0.267298 0.526141 0.587277 67.778620
0.294383 0.168410 0.480756 0.611459 0.588937 0.515644 0.565939 0.431670 0.542164 0.458354 78.477664
0.418836 0.140753 0.701211 0.527657 0.532632 0.462112 0.347654 0.320850 0.482393 0.656855 66.408739
0.270002 0.196571 0.481255 0.436295 0.647224 0.570840 0.449204 0.509500 0.458499 0.517955 78.422915
0.332989 0.179101 0.545953 0.496822 0.457854 0.600866 0.301436 0.453372 0.703142 0.529241 71.895025
0.360287 0.040077 0.122874 0.614314 0.811689 0.129910 0.786938 0.076540 0.155511 0.784660 32.645336
0.319978 0.242707 0.444545 0.525362 0.626951 0.427940 0.452178 0.401302 0.540803 0.628789 75.296037
0.301555 0.226689 0.470309 0.504550 0.694012 0.506871 0.545008 0.478901 0.394655 0.448049 76.069392
0.323144 0.208638 0.464897 0.477810 0.390008 0.545668 0.513049 0.642232 0.445998 0.551339 78.275931
0.324799 0.196999 0.454627 0.452418 0.360160 0.472668 0.458337 0.514297 0.474481 0.458522 80.281917
0.370140 0.218225 0.629666 0.440027 0.561497 0.492906 0.513826 0.483507 0.515802 0.434784 78.854491
0.286955 0.163276 0.488143 0.631993 0.428522 0.431921 0.494366 0.523272 0.601867 0.468767 77.285600
0.346265 0.189095 0.577497 0.448662 0.412794 0.492354 0.508489 0.469797 0.431191 0.510708 80.994955
0.141245 0.232481 0.562531 0.558114 0.493296 0.558349 0.653289 0.526084 0.522450 0.483326 70.355973
0.358795 0.227806 0.497270 0.610350 0.639173 0.529646 0.461555 0.367428 0.538023 0.475639 75.743984
0.321831 0.192590 0.432194 0.494805 0.489137 0.428742 0.475340 0.503507 0.400718 0.557004 81.190905
0.329162 0.205868 0.498647 0.633135 0.840064 0.451949 0.317816 0.639598 0.640869 0.364669 62.873920
0.362413 0.235476 0.612928 0.557229 0.488093 0.356060 0.556534 0.487226 0.573357 0.616417 74.704844
0.378309 0.219213 0.449753 0.427389 0.547116 0.553222 0.542791 0.507806 0.437961 0.645213 77.098684
0.549951 0.947344 0.625144 0.893770 0.531050 0.263941 0.450889 0.728235 0.227167 0.816664 36.327107
0.233877 0.158105 0.417815 0.433679 0.522689 0.506069 0.474287 0.387028 0.551773 0.512546 76.518528
0.227659 0.132378 0.152775 0.361019 1.000000 0.560470 0.681648 0.051858 0.853229 0.702044 37.788731
0.317398 0.192156 0.459384 0.497931 0.469052 0.428891 0.361178 0.484552 0.426389 0.592607 78.396193
0.595117 0.496133 0.610714 0.531162 0.591281 0.366027 0.124999 0.141573 0.530605 0.468834 26.348036
0.321531 0.184461 0.647260 0.453993 0.520580 0.551002 0.490507 0.345441 0.501325 0.569955 76.378930
0.580400 0.225133 0.808608 0.552373 0.568712 0.707967 0.559047 0.304582 0.520274 0.377388 54.917873
0.261893 0.177337 0.497102 0.401033 0.491946 0.555544 0.442027 0.470779 0.554846 0.487536 79.966117
0.334424 0.753361 0.798692 0.113823 0.987932 0.722618 0.669980 0.229918 0.089938 0.999934 25.866945
0.419089 0.158225 0.523471 0.458895 0.453642 0.827518 0.595611 0.478640 0.390749 0.382673 65.592976
0.349002 0.191731 0.609229 0.540765 0.431649 0.507025 0.485526 0.370280 0.528011 0.585257 77.739279
0.378372 0.194194 0.417695 0.519014 0.549441 0.614014 0.519702 0.579181 0.652369 0.478828 75.767567
0.263622 0.232862 0.463347 0.481860 0.455615 0.435532 0.600399 0.599524 0.539472 0.448989 77.823679
0.305425 0.176235 0.415099 0.509298 0.374248 0.673590 0.476990 0.448587 0.466893 0.753513 69.824197
0.292980 0.210115 0.497450 0.529052 0.614524 0.502311 0.434451 0.494259 0.522459 0.553779 81.225702
0.304834 0.194294 0.513684 0.457840 0.460460 0.447300 0.440994 0.445460 0.529594 0.471887 83.030054
0.288004 0.170411 0.472063 0.367023 0.517190 0.533469 0.434670 0.617274 0.583885 0.492455 76.952211
0.197960 0.000000 0.433057 0.583573 0.262154 0.961771 0.460346 0.687745 0.257846 0.465118 43.646490
0.340858 0.221527 0.579095 0.515759 0.444399 0.441646 0.447575 0.462122 0.417108 0.570598 79.602872
0.333042 0.216509 0.478100 0.456296 0.401511 0.455987 0.484773 0.566789 0.561822 0.399238 79.344008
0.308460 0.383768 0.093388 0.068068 0.500337 0.329921 0.033983 0.848726 0.378535 0.339582 33.900634
0.345420 0.196547 0.624395 0.434637 0.526235 0.551960 0.483216 0.644764 0.498909 0.520324 77.674749
0.315523 0.184130 0.601922 0.483382 0.469815 0.413628 0.549430 0.450703 0.506729 0.640778 77.878163
0.351855 0.208810 0.378224 0.514327 0.545380 0.512997 0.565554 0.407144 0.474788 0.383215 77.531421
0.325312 0.247912 0.527003 0.448741 0.302637 0.513681 0.409061 0.435976 0.485559 0.460928 74.819759
0.697020 0.354197 0.235492 0.350371 0.053950 0.491467 0.844977 0.250688 0.484430 0.580885 0.000000
0.403138 0.206032 0.422458 0.437514 0.456270 0.407548 0.537239 0.498784 0.572823 0.614737 76.177031
0.402108 0.202516 0.508075 0.409704 0.487047 0.590892 0.423243 0.592072 0.517337 0.434419 76.805745
0.236710 0.213704 0.556751 0.594450 0.623768 0.499337 0.641182 0.520055 0.454248 0.344911 72.817464
0.453683 0.884768 0.200403 0.836241 0.493873 0.180828 0.659084 0.155821 0.908413 0.807897 0.000000
0.226997 0.191797 0.551433 0.502679 0.489159 0.545103 0.566984 0.363517 0.583140 0.606133 75.306348
0.318006 0.161718 0.515442 0.513779 0.465891 0.620757 0.446697 0.596891 0.499085 0.483502 78.927672
0.342091 0.191344 0.427609 0.363727 0.465616 0.633268 0.492863 0.486106 0.468685 0.519508 77.738014
0.322826 0.187556 0.496177 0.519336 0.471571 0.543080 0.648863 0.593727 0.334584 0.435252 75.309603
0.326994 0.146120 0.360692 0.475533 0.580520 0.429020 0.459320 0.493309 0.434403 0.630077 74.636899
0.369578 0.206416 0.448365 0.512161 0.517288 0.427579 0.458685 0.692626 0.527040 0.524890 76.567952
0.505298 0.223025 0.334105 0.724028 0.113204 0.468882 0.876378 0.022261 0.099191 0.875279 33.326120
0.373864 0.204028 0.471844 0.429224 0.572932 0.522984 0.517096 0.570269 0.555341 0.615088 78.423000
0.391808 0.193667 0.542328 0.547216 0.514978 0.526149 0.467602 0.514472 0.359635 0.569178 77.939357
0.334578 0.179166 0.527853 0.503079 0.536126 0.369923 0.447728 0.497714 0.487901 0.493724 80.923934
0.306526 0.176577 0.493959 0.452622 0.468709 0.507861 0.441683 0.553792 0.436983 0.553962 81.910742
0.329598 0.200554 0.634088 0.456073 0.460324 0.460682 0.410673 0.638808 0.464105 0.434306 76.495974
0.286148 0.213907 0.496073 0.551046 0.408875 0.539936 0.499282 0.520980 0.464115 0.510863 82.378268
0.288031 0.213127 0.590325 0.417739 0.488866 0.607970 0.456366 0.515434 0.595937 0.497277 78.444564
0.231947 0.237771 0.481074 0.517995 0.591735 0.608570 0.494117 0.519011 0.399807 0.434008 75.763229
0.315525 0.210757 0.426369 0.419427 0.398996 0.541734 0.440244 0.605801 0.490075 0.412732 77.651430
0.369469 0.217138 0.547371 0.557489 0.434021 0.616021 0.423730 0.421813 0.505671 0.538044 77.859965
0.314222 0.201834 0.508324 0.503082 0.501966 0.496706 0.501266 0.496271 0.498451 0.502989 89.281670
0.320017 0.217687 0.394069 0.461757 0.506416 0.462410 0.485682 0.541706 0.476505 0.343865 78.197693
0.794242 0.111943 0.234605 0.439960 0.096474 0.508221 0.353469 0.395839 0.628896 0.563409 0.000000
0.346494 0.214424 0.514872 0.294938 0.486951 0.468788 0.567127 0.499971 0.530706 0.464393 76.820198
0.294563 0.243289 0.612044 0.511573 0.526456 0.414642 0.507001 0.724376 0.408460 0.513132 72.681220
0.289853 0.190655 0.481806 0.378729 0.572763 0.431379 0.479634 0.480218 0.467976 0.525954 80.155259
0.298961 0.203927 0.502494 0.481526 0.489159 0.579729 0.526060 0.381130 0.505865 0.510381 81.429526
0.322138 0.209760 0.588185 0.591383 0.419083 0.547082 0.513813 0.476698 0.451757 0.543717 80.054678
0.323717 0.197265 0.394960 0.554937 0.500541 0.451647 0.531320 0.498765 0.631204 0.492579 79.380907
0.368996 0.175355 0.481440 0.586884 0.547734 0.483939 0.485921 0.538737 0.603490 0.451569 79.239651
0.358743 0.194906 0.382627 0.508780 0.447469 0.558872 0.573163 0.397022 0.612123 0.474074 76.797245
0.668799 0.532510 0.185155 0.175984 0.642618 0.989215 0.186802 0.745215 0.818055 0.395248 25.170729
0.070626 0.974275 0.777686 0.227189 0.941577 0.511800 0.069856 0.524630 0.427107 0.039588 29.731603
0.327931 0.210803 0.474792 0.519521 0.506493 0.479583 0.489884 0.560782 0.273411 0.381229 74.752638
0.241657 0.921652 0.990762 0.070072 0.891901 0.933162 0.700272 0.651200 0.706169 0.685774 25.986156
0.271719 0.182632 0.592730 0.538333 0.672574 0.521960 0.462957 0.336872 0.401908 0.618490 72.095269
0.333484 0.226626 0.475712 0.475446 0.691885 0.563839 0.549274 0.448793 0.644607 0.537585 74.455514
0.291941 0.231917 0.559750 0.497819 0.584020 0.608882 0.446747 0.486481 0.525750 0.513894 79.460799
0.321334 0.193238 0.563704 0.414816 0.481340 0.460853 0.588213 0.554521 0.511056 0.480813 81.040711
0.374935 0.199826 0.587463 0.348303 0.419230 0.453898 0.464858 0.423218 0.431553 0.559091 75.712663
0.262105 0.209755 0.456104 0.434904 0.510972 0.568552 0.564141 0.415270 0.396137 0.433776 77.855686
0.382389 0.605295 0.955426 0.970460 0.025520 0.218055 0.976757 0.535653 0.730228 0.679215 25.542273
0.288352 0.197912 0.392781 0.457741 0.451678 0.531539 0.457712 0.535945 0.538947 0.511491 81.293358
0.295969 0.211747 0.450516 0.503261 0.454106 0.514797 0.466589 0.431419 0.550326 0.485987 82.962375
0.374664 0.139453 0.462300 0.399488 0.404488 0.551570 0.413701 0.509165 0.506085 0.524193 75.749548
0.300554 0.204431 0.336897 0.481757 0.559797 0.555207 0.476397 0.574574 0.534306 0.469129 78.252279
0.372503 0.170875 0.464374 0.455346 0.424157 0.568291 0.458151 0.924936 0.417737 0.550729 63.402621
0.332332 0.194160 0.461229 0.508962 0.505786 0.547315 0.474908 0.466030 0.418770 0.507667 83.484539
0.421305 0.185711 0.559031 0.534455 0.552244 0.383608 0.513012 0.444072 0.528691 0.286582 72.087802
0.418513 0.209428 0.485298 0.501280 0.472745 0.549693 0.520959 0.481366 0.534552 0.575626 78.993736
0.333577 0.202171 0.439793 0.472829 0.531172 0.540242 0.508630 0.512127 0.503590 0.444563 84.034539
0.278109 0.188409 0.508879 0.472956 0.371896 0.490001 0.461728 0.514397 0.604577 0.601553 77.948332
0.365145 0.171721 0.461559 0.561717 0.548655 0.564362 0.446128 0.521304 0.521851 0.448312 80.291098
0.305981 0.201720 0.520131 0.548684 0.464744 0.537465 0.473536 0.438145 0.533245 0.581511 82.360476
0.314655 0.197337 0.541639 0.492046 0.436147 0.436316 0.492424 0.503672 0.639523 0.650866 76.984505
0.297280 0.180565 0.454865 0.537953 0.497512 0.517426 0.582473 0.556120 0.510950 0.543713 82.135740
0.335223 0.252225 0.554135 0.456873 0.578260 0.409075 0.552303 0.588239 0.531499 0.573587 76.773511
# OSA solutions
0.317328 0.199472 0.499231 0.499893 0.501625 0.499558 0.499533 0.502212 0.502013 0.500475 89.779414
0.294790 0.190624 0.528644 0.530520 0.539422 0.503833 0.462905 0.542191 0.487042 0.520345 84.652674
0.301445 0.213810 0.485333 0.505244 0.515662 0.551621 0.522518 0.524915 0.518540 0.503280 85.438652
0.299070 0.183286 0.452039 0.535980 0.492569 0.484073 0.525607 0.493680 0.484537 0.459518 84.595539
0.351543 0.218491 0.506487 0.494972 0.480576 0.530282 0.494638 0.531397 0.502575 0.522754 84.900873
0.324985 0.195041 0.429594 0.474753 0.510179 0.482492 0.526350 0.527609 0.471921 0.503091 84.728912
0.292002 0.200656 0.534534 0.489916 0.524977 0.444576 0.494321 0.529795 0.518463 0.523917 84.792787
0.314222 0.193427 0.508324 0.481003 0.501966 0.463596 0.501266 0.520343 0.498451 0.477770 86.903594
0.328239 0.199004 0.520126 0.515339 0.513531 0.513262 0.507193 0.505611 0.478871 0.499768 87.548292
0.313377 0.201834 0.480816 0.503082 0.518925 0.496706 0.472419 0.496271 0.513217 0.502989 87.614261
0.339815 0.205433 0.498911 0.537819 0.471521 0.524196 0.523983 0.490811 0.555217 0.521320 84.757555
0.327472 0.201834 0.521388 0.503082 0.547266 0.496706 0.547360 0.496271 0.482216 0.502989 85.743066
0.305506 0.214236 0.533000 0.507920 0.458840 0.442543 0.480877 0.484579 0.512689 0.478302 84.608282
0.314269 0.201834 0.502396 0.503082 0.525169 0.496706 0.443721 0.496271 0.455528 0.502989 85.640492
0.313336 0.208187 0.460078 0.513568 0.471572 0.507151 0.502009 0.487349 0.501722 0.461297 86.075854
0.322685 0.201834 0.494012 0.503082 0.459952 0.496706 0.499530 0.496271 0.474901 0.502989 87.201391
0.314215 0.201834 0.509171 0.503082 0.498651 0.496706 0.509487 0.445700 0.502907 0.502989 86.779491
0.317036 0.204405 0.465437 0.520543 0.455022 0.480317 0.498888 0.470985 0.503745 0.502848 85.969622
0.306299 0.207743 0.552564 0.488899 0.481297 0.511547 0.518518 0.467557 0.455400 0.517321 85.002414
0.305461 0.192122 0.453603 0.489965 0.530290 0.530573 0.551992 0.523856 0.477757 0.480718 84.612589
0.315109 0.208090 0.539395 0.467995 0.510217 0.485091 0.457283 0.485934 0.474654 0.530499 85.266583
0.306273 0.206553 0.503293 0.486259 0.471025 0.566710 0.487161 0.503850 0.491673 0.480818 85.356160
0.314709 0.203466 0.479679 0.485090 0.444411 0.521987 0.448031 0.481963 0.511681 0.511732 85.039054
0.305527 0.201834 0.436446 0.503082 0.541500 0.496706 0.482088 0.496271 0.493750 0.502989 85.408219
0.308469 0.201834 0.522720 0.503082 0.502758 0.496706 0.503176 0.496271 0.457195 0.502989 87.093431
0.309499 0.214530 0.500944 0.520228 0.449516 0.530521 0.487970 0.458734 0.515508 0.480000 84.961818
0.294004 0.203614 0.515861 0.462974 0.510296 0.508106 0.494366 0.517368 0.497480 0.518696 86.458888
0.314215 0.201834 0.509171 0.525280 0.498651 0.496706 0.509487 0.529046 0.504583 0.474795 87.231955
0.315486 0.192456 0.557210 0.476876 0.499486 0.484242 0.479372 0.538520 0.489990 0.502308 85.435041
0.314629 0.208802 0.515536 0.467987 0.506207 0.449992 0.496169 0.446714 0.479330 0.527775 84.796970
0.314222 0.198210 0.508324 0.498024 0.501966 0.467574 0.501266 0.505845 0.498451 0.505995 87.995212
0.292742 0.190515 0.497820 0.511137 0.462779 0.505869 0.540297 0.488719 0.454527 0.541991 84.556382
0.335599 0.183338 0.442759 0.515057 0.487840 0.525930 0.503947 0.473358 0.510859 0.516718 84.892393
0.333702 0.203181 0.493440 0.522146 0.473436 0.480276 0.498070 0.505074 0.484641 0.476910 86.783820
0.306148 0.202003 0.523848 0.503024 0.476123 0.500727 0.541785 0.500978 0.479835 0.469982 86.174811
0.273470 0.195145 0.479363 0.470649 0.518097 0.508166 0.510708 0.498006 0.520162 0.520594 85.079133
0.314222 0.199508 0.508324 0.472812 0.501966 0.497881 0.501266 0.536025 0.498451 0.551097 86.077423
0.312438 0.201198 0.531901 0.504953 0.501785 0.516779 0.524307 0.487643 0.507652 0.510390 87.272823
0.314222 0.188584 0.508324 0.504712 0.501966 0.528371 0.501266 0.513573 0.498451 0.509481 87.447563
0.312557 0.203027 0.509162 0.495689 0.456347 0.525793 0.451286 0.458359 0.529104 0.501885 84.993784
0.285969 0.180246 0.513873 0.499662 0.525939 0.496272 0.478213 0.499972 0.533397 0.459190 84.613372
0.316162 0.207697 0.544612 0.508565 0.550738 0.466050 0.475352 0.522738 0.503531 0.514009 85.072009
0.308626 0.205622 0.478488 0.540482 0.504583 0.475549 0.485485 0.506952 0.504177 0.520139 86.504811
0.318512 0.195071 0.488820 0.482880 0.499338 0.449857 0.482969 0.471393 0.542699 0.511603 85.533482
0.318215 0.194608 0.514150 0.447080 0.522487 0.494643 0.508124 0.498032 0.475424 0.533745 85.765701
0.305527 0.206607 0.436446 0.513636 0.495702 0.500398 0.482088 0.506933 0.493750 0.523751 85.661058
0.329572 0.194813 0.555579 0.484538 0.530013 0.476454 0.535700 0.482774 0.475985 0.493858 85.058429
0.300471 0.201373 0.550587 0.481378 0.470850 0.468797 0.489028 0.496271 0.514261 0.509958 85.646434
0.304885 0.222420 0.497055 0.490995 0.503992 0.456276 0.485289 0.463538 0.527045 0.466045 84.615372
0.292106 0.199558 0.517642 0.531232 0.454065 0.464745 0.481601 0.482009 0.514740 0.499924 85.220416
0.308795 0.193710 0.505592 0.482606 0.466527 0.499114 0.511355 0.467556 0.502414 0.547248 85.861688
0.313441 0.214705 0.530170 0.542916 0.491294 0.487055 0.469130 0.497049 0.449423 0.530150 84.658669
0.331379 0.201834 0.528661 0.503082 0.492814 0.496706 0.470484 0.496271 0.513274 0.502989 87.150279
0.314215 0.201834 0.509171 0.503082 0.498651 0.496706 0.509487 0.496271 0.572678 0.503434 85.762141
0.325517 0.208279 0.490987 0.497618 0.519543 0.455297 0.508767 0.496299 0.499578 0.568372 84.958153
0.326446 0.187541 0.461698 0.497364 0.447539 0.502472 0.500109 0.481319 0.522533 0.491380 85.460502
0.316080 0.201834 0.449366 0.503082 0.473169 0.496706 0.505803 0.496271 0.427811 0.502989 84.723016
0.292089 0.199238 0.471987 0.529896 0.450713 0.529244 0.470909 0.501726 0.522885 0.530024 84.668330
0.278337 0.210631 0.536454 0.519469 0.472551 0.516348 0.487172 0.519921 0.468983 0.488746 84.664215
0.307148 0.207396 0.548724 0.529763 0.447356 0.496969 0.501061 0.495433 0.501991 0.458767 84.800159
0.314188 0.201834 0.512558 0.503082 0.485392 0.496706 0.542370 0.496271 0.529110 0.502989 86.832699
0.310661 0.200562 0.554630 0.506824 0.504920 0.536852 0.539128 0.479015 0.510721 0.517791 85.266640
0.314222 0.202938 0.508324 0.503929 0.501966 0.510231 0.501266 0.508104 0.498451 0.472207 88.105958
0.322126 0.203309 0.482529 0.466557 0.464582 0.501189 0.549847 0.512035 0.515380 0.501149 85.708837
0.312620 0.201834 0.509171 0.503082 0.498651 0.545705 0.509487 0.496271 0.543519 0.502989 86.285814
0.310003 0.196434 0.505594 0.545179 0.560388 0.496706 0.510794 0.496271 0.474881 0.509558 85.312846
0.326535 0.198444 0.550125 0.499211 0.476639 0.511561 0.521214 0.521313 0.519994 0.517538 85.954903
0.355432 0.201464 0.515887 0.523715 0.510461 0.472101 0.535786 0.457439 0.514844 0.485827 84.622544
0.344907 0.197439 0.524354 0.491328 0.486178 0.474111 0.489414 0.464095 0.474484 0.531025 85.397535
0.290948 0.203500 0.537907 0.502136 0.481395 0.513676 0.468843 0.485849 0.515980 0.517141 85.798533
0.310551 0.203493 0.471523 0.424688 0.478994 0.509338 0.482460 0.505757 0.519263 0.499728 84.940804
0.324826 0.190647 0.490534 0.482974 0.513165 0.536890 0.494953 0.560524 0.496266 0.464768 85.050637
0.329239 0.182475 0.503818 0.499923 0.454064 0.547465 0.489471 0.496434 0.454156 0.513913 84.571607
0.311622 0.204952 0.469481 0.510523 0.480061 0.470768 0.484633 0.508745 0.484831 0.487112 86.767136
0.321691 0.205035 0.484812 0.485361 0.509316 0.538857 0.513361 0.498958 0.535863 0.482798 86.391517
0.291376 0.202815 0.549080 0.473679 0.482026 0.532568 0.494633 0.525675 0.492642 0.494677 85.262431
0.314222 0.193640 0.508324 0.491242 0.501966 0.449463 0.501266 0.559296 0.498451 0.478439 85.251497
0.347628 0.199590 0.537731 0.480281 0.469025 0.523188 0.513020 0.513100 0.499399 0.498445 85.589153
0.317328 0.197070 0.499231 0.552066 0.501625 0.494610 0.499533 0.502317 0.502013 0.501440 86.983196
0.308842 0.196136 0.545265 0.510254 0.473712 0.483251 0.491078 0.466592 0.507520 0.490356 86.086973
0.314215 0.201834 0.509171 0.448988 0.498651 0.496706 0.509487 0.496271 0.504583 0.502989 86.949618
0.302728 0.201834 0.515248 0.503082 0.479778 0.496706 0.453553 0.496271 0.484970 0.502989 86.589953
0.335088 0.188877 0.534949 0.475130 0.495124 0.481918 0.448503 0.525742 0.463339 0.498103 84.767779
0.316413 0.200118 0.479184 0.520343 0.490560 0.504375 0.477517 0.484739 0.465158 0.438190 85.330785
0.309531 0.201066 0.477537 0.491649 0.491415 0.527545 0.569221 0.472258 0.490381 0.471010 84.895102
0.282039 0.204659 0.520539 0.503139 0.480016 0.505909 0.504857 0.482166 0.535704 0.499625 85.723834
0.328131 0.207781 0.549436 0.449505 0.450483 0.499941 0.502032 0.528470 0.502168 0.496457 84.609054
0.305947 0.204006 0.529804 0.502130 0.496977 0.455156 0.504751 0.480229 0.511548 0.531342 86.039549
0.302938 0.198331 0.479296 0.534945 0.507066 0.484155 0.481447 0.535164 0.525841 0.533381 85.658924
0.299282 0.200884 0.448069 0.507330 0.549435 0.536734 0.497419 0.490398 0.469072 0.487215 84.739720
0.314215 0.201834 0.509171 0.503082 0.498651 0.569292 0.509487 0.496271 0.504583 0.502989 85.947122
0.331370 0.198530 0.508322 0.467305 0.494276 0.468925 0.470604 0.550203 0.521478 0.522407 85.231162
0.301109 0.201834 0.552946 0.503082 0.474030 0.496706 0.486730 0.496271 0.477438 0.502989 86.036753
0.281334 0.201074 0.493986 0.487351 0.509115 0.522619 0.516867 0.480354 0.480458 0.548377 85.123385
0.306303 0.200360 0.535813 0.539606 0.532720 0.492224 0.469126 0.480506 0.533944 0.504830 85.316050
0.337833 0.201799 0.463883 0.499313 0.502552 0.467836 0.543780 0.557718 0.505898 0.518064 84.580194
0.301988 0.204679 0.466452 0.510671 0.500905 0.504992 0.511963 0.486691 0.493136 0.495714 87.245793
0.337308 0.211454 0.508888 0.521796 0.512450 0.466303 0.557786 0.530579 0.516204 0.506287 84.821288
0.300080 0.201396 0.472664 0.517396 0.512200 0.499049 0.454356 0.505866 0.495111 0.544288 85.583824
0.321590 0.192394 0.528947 0.541060 0.561979 0.498773 0.487215 0.482901 0.535575 0.505209 84.742423
0.333229 0.224859 0.474375 0.472243 0.527281 0.515594 0.492895 0.488859 0.528702 0.481708 84.822556
0.307283 0.201834 0.476433 0.503082 0.488284 0.496706 0.538097 0.496271 0.493552 0.502989 87.165290
0.350555 0.187640 0.492805 0.521858 0.464602 0.516676 0.525894 0.512182 0.512908 0.496136 85.294053
0.314222 0.219775 0.508324 0.514302 0.501966 0.472368 0.501266 0.487086 0.498451 0.516486 86.424443
0.359005 0.201834 0.476059 0.503082 0.465264 0.496706 0.504265 0.496271 0.486782 0.502989 85.428597
0.314215 0.201834 0.509171 0.508309 0.498651 0.496706 0.509487 0.496271 0.504583 0.583969 85.109925
0.306839 0.211275 0.489395 0.465103 0.435324 0.494639 0.531758 0.509641 0.473591 0.500770 84.786788
0.333509 0.212890 0.502539 0.519473 0.446058 0.478413 0.461126 0.485782 0.525186 0.512109 84.914959
0.315011 0.205023 0.529266 0.443500 0.533752 0.494900 0.505545 0.499634 0.500639 0.517240 85.699133
0.310259 0.200202 0.560361 0.552173 0.527825 0.471426 0.528605 0.510578 0.511215 0.494247 84.553618
0.309337 0.218204 0.508235 0.440167 0.484546 0.525993 0.509375 0.510238 0.505890 0.464688 84.829870
0.321249 0.204830 0.487876 0.532393 0.441465 0.526990 0.457542 0.479521 0.535937 0.505767 84.572862
0.324985 0.223512 0.517463 0.474753 0.498143 0.482492 0.526350 0.527609 0.471921 0.503091 85.195392
0.293861 0.206773 0.470591 0.482429 0.513616 0.503917 0.539885 0.494040 0.546680 0.549147 84.539333
0.303796 0.198089 0.535924 0.545499 0.486795 0.537182 0.467905 0.478852 0.529079 0.477830 84.851108
0.307310 0.206607 0.513894 0.513636 0.495352 0.500398 0.510943 0.506933 0.485771 0.523751 87.560369
0.330103 0.177619 0.504323 0.531448 0.523604 0.498331 0.518774 0.521428 0.453568 0.471553 84.627455
0.300471 0.201373 0.550587 0.481378 0.470850 0.468797 0.530766 0.496271 0.514261 0.509958 85.349160
0.315146 0.201834 0.500909 0.503082 0.559212 0.496706 0.487462 0.496271 0.490599 0.502989 86.479923
0.335566 0.210671 0.554018 0.525112 0.481020 0.532999 0.483544 0.521267 0.463165 0.476163 84.532927
