# gen=120 x0..xd f
0.729789 0.615962 0.848869 0.680778 0.226056 0.123604 0.607181 0.783206 0.897500 0.334058 0.000000
0.302214 0.214011 0.642345 0.403538 0.458886 0.555975 0.517339 0.470593 0.659170 0.480852 75.710488
0.466724 0.203013 0.602694 0.561928 0.336218 0.578492 0.360097 0.405178 0.436979 0.766569 64.108973
0.343194 0.201008 0.465362 0.405406 0.676995 0.610932 0.670010 0.507614 0.461510 0.650595 71.239387
0.414763 0.231054 0.379643 0.479673 0.427739 0.484828 0.455825 0.476484 0.540238 0.618911 75.104302
0.307359 0.219994 0.620988 0.479205 0.553208 0.542029 0.344475 0.530533 0.541876 0.488842 77.349744
0.427761 0.240811 0.415844 0.521457 0.465427 0.470716 0.450156 0.483114 0.510583 0.425573 76.171614
0.309373 0.232724 0.546018 0.637374 0.393492 0.544337 0.410213 0.385704 0.498188 0.582121 75.047487
0.343285 0.205594 0.492033 0.489188 0.335068 0.506620 0.453713 0.555504 0.410039 0.536466 78.060016
0.413562 0.174788 0.565924 0.649584 0.457879 0.581658 0.506667 0.534483 0.381639 0.459826 73.975714
0.392653 0.192575 0.504924 0.449881 0.576629 0.473306 0.445161 0.466668 0.550068 0.448919 79.662182
0.314322 0.204242 0.548733 0.489118 0.434178 0.533223 0.443054 0.543231 0.482813 0.542404 82.967562
0.511807 0.143996 0.672011 0.375389 0.373937 0.680270 0.563303 0.595370 0.350071 0.443079 61.739667
0.245779 0.204471 0.135032 0.513604 0.697067 0.439177 0.204851 0.503182 0.404629 0.302219 57.601245
0.326950 0.202752 0.311145 0.622122 0.606987 0.583688 0.598107 0.394288 0.610880 0.653741 69.790298
0.295335 0.201626 0.472374 0.517120 0.457177 0.422772 0.521554 0.658579 0.436536 0.451322 78.329428
0.410672 0.182801 0.390916 0.284940 0.601073 0.508237 0.469533 0.387867 0.261927 0.503262 67.064061
0.287913 0.213115 0.498810 0.495813 0.492013 0.451723 0.678890 0.477505 0.493923 0.634929 76.490337
0.292550 0.295976 0.522959 0.482036 0.458055 0.505337 0.488350 0.546245 0.462381 0.480212 75.402689
0.318868 0.193690 0.582223 0.429634 0.492135 0.484689 0.524033 0.568295 0.530428 0.470102 82.086463
0.204527 0.146317 0.869504 0.687106 0.223055 0.560505 0.717023 0.583305 0.630110 0.090308 48.165409
0.399308 0.184288 0.546569 0.498676 0.646512 0.600739 0.482865 0.501342 0.536527 0.451246 76.501344
0.266969 0.195511 0.437127 0.400882 0.592673 0.567175 0.624845 0.451159 0.492060 0.397526 75.855769
0.358549 0.169734 0.398456 0.343223 0.318830 0.477226 0.586717 0.496244 0.444021 0.573448 72.517088
0.292094 0.113105 0.653863 0.472428 0.312830 0.571940 0.467731 0.539820 0.463912 0.535223 70.402635
0.316938 0.199938 0.499882 0.499906 0.499730 0.499588 0.499975 0.500394 0.499817 0.500028 89.960460
0.289227 0.192291 0.369776 0.342964 0.562058 0.516642 0.511923 0.468672 0.519203 0.672858 73.961117
0.305957 0.203851 0.526316 0.396787 0.543568 0.576648 0.472829 0.533738 0.422906 0.334018 76.665480
0.168807 0.308939 0.504984 0.578328 0.928912 0.287034 0.729081 0.517379 0.380261 0.967952 44.096549
0.325067 0.201387 0.422988 0.337586 0.518107 0.533352 0.491836 0.430279 0.354433 0.531137 75.939925
0.288674 0.215147 0.616925 0.539188 0.563883 0.362015 0.386796 0.543448 0.551248 0.314629 72.600681
0.362415 0.186169 0.429737 0.603989 0.364493 0.475126 0.497045 0.350003 0.379920 0.606687 72.981378
0.370291 0.226001 0.452584 0.565549 0.618882 0.447871 0.448459 0.476030 0.557284 0.485181 78.411472
0.321235 0.200763 0.493162 0.418305 0.468887 0.439710 0.617033 0.494978 0.489918 0.392473 79.086638
0.271233 0.198357 0.580903 0.508713 0.358960 0.548288 0.592432 0.518673 0.473950 0.448591 77.756328
0.245831 0.608590 0.837197 0.320438 0.604877 0.667858 0.940283 0.147202 0.283615 0.703097 29.671664
0.289720 0.150891 0.519506 0.537076 0.497645 0.498083 0.346787 0.471583 0.446321 0.394801 76.421483
0.351480 0.198988 0.535262 0.514610 0.437798 0.456651 0.564448 0.404006 0.403665 0.440930 79.151209
0.338765 0.160726 0.463747 0.541763 0.552384 0.534144 0.604803 0.594127 0.544818 0.389131 77.027168
0.331971 0.198916 0.526991 0.519776 0.468794 0.294057 0.521462 0.514328 0.516784 0.350804 75.125705
0.221216 0.213010 0.462226 0.456416 0.558908 0.603369 0.518750 0.548395 0.436552 0.513915 77.497556
0.376400 0.068569 0.381389 0.923873 0.311876 0.758978 0.421869 0.488793 0.224568 0.076001 43.240161
0.352235 0.188504 0.521994 0.555768 0.762867 0.472966 0.555343 0.485140 0.478376 0.546923 73.570533
0.343879 0.238579 0.492146 0.530872 0.416974 0.608779 0.648935 0.525899 0.395465 0.499992 75.528775
0.247354 0.210329 0.291952 0.625801 0.822715 0.781127 0.647456 0.381583 0.506600 0.102006 51.850032
0.546756 0.494119 0.770596 0.061291 0.254974 0.467077 0.214748 0.775801 0.060487 0.123111 23.700306
0.324921 0.240324 0.544981 0.658901 0.587232 0.385079 0.496142 0.460965 0.459190 0.551976 75.564340
0.513619 0.462422 0.479992 0.470423 0.449656 0.787312 0.101449 0.127451 0.386295 0.330889 0.000000
0.294827 0.216983 0.338953 0.519805 0.438775 0.414203 0.318138 0.527495 0.524850 0.620072 72.988511
0.304048 0.246396 0.290805 0.009811 0.322028 0.393663 0.684059 0.389858 0.397053 0.342355 53.007774
0.959839 0.247570 0.830927 0.349465 0.568202 0.184227 0.456098 0.031097 0.451759 0.246736 0.000000
0.207941 0.105421 0.370049 0.712488 0.814768 0.702492 0.403866 0.481945 0.809740 0.538262 54.245975
0.337360 0.229534 0.483267 0.469027 0.453900 0.538666 0.460164 0.628684 0.538694 0.589472 78.758682
0.294227 0.214814 0.627526 0.432315 0.490528 0.530205 0.489097 0.539441 0.628814 0.590173 77.158489
0.037730 0.213320 0.641735 0.403801 0.616711 0.545521 0.528946 0.486706 0.652900 0.409428 60.272403
0.327156 0.180162 0.657961 0.484478 0.458592 0.673816 0.775536 0.558232 0.547580 0.440308 68.326713
0.037375 0.688504 0.100923 0.376435 0.432610 0.458730 0.778025 0.938353 0.852846 0.737308 0.000000
0.457996 0.145048 0.050121 0.597299 0.214721 0.610078 0.656572 0.524630 0.411676 0.523239 53.675057
0.171278 0.208339 0.513365 0.358798 0.425297 0.433575 0.484071 0.563090 0.483747 0.650905 71.069644
0.317046 0.200133 0.500231 0.500070 0.499976 0.500344 0.500075 0.499965 0.500105 0.500043 89.965871
0.357271 0.239827 0.520019 0.447144 0.508702 0.501479 0.609084 0.486145 0.396781 0.503333 78.615811
0.228599 0.041352 0.137748 0.809094 0.623437 0.386064 0.722053 0.859335 0.829187 0.638406 41.112484
0.304147 0.236104 0.577034 0.491460 0.555737 0.454731 0.605959 0.539702 0.620601 0.466931 77.508892
0.691928 0.364148 0.345095 0.937889 0.821709 0.034289 0.053777 0.956681 0.774614 0.394290 0.000000
0.313158 0.236545 0.530412 0.583218 0.535933 0.506086 0.308846 0.500320 0.464672 0.581874 75.820885
0.321217 0.178506 0.545595 0.603901 0.457909 0.463969 0.430188 0.476133 0.508821 0.366235 78.294159
0.327279 0.189420 0.507636 0.370081 0.410523 0.464421 0.501094 0.461074 0.550217 0.471976 79.817610
0.947341 0.357030 0.016551 0.560240 0.904676 0.915879 0.604580 0.319677 0.928700 0.515951 0.000000
0.255896 0.231619 0.425353 0.416339 0.441866 0.432688 0.479645 0.559751 0.279580 0.439469 72.713558
0.581837 0.301365 0.029597 0.762700 0.875514 0.057676 0.490991 0.977727 0.236060 0.954357 23.368121
0.948987 0.105330 0.209686 0.437163 0.070985 0.987447 0.165198 0.573992 0.953684 0.994499 0.000000
0.291290 0.197284 0.567074 0.538265 0.496494 0.405396 0.433414 0.567713 0.531107 0.414902 79.530200
0.358522 0.174079 0.404293 0.424451 0.449350 0.474211 0.498564 0.441874 0.532672 0.525792 79.861783
0.306334 0.192953 0.538442 0.636692 0.445892 0.549444 0.530049 0.487816 0.560606 0.535632 79.799006
0.079138 0.626247 0.828405 0.604695 0.856482 0.746637 0.911947 0.096987 0.835296 0.985120 25.968360
0.298162 0.168454 0.423417 0.537829 0.473159 0.546228 0.587514 0.552734 0.468122 0.530536 80.201056
0.265083 0.215708 0.412379 0.356799 0.478018 0.433941 0.502763 0.405350 0.476514 0.470232 77.062316
0.285725 0.628575 0.487844 0.234636 0.436379 0.387177 0.524472 0.793938 0.668317 0.759618 0.000000
0.510215 0.529885 0.309342 0.262946 0.875806 0.727967 0.367160 0.405529 0.411068 0.366236 0.000000
0.978773 0.567739 0.325802 0.432343 0.317709 0.713615 0.465471 0.750323 0.915325 0.314027 20.993288
0.317046 0.200006 0.500231 0.499915 0.499976 0.499815 0.500075 0.500196 0.500105 0.499998 89.974404
0.348275 0.155670 0.478577 0.460859 0.535303 0.459101 0.444549 0.410454 0.346938 0.386581 75.263325
0.301706 0.163749 0.322478 0.582579 0.551962 0.404812 0.497014 0.661908 0.371239 0.506164 71.845657
0.255419 0.241373 0.544468 0.526640 0.516905 0.461745 0.408060 0.419888 0.387826 0.556196 76.631867
0.334909 0.212089 0.457798 0.480999 0.447459 0.594754 0.531708 0.347860 0.512646 0.479759 78.569908
0.314572 0.197145 0.587273 0.469611 0.632900 0.467397 0.531625 0.457347 0.581342 0.394634 77.546399
0.338059 0.208120 0.462131 0.526786 0.565236 0.634863 0.612538 0.532115 0.480172 0.463348 78.396713
0.154116 0.622336 0.003340 0.040446 0.451248 0.230465 0.118648 0.907346 0.738502 0.226946 0.000000
0.359193 0.209329 0.470416 0.506674 0.574048 0.615307 0.331911 0.422985 0.529670 0.498996 76.084979
0.289156 0.192806 0.512396 0.658135 0.582430 0.535183 0.496149 0.437954 0.475728 0.473546 78.532700
0.154481 0.209060 0.375528 0.410810 0.618692 0.632156 0.549949 0.617266 0.505314 0.364284 67.526788
0.292515 0.420958 0.620493 0.426769 0.995883 0.351389 0.172387 0.421498 0.995443 0.201494 21.774471
0.357257 0.258447 0.376554 0.458232 0.555809 0.422915 0.474638 0.557582 0.485411 0.584761 75.735535
0.437803 0.078783 0.234243 0.579508 0.626797 0.570891 0.231840 0.021333 0.350597 0.073155 41.305950
0.451482 0.198343 0.232860 0.515928 0.420226 0.007065 0.464743 0.012904 0.130099 1.000000 33.324200
0.299583 0.186174 0.575253 0.607277 0.460904 0.526192 0.469728 0.532303 0.464115 0.508781 81.062898
0.326763 0.149476 0.466625 0.524852 0.467820 0.368739 0.416706 0.508866 0.519793 0.346404 75.245161
0.274197 0.197556 0.575503 0.554554 0.445901 0.352005 0.561767 0.547793 0.537057 0.382763 76.138803
0.316978 0.276587 0.571978 0.475283 0.519764 0.574745 0.388674 0.397254 0.595184 0.517295 73.826158
0.321680 0.191819 0.512219 0.509434 0.484326 0.478678 0.592963 0.322413 0.319465 0.430577 74.000685
0.322985 0.227189 0.467766 0.530355 0.567449 0.607332 0.446814 0.650115 0.441542 0.354222 74.644579
0.376694 0.243109 0.588979 0.388306 0.596983 0.570665 0.531867 0.476883 0.545634 0.446742 75.852453
0.313923 0.135392 0.530976 0.535275 0.455533 0.612148 0.420040 0.399123 0.395231 0.438167 74.490900
0.313930 0.219387 0.516615 0.542024 0.586524 0.471366 0.696165 0.556612 0.524784 0.482224 76.610255
0.211234 0.056066 0.727108 0.535987 0.550608 0.585054 0.593049 0.367788 0.489834 0.374042 60.861573
0.460978 0.123403 0.234261 0.785141 0.012310 0.810509 0.388953 0.348949 0.768750 0.616659 42.529553
0.371990 0.560899 0.847169 0.063167 0.127144 0.357157 0.464236 0.103131 0.200985 0.936462 25.044834
0.411194 0.232530 0.589262 0.413296 0.424387 0.466561 0.422711 0.373757 0.479604 0.502196 74.578731
0.097123 0.189535 0.448556 0.616151 0.391472 0.320701 0.462349 0.565664 0.364747 0.517987 64.206686
0.300619 0.170731 0.526968 0.549491 0.411039 0.462459 0.411094 0.651509 0.780972 0.505062 69.607967
0.323745 0.194949 0.428924 0.487772 0.466272 0.489695 0.513654 0.443291 0.458098 0.433576 82.734730
0.626525 0.039149 0.889167 0.127694 0.963983 0.576596 0.638012 0.818023 0.597048 0.034138 26.152042
0.916930 0.471285 0.621859 0.744691 0.175823 0.159014 0.791319 0.155355 0.320995 0.181023 0.000000
0.687996 0.630455 0.236930 0.317804 0.126396 0.713731 0.715616 0.812961 0.788346 0.467779 27.549909
0.329798 0.191964 0.563782 0.584754 0.571666 0.476612 0.379723 0.594424 0.478055 0.347379 75.498109
0.267966 0.158943 0.416483 0.518761 0.451720 0.596840 0.384919 0.534277 0.469108 0.423908 76.446669
0.310194 0.216977 0.595394 0.461513 0.483036 0.373548 0.453476 0.449320 0.466922 0.506499 79.405665
0.234371 0.143097 0.893629 0.704209 0.418165 0.526595 0.743038 0.487487 0.598901 0.132113 52.003860
0.125367 0.662538 0.491952 0.368786 0.440621 0.143424 0.752950 0.046689 0.102994 0.953432 0.000000
0.315944 0.199836 0.548604 0.497726 0.539091 0.534122 0.561163 0.508024 0.394438 0.427872 80.961644
0.348391 0.259121 0.560213 0.494380 0.489084 0.603766 0.446157 0.472817 0.684157 0.496240 74.264257
0.385182 0.219292 0.509040 0.608774 0.488670 0.660567 0.485726 0.414159 0.459427 0.538533 75.774361
0.291062 0.137858 0.629283 0.504900 0.430666 0.646885 0.471828 0.358727 0.422467 0.443762 72.104378
0.347273 0.176336 0.613853 0.542528 0.536370 0.220222 0.657188 0.482901 0.529297 0.391363 68.868068
0.278270 0.172253 0.570813 0.517622 0.428489 0.465118 0.556180 0.789461 0.482345 0.338807 69.208545
0.296947 0.178244 0.655656 0.488743 0.329059 0.542791 0.335411 0.572260 0.451607 0.648545 70.607132
0.268930 0.199224 0.465990 0.428726 0.486435 0.521638 0.530463 0.469820 0.399872 0.585310 79.855346
0.719748 0.941988 0.767111 0.322135 0.285696 0.406887 0.453872 0.568296 0.927410 0.701246 0.000000
0.326884 0.213307 0.500896 0.459092 0.541827 0.543913 0.464274 0.719300 0.529770 0.513742 76.392323
0.357558 0.231188 0.502173 0.673600 0.487766 0.501450 0.540248 0.541011 0.496024 0.536154 77.910126
0.330589 0.185668 0.496622 0.487587 0.431448 0.471704 0.513592 0.534298 0.422455 0.235221 73.414777
0.405578 0.205698 0.459678 0.518354 0.441052 0.570624 0.593715 0.413341 0.454260 0.590642 76.433713
0.296560 0.255192 0.331299 0.564814 0.579336 0.583938 0.389916 0.306130 0.472028 0.384050 69.476785
0.392791 0.254235 0.432027 0.520879 0.380978 0.660839 0.626860 0.514027 0.415675 0.559529 71.576845
0.439634 0.167573 0.609641 0.451940 0.619288 0.581353 0.327229 0.535719 0.674905 0.373777 67.453348
0.337581 0.212186 0.108779 0.472640 0.474373 0.472505 0.633867 0.443611 0.495177 0.394530 65.224281
0.426101 0.223521 0.439733 0.446053 0.449793 0.559034 0.492993 0.414415 0.374021 0.385303 73.691275
0.308007 0.180644 0.515106 0.443868 0.396906 0.436570 0.595180 0.580540 0.493002 0.428452 78.434629
0.288981 0.192601 0.512287 0.657909 0.439222 0.534574 0.496232 0.449794 0.475839 0.473354 79.186960
0.339602 0.210585 0.462187 0.585667 0.530108 0.620693 0.508307 0.602614 0.471108 0.492527 78.945836
0.324877 0.206930 0.480981 0.456682 0.581549 0.520121 0.470532 0.508514 0.471810 0.378006 80.756707
0.392690 0.192395 0.603416 0.475506 0.524209 0.379987 0.563534 0.523263 0.587585 0.451081 76.579914
0.317046 0.200006 0.500231 0.499915 0.499976 0.499815 0.500075 0.500196 0.500105 0.499998 89.974404
0.196339 0.983922 0.085140 0.968082 0.582212 0.631868 0.759755 0.845584 0.698149 0.376103 0.000000
0.374274 0.262162 0.358121 0.451282 0.486043 0.404569 0.494356 0.448823 0.527918 0.483789 75.174032
0.229650 0.872852 0.113167 0.210506 0.891735 0.672989 0.250725 0.611776 0.956371 0.410258 0.000000
0.524330 0.622088 0.861744 0.335606 0.245982 0.743643 0.081244 0.638202 0.246398 0.288273 31.690673
0.353146 0.161183 0.549671 0.502252 0.384281 0.440836 0.465440 0.450780 0.556268 0.338182 75.485819
0.246325 0.206835 0.528398 0.621390 0.537684 0.470485 0.399515 0.422599 0.534563 0.541586 77.331157
0.340185 0.214657 0.498753 0.478596 0.509068 0.528507 0.548055 0.498379 0.498962 0.480397 85.325542
0.324645 0.202808 0.550448 0.515326 0.407144 0.532702 0.536788 0.406794 0.578946 0.549997 79.906647
0.329652 0.209634 0.497665 0.397760 0.436683 0.490385 0.357918 0.438787 0.504879 0.404343 77.444652
0.377886 0.235072 0.386553 0.630588 0.506624 0.454019 0.550707 0.553270 0.481640 0.615088 75.154750
0.229278 0.187993 0.608571 0.608497 0.442631 0.476533 0.413593 0.422340 0.411780 0.489423 75.068967
0.254919 0.238436 0.428429 0.546589 0.490779 0.495728 0.529920 0.499973 0.482940 0.605267 78.836988
0.195351 0.139187 0.498924 0.604477 0.494590 0.578303 0.588109 0.608399 0.574311 0.586527 71.164976
0.384758 0.202316 0.582294 0.525041 0.420910 0.476645 0.423864 0.535156 0.583774 0.463902 78.467379
0.196204 0.290015 0.455563 0.576842 0.516089 0.616657 0.313866 0.554377 0.503318 0.510422 68.222494
0.337950 0.192894 0.461789 0.594269 0.492833 0.633080 0.456257 0.662381 0.597213 0.494679 75.234882
0.368108 0.243450 0.404274 0.569984 0.363916 0.406264 0.526932 0.435274 0.449867 0.606249 74.061073
0.020875 0.135758 0.746126 0.455223 0.232233 0.192209 0.701969 0.118909 0.101327 0.268449 36.860753
0.351447 0.207123 0.463943 0.507004 0.527835 0.361656 0.407750 0.417554 0.480450 0.464134 78.400542
0.288939 0.232526 0.857160 0.398695 0.158674 0.459726 0.551200 0.476026 0.507566 0.521752 60.519735
0.479608 0.613765 0.893205 0.109070 0.913449 0.758417 0.296117 0.127995 0.893277 0.967157 20.457681
0.110287 0.233490 0.174985 0.855923 0.365528 0.326847 0.782184 0.515245 0.047254 0.371311 42.544763
0.420108 0.329044 0.223963 0.428236 0.589996 0.404214 0.458955 0.556647 0.585387 0.624324 61.151892
0.337266 0.144483 0.488482 0.627157 0.500854 0.346288 0.267596 0.426394 0.307945 0.366543 66.232484
0.333627 0.198305 0.565652 0.603144 0.461496 0.449923 0.566230 0.619851 0.456460 0.428009 77.860641
0.365478 0.202921 0.450996 0.370930 0.475805 0.451259 0.453078 0.548097 0.454855 0.595319 78.116218
0.299211 0.179190 0.606360 0.603705 0.388278 0.506004 0.471136 0.416833 0.482333 0.462726 77.591469
0.330180 0.195918 0.514516 0.541424 0.582937 0.458879 0.555808 0.503824 0.539084 0.507854 82.854701
0.338228 0.246668 0.410020 0.631805 0.478729 0.418118 0.446034 0.485257 0.485168 0.560299 76.729224
0.291641 0.225468 0.501373 0.416674 0.545383 0.414460 0.503299 0.424979 0.521555 0.350361 77.213696
0.312243 0.169580 0.495315 0.559059 0.468765 0.430171 0.481071 0.397156 0.573248 0.371523 77.528433
0.317046 0.200160 0.500231 0.499819 0.499976 0.499999 0.500075 0.499962 0.500105 0.499688 89.963403
0.340559 0.192423 0.649194 0.547095 0.435619 0.596221 0.466767 0.506184 0.556986 0.445273 77.657534
0.425675 0.251561 0.393162 0.662976 0.486461 0.488640 0.358497 0.495145 0.506225 0.492455 71.599436
0.297260 0.190139 0.435583 0.830079 0.794194 0.435624 0.440372 0.507370 0.561751 0.564861 63.484713
0.847439 0.235240 0.745502 0.604247 0.600520 0.318032 0.112246 0.409805 0.448206 0.274678 0.000000
0.372110 0.188489 0.675322 0.464097 0.533825 0.386698 0.574933 0.664591 0.676476 0.426550 69.982885
0.361974 0.224134 0.558169 0.408742 0.488767 0.574282 0.607313 0.471981 0.526489 0.527183 78.645014
0.929416 0.841291 0.129683 0.828490 0.092677 0.194813 0.569523 0.846380 0.853839 0.587860 20.171986
0.294615 0.318810 0.534081 0.436660 0.447324 0.479340 0.501506 0.514520 0.467646 0.950011 58.739761
0.317147 0.199592 0.455933 0.419891 0.428932 0.622533 0.562454 0.514449 0.500735 0.498197 79.732333
0.297945 0.189385 0.452303 0.511746 0.557513 0.503967 0.421564 0.565450 0.416137 0.394221 79.201024
0.298942 0.219347 0.468807 0.526207 0.536637 0.382008 0.557465 0.537565 0.523380 0.392039 79.053633
0.205006 0.031440 0.120492 0.176228 0.513224 0.818560 0.110259 0.257142 0.113011 0.729361 33.867094
0.963489 0.263471 0.103010 0.302135 0.171856 0.267070 0.703567 0.921151 0.384883 0.018522 0.000000
0.248270 0.169066 0.548535 0.437897 0.466265 0.461539 0.430914 0.423085 0.520988 0.443383 78.492550
0.366573 0.222892 0.512972 0.404884 0.418053 0.521811 0.472117 0.501286 0.559691 0.559084 79.557423
0.306922 0.685695 0.270285 0.902680 0.119375 0.193973 0.261833 0.580218 0.113510 0.106302 0.000000
0.281683 0.198158 0.441348 0.454304 0.448820 0.495555 0.688575 0.461351 0.469247 0.520837 77.309016
0.791431 0.410670 0.303602 0.623047 0.794451 0.692513 0.331623 0.518085 0.509265 0.295324 26.730260
0.305015 0.191061 0.498182 0.391156 0.520973 0.434087 0.550817 0.593083 0.525227 0.527716 80.118471
0.278465 0.207862 0.452436 0.413872 0.516024 0.422461 0.487004 0.579949 0.656485 0.494528 77.133876
0.279685 0.184006 0.527953 0.486616 0.490391 0.492099 0.605079 0.605068 0.552797 0.569630 79.218190
0.309064 0.155306 0.571442 0.475589 0.475468 0.424656 0.326245 0.541786 0.409961 0.342730 72.981324
0.351532 0.539096 0.804342 0.153451 0.416090 0.080046 0.163495 0.089026 0.633888 0.404518 24.109988
0.418251 0.741534 0.385039 0.598995 0.203689 0.718899 0.063825 0.468479 0.021605 0.390571 0.000000
0.390003 0.209604 0.461051 0.560751 0.627677 0.578158 0.487076 0.355717 0.446908 0.508535 75.446319
0.356390 0.002014 0.650276 0.980928 0.772277 0.383482 0.377134 0.286396 0.615607 0.725528 41.855197
0.317521 0.212049 0.477781 0.547989 0.475888 0.569554 0.598445 0.530119 0.562155 0.785807 71.531639
0.328229 0.213037 0.481029 0.501166 0.497149 0.452231 0.457449 0.482951 0.317246 0.492063 78.673408
0.305871 0.153001 0.503777 0.550486 0.548062 0.443980 0.538416 0.638202 0.497292 0.472995 78.137479
0.221254 0.904582 0.794880 0.632894 0.923685 0.541751 0.049405 0.381240 0.572789 0.949794 35.691214
0.376818 0.158497 0.557556 0.553980 0.527717 0.558957 0.560464 0.529103 0.606544 0.536506 77.612626
0.958098 0.177460 0.777913 0.557553 0.748212 0.417052 0.681124 0.965521 0.801737 0.441385 0.000000
0.281552 0.151164 0.538180 0.504236 0.629307 0.510717 0.574390 0.435688 0.535613 0.617981 75.920244
0.259888 0.166860 0.369704 0.442272 0.502854 0.546452 0.518617 0.455939 0.516713 0.544077 78.342781
0.507630 0.741236 0.891768 0.707041 0.200975 0.593561 0.315019 0.799232 0.922985 0.114685 30.638938
0.133973 0.166469 0.954861 0.355225 0.316714 0.288609 0.588946 0.643255 0.266274 0.272729 48.514761
0.634745 0.660024 0.142671 0.308238 0.994930 0.820985 0.499954 0.201454 0.840960 0.844512 21.808783
0.387046 0.179690 0.575525 0.617319 0.577189 0.518996 0.438604 0.505667 0.450965 0.559317 77.229139
0.311684 0.196751 0.537981 0.477640 0.609193 0.476167 0.557172 0.530300 0.431678 0.524286 81.179646
0.329000 0.187172 0.804554 0.424250 0.410070 0.582015 0.550913 0.528137 0.501698 0.536338 70.330897
0.338161 0.199316 0.231094 0.521630 0.504679 0.588911 0.417427 0.457809 0.533871 0.374815 71.358895
0.268947 0.943959 0.933483 0.941590 0.168895 0.397234 0.499614 0.061813 0.367965 0.377712 33.287850
0.377577 0.201807 0.452764 0.411286 0.425100 0.477142 0.520711 0.410451 0.535362 0.658490 76.029786
0.256947 0.171078 0.608334 0.498533 0.539616 0.496294 0.425251 0.442040 0.495797 0.358593 76.475042
0.276725 0.192548 0.420102 0.397885 0.456700 0.459128 0.464560 0.523121 0.506980 0.510198 80.705100
0.332381 0.212193 0.493138 0.397043 0.455579 0.694147 0.362730 0.209998 0.492700 0.475822 67.559748
0.398615 0.182767 0.616819 0.557023 0.504151 0.546754 0.414898 0.493560 0.486886 0.474877 77.836148
0.297415 0.163163 0.651226 0.574768 0.504860 0.413311 0.487950 0.456626 0.452579 0.378321 75.543268
0.281797 0.213197 0.710313 0.424216 0.515258 0.426980 0.629219 0.622969 0.517114 0.712436 68.936399
0.299758 0.200746 0.624953 0.372958 0.505116 0.513972 0.454002 0.505582 0.437562 0.533901 78.629455
0.316938 0.199742 0.499882 0.499658 0.499730 0.499660 0.499975 0.500228 0.499817 0.499838 89.947514
0.282131 0.215603 0.494588 0.566925 0.507687 0.373043 0.494101 0.583627 0.413062 0.553610 78.241017
0.244835 0.226842 0.356090 0.564918 0.481340 0.542021 0.556411 0.371251 0.380462 0.419184 73.399988
0.420053 0.223916 0.373264 0.513359 0.458372 0.480453 0.495495 0.436508 0.266145 0.367022 69.888183
0.273093 0.187120 0.486188 0.425503 0.496219 0.382557 0.404139 0.498088 0.486117 0.544722 79.088382
0.629960 0.951821 0.333146 0.916826 0.920783 0.301809 0.821377 0.452613 0.890522 0.170568 0.000000
0.636981 0.481322 0.899529 0.357223 0.444767 0.113058 0.063651 0.768763 0.284283 0.237766 0.000000
0.490984 0.012516 0.401815 0.268848 0.328422 0.749350 0.756136 0.576410 0.696674 0.550454 47.309765
0.339618 0.188576 0.487681 0.433465 0.527481 0.489955 0.545493 0.480555 0.601370 0.528133 81.741524
0.197536 0.198828 0.587212 0.476174 0.547854 0.615298 0.545645 0.464546 0.486156 0.398096 74.604856
0.385332 0.200489 0.587796 0.509226 0.375412 0.614957 0.458352 0.447898 0.590543 0.511150 75.946105
0.432362 0.616657 0.733750 0.519101 0.397767 0.459641 0.515321 0.629707 0.675614 0.420907 37.892939
0.568508 0.316171 0.408884 0.510664 0.605467 0.710486 0.523525 0.598259 0.468367 0.579669 57.632978
0.294407 0.180797 0.543222 0.503007 0.498064 0.524876 0.585338 0.606531 0.531818 0.431531 80.076164
0.316938 0.199849 0.499882 0.500219 0.499730 0.500141 0.499975 0.500368 0.499817 0.499977 89.960954
0.425793 0.163026 0.141916 0.284375 0.660636 0.268525 0.557580 0.888342 0.206432 0.822241 44.594617
0.295169 0.189504 0.285371 0.429509 0.494581 0.410706 0.514256 0.659382 0.583354 0.424075 72.070338
0.303872 0.162216 0.405076 0.452446 0.658733 0.393312 0.572598 0.518655 0.463277 0.521386 75.530384
0.335892 0.185969 0.591878 0.439977 0.591709 0.575864 0.454543 0.506237 0.553882 0.539915 79.360172
0.940749 0.668030 0.719651 0.756788 0.796092 0.388822 0.673670 0.581687 0.417167 0.731355 0.000000
0.274188 0.215529 0.460944 0.540947 0.650185 0.459119 0.469730 0.540256 0.657048 0.373379 74.234644
0.304128 0.210221 0.470471 0.546451 0.442994 0.532789 0.742235 0.448380 0.482494 0.534430 74.806447
0.277106 0.167051 0.442014 0.556416 0.502808 0.450819 0.517818 0.547949 0.373151 0.574030 78.075515
0.307375 0.227669 0.572657 0.593254 0.515308 0.417339 0.474372 0.482637 0.581039 0.487991 79.547111
0.286479 0.217235 0.448358 0.501513 0.518063 0.426741 0.404989 0.522138 0.498707 0.654818 77.790468
0.304740 0.179597 0.377428 0.480097 0.541113 0.488817 0.425443 0.488094 0.478027 0.422336 79.750984
0.332807 0.211233 0.485639 0.433906 0.535267 0.527393 0.479313 0.408457 0.510230 0.491844 82.585734
0.305522 0.327113 0.458366 0.479621 0.492638 0.432067 0.502422 0.187842 0.124682 0.508353 56.493501
0.340732 0.184008 0.560261 0.488653 0.470414 0.479317 0.486876 0.571912 0.493235 0.433825 82.396431
0.680201 0.148539 0.352965 0.553831 0.902460 0.777656 0.788064 0.853820 0.735014 0.173686 0.000000
0.512595 0.523857 0.968172 0.641659 0.732439 0.857162 0.069677 0.522473 0.935136 0.882087 24.030553
0.333483 0.178499 0.474961 0.452209 0.435518 0.473629 0.422317 0.481136 0.471487 0.591140 80.673270
0.365637 0.211582 0.415016 0.499148 0.562634 0.436835 0.557023 0.441846 0.538159 0.549599 79.748447
0.330030 0.229353 0.515375 0.460564 0.429706 0.405146 0.357097 0.528837 0.677468 0.580264 73.826595
0.317084 0.200006 0.499924 0.499915 0.500419 0.499815 0.499992 0.500196 0.499995 0.499998 89.966576
0.009291 0.210622 0.565138 0.486799 0.437642 0.571317 0.576984 0.678237 0.572349 0.547207 59.093877
0.314416 0.188285 0.365972 0.472139 0.523926 0.490875 0.638878 0.545427 0.477622 0.498629 78.317766
0.291792 0.205427 0.487011 0.480404 0.543422 0.524471 0.512419 0.595641 0.466084 0.441244 82.217277
0.366296 0.217649 0.524536 0.635654 0.563417 0.587640 0.508720 0.381678 0.576188 0.460001 76.033152
0.793884 0.763996 0.378863 0.534976 0.509964 0.970539 0.342965 0.448728 0.163502 0.474119 25.308851
0.325710 0.196983 0.481695 0.576541 0.464131 0.524270 0.562268 0.185261 0.011064 0.392137 55.755044
0.283429 0.200721 0.562554 0.578382 0.556703 0.519284 0.393934 0.536411 0.554610 0.450387 79.434198
0.411194 0.232433 0.209395 0.413172 0.424387 0.466597 0.422711 0.373675 0.479604 0.502101 67.963159
0.055960 0.188428 0.466475 0.611619 0.478700 0.376969 0.292464 0.327519 0.484572 0.396080 59.699423
0.362890 0.249872 0.625495 0.335934 0.527631 0.484584 0.451868 0.479900 0.597499 0.575612 73.658428
0.210500 0.511047 0.326417 0.474759 0.373377 0.384909 0.693636 0.213229 0.970427 0.806819 0.000000
0.300433 0.186068 0.500109 0.531158 0.415251 0.463734 0.493992 0.391528 0.485223 0.503072 81.295192
0.308072 0.213840 0.506559 0.604276 0.395760 0.454301 0.496898 0.538173 0.562357 0.550549 79.632771
0.359616 0.206504 0.422435 0.476286 0.531133 0.615123 0.543649 0.517597 0.628428 0.532158 77.878339
0.462701 0.999311 0.905070 0.345852 0.201644 0.354373 0.405102 0.849366 0.916469 0.532274 30.882179
0.241064 0.202350 0.547756 0.499283 0.530350 0.533593 0.569627 0.427207 0.493190 0.501980 80.326908
0.336560 0.191540 0.512413 0.436981 0.489351 0.530566 0.540253 0.435539 0.569351 0.425723 81.426880
0.383571 0.908353 0.779408 0.729133 0.133387 0.034916 0.903347 0.082231 0.608096 0.799907 27.984322
0.259873 0.201318 0.501101 0.499381 0.439755 0.520498 0.476762 0.468167 0.512356 0.642876 79.461500
0.281779 0.176627 0.474867 0.491702 0.482970 0.221688 0.507648 0.618325 0.507662 0.380583 70.839337
0.327750 0.199939 0.583156 0.460188 0.550301 0.470800 0.508660 0.485001 0.536384 0.460883 82.952458
0.255984 0.168680 0.519093 0.521828 0.502227 0.474286 0.600590 0.581115 0.425711 0.517353 78.702383
0.318245 0.206441 0.430263 0.564833 0.455545 0.519785 0.523026 0.571015 0.565771 0.514085 81.596549
0.337079 0.184149 0.639864 0.535585 0.479660 0.512970 0.435381 0.398527 0.449067 0.487975 78.445602
0.359850 0.176244 0.345084 0.475959 0.491280 0.430619 0.464223 0.547629 0.532496 0.512624 78.286212
0.270444 0.170500 0.502140 0.542526 0.481055 0.441751 0.403815 0.504422 0.501526 0.539289 80.613377
0.342340 0.200473 0.515113 0.571496 0.466330 0.651062 0.470120 0.529740 0.539100 0.470607 79.339542
0.282599 0.215951 0.570034 0.496035 0.392158 0.491873 0.438474 0.511570 0.461469 0.441090 80.139361
0.300807 0.171440 0.610880 0.511355 0.535494 0.512419 0.504071 0.520528 0.474719 0.591311 80.307566
0.316929 0.200006 0.500268 0.499915 0.500266 0.499815 0.499643 0.500196 0.499956 0.499998 89.966133
0.373424 0.206855 0.585035 0.597322 0.481387 0.544906 0.520543 0.469178 0.503753 0.437938 79.730529
0.285567 0.181428 0.510270 0.676199 0.361845 0.512757 0.472723 0.522117 0.476379 0.384934 74.936617
0.230012 0.133794 0.616457 0.521609 0.528834 0.484762 0.735071 0.379121 0.479043 0.549593 69.159572
0.347351 0.206935 0.507978 0.508787 0.466449 0.611871 0.511255 0.535535 0.429053 0.488118 81.376068
0.904030 0.412205 0.491237 0.178120 0.214629 0.971251 0.023311 0.375654 0.811427 0.479228 19.607752
0.998434 0.967315 0.081228 0.904860 0.047544 0.700765 0.671393 0.546393 0.874968 0.735578 15.079940
0.357468 0.182619 0.534884 0.550992 0.326932 0.545541 0.484294 0.559562 0.514082 0.449640 77.482973
0.275174 0.209435 0.535932 0.539341 0.527110 0.498852 0.421014 0.585370 0.483236 0.523331 81.401702
0.299333 0.212069 0.602112 0.582320 0.525397 0.525226 0.570298 0.489755 0.500735 0.535515 80.738785
0.341858 0.191789 0.096340 0.682047 0.480284 0.460852 0.513655 0.465315 0.551678 0.398641 63.649265
# OSA solutions
0.317046 0.200006 0.500231 0.499915 0.499976 0.499815 0.500075 0.500196 0.500105 0.499998 89.974404
0.319440 0.182662 0.478017 0.539556 0.521035 0.486206 0.508204 0.474487 0.488257 0.549566 84.944473
0.301445 0.213810 0.485333 0.505244 0.515662 0.551621 0.522518 0.524915 0.518540 0.503280 85.438652
0.308090 0.213219 0.483784 0.507916 0.535250 0.520458 0.531941 0.446458 0.510220 0.472244 84.898035
0.351543 0.218491 0.506487 0.494972 0.480576 0.530282 0.494638 0.531397 0.502575 0.522754 84.900873
0.325667 0.188823 0.501824 0.510589 0.497838 0.515994 0.468531 0.482743 0.532285 0.539249 85.887950
0.299040 0.214379 0.533296 0.522575 0.515446 0.514411 0.524836 0.483404 0.505586 0.533815 85.511554
0.314222 0.193427 0.508324 0.481003 0.501966 0.463596 0.501266 0.520343 0.498451 0.477770 86.903594
0.328239 0.199004 0.520126 0.515339 0.513531 0.513262 0.507193 0.505611 0.478871 0.499768 87.548292
0.313377 0.201834 0.480816 0.503082 0.518925 0.496706 0.472419 0.496271 0.513217 0.502989 87.614261
0.318092 0.189202 0.494950 0.507768 0.556068 0.475301 0.478804 0.501272 0.453964 0.502377 85.187758
0.327472 0.201834 0.521388 0.503082 0.547266 0.496706 0.547360 0.496271 0.482216 0.502989 85.743066
0.313594 0.183291 0.469498 0.480248 0.512436 0.473206 0.489372 0.485748 0.516656 0.549678 85.228587
0.314269 0.201834 0.502396 0.503082 0.525169 0.496706 0.443721 0.496271 0.455528 0.502989 85.640492
0.313336 0.208187 0.460078 0.513568 0.471572 0.507151 0.502009 0.487349 0.501722 0.461297 86.075854
0.322685 0.201834 0.494012 0.503082 0.459952 0.496706 0.499530 0.496271 0.474901 0.502989 87.201391
0.314215 0.201834 0.509171 0.503082 0.498651 0.496706 0.509487 0.445700 0.502907 0.502989 86.779491
0.317036 0.204405 0.465437 0.520543 0.455022 0.480317 0.498888 0.470985 0.503745 0.502848 85.969622
0.306299 0.207743 0.552564 0.488899 0.481297 0.511547 0.518518 0.467557 0.455400 0.517321 85.002414
0.301811 0.204406 0.506962 0.465428 0.510317 0.510338 0.456657 0.493185 0.521101 0.545036 85.395474
0.315109 0.208090 0.539395 0.467995 0.510217 0.485091 0.457283 0.485934 0.474654 0.530499 85.266583
0.306273 0.206553 0.503293 0.486259 0.471025 0.566710 0.487161 0.503850 0.491673 0.480818 85.356160
0.314709 0.203466 0.479679 0.485090 0.444411 0.521987 0.448031 0.481963 0.511681 0.511732 85.039054
0.305527 0.201834 0.436446 0.503082 0.541500 0.496706 0.482088 0.496271 0.493750 0.502989 85.408219
0.308469 0.201834 0.522720 0.503082 0.502758 0.496706 0.503176 0.496271 0.457195 0.502989 87.093431
0.309499 0.214530 0.500944 0.520228 0.449516 0.530521 0.487970 0.458734 0.515508 0.480000 84.961818
0.294004 0.203614 0.515861 0.462974 0.510296 0.508106 0.494366 0.517368 0.497480 0.518696 86.458888
0.314215 0.201834 0.509171 0.525280 0.498651 0.496706 0.509487 0.529046 0.504583 0.474795 87.231955
0.315486 0.192456 0.557210 0.476876 0.499486 0.484242 0.479372 0.538520 0.489990 0.502308 85.435041
0.307604 0.208461 0.518497 0.535030 0.501580 0.518357 0.481960 0.495457 0.493059 0.452372 85.881976
0.314222 0.198210 0.508324 0.498024 0.501966 0.467574 0.501266 0.505845 0.498451 0.505995 87.995212
0.307586 0.206263 0.472720 0.481742 0.468501 0.544799 0.480842 0.502287 0.481093 0.488185 85.814347
0.335599 0.183338 0.442759 0.515057 0.487840 0.525930 0.503947 0.473358 0.510859 0.516718 84.892393
0.333702 0.203181 0.493440 0.522146 0.473436 0.480276 0.498070 0.505074 0.484641 0.476910 86.783820
0.306148 0.202003 0.523848 0.503024 0.476123 0.500727 0.541785 0.500978 0.479835 0.469982 86.174811
0.273470 0.195145 0.479363 0.470649 0.518097 0.508166 0.510708 0.498006 0.520162 0.520594 85.079133
0.314222 0.199508 0.508324 0.472812 0.501966 0.497881 0.501266 0.536025 0.498451 0.551097 86.077423
0.312438 0.201198 0.531901 0.504953 0.501785 0.516779 0.524307 0.487643 0.507652 0.510390 87.272823
0.314222 0.188584 0.508324 0.504712 0.501966 0.528371 0.501266 0.513573 0.498451 0.509481 87.447563
0.312557 0.203027 0.509162 0.495689 0.456347 0.525793 0.451286 0.458359 0.529104 0.501885 84.993784
0.305716 0.200464 0.524372 0.505955 0.475156 0.444500 0.492421 0.550574 0.519446 0.475271 84.831584
0.316162 0.207697 0.544612 0.508565 0.550738 0.466050 0.475352 0.522738 0.503531 0.514009 85.072009
0.308626 0.205622 0.478488 0.540482 0.504583 0.475549 0.485485 0.506952 0.504177 0.520139 86.504811
0.318512 0.195071 0.488820 0.482880 0.499338 0.449857 0.482969 0.471393 0.542699 0.511603 85.533482
0.318215 0.194608 0.514150 0.447080 0.522487 0.494643 0.508124 0.498032 0.475424 0.533745 85.765701
0.305527 0.206607 0.436446 0.513636 0.495702 0.500398 0.482088 0.506933 0.493750 0.523751 85.661058
0.329572 0.194813 0.555579 0.484538 0.530013 0.476454 0.535700 0.482774 0.475985 0.493858 85.058429
0.300471 0.201373 0.550587 0.481378 0.470850 0.468797 0.489028 0.496271 0.514261 0.509958 85.646434
0.304656 0.206268 0.488505 0.530797 0.511573 0.473670 0.511052 0.558784 0.493730 0.500302 85.538410
0.292106 0.199558 0.517642 0.531232 0.454065 0.464745 0.481601 0.482009 0.514740 0.499924 85.220416
0.308795 0.193710 0.505592 0.482606 0.466527 0.499114 0.511355 0.467556 0.502414 0.547248 85.861688
0.315193 0.188901 0.507972 0.528437 0.500346 0.493963 0.497016 0.450045 0.485294 0.501457 86.220565
0.331379 0.201834 0.528661 0.503082 0.492814 0.496706 0.470484 0.496271 0.513274 0.502989 87.150279
0.314215 0.201834 0.509171 0.503082 0.498651 0.496706 0.509487 0.496271 0.572678 0.503434 85.762141
0.325517 0.208279 0.490987 0.497618 0.519543 0.455297 0.508767 0.496299 0.499578 0.568372 84.958153
0.326446 0.187541 0.461698 0.497364 0.447539 0.502472 0.500109 0.481319 0.522533 0.491380 85.460502
0.327712 0.196748 0.455242 0.527019 0.557998 0.509399 0.494471 0.499308 0.498319 0.497454 85.381718
0.300482 0.218495 0.514830 0.487003 0.511893 0.529941 0.460686 0.493019 0.504780 0.517855 85.528207
0.306967 0.209064 0.541353 0.504637 0.487903 0.485367 0.488368 0.514596 0.530265 0.476269 86.106569
0.320903 0.201344 0.525100 0.507543 0.454075 0.515994 0.518399 0.453611 0.539683 0.524975 84.975444
0.314188 0.201834 0.512558 0.503082 0.485392 0.496706 0.542370 0.496271 0.529110 0.502989 86.832699
0.310661 0.200562 0.554630 0.506824 0.504920 0.536852 0.539128 0.479015 0.510721 0.517791 85.266640
0.314222 0.202938 0.508324 0.503929 0.501966 0.510231 0.501266 0.508104 0.498451 0.472207 88.105958
0.322126 0.203309 0.482529 0.466557 0.464582 0.501189 0.549847 0.512035 0.515380 0.501149 85.708837
0.312620 0.201834 0.509171 0.503082 0.498651 0.545705 0.509487 0.496271 0.543519 0.502989 86.285814
0.310003 0.196434 0.505594 0.545179 0.560388 0.496706 0.510794 0.496271 0.474881 0.509558 85.312846
0.326535 0.198444 0.550125 0.499211 0.476639 0.511561 0.521214 0.521313 0.519994 0.517538 85.954903
0.316870 0.205165 0.490563 0.491031 0.525181 0.511855 0.489932 0.442840 0.465473 0.503777 85.707884
0.344907 0.197439 0.524354 0.491328 0.486178 0.474111 0.489414 0.464095 0.474484 0.531025 85.397535
0.290948 0.203500 0.537907 0.502136 0.481395 0.513676 0.468843 0.485849 0.515980 0.517141 85.798533
0.310551 0.203493 0.471523 0.424688 0.478994 0.509338 0.482460 0.505757 0.519263 0.499728 84.940804
0.324826 0.190647 0.490534 0.482974 0.513165 0.536890 0.494953 0.560524 0.496266 0.464768 85.050637
0.338702 0.205105 0.520390 0.528079 0.550077 0.498353 0.519254 0.480292 0.480919 0.476411 85.326819
0.311622 0.204952 0.469481 0.510523 0.480061 0.470768 0.484633 0.508745 0.484831 0.487112 86.767136
0.321691 0.205035 0.484812 0.485361 0.509316 0.538857 0.513361 0.498958 0.535863 0.482798 86.391517
0.291376 0.202815 0.549080 0.473679 0.482026 0.532568 0.494633 0.525675 0.492642 0.494677 85.262431
0.314222 0.193640 0.508324 0.491242 0.501966 0.449463 0.501266 0.559296 0.498451 0.478439 85.251497
0.347628 0.199590 0.537731 0.480281 0.469025 0.523188 0.513020 0.513100 0.499399 0.498445 85.589153
0.317328 0.197070 0.499231 0.552066 0.501625 0.494610 0.499533 0.502317 0.502013 0.501440 86.983196
0.308842 0.196136 0.545265 0.510254 0.473712 0.483251 0.491078 0.466592 0.507520 0.490356 86.086973
0.314215 0.201834 0.509171 0.448988 0.498651 0.496706 0.509487 0.496271 0.504583 0.502989 86.949618
0.302728 0.201834 0.515248 0.503082 0.479778 0.496706 0.453553 0.496271 0.484970 0.502989 86.589953
0.327856 0.200268 0.469936 0.490098 0.436713 0.481895 0.515915 0.470729 0.473578 0.509639 85.058929
0.316413 0.200118 0.479184 0.520343 0.490560 0.504375 0.477517 0.484739 0.465158 0.438190 85.330785
0.309531 0.201066 0.477537 0.491649 0.491415 0.527545 0.569221 0.472258 0.490381 0.471010 84.895102
0.282039 0.204659 0.520539 0.503139 0.480016 0.505909 0.504857 0.482166 0.535704 0.499625 85.723834
0.310564 0.191968 0.522772 0.509415 0.490802 0.514312 0.471971 0.541650 0.508995 0.490320 86.357596
0.305947 0.204006 0.529804 0.502130 0.496977 0.455156 0.504751 0.480229 0.511548 0.531342 86.039549
0.302938 0.198331 0.479296 0.534945 0.507066 0.484155 0.481447 0.535164 0.525841 0.533381 85.658924
0.311693 0.198815 0.483632 0.530705 0.431172 0.463354 0.494742 0.492764 0.493005 0.513433 85.012787
0.314215 0.201834 0.509171 0.503082 0.498651 0.569292 0.509487 0.496271 0.504583 0.502989 85.947122
0.331370 0.198530 0.508322 0.467305 0.494276 0.468925 0.470604 0.550203 0.521478 0.522407 85.231162
0.301109 0.201834 0.552946 0.503082 0.474030 0.496706 0.486730 0.496271 0.477438 0.502989 86.036753
0.281334 0.201074 0.493986 0.487351 0.509115 0.522619 0.516867 0.480354 0.480458 0.548377 85.123385
0.306303 0.200360 0.535813 0.539606 0.532720 0.492224 0.469126 0.480506 0.533944 0.504830 85.316050
0.325987 0.189739 0.530819 0.546039 0.482699 0.524247 0.505413 0.539891 0.516450 0.532513 84.983037
0.301988 0.204679 0.466452 0.510671 0.500905 0.504992 0.511963 0.486691 0.493136 0.495714 87.245793
0.340185 0.214657 0.498753 0.478596 0.509068 0.528507 0.548055 0.498379 0.498962 0.480397 85.325542
0.300080 0.201396 0.472664 0.517396 0.512200 0.499049 0.454356 0.505866 0.495111 0.544288 85.583824
0.292009 0.192239 0.505095 0.469863 0.478741 0.526010 0.536985 0.496046 0.461970 0.525330 85.085966
0.334351 0.193104 0.550078 0.528484 0.510223 0.521443 0.482799 0.484787 0.485716 0.497015 85.710534
0.307283 0.201834 0.476433 0.503082 0.488284 0.496706 0.538097 0.496271 0.493552 0.502989 87.165290
0.350555 0.187640 0.492805 0.521858 0.464602 0.516676 0.525894 0.512182 0.512908 0.496136 85.294053
0.314222 0.219775 0.508324 0.514302 0.501966 0.472368 0.501266 0.487086 0.498451 0.516486 86.424443
0.359005 0.201834 0.476059 0.503082 0.465264 0.496706 0.504265 0.496271 0.486782 0.502989 85.428597
0.314215 0.201834 0.509171 0.508309 0.498651 0.496706 0.509487 0.496271 0.504583 0.583969 85.109925
0.310277 0.205214 0.528916 0.535402 0.455530 0.534097 0.533574 0.523065 0.484784 0.525450 84.893829
0.333509 0.212890 0.502539 0.519473 0.446058 0.478413 0.461126 0.485782 0.525186 0.512109 84.914959
0.315011 0.205023 0.529266 0.443500 0.533752 0.494900 0.505545 0.499634 0.500639 0.517240 85.699133
0.315697 0.200716 0.500475 0.499900 0.469768 0.510524 0.488419 0.484405 0.505827 0.571563 85.388244
0.309337 0.218204 0.508235 0.440167 0.484546 0.525993 0.509375 0.510238 0.505890 0.464688 84.829870
0.299722 0.199350 0.514745 0.501633 0.477926 0.462869 0.524974 0.482266 0.500721 0.497239 86.505163
0.324985 0.223512 0.517463 0.474753 0.498143 0.482492 0.526350 0.527609 0.471921 0.503091 85.195392
0.307299 0.209920 0.429258 0.488391 0.508645 0.534473 0.488741 0.498400 0.484165 0.484964 84.955791
0.303796 0.198089 0.535924 0.545499 0.486795 0.537182 0.467905 0.478852 0.529079 0.477830 84.851108
0.307310 0.206607 0.513894 0.513636 0.495352 0.500398 0.510943 0.506933 0.485771 0.523751 87.560369
0.326771 0.205982 0.485800 0.466717 0.467203 0.478168 0.506542 0.492500 0.522279 0.554111 85.288528
0.300471 0.201373 0.550587 0.481378 0.470850 0.468797 0.530766 0.496271 0.514261 0.509958 85.349160
0.315146 0.201834 0.500909 0.503082 0.559212 0.496706 0.487462 0.496271 0.490599 0.502989 86.479923
0.296718 0.191722 0.503811 0.485045 0.463135 0.529806 0.474107 0.497049 0.490547 0.498765 86.098509
