# gen=0 mediating population
# x0..x(D-1) f0 f1 consensus
0.230222 0.845624 0.233734 54.987630 0.631999 0.631999
0.249943 0.826626 0.440441 54.473228 71.950838 54.473228
0.202231 0.986095 0.516115 52.677597 3.065257 3.065257
0.287702 0.939452 0.706094 34.507263 0.631999 0.631999
0.377847 0.629111 0.351979 33.591059 0.631999 0.631999
0.325321 0.662865 0.333501 30.939241 2.745548 2.745548
0.414792 0.678538 0.507565 28.034994 0.631999 0.631999
0.180877 0.804840 0.014160 26.765132 2.687835 2.687835
0.275000 0.864257 0.300346 23.939990 32.541298 23.939990
0.073794 0.592473 0.064836 18.492348 17.352638 17.352638
0.020076 0.804190 0.461767 18.492348 17.352638 17.352638
0.035444 0.577479 0.329219 18.492348 17.352638 17.352638
0.042898 0.775978 0.162960 18.492348 17.352638 17.352638
0.289707 0.467365 0.818743 18.492348 15.865419 15.865419
0.284514 0.007192 0.746940 15.041438 15.865419 15.041438
0.152008 0.719049 0.149285 18.492348 0.631999 0.631999
0.125149 0.824907 0.347751 18.492348 0.631999 0.631999
0.132833 0.711552 0.281477 18.492348 0.631999 0.631999
0.136560 0.810801 0.198347 18.492348 0.631999 0.631999
0.259964 0.656494 0.526238 18.492348 2.851119 2.851119
0.257368 0.426408 0.490337 18.492348 15.865419 15.865419
0.262471 0.845442 0.370394 73.752041 68.190657 68.190657
0.135009 0.815408 0.451104 18.492348 0.631999 0.631999
0.142694 0.702053 0.384830 18.492348 0.631999 0.631999
0.269825 0.646995 0.629592 18.492348 1.459896 1.459896
0.267228 0.416909 0.593691 18.492348 15.865419 15.865419
0.238616 0.925176 0.408231 38.295212 23.481634 23.481634
0.138013 0.789284 0.290476 18.492348 0.631999 0.631999
0.111154 0.895143 0.488941 18.492348 0.631999 0.631999
0.245969 0.726730 0.667429 18.492348 1.703303 1.703303
0.243373 0.496644 0.631528 18.492348 0.631999 0.631999
0.281351 0.901855 0.503220 38.647635 0.631999 0.631999
0.180748 0.765962 0.385465 18.492348 0.631999 0.631999
0.153889 0.871821 0.583930 18.492348 0.631999 0.631999
0.161573 0.758465 0.517656 18.492348 0.631999 0.631999
0.288704 0.703408 0.762418 18.492348 0.631999 0.631999
0.286108 0.473322 0.726517 18.492348 15.865419 15.865419
0.326423 0.746684 0.326163 46.362031 6.141489 6.141489
0.225821 0.610792 0.208407 18.492348 0.631999 0.631999
0.206646 0.603295 0.340599 18.492348 0.631999 0.631999
0.210373 0.702544 0.257469 18.492348 0.631999 0.631999
0.333777 0.548238 0.585361 18.492348 0.631999 0.631999
0.331180 0.318152 0.549460 18.492348 15.865419 15.865419
0.344896 0.771398 0.403956 35.668071 0.631999 0.631999
0.244293 0.635505 0.286201 18.492348 0.631999 0.631999
0.217434 0.741364 0.484666 18.492348 0.988133 0.988133
0.225118 0.628008 0.418392 18.492348 0.631999 0.631999
0.228845 0.727258 0.335263 18.492348 0.631999 0.631999
0.352249 0.572951 0.663154 18.492348 0.631999 0.631999
0.349653 0.342865 0.627253 18.492348 15.865419 15.865419
0.227938 0.834549 0.157253 34.754300 0.631999 0.631999
0.127335 0.698657 0.039498 18.492348 2.687835 2.687835
0.111887 0.790409 0.088560 18.492348 2.687835 2.687835
0.232695 0.406016 0.380550 18.492348 15.865419 15.865419
0.808044 0.048835 0.529235 0.631999 15.865419 0.631999
0.799807 0.976882 0.332344 0.410705 0.631999 0.410705
0.253398 0.814934 0.473106 36.850456 56.958626 36.850456
0.926345 0.419170 0.098991 0.631999 15.865419 0.631999
0.215421 0.692180 0.780403 18.492348 0.730921 0.730921
0.475067 0.502270 0.987379 18.492348 0.631999 0.631999
0.798814 0.238238 0.627856 0.631999 15.865419 0.631999
0.830260 0.995565 0.119046 0.410705 0.631999 0.410705
0.280611 0.771422 0.219310 43.207547 0.873370 0.873370
0.265431 0.414008 0.936016 18.492348 15.865419 15.865419
0.234099 0.991463 0.311653 18.492348 3.838504 3.838504
0.331803 0.404291 0.118906 18.492348 15.865419 15.865419
0.911703 0.174555 0.989945 0.631999 15.865419 0.631999
0.536002 0.436556 0.710000 0.631999 15.865419 0.631999
0.258737 0.285808 0.865433 18.492348 15.865419 15.865419
0.043989 0.192093 0.550576 18.492348 5.378544 5.378544
0.876101 0.511898 0.921968 0.631999 0.631999 0.631999
0.397032 0.009301 0.078718 15.041438 15.865419 15.041438
0.621526 0.445432 0.827358 0.631999 15.865419 0.631999
0.267659 0.483653 0.484335 18.492348 15.865419 15.865419
0.603451 0.435206 0.081085 0.631999 15.865419 0.631999
0.637828 0.705863 0.879448 0.631999 0.631999 0.631999
0.797761 0.476397 0.066813 0.631999 15.865419 0.631999
0.600737 0.158070 0.347548 0.631999 15.865419 0.631999
0.080362 0.043069 0.010928 15.041438 5.378544 5.378544
0.617959 0.000065 0.381578 0.631999 15.865419 0.631999
0.945960 0.180020 0.438527 1.071021 15.865419 1.071021
0.407522 0.945490 0.323236 18.492348 0.631999 0.631999
0.918999 0.483144 0.334122 0.631999 15.865419 0.631999
0.131817 0.079399 0.589493 18.492348 15.865419 15.865419
0.062167 0.895817 0.208225 18.492348 17.352638 17.352638
0.635593 0.140626 0.758832 0.631999 15.865419 0.631999
0.023355 0.530305 0.781191 18.492348 1.566007 1.566007
0.947909 0.192183 0.626976 0.696345 15.865419 0.696345
0.141605 0.326636 0.166655 18.492348 15.865419 15.865419
0.135975 0.958084 0.046534 18.492348 2.687835 2.687835
0.777975 0.203531 0.070718 0.631999 15.865419 0.631999
0.453588 0.225454 0.748500 18.492348 15.865419 15.865419
0.204691 0.983051 0.765316 20.006242 0.631999 0.631999
0.198828 0.776423 0.592957 18.492348 2.819089 2.819089
0.243223 0.320429 0.826775 18.492348 15.865419 15.865419
0.315990 0.056140 0.410624 18.492348 15.865419 15.865419
0.535518 0.240360 0.259064 0.631999 15.865419 0.631999
0.751534 0.845478 0.378787 0.631999 0.631999 0.631999
0.180598 0.183145 0.336606 18.492348 15.865419 15.865419
0.143078 0.435608 0.669725 18.492348 15.865419 15.865419
0.852859 0.479834 0.746259 1.059879 15.865419 1.059879
0.159135 0.664769 0.140137 18.492348 0.631999 0.631999
0.938093 0.834436 0.578710 0.631999 0.631999 0.631999
0.805751 0.442923 0.921604 0.631999 15.865419 0.631999
0.525924 0.785168 0.199440 0.631999 0.631999 0.631999
0.829864 0.139305 0.161428 0.631999 15.865419 0.631999
0.121923 0.866156 0.515433 18.492348 0.631999 0.631999
0.070756 0.723134 0.422535 18.492348 17.352638 17.352638
0.956296 0.997309 0.934661 0.581851 0.631999 0.581851
0.992756 0.416376 0.813638 0.771550 15.865419 0.771550
0.172429 0.447441 0.345003 18.492348 15.865419 15.865419
0.817120 0.252472 0.898997 0.631999 15.865419 0.631999
0.720822 0.042994 0.458226 0.631999 15.865419 0.631999
0.000748 0.648705 0.884752 18.492348 1.566007 1.566007
0.628428 0.156589 0.587761 0.631999 15.865419 0.631999
0.859777 0.197156 0.033751 0.631999 5.064044 0.631999
0.838397 0.178372 0.960140 0.631999 15.865419 0.631999
0.805257 0.352325 0.737055 0.631999 15.865419 0.631999
0.485512 0.348480 0.498852 18.492348 19.409452 18.492348
0.332169 0.488531 0.528235 18.492348 15.865419 15.865419
0.603727 0.759623 0.167939 0.631999 0.631999 0.631999
0.668339 0.339962 0.531841 1.137885 41.906674 1.137885
0.775597 0.001536 0.583885 0.631999 15.865419 0.631999
0.304978 0.993846 0.691528 18.492348 0.631999 0.631999
0.978762 0.226065 0.892227 0.631999 15.865419 0.631999
0.212662 0.579179 0.720514 18.492348 0.631999 0.631999
0.532391 0.529290 0.018824 0.631999 2.687835 0.631999
0.305138 0.453603 0.864703 18.492348 15.865419 15.865419
0.513810 0.847553 0.237561 0.410705 0.631999 0.410705
0.146689 0.571628 0.017381 18.492348 2.687835 2.687835
0.696502 0.708427 0.743285 0.631999 0.631999 0.631999
0.255779 0.151262 0.875575 18.492348 15.865419 15.865419
0.357015 0.111668 0.523675 18.492348 15.865419 15.865419
0.838376 0.303223 0.072681 0.631999 15.865419 0.631999
0.619758 0.734967 0.955348 0.631999 0.631999 0.631999
0.054002 0.976501 0.887726 18.492348 1.566007 1.566007
0.950690 0.610905 0.163699 0.631999 0.631999 0.631999
0.205469 0.602503 0.300139 18.492348 0.631999 0.631999
0.145060 0.445713 0.852861 18.492348 15.865419 15.865419
0.187675 0.177095 0.716242 18.492348 15.865419 15.865419
0.613266 0.648567 0.213086 0.631999 0.631999 0.631999
0.550225 0.553659 0.217951 0.631999 0.631999 0.631999
0.815528 0.407224 0.242332 0.631999 15.865419 0.631999
0.317338 0.249169 0.001770 18.492348 5.064044 5.064044
0.030470 0.134983 0.320038 18.492348 5.378544 5.378544
0.266456 0.434414 0.805467 18.492348 15.865419 15.865419
0.976399 0.803817 0.694208 0.631999 0.631999 0.631999
0.994724 0.421011 0.171918 0.631999 15.865419 0.631999
0.883790 0.369127 0.737365 0.631999 15.865419 0.631999
0.406811 0.251324 0.564120 18.492348 15.865419 15.865419
0.703920 0.831625 0.855279 0.631999 0.631999 0.631999
0.940156 0.472560 0.063340 0.631999 15.865419 0.631999
0.991714 0.646883 0.181820 0.631999 0.631999 0.631999
0.769071 0.062023 0.832530 0.631999 15.865419 0.631999
0.004738 0.568586 0.250091 18.492348 17.352638 17.352638
0.906016 0.729791 0.205111 0.631999 0.631999 0.631999
0.480975 0.869623 0.557556 18.492348 0.631999 0.631999
0.955749 0.639832 0.106152 0.631999 0.631999 0.631999
0.423969 0.671989 0.388295 18.492348 0.631999 0.631999
0.888326 0.372196 0.808301 0.631999 15.865419 0.631999
0.095061 0.311163 0.644414 18.492348 15.865419 15.865419
0.663726 0.176387 0.974483 0.631999 15.865419 0.631999
0.294255 0.614723 0.734903 18.492348 0.631999 0.631999
0.846257 0.570265 0.580502 0.631999 0.631999 0.631999
0.006928 0.840788 0.787585 18.492348 1.566007 1.566007
0.256227 0.663526 0.215626 18.757949 0.631999 0.631999
0.417218 0.692336 0.870768 18.492348 0.631999 0.631999
0.912504 0.766299 0.279155 0.631999 0.631999 0.631999
0.768376 0.043006 0.461799 0.631999 15.865419 0.631999
0.311332 0.922249 0.753993 30.036829 0.631999 0.631999
0.771565 0.294557 0.448931 19.918711 15.865419 15.865419
0.226083 0.837959 0.833757 18.492348 0.631999 0.631999
0.400058 0.992275 0.003393 18.492348 2.687835 2.687835
0.949756 0.049474 0.160972 0.631999 15.865419 0.631999
0.932749 0.808574 0.422339 0.631999 0.631999 0.631999
0.807921 0.788073 0.653080 0.631999 0.631999 0.631999
0.533288 0.985901 0.261103 0.410705 0.631999 0.410705
0.785911 0.083334 0.612594 0.631999 15.865419 0.631999
0.648590 0.932290 0.191569 0.410705 0.631999 0.410705
0.781838 0.154703 0.680612 0.631999 15.865419 0.631999
0.822495 0.185976 0.574921 0.748182 15.865419 0.748182
0.155261 0.231129 0.590554 18.492348 15.865419 15.865419
0.692448 0.670348 0.979359 0.631999 0.631999 0.631999
0.863660 0.603560 0.555033 0.631999 0.631999 0.631999
0.146784 0.182667 0.462548 18.492348 15.865419 15.865419
0.973370 0.167831 0.746214 0.631999 15.865419 0.631999
0.641972 0.373686 0.979662 0.631999 15.865419 0.631999
0.807221 0.092284 0.103085 0.631999 15.865419 0.631999
0.634553 0.058225 0.336290 0.631999 15.865419 0.631999
0.994622 0.246455 0.182786 0.631999 15.865419 0.631999
0.582632 0.417227 0.562625 0.631999 15.865419 0.631999
0.307732 0.439001 0.947778 18.492348 15.865419 15.865419
0.331006 0.643141 0.248128 36.657185 0.631999 0.631999
0.156583 0.860411 0.278803 18.492348 0.631999 0.631999
0.255280 0.261371 0.387772 18.492348 15.865419 15.865419
0.101788 0.416933 0.691613 18.492348 15.865419 15.865419
0.859925 0.320593 0.263985 0.631999 15.865419 0.631999
0.702702 0.747220 0.722278 0.631999 0.631999 0.631999
0.486802 0.974520 0.460841 18.492348 0.631999 0.631999
0.894100 0.830674 0.918037 0.631999 0.631999 0.631999
0.958355 0.866720 0.190090 0.410705 0.631999 0.410705
0.475044 0.343553 0.244938 18.492348 15.865419 15.865419
0.318401 0.588179 0.138431 20.749329 0.631999 0.631999
0.969811 0.514912 0.057548 0.631999 2.687835 0.631999
0.722227 0.166368 0.790234 0.631999 15.865419 0.631999
0.614352 0.828148 0.057252 0.631999 2.687835 0.631999
0.233415 0.284153 0.609004 18.492348 15.865419 15.865419
0.090396 0.050500 0.699280 18.492348 5.378544 5.378544
0.174665 0.549516 0.428023 18.492348 0.631999 0.631999
0.105178 0.865043 0.928172 18.492348 0.631999 0.631999
0.762384 0.057958 0.522707 0.631999 15.865419 0.631999
0.970492 0.229463 0.337311 0.631999 15.865419 0.631999
0.407518 0.666861 0.975943 18.492348 0.631999 0.631999
0.428284 0.489782 0.228947 18.492348 15.865419 15.865419
0.512577 0.387855 0.290889 0.631999 15.865419 0.631999
0.454263 0.497965 0.871004 18.492348 0.631999 0.631999
0.902452 0.412651 0.173595 0.631999 15.865419 0.631999
0.279640 0.113384 0.419221 18.492348 15.865419 15.865419
0.692159 0.990210 0.733999 0.581851 0.631999 0.581851
0.349737 0.540111 0.576369 18.492348 0.631999 0.631999
0.978583 0.390499 0.544521 0.646651 18.724706 0.646651
0.517465 0.380361 0.769551 0.631999 15.865419 0.631999
0.822494 0.565706 0.394146 0.631999 0.631999 0.631999
0.833729 0.842991 0.293614 0.631999 0.631999 0.631999
0.144657 0.520926 0.277177 18.492348 0.631999 0.631999
0.875491 0.089259 0.954839 0.631999 15.865419 0.631999
0.352794 0.577957 0.679341 18.492348 0.631999 0.631999
0.933158 0.559596 0.098992 0.631999 0.631999 0.631999
0.954931 0.583985 0.889195 0.631999 0.631999 0.631999
0.527552 0.577147 0.347959 0.631999 0.631999 0.631999
0.971911 0.727835 0.880962 0.631999 0.631999 0.631999
0.935844 0.061128 0.092067 0.631999 15.865419 0.631999
0.523197 0.719796 0.300405 0.631999 0.631999 0.631999
0.763912 0.033056 0.679576 0.631999 15.865419 0.631999
0.184249 0.648990 0.935709 18.492348 0.631999 0.631999
0.160071 0.951401 0.968278 18.492348 0.631999 0.631999
0.708967 0.261147 0.907436 0.631999 15.865419 0.631999
0.841827 0.703570 0.215121 0.631999 0.631999 0.631999
0.452872 0.361291 0.294153 18.492348 15.865419 15.865419
0.725738 0.249697 0.338092 1.671718 15.865419 1.671718
0.195799 0.549452 0.289096 18.492348 0.631999 0.631999
0.458990 0.457294 0.470330 18.492348 15.865419 15.865419
0.384363 0.734584 0.874770 18.492348 0.631999 0.631999
0.726365 0.617515 0.897382 0.631999 0.631999 0.631999
0.175948 0.517277 0.983858 18.492348 0.631999 0.631999
0.150770 0.161135 0.437276 18.492348 15.865419 15.865419
0.952251 0.853772 0.925056 0.581851 0.631999 0.581851
0.156515 0.017980 0.711821 15.041438 15.865419 15.041438
0.487631 0.367195 0.542334 18.492348 15.865419 15.865419
0.342247 0.292086 0.736112 18.492348 15.865419 15.865419
0.345558 0.615729 0.416997 19.348085 0.704366 0.704366
0.189820 0.393836 0.917633 18.492348 15.865419 15.865419
0.344038 0.495546 0.699696 18.492348 0.631999 0.631999
0.636451 0.971941 0.496297 0.410705 0.631999 0.410705
0.420271 0.120600 0.116246 18.492348 15.865419 15.865419
0.219466 0.863872 0.000077 18.492348 2.687835 2.687835
0.692539 0.122162 0.098575 0.631999 15.865419 0.631999
0.932731 0.480075 0.378758 0.631999 15.865419 0.631999
0.807903 0.183400 0.881959 0.631999 15.865419 0.631999
0.230366 0.251035 0.811521 18.492348 15.865419 15.865419
0.595683 0.428525 0.761054 0.631999 15.865419 0.631999
0.050956 0.215577 0.186581 18.492348 5.378544 5.378544
0.115737 0.416162 0.950082 18.492348 15.865419 15.865419
0.309399 0.190289 0.556320 18.492348 15.865419 15.865419
0.390922 0.298261 0.956310 18.492348 15.865419 15.865419
0.050954 0.998601 0.841687 18.492348 1.566007 1.566007
0.616494 0.149156 0.622854 0.631999 15.865419 0.631999
0.850404 0.520446 0.408731 0.631999 0.631999 0.631999
0.717623 0.846027 0.007468 0.631999 2.687835 0.631999
0.180641 0.072511 0.441719 18.492348 15.865419 15.865419
0.473389 0.800851 0.248589 18.492348 0.631999 0.631999
0.997139 0.843921 0.172119 0.631999 0.631999 0.631999
0.381986 0.011018 0.434363 15.041438 15.865419 15.041438
0.926222 0.080916 0.484882 1.255128 15.865419 1.255128
0.823552 0.261356 0.930423 0.631999 15.865419 0.631999
0.423518 0.037590 0.480473 15.041438 15.865419 15.041438
0.615901 0.542934 0.444399 0.631999 0.631999 0.631999
0.521109 0.228948 0.232160 0.631999 15.865419 0.631999
0.008201 0.327255 0.037473 18.492348 5.378544 5.378544
0.226196 0.535532 0.553849 18.492348 0.631999 0.631999
0.009658 0.713680 0.694315 18.492348 1.566007 1.566007
0.902259 0.762915 0.617765 0.631999 0.631999 0.631999
0.538127 0.414633 0.737960 0.631999 15.865419 0.631999
0.537006 0.145439 0.232758 0.631999 15.865419 0.631999
0.803479 0.242956 0.877254 0.631999 15.865419 0.631999
0.709944 0.357238 0.895262 0.631999 15.865419 0.631999
0.584584 0.946198 0.940663 0.581851 0.631999 0.581851
0.096554 0.045409 0.789249 15.041438 15.865419 15.041438
0.854546 0.149390 0.976481 0.631999 15.865419 0.631999
0.019558 0.460020 0.407996 18.492348 5.378544 5.378544
0.543572 0.717777 0.693295 0.631999 0.631999 0.631999
0.198857 0.532500 0.652021 18.492348 0.631999 0.631999
0.298311 0.777654 0.440444 68.551898 7.617174 7.617174
0.772558 0.546773 0.199204 0.631999 0.631999 0.631999
0.575782 0.715630 0.087042 0.631999 2.687835 0.631999
0.786595 0.721825 0.593365 0.631999 0.631999 0.631999
0.742295 0.942503 0.030291 0.410705 2.687835 0.410705
0.660924 0.550749 0.213471 0.631999 0.631999 0.631999
0.413904 0.103761 0.654132 18.492348 15.865419 15.865419
0.711810 0.360698 0.191399 0.631999 15.865419 0.631999
