# gen=50 party=1
# sp x0..x(D-1) party_fit
0 0.667916 0.821562 0.977477 0.192621 0.379947 0.203846 0.412102 0.299089 0.262472 0.166981 5.454481
1 0.736961 0.498152 0.832509 0.168119 0.201060 0.636303 0.503500 0.186758 0.671137 0.401417 5.454481
2 0.753449 0.746481 0.781191 0.007216 0.015814 0.613903 0.559940 0.765389 0.251733 0.678359 5.454481
3 0.770350 0.865032 0.837695 0.974840 0.453523 0.257063 0.760836 0.329607 0.415669 0.558879 5.371534
4 0.977352 0.812613 0.971383 0.699149 0.534389 0.070680 0.717542 0.668801 0.112100 0.030510 5.371534
5 0.889731 0.914473 0.886795 0.910580 0.294647 0.404528 0.008576 0.675658 0.615102 0.866127 5.371534
6 0.951734 0.652204 0.908290 0.948313 0.862620 0.047990 0.453521 0.666963 0.454578 0.214023 5.371534
7 0.910344 0.968781 0.920711 0.888604 0.638420 0.677348 0.815696 0.625975 0.239254 0.986934 5.371534
