# gen=200 CA size=200
# x0..x(D-1) consensus
0.688346 0.821992 0.285709 0.832961 0.247311 0.126470 0.138472 0.499842 0.630808 0.119927 1.019914
0.711321 0.892190 0.098198 0.067174 0.345783 0.402907 0.069527 0.876816 0.108642 0.291598 1.783273
0.994072 0.986704 0.267120 0.050783 0.524690 0.484598 0.033294 0.673802 0.710612 0.815903 1.783273
0.716707 0.936121 0.350052 0.502478 0.323366 0.087896 0.890853 0.970388 0.648586 0.297054 1.783273
0.817072 0.882233 0.578005 0.093367 0.575289 0.161136 0.907427 0.799263 0.985214 0.166793 1.783273
0.912550 0.903859 0.485853 0.513761 0.332627 0.167709 0.371740 0.026845 0.505165 0.530358 1.783273
0.876848 0.781954 0.453792 0.391059 0.195366 0.087003 0.163050 0.293298 0.926235 0.458261 1.783273
0.783678 0.854877 0.396490 0.072100 0.996940 0.824367 0.269416 0.718825 0.382863 0.908438 1.783273
0.951734 0.652204 0.908290 0.948313 0.862620 0.047990 0.453521 0.666963 0.454578 0.214023 1.701850
0.659079 0.570439 0.872109 0.531127 0.077427 0.348228 0.913433 0.344338 0.609962 0.850535 1.701850
0.649209 0.665148 0.131987 0.904869 0.906618 0.414342 0.427298 0.048702 0.588586 0.398405 1.701850
0.541143 0.880599 0.418043 0.886552 0.917109 0.021362 0.025677 0.694776 0.233209 0.172616 2.828711
0.781177 0.821197 0.782031 0.507331 0.074805 0.513682 0.144387 0.445303 0.383864 0.651803 3.565649
0.764374 0.830077 0.832998 0.500368 0.159302 0.480445 0.128943 0.341090 0.304970 0.449529 3.937209
0.869486 0.894817 0.825647 0.504312 0.163462 0.643950 0.026170 0.277680 0.291276 0.426577 3.585110
0.740848 0.888949 0.819268 0.504674 0.196466 0.547023 0.073508 0.329793 0.367604 0.423580 3.596651
0.844337 0.852401 0.534791 0.383162 0.440086 0.236793 0.393534 0.772808 0.110371 0.161054 1.783273
0.846501 0.868238 0.815163 0.502478 0.145734 0.550427 0.190668 0.528861 0.000000 0.463403 3.626259
0.886193 0.828316 0.783199 0.496231 0.147226 0.627115 0.000000 0.547288 0.224846 0.473426 3.551113
0.800526 0.903332 0.492496 0.488877 0.320215 0.403717 0.039051 0.776237 0.361872 0.578863 1.783273
0.867039 0.879275 0.812554 0.499800 0.049703 0.654862 0.173354 0.221831 0.359992 0.405794 3.630674
0.818696 0.886384 0.823324 0.486903 0.201241 0.337504 0.151904 0.536197 0.316130 0.511733 3.592964
0.751087 0.921837 0.799415 0.514566 0.000000 0.462192 0.299772 0.324559 0.341225 0.518142 3.546924
0.717565 0.845413 0.792167 0.513646 0.000000 0.399600 0.269560 0.392151 0.316093 0.495614 3.557528
0.807545 0.860051 0.773018 0.510638 0.110969 0.545090 0.158611 0.603880 0.393344 0.652034 3.647976
0.757285 0.902524 0.818006 0.497262 0.000000 0.707855 0.254836 0.391477 0.371231 0.622276 3.972562
0.745277 0.866192 0.833519 0.509055 0.000000 0.647957 0.151794 0.545499 0.324017 0.559415 3.621528
0.827235 0.848238 0.764541 0.500091 0.000000 0.313446 0.000000 0.392956 0.290408 0.588189 3.623283
0.838958 0.879291 0.820236 0.497624 0.124275 0.519131 0.000000 0.277074 0.247517 0.520006 3.717247
0.774742 0.902752 0.814265 0.485678 0.049208 0.461094 0.189649 0.393218 0.220311 0.472343 3.592217
0.730742 0.864010 0.774168 0.512357 0.000000 0.592841 0.000000 0.570115 0.207063 0.620871 3.702269
0.718994 0.860147 0.833443 0.487649 0.156757 0.253359 0.092549 0.532856 0.358508 0.539543 3.597658
0.793350 0.836440 0.831128 0.514346 0.239918 0.493421 0.128270 0.362721 0.428082 0.428998 3.600171
0.863708 0.925507 0.749358 0.490985 0.606855 0.419242 0.861562 0.712619 0.612234 0.576864 1.783273
0.782003 0.870159 0.811106 0.498827 0.143304 0.650823 0.000000 0.190304 0.281928 0.471087 3.829288
0.858402 0.829932 0.810403 0.498262 0.156978 0.501948 0.192016 0.535539 0.036520 0.474141 3.755634
0.832511 0.895479 0.815057 0.482068 0.000000 0.560428 0.180385 0.344870 0.423616 0.439637 3.802275
0.673498 0.769832 0.823595 0.484201 0.134788 0.466111 0.000000 0.326920 0.446165 0.552263 3.590869
0.820314 0.796693 0.788967 0.481188 0.003715 0.475955 0.000000 0.317028 0.345178 0.562065 3.615752
0.783956 0.817729 0.808955 0.502981 0.226927 0.690834 0.000000 0.343064 0.457131 0.456337 4.075953
0.773168 0.859966 0.818931 0.513135 0.000000 0.444021 0.214361 0.289214 0.203804 0.546849 3.653732
0.807518 0.791782 0.765577 0.479765 0.000000 0.569734 0.000000 0.252917 0.262700 0.551005 3.539369
0.828477 0.800742 0.764033 0.498493 0.028289 0.617777 0.069728 0.500538 0.011438 0.540327 3.654440
0.759319 0.864917 0.806429 0.512272 0.153204 0.633131 0.057538 0.558274 0.177754 0.514536 3.636806
0.860986 0.887083 0.798285 0.515478 0.007032 0.650487 0.000000 0.484675 0.216413 0.445635 3.567809
0.729988 0.851390 0.807833 0.510419 0.128457 0.562274 0.039004 0.481020 0.296464 0.567333 3.664742
0.757354 0.886895 0.818130 0.483111 0.000000 0.657917 0.007593 0.551904 0.247766 0.491875 4.075953
0.852617 0.872071 0.805307 0.486570 0.048652 0.474508 0.000000 0.348870 0.204975 0.566706 3.537109
0.710188 0.782740 0.836344 0.500350 0.118020 0.535383 0.187330 0.311524 0.313770 0.385892 3.674827
0.828416 0.839692 0.789933 0.498370 0.010226 0.344056 0.000000 0.517696 0.398849 0.540409 3.799623
0.747350 0.820267 0.805018 0.500297 0.188730 0.567788 0.006145 0.331220 0.428224 0.638208 4.075953
0.739803 0.926131 0.796438 0.482602 0.000000 0.708858 0.203193 0.281115 0.441741 0.489109 3.668900
0.928929 0.886674 0.788353 0.499225 0.114788 0.527539 0.025502 0.454264 0.420334 0.500885 3.588253
0.906728 0.855038 0.803353 0.497950 0.185742 0.481853 0.170769 0.485957 0.367571 0.430194 3.995030
0.745621 0.896955 0.806988 0.499324 0.000000 0.462578 0.000000 0.489895 0.475801 0.407045 3.577193
0.739300 0.848842 0.834860 0.479630 0.150973 0.450545 0.274185 0.496372 0.441213 0.620747 4.030895
0.787292 0.890439 0.775475 0.502425 0.000000 0.677911 0.186789 0.291825 0.306642 0.452136 3.544875
0.917156 0.900766 0.785939 0.469429 0.214719 0.674408 0.000000 0.562851 0.196394 0.473660 3.529250
0.790289 0.799656 0.776522 0.514401 0.106084 0.580703 0.005031 0.557337 0.273839 0.455856 3.824525
0.809890 0.876404 0.793106 0.498923 0.060911 0.599253 0.021860 0.471630 0.344656 0.471384 3.842501
0.796834 0.883845 0.805976 0.503151 0.062061 0.396711 0.071750 0.519956 0.220392 0.391808 3.562371
0.759639 0.845872 0.827221 0.484604 0.084092 0.566502 0.120032 0.211360 0.236426 0.577505 3.930817
0.838569 0.857085 0.816237 0.512506 0.000000 0.698964 0.210043 0.372418 0.162895 0.434444 3.901215
0.763886 0.878463 0.782335 0.515953 0.080644 0.369176 0.000000 0.548783 0.442986 0.410166 3.707631
0.820725 0.864141 0.778875 0.502181 0.000000 0.618204 0.172958 0.302295 0.108677 0.674389 3.695327
0.766013 0.910209 0.785841 0.479050 0.188730 0.567788 0.000000 0.488553 0.465276 0.583029 3.692142
0.927092 0.882032 0.815774 0.501062 0.198934 0.626074 0.000000 0.156020 0.282460 0.335349 3.528325
0.843209 0.878352 0.811042 0.495435 0.117671 0.680401 0.093803 0.395941 0.203045 0.452151 3.598049
0.822476 0.852172 0.785714 0.515611 0.000000 0.415216 0.027156 0.212024 0.444765 0.539393 3.639154
0.824231 0.832503 0.792146 0.483093 0.000000 0.411850 0.004638 0.427677 0.380710 0.642216 3.864725
0.768281 0.192644 0.908968 0.933960 0.950828 0.949443 0.445736 0.350427 0.285593 0.891071 1.701850
0.773447 0.823039 0.782394 0.510824 0.167705 0.656586 0.192772 0.495513 0.161535 0.449885 3.674040
0.843144 0.867920 0.806720 0.498797 0.000000 0.579287 0.185462 0.221125 0.317456 0.406535 3.704409
0.874726 0.861836 0.828615 0.505035 0.221937 0.637605 0.195370 0.299639 0.127318 0.402343 3.564910
0.763143 0.856768 0.802741 0.504966 0.150360 0.482151 0.088672 0.521533 0.220392 0.458963 3.774939
0.706349 0.852642 0.783016 0.500895 0.195705 0.474162 0.223362 0.543502 0.225661 0.294752 3.701170
0.751260 0.839226 0.829852 0.515436 0.040029 0.598342 0.002386 0.529182 0.380168 0.686779 4.075953
0.914426 0.792297 0.795616 0.502931 0.221539 0.416463 0.082844 0.377509 0.468005 0.667983 3.539071
0.822675 0.879304 0.793884 0.502879 0.100454 0.675785 0.000000 0.528394 0.314110 0.390151 3.835772
0.772391 0.866819 0.785047 0.514295 0.132597 0.452457 0.327008 0.469099 0.189134 0.418422 3.636506
0.786228 0.838729 0.800940 0.513845 0.123717 0.394766 0.086700 0.423647 0.398771 0.517625 3.676315
0.757289 0.803290 0.804132 0.480135 0.000000 0.409279 0.004056 0.277826 0.383805 0.681088 3.657542
0.765158 0.823172 0.821660 0.497933 0.130548 0.335656 0.132657 0.339575 0.408895 0.685543 3.541226
0.842706 0.837247 0.805307 0.497409 0.000000 0.219105 0.256608 0.393319 0.438878 0.590893 3.622807
0.828783 0.859202 0.803916 0.501843 0.124063 0.544655 0.303067 0.515415 0.078197 0.330319 3.530372
0.758111 0.907267 0.766669 0.483756 0.140805 0.470173 0.000000 0.410825 0.328598 0.652726 3.717297
0.880635 0.860939 0.812950 0.510291 0.141737 0.435536 0.101560 0.589097 0.339229 0.522176 3.523133
0.764217 0.778225 0.830080 0.500717 0.206824 0.599363 0.050937 0.302552 0.420776 0.432779 3.738336
0.864182 0.847276 0.775651 0.497796 0.000000 0.559461 0.145679 0.479030 0.340991 0.405862 3.594721
0.744382 0.887731 0.840729 0.501397 0.027589 0.600513 0.141310 0.300303 0.320173 0.545775 3.554846
0.809299 0.890498 0.823927 0.481569 0.062888 0.499943 0.234487 0.466179 0.299360 0.423407 4.007529
0.715604 0.800881 0.809109 0.501529 0.184509 0.623169 0.170600 0.281430 0.230535 0.480751 3.813303
0.808395 0.770258 0.802799 0.513055 0.098784 0.579712 0.030499 0.551667 0.385841 0.482884 4.014355
0.793380 0.910562 0.830153 0.501522 0.028273 0.462667 0.242730 0.149332 0.342153 0.637462 3.673378
0.745354 0.840627 0.803615 0.509238 0.188959 0.657745 0.029693 0.422199 0.383683 0.552971 3.575159
0.779235 0.907851 0.798613 0.514097 0.064073 0.321340 0.304942 0.150576 0.281303 0.499371 3.530488
0.758764 0.819573 0.766378 0.500005 0.222391 0.702742 0.143055 0.325089 0.177464 0.525251 3.520470
0.830429 0.855855 0.782748 0.495774 0.181485 0.552483 0.020015 0.442486 0.387943 0.657537 3.669752
0.734730 0.804529 0.817312 0.496670 0.147739 0.602826 0.088460 0.529767 0.280865 0.552427 4.013157
0.841580 0.849967 0.796498 0.515625 0.141737 0.478708 0.000000 0.545877 0.306674 0.514654 4.074253
0.882608 0.930964 0.806822 0.498226 0.120542 0.552635 0.268232 0.471251 0.347805 0.511722 3.898269
0.784726 0.775613 0.838965 0.503414 0.176171 0.383057 0.079397 0.469254 0.421022 0.630605 3.863706
0.815777 0.791500 0.795439 0.513073 0.070869 0.618605 0.029058 0.548098 0.488620 0.680192 3.673434
0.791927 0.865810 0.801219 0.479532 0.228260 0.486576 0.000000 0.581906 0.419845 0.513028 3.678470
0.795238 0.884367 0.792045 0.511191 0.211880 0.456179 0.054453 0.507597 0.441385 0.553503 3.581537
0.725873 0.835255 0.821791 0.505364 0.058612 0.315629 0.000000 0.548098 0.350960 0.523930 3.548808
0.765369 0.777963 0.764474 0.500156 0.226927 0.576598 0.158611 0.528316 0.383567 0.536190 4.075953
0.806173 0.829636 0.803364 0.503402 0.040517 0.546426 0.154544 0.591335 0.311246 0.395769 3.926386
0.775333 0.816266 0.823530 0.484563 0.133869 0.567359 0.000000 0.424658 0.428414 0.371442 4.075953
0.828595 0.916923 0.829828 0.486071 0.014064 0.635950 0.000000 0.488195 0.428702 0.654003 3.806482
0.794277 0.823172 0.777647 0.500818 0.103822 0.535057 0.097007 0.254786 0.254067 0.588775 3.813601
0.772597 0.782208 0.813859 0.499057 0.219444 0.530834 0.019635 0.378900 0.456244 0.618386 3.967426
0.806608 0.891019 0.815179 0.482915 0.150745 0.695985 0.205860 0.275716 0.210111 0.310474 3.701719
0.779683 0.834279 0.828634 0.485893 0.005528 0.592691 0.000000 0.589610 0.393953 0.428506 3.823846
0.871583 0.806079 0.828432 0.497375 0.093760 0.550652 0.088885 0.504266 0.470949 0.493215 3.897540
0.806076 0.869604 0.791929 0.485989 0.039825 0.352019 0.216409 0.509381 0.000000 0.305596 3.528014
0.855202 0.854601 0.780743 0.503231 0.059509 0.630943 0.017451 0.558738 0.274085 0.419811 3.564075
0.800466 0.831525 0.799947 0.505417 0.195269 0.661671 0.082120 0.420964 0.161385 0.463541 3.683131
0.731819 0.777575 0.806739 0.469697 0.193562 0.631184 0.000000 0.546538 0.382452 0.297198 3.622518
0.824995 0.863659 0.789444 0.485999 0.150745 0.622195 0.202392 0.446393 0.072228 0.407825 3.676456
0.789252 0.851720 0.804166 0.500055 0.000000 0.337505 0.232587 0.469550 0.368285 0.298864 3.541782
0.811632 0.887461 0.838293 0.499182 0.121899 0.501618 0.026170 0.278791 0.313418 0.431215 3.594716
0.822722 0.878838 0.801980 0.501834 0.000000 0.374508 0.117049 0.511121 0.461134 0.463510 3.780987
0.906993 0.810311 0.806870 0.511277 0.141225 0.490593 0.253023 0.446319 0.327120 0.514897 3.590148
0.881371 0.788439 0.776963 0.514343 0.136858 0.438916 0.325715 0.333174 0.043035 0.622585 3.522619
0.746104 0.825249 0.765133 0.504251 0.222391 0.590483 0.259348 0.247196 0.229042 0.464320 3.722200
0.735466 0.771321 0.780476 0.501359 0.132425 0.309736 0.134751 0.565534 0.196152 0.449392 3.561529
0.732959 0.854643 0.796083 0.502781 0.001601 0.637539 0.099318 0.425476 0.275910 0.568644 3.837637
0.789085 0.808426 0.828432 0.500671 0.094242 0.556811 0.193330 0.254515 0.194953 0.447000 3.642730
0.785496 0.864300 0.785524 0.496001 0.109029 0.348622 0.298907 0.460298 0.060663 0.363304 3.550951
0.880784 0.822535 0.821765 0.500330 0.170772 0.448277 0.135253 0.489952 0.010991 0.435890 3.556153
0.801748 0.908998 0.787638 0.480973 0.142985 0.417888 0.107342 0.399568 0.465039 0.369114 3.687742
0.787185 0.822976 0.811106 0.501282 0.150741 0.650823 0.000000 0.432188 0.281928 0.638722 4.075953
0.880928 0.801226 0.817778 0.500494 0.208887 0.526694 0.241316 0.207603 0.007341 0.474238 3.538419
0.812450 0.864866 0.780861 0.479825 0.085137 0.562683 0.008301 0.281552 0.200557 0.532904 3.573209
0.797851 0.797625 0.790706 0.496663 0.150511 0.671774 0.000000 0.604645 0.367482 0.532530 3.720512
0.746778 0.894787 0.791056 0.516048 0.095453 0.594047 0.000000 0.510419 0.144429 0.586099 3.626424
0.907808 0.882778 0.801726 0.515161 0.183884 0.477143 0.184347 0.433455 0.417364 0.418858 4.024914
0.803184 0.873257 0.803221 0.516005 0.161653 0.467768 0.159474 0.429610 0.365778 0.575650 4.075953
0.692497 0.787327 0.810400 0.500683 0.147739 0.525198 0.059566 0.469379 0.299366 0.550873 3.702352
0.877678 0.858266 0.807481 0.486143 0.006895 0.316999 0.202840 0.287669 0.437913 0.611880 3.526157
0.806033 0.918083 0.783993 0.500957 0.198327 0.547317 0.285492 0.522805 0.128048 0.428152 3.759173
0.757354 0.886895 0.818130 0.483111 0.000000 0.569781 0.000000 0.551904 0.247766 0.491875 3.878202
0.703684 0.785744 0.763616 0.501452 0.119594 0.408301 0.000000 0.547073 0.272132 0.570032 3.537868
0.789414 0.785449 0.800451 0.483475 0.126168 0.627661 0.039564 0.579561 0.418591 0.429018 4.075953
0.780367 0.828053 0.803985 0.483717 0.130577 0.605323 0.067010 0.430452 0.414282 0.512960 4.075953
0.656156 0.869522 0.815017 0.500865 0.000000 0.496382 0.004772 0.507878 0.393252 0.474837 3.676789
0.739800 0.792054 0.789284 0.484759 0.111926 0.535435 0.000662 0.436433 0.173053 0.599620 3.721777
0.774051 0.805984 0.812832 0.513351 0.130480 0.262417 0.073579 0.482515 0.328142 0.677385 3.584483
0.847628 0.820952 0.794022 0.500565 0.154947 0.682424 0.165330 0.377157 0.161535 0.426469 4.075953
0.765414 0.844488 0.764474 0.502465 0.226927 0.614219 0.000000 0.528316 0.306904 0.456101 3.848911
0.840387 0.871980 0.821366 0.511308 0.012104 0.479689 0.000000 0.361591 0.450070 0.446527 3.527055
0.908973 0.818293 0.803673 0.498085 0.087131 0.571256 0.166157 0.573476 0.448855 0.429630 4.007456
0.837358 0.898772 0.789618 0.479287 0.188959 0.619579 0.000000 0.431179 0.366890 0.668832 3.678683
0.750819 0.844854 0.778459 0.482548 0.195705 0.454960 0.127991 0.459536 0.194784 0.464043 3.910219
0.809820 0.771211 0.800501 0.483825 0.000000 0.646280 0.068754 0.216176 0.137883 0.428777 3.555787
0.702685 0.785589 0.806614 0.504408 0.093149 0.459947 0.155543 0.342068 0.423125 0.635478 3.604270
0.790672 0.803257 0.816070 0.485849 0.091942 0.296869 0.039269 0.565562 0.363134 0.649740 3.559959
0.804799 0.852453 0.765577 0.484594 0.126780 0.647280 0.000000 0.335470 0.218721 0.435785 3.823829
0.787119 0.816492 0.786879 0.508536 0.000000 0.538449 0.143720 0.570095 0.428516 0.601833 3.626366
0.725208 0.829361 0.781900 0.500727 0.106325 0.362134 0.134751 0.531894 0.434052 0.455989 3.658522
0.902173 0.837306 0.804196 0.501916 0.208110 0.576884 0.197282 0.459367 0.261115 0.385588 3.640627
0.658488 0.896575 0.811785 0.511982 0.098233 0.654956 0.188548 0.576795 0.383563 0.539569 3.522031
0.821257 0.837206 0.818470 0.504411 0.221937 0.716396 0.230030 0.310529 0.104454 0.455623 3.630387
0.802589 0.898344 0.792918 0.513054 0.000000 0.441918 0.027156 0.337744 0.379288 0.479825 3.589672
0.715124 0.887117 0.814457 0.480248 0.177238 0.560340 0.000000 0.153602 0.445450 0.509668 3.570093
0.774570 0.865810 0.779149 0.494526 0.000000 0.486576 0.286760 0.581906 0.338424 0.638131 3.857557
0.780979 0.906194 0.806928 0.497486 0.153204 0.710358 0.159135 0.529767 0.280865 0.523863 4.075953
0.795037 0.794041 0.814887 0.497440 0.117225 0.379396 0.000000 0.344481 0.201956 0.659481 3.804994
0.778257 0.843441 0.818931 0.489045 0.098408 0.373888 0.096187 0.377973 0.399152 0.668680 3.576521
0.731154 0.851799 0.775475 0.502425 0.119112 0.293335 0.072662 0.378492 0.431052 0.490148 3.575843
0.766751 0.787527 0.795912 0.505710 0.142382 0.521245 0.011591 0.465679 0.345381 0.558896 3.699744
0.883371 0.833502 0.809669 0.494367 0.067594 0.410683 0.166420 0.454149 0.443286 0.458984 3.559330
0.731393 0.805207 0.783284 0.501982 0.053776 0.505219 0.000000 0.452914 0.355434 0.522940 3.846333
0.859699 0.794126 0.813736 0.515439 0.189571 0.348958 0.066716 0.390588 0.438479 0.237680 3.636121
0.950561 0.860051 0.790534 0.514950 0.110969 0.614964 0.281859 0.089133 0.332568 0.549288 3.621902
0.902883 0.780505 0.812810 0.505364 0.155148 0.482903 0.292805 0.548098 0.331382 0.522400 3.640982
0.810275 0.864283 0.822851 0.483646 0.048652 0.519948 0.234487 0.542559 0.386962 0.416032 4.075953
0.742966 0.868555 0.802450 0.494800 0.135576 0.473145 0.043958 0.506453 0.388863 0.556269 3.729611
0.785432 0.816703 0.807082 0.481706 0.237136 0.627579 0.205113 0.458053 0.106343 0.458305 3.796678
0.804243 0.930084 0.802618 0.487029 0.140805 0.578706 0.000000 0.277074 0.235213 0.584472 3.616853
0.763821 0.895019 0.783524 0.481867 0.221423 0.585504 0.000000 0.436458 0.106688 0.458311 3.547789
0.831016 0.836305 0.764912 0.504412 0.000000 0.546063 0.050415 0.500499 0.385742 0.472293 3.532039
0.751585 0.872071 0.820110 0.506212 0.220792 0.440211 0.002052 0.562229 0.399569 0.365697 3.637607
0.795637 0.852504 0.806761 0.515439 0.129923 0.406590 0.064200 0.543917 0.240043 0.408725 3.851559
0.894888 0.850248 0.816968 0.496544 0.100759 0.496333 0.187648 0.237724 0.330285 0.424121 3.527670
0.825521 0.788602 0.817557 0.515911 0.040029 0.666220 0.027460 0.520233 0.313555 0.620803 4.075953
0.829093 0.816429 0.801541 0.486013 0.039875 0.350367 0.256791 0.318475 0.410242 0.367160 3.729570
0.842820 0.784902 0.819796 0.504013 0.064279 0.591839 0.108785 0.508059 0.153535 0.366550 3.594572
0.839057 0.859563 0.794627 0.497325 0.198934 0.656550 0.083325 0.179638 0.352291 0.362290 3.687444
0.723156 0.877950 0.784757 0.481100 0.055299 0.689932 0.021427 0.541706 0.321298 0.412907 3.538323
0.806076 0.811632 0.768639 0.499967 0.000000 0.352019 0.044442 0.506552 0.402124 0.574794 3.621311
0.871377 0.804502 0.773586 0.516005 0.161653 0.419691 0.000000 0.429610 0.365778 0.420227 3.590111
0.780450 0.789858 0.786449 0.498563 0.091846 0.457993 0.000000 0.474986 0.010933 0.636828 3.582513
0.805227 0.891839 0.783867 0.497754 0.032177 0.622664 0.180436 0.217366 0.185340 0.464128 3.594382
0.871831 0.841687 0.830551 0.497535 0.078378 0.713806 0.000000 0.560822 0.453171 0.592673 3.878172
0.708072 0.783576 0.782327 0.515426 0.074805 0.399572 0.232703 0.542645 0.362391 0.516453 3.790836
0.691811 0.795968 0.811150 0.496857 0.160974 0.503923 0.000000 0.533407 0.316487 0.549143 3.612963
0.742949 0.864141 0.805432 0.514142 0.119894 0.618204 0.008895 0.452323 0.272342 0.537420 4.024808
0.843152 0.869794 0.796604 0.499244 0.169798 0.292874 0.117871 0.533692 0.388093 0.428998 3.789174
