# gen=50 mediating population
# x0..x(D-1) f0 f1 consensus
0.900339 0.784742 0.277937 0.345588 0.455822 8.099678 8.692505 8.099678
0.759824 0.824888 0.577380 0.906799 0.336378 8.099678 5.623235 5.623235
0.849824 0.859874 0.416975 0.987448 0.619621 8.099678 5.623235 5.623235
0.969221 0.788940 0.502764 0.445435 0.498389 24.806458 24.283006 24.283006
0.974092 0.669064 0.330792 0.740505 0.196753 8.099678 5.623235 5.623235
0.387324 0.281738 0.167752 0.031332 0.167909 2.606915 0.369051 0.369051
0.882248 0.666129 0.448639 0.414696 0.676686 8.099678 10.893970 8.099678
0.804070 0.662617 0.504717 0.484281 0.822091 8.099678 9.019142 8.099678
0.919978 0.732667 0.514505 0.768712 0.241741 8.099678 5.623235 5.623235
0.634510 0.767616 0.338493 0.601110 0.748272 8.099678 5.623235 5.623235
0.666281 0.739769 0.171123 0.476351 0.642419 8.099678 5.623235 5.623235
0.992351 0.762750 0.574091 0.298350 0.708445 8.099678 11.396166 8.099678
0.908159 0.950905 0.247430 0.754686 0.064403 8.099678 5.623235 5.623235
0.813700 0.651046 0.128135 0.944220 0.724482 8.099678 5.623235 5.623235
0.666206 0.502980 0.155423 0.581589 0.713867 8.099678 5.623235 5.623235
0.755576 0.698381 0.198260 0.722847 0.478603 8.099678 5.623235 5.623235
0.666149 0.064180 0.702450 0.253926 0.071822 2.272217 1.284076 1.284076
0.800261 0.620059 0.560867 0.430768 0.965278 8.099678 5.812414 5.812414
0.483186 0.022862 0.117438 0.584646 0.812644 0.450761 0.839224 0.450761
0.905434 0.895264 0.413887 0.572596 0.223822 8.099678 9.194812 8.099678
0.629736 0.641803 0.743732 0.454874 0.112617 6.199070 5.368632 5.368632
0.830511 0.666079 0.336690 1.000000 0.695391 8.099678 5.623235 5.623235
0.792863 0.783554 0.000000 0.996652 0.685340 8.099678 5.623235 5.623235
1.000000 0.902396 0.370003 0.424472 0.596110 8.099678 5.623235 5.623235
0.583297 0.913799 0.402556 0.281406 0.583703 8.099678 5.623235 5.623235
0.975544 0.903685 0.399137 0.318222 0.351959 8.099678 8.703406 8.099678
0.752372 0.672944 0.022854 0.525932 0.504644 8.099678 5.623235 5.623235
0.852049 0.824888 0.533443 0.530101 0.571033 8.099678 23.560908 8.099678
0.660352 0.544166 0.425094 0.568599 0.960368 8.099678 5.623235 5.623235
0.776334 0.792889 0.524156 0.555929 0.697223 8.099678 8.375206 8.099678
0.881517 0.939229 0.471946 0.285879 0.609815 8.099678 7.507766 7.507766
0.998458 0.930574 0.400835 1.000000 0.502496 8.099678 5.623235 5.623235
0.840159 0.497633 0.346625 0.519448 0.647185 8.099678 5.628421 5.628421
0.807803 0.828768 0.451488 0.627279 0.463055 8.099678 10.279911 8.099678
0.697282 0.781242 0.454836 0.589729 0.758318 8.099678 5.637976 5.637976
0.589595 0.746730 0.322039 0.307287 0.799563 8.099678 5.623235 5.623235
0.801442 0.575319 0.069066 0.516430 0.864942 8.099678 5.623235 5.623235
0.688434 0.736760 0.404760 0.910695 0.601675 8.099678 5.623235 5.623235
0.902531 0.777856 0.385952 0.455490 0.488046 21.533165 32.755194 21.533165
0.541295 0.592005 0.861075 0.422822 0.778116 6.199070 0.727971 0.727971
0.954291 0.898909 0.374663 0.600471 0.058124 8.099678 5.948433 5.948433
0.976769 0.915673 0.606545 0.405334 0.509789 8.099678 9.226046 8.099678
0.936328 0.879522 0.550894 0.491215 0.443525 8.099678 23.997489 8.099678
0.793631 0.715886 0.226237 0.385953 0.896474 8.099678 5.623235 5.623235
0.940502 0.942796 0.561684 0.390650 0.690570 8.099678 5.623235 5.623235
0.963219 0.751459 0.482929 0.415783 0.215413 8.099678 5.623235 5.623235
0.927059 0.812781 0.369872 1.000000 0.312549 8.099678 5.623235 5.623235
0.664529 0.721823 0.355879 0.946006 0.000000 8.099678 5.623235 5.623235
0.818888 0.741139 0.329424 0.370259 0.680289 8.099678 11.140950 8.099678
0.703443 0.472076 0.396875 0.330694 1.000000 0.457035 5.623235 0.457035
0.996961 0.593503 0.300267 0.641196 0.000000 8.099678 5.623235 5.623235
0.801072 0.539074 0.378813 0.434189 0.935093 8.099678 5.925320 5.925320
0.676647 0.663815 0.337326 0.704418 0.703118 8.099678 5.623235 5.623235
0.852230 0.917138 0.632168 0.593506 0.452024 8.099678 7.906566 7.906566
0.593635 0.913428 0.601202 0.391963 0.642495 8.099678 5.623235 5.623235
0.919343 0.823535 0.353340 0.735513 0.386075 8.099678 5.623235 5.623235
0.806925 0.892710 0.377319 0.409215 0.537622 8.099678 7.856648 7.856648
0.781991 0.495611 0.435543 0.723736 0.341526 8.099678 5.623235 5.623235
0.856337 0.858170 0.362127 0.303637 0.631120 8.099678 9.870785 8.099678
0.970596 0.644990 0.349570 0.354768 0.532554 8.099678 7.795501 7.795501
0.625986 0.670763 0.191684 0.702377 0.386807 8.099678 5.623235 5.623235
0.792403 0.535875 0.135674 0.691851 0.110005 8.099678 5.623235 5.623235
0.885895 0.656736 0.257506 0.476565 0.514817 8.099678 7.392887 7.392887
0.902096 0.702003 0.612485 0.534056 0.700566 8.099678 10.122416 8.099678
0.568225 0.761601 0.319928 0.867628 0.162916 8.099678 5.623235 5.623235
1.000000 0.954105 0.209723 1.000000 0.000000 8.099678 5.623235 5.623235
0.727755 0.670208 0.311344 0.833047 0.210467 8.099678 5.623235 5.623235
0.904217 0.594303 0.522206 0.418844 0.839083 8.099678 8.699453 8.099678
0.647559 0.661199 0.210015 0.934904 0.474331 8.099678 5.623235 5.623235
0.826182 0.754910 0.580197 0.419785 0.823016 8.099678 7.819563 7.819563
0.707400 0.922405 0.376974 0.561389 0.665290 8.099678 5.623235 5.623235
0.743770 0.571508 0.328501 0.605232 0.620150 8.099678 5.624163 5.624163
0.851778 1.000000 0.343118 0.554696 0.420850 8.099678 5.623235 5.623235
0.806903 0.921138 0.634762 0.598050 0.840231 8.099678 5.623235 5.623235
1.000000 0.906941 0.497758 0.574619 0.330200 8.099678 5.623235 5.623235
0.583107 0.489261 0.524321 0.546267 0.807930 8.099678 5.623235 5.623235
0.680252 0.870065 0.482039 0.724149 0.590861 8.099678 5.633266 5.633266
0.600094 0.551062 0.155191 0.514125 0.500183 8.099678 5.623235 5.623235
0.883844 0.921334 0.311740 0.420096 0.371974 8.099678 9.411434 8.099678
0.687822 0.691027 0.084863 0.421152 0.923165 8.099678 5.623235 5.623235
0.803116 0.801588 0.614440 0.554824 0.470562 8.099678 5.623235 5.623235
0.964377 0.830068 0.177011 0.429538 0.097139 8.099678 5.680923 5.680923
1.000000 0.889948 0.241182 0.397610 0.598592 8.099678 5.623235 5.623235
0.814216 0.567930 0.336448 0.452578 0.722477 8.099678 5.871177 5.871177
0.784154 0.585065 0.025650 0.503272 1.000000 8.099678 5.623235 5.623235
0.847565 0.891433 0.371481 0.507605 0.428365 8.099678 9.120007 8.099678
0.950828 0.590749 0.422828 0.499296 0.553993 8.099678 8.150324 8.099678
0.958820 0.776360 0.061625 0.681324 0.201031 8.099678 5.623235 5.623235
0.921145 0.882990 0.458188 0.686999 0.743869 8.099678 5.623235 5.623235
0.871885 0.625440 0.621459 0.571410 0.295618 8.099678 5.623235 5.623235
0.284944 0.519960 0.630948 0.124512 0.587097 0.006960 0.006960 0.006960
0.867998 0.559237 0.259448 0.546677 0.448231 8.099678 5.641734 5.641734
0.236912 0.180555 0.070673 0.972975 0.155709 2.606915 0.839224 0.839224
0.782542 0.707839 0.330227 0.521443 0.642450 8.099678 8.787242 8.099678
0.958648 0.852281 0.421697 0.323640 0.486054 8.099678 22.549461 8.099678
0.727869 0.755031 0.073405 0.606176 0.000000 8.099678 5.623235 5.623235
0.971598 0.858319 0.388182 0.441405 0.305578 8.099678 14.255531 8.099678
0.833280 0.892111 0.504345 0.384441 0.682812 8.099678 8.862104 8.099678
0.916744 0.778195 0.503498 0.520477 0.388757 8.099678 5.623235 5.623235
0.730614 0.681832 0.567765 0.792899 0.577655 8.099678 5.623765 5.623765
0.852064 0.711997 0.297417 0.304069 0.940705 8.099678 5.623235 5.623235
0.373725 0.711774 0.755738 0.732251 0.498103 0.006960 0.019417 0.006960
0.980775 0.654597 0.018821 0.326404 0.433606 8.099678 5.623235 5.623235
0.969466 0.943243 0.500336 0.401128 0.384167 8.099678 12.606270 8.099678
0.638245 0.823471 0.347928 0.542373 0.601065 8.099678 5.623235 5.623235
0.929716 0.969917 0.336087 0.799789 0.399673 8.099678 5.623235 5.623235
0.903050 0.831556 0.564979 0.597639 0.474816 8.099678 7.509339 7.509339
0.767166 0.597785 0.470485 0.513493 1.000000 8.099678 5.623235 5.623235
0.813506 1.000000 0.000166 0.965351 0.466080 8.099678 5.623235 5.623235
0.894836 0.732722 0.297602 0.729012 0.829679 8.099678 5.623235 5.623235
0.081791 0.763212 0.599823 0.842955 0.842206 0.006960 0.019417 0.006960
0.767881 0.698453 0.528604 0.627032 0.665512 8.099678 6.408838 6.408838
0.962299 0.963014 0.474891 0.733957 0.623667 8.099678 5.623235 5.623235
0.846542 0.486150 0.603546 0.513401 0.203826 8.099678 5.623235 5.623235
0.817137 0.588817 0.034106 0.856321 0.780942 8.099678 5.623235 5.623235
0.955888 0.904115 0.440626 0.335982 0.811143 8.099678 5.623235 5.623235
0.682069 0.846735 0.238504 0.770057 0.624138 8.099678 5.623235 5.623235
0.757025 0.926685 0.000000 0.830650 0.830997 8.099678 5.623235 5.623235
0.868471 0.606517 0.039334 0.363832 0.416274 8.099678 5.623235 5.623235
0.952311 0.541053 0.527569 0.510076 0.668634 8.099678 6.370090 6.370090
0.930211 0.654490 0.496387 0.599617 0.455612 8.099678 8.129822 8.099678
0.853623 0.839799 0.287353 0.543738 0.587674 8.099678 5.623235 5.623235
0.748470 0.946407 0.392529 0.966379 0.556725 8.099678 5.623235 5.623235
0.949334 0.966444 0.364222 0.472261 0.165449 8.099678 7.083269 7.083269
0.826749 0.928243 0.414616 0.620191 0.295364 8.099678 8.249850 8.099678
0.693304 0.868389 0.168595 0.569261 0.374113 8.099678 5.623235 5.623235
0.798756 0.803723 0.400682 0.744066 0.405467 8.099678 5.623235 5.623235
0.683858 0.801796 0.297565 0.644282 0.375753 8.099678 5.623235 5.623235
0.981810 0.917353 0.615697 0.508864 0.324111 8.099678 10.112446 8.099678
0.950323 0.673510 0.338006 0.281811 0.406982 8.099678 5.623235 5.623235
0.437309 0.989253 0.058598 0.488762 0.348944 8.099678 0.006960 0.006960
0.958682 0.714634 0.171525 0.441155 0.200267 8.099678 5.678652 5.678652
0.827270 0.823424 0.000000 0.539195 0.044806 8.099678 5.623235 5.623235
0.813700 0.706887 0.426209 0.190755 0.708861 8.099678 0.964813 0.964813
0.798578 0.716243 0.236235 0.815133 0.000000 8.099678 5.623235 5.623235
1.000000 1.000000 0.046084 0.958348 0.987814 8.099678 5.623235 5.623235
0.844898 0.920675 0.429619 0.935792 0.394437 8.099678 5.623235 5.623235
0.983450 0.640325 0.362707 0.643537 0.878241 8.099678 5.623235 5.623235
0.734678 0.693579 0.000000 0.373600 0.644998 8.099678 5.623235 5.623235
0.918559 0.612518 0.278971 1.000000 0.238561 8.099678 5.623235 5.623235
0.646729 0.527425 0.150677 0.331535 1.000000 8.099678 5.623235 5.623235
0.707321 0.670977 0.218883 0.562521 0.679346 8.099678 5.667884 5.667884
0.697281 0.728670 0.957047 0.143836 0.387815 6.199070 5.368632 5.368632
1.000000 0.835462 0.575423 0.699278 0.167121 8.099678 5.623235 5.623235
0.111089 0.785092 0.557467 0.875883 0.532817 0.151297 0.019417 0.019417
1.000000 0.733849 0.466886 0.337561 0.521678 8.099678 11.263486 8.099678
0.954272 1.000000 0.017384 0.539265 0.000000 8.099678 5.623235 5.623235
0.888535 0.569513 0.164697 0.829140 0.426698 8.099678 5.623235 5.623235
0.653758 0.171211 0.091217 0.833022 0.898443 0.450761 1.016881 0.450761
0.965235 0.618607 0.446109 0.481058 0.173450 8.099678 5.623235 5.623235
0.961061 0.747149 0.492555 0.701701 0.201868 8.099678 5.706455 5.706455
0.835262 0.662298 0.197534 0.564797 0.137375 8.099678 5.623235 5.623235
0.726560 0.981173 0.364688 0.572030 0.465845 8.099678 5.745716 5.745716
0.620067 0.855781 0.250679 0.863195 0.881262 8.099678 5.623235 5.623235
0.956328 0.747747 0.377954 0.487534 0.364285 11.551615 12.954247 11.551615
0.940326 0.705462 0.609018 0.608717 0.490700 8.099678 8.964740 8.099678
0.820919 0.599992 0.000000 0.492750 0.248000 8.099678 5.623235 5.623235
0.605896 0.796095 0.486870 0.750743 0.293734 8.099678 5.623235 5.623235
0.901480 0.582332 0.162238 0.483988 0.626126 8.099678 5.623235 5.623235
0.546987 0.682634 0.402051 0.483388 0.796561 8.099678 0.006960 0.006960
0.754211 0.708252 0.489022 0.615720 0.215818 8.099678 5.623235 5.623235
0.590597 0.561678 0.304546 0.868807 0.000000 8.099678 5.623235 5.623235
0.481418 0.671353 0.291895 0.925589 0.224180 8.099678 0.019417 0.019417
0.967665 0.192593 0.076190 0.329257 0.887688 0.450761 1.016881 0.450761
0.991248 0.842597 0.576882 0.670211 0.310713 8.099678 5.623235 5.623235
0.773328 0.958877 0.307519 0.361978 0.000000 8.099678 5.623235 5.623235
0.651712 0.782597 0.059971 0.212593 0.357525 8.099678 0.964813 0.964813
0.869322 0.554623 0.536957 0.549872 0.806050 8.099678 5.980932 5.980932
0.914214 0.981111 0.433705 0.801290 0.186557 8.099678 5.623235 5.623235
1.000000 0.606375 0.510374 0.363202 0.582138 8.099678 5.623235 5.623235
0.437712 0.585040 0.617851 0.236224 0.715684 8.099678 0.006960 0.006960
0.909020 0.967035 0.320048 0.296401 0.859469 8.099678 5.623235 5.623235
0.707570 0.886099 0.143527 0.480866 0.923565 8.099678 5.623235 5.623235
0.767618 0.636844 0.455728 0.402543 0.574539 8.099678 5.623235 5.623235
0.876280 0.716107 0.337917 0.400086 0.575452 8.099678 18.173568 8.099678
0.828874 0.748311 0.200456 0.582781 0.308531 8.099678 5.623235 5.623235
0.941096 0.832594 0.059621 0.627042 0.000000 8.099678 5.623235 5.623235
0.864210 0.621604 0.586444 0.677481 0.907334 8.099678 5.623235 5.623235
0.603959 0.858637 0.211621 0.796024 0.398427 8.099678 5.623235 5.623235
0.819183 0.668002 0.424402 0.391442 0.834810 8.099678 8.616277 8.099678
1.000000 1.000000 0.481367 0.771039 0.000000 8.099678 5.623235 5.623235
0.627563 0.980702 0.218254 0.879050 0.874688 8.099678 5.623235 5.623235
0.808966 1.000000 0.567028 0.659433 0.642527 8.099678 5.623235 5.623235
0.637776 0.936288 0.066133 0.558792 0.571427 8.099678 5.623235 5.623235
0.574201 0.806735 0.100659 0.325874 0.981388 8.099678 5.623235 5.623235
0.897560 0.731491 0.181331 0.458000 0.354359 8.099678 6.618984 6.618984
1.000000 0.729450 0.381900 0.466393 0.133713 8.099678 5.623235 5.623235
0.770428 0.862797 0.991849 0.757627 0.886253 0.013843 0.006960 0.006960
0.045765 0.213888 0.008514 0.371861 0.478228 2.606915 0.839224 0.839224
0.992072 0.868240 0.430863 0.444624 0.475444 8.099678 5.623235 5.623235
0.976530 0.564229 0.536772 0.900166 0.915922 8.099678 5.623235 5.623235
0.880218 0.752701 0.231126 0.063928 0.309306 0.938905 0.964813 0.938905
0.904949 0.975728 0.467162 0.327090 0.463935 8.099678 7.486443 7.486443
1.000000 0.830627 0.626162 0.382628 0.591366 9.500410 10.835023 9.500410
0.770663 0.852037 0.115683 0.645516 0.004121 8.099678 5.623235 5.623235
1.000000 1.000000 0.000000 0.325143 0.973582 8.099678 5.623235 5.623235
0.904356 0.558236 0.597871 0.370791 0.993913 8.099678 5.794939 5.794939
1.000000 0.689625 0.414198 0.814139 0.487202 8.099678 5.623235 5.623235
0.737132 0.651837 0.000000 0.384830 1.000000 8.099678 5.623235 5.623235
0.894932 0.910001 0.589504 0.732861 0.208453 8.099678 5.957946 5.957946
0.760752 0.622867 0.263648 0.540079 0.557490 8.099678 5.626555 5.626555
0.830392 0.593495 0.462521 0.339616 0.929341 8.099678 5.743427 5.743427
0.854086 0.707228 0.532837 0.862247 0.371070 8.099678 5.623235 5.623235
0.823427 1.000000 0.298629 0.526890 0.000000 8.099678 5.623235 5.623235
0.799573 0.833015 0.509795 0.347401 0.847511 8.099678 5.914867 5.914867
0.921329 0.721967 0.593179 0.336038 0.850740 8.099678 9.004929 8.099678
0.828763 1.000000 0.552275 0.406878 0.737769 8.099678 5.623235 5.623235
0.857538 0.892790 0.300666 0.565809 0.283851 8.099678 6.285100 6.285100
0.955922 1.000000 0.502535 0.647485 0.000000 8.099678 5.707225 5.707225
0.944614 1.000000 0.548863 0.605852 0.173851 8.099678 6.145073 6.145073
0.663387 0.488242 0.145248 0.392001 0.652091 8.099678 5.623235 5.623235
0.655031 0.851850 0.347960 0.809666 0.101651 8.099678 5.623235 5.623235
0.663172 0.602053 0.418146 0.806795 0.288622 8.099678 5.623235 5.623235
1.000000 0.809346 0.679412 0.203791 0.740850 6.199070 5.368632 5.368632
1.000000 1.000000 0.632497 0.808137 0.000000 8.099678 5.623235 5.623235
1.000000 0.951047 0.361205 0.413091 0.885539 8.099678 5.623235 5.623235
0.904987 0.482826 0.579356 0.737000 0.254889 8.099678 5.623235 5.623235
0.974061 0.720265 0.599912 0.385557 0.061878 8.099678 5.623235 5.623235
0.924086 0.985417 0.405361 0.983415 0.665006 8.099678 5.623235 5.623235
0.670111 0.923224 0.100838 0.791789 0.044215 8.099678 5.623235 5.623235
0.519681 0.246235 0.781241 0.111782 0.556288 2.272217 0.369051 0.369051
0.790452 0.560534 0.428659 0.717208 0.663016 8.099678 5.629396 5.629396
0.572962 0.693268 0.181789 0.622195 0.279718 8.099678 5.623235 5.623235
0.368457 0.897499 0.365464 0.128153 0.292125 0.006960 0.006960 0.006960
0.996810 0.611801 0.634956 0.481926 0.221922 8.099678 5.623235 5.623235
0.909993 0.699695 0.298112 0.538784 0.322790 8.119634 7.035964 7.035964
0.716928 0.507880 0.000000 0.578467 0.000000 8.099678 5.623235 5.623235
0.937135 0.304612 0.028962 0.112189 0.928234 0.450761 0.964813 0.450761
0.850120 0.928784 0.202746 0.861535 0.295106 8.099678 5.623235 5.623235
0.965757 0.556083 0.322361 0.327791 0.721385 8.099678 5.693523 5.693523
0.960096 0.728952 0.117034 0.754186 0.667164 8.099678 5.623235 5.623235
0.858950 0.908791 0.503254 0.391614 0.123476 8.099678 5.623235 5.623235
1.000000 0.945589 0.503227 0.680009 0.497917 8.099678 5.623235 5.623235
0.904749 0.836251 0.418401 0.577189 0.349889 8.099678 7.605363 7.605363
0.869762 0.695386 0.575875 0.380045 0.219545 8.099678 5.623235 5.623235
0.975195 0.789026 0.349738 0.999457 0.007501 8.099678 5.623235 5.623235
0.285453 0.778466 0.403754 0.536479 0.049990 0.006960 0.006960 0.006960
0.717667 0.661575 0.420386 0.337528 0.881754 8.099678 5.623235 5.623235
0.071469 0.420760 0.813836 0.409331 0.637661 0.006960 0.414898 0.006960
0.698825 0.876019 0.000000 0.976735 0.043145 8.099678 5.623235 5.623235
0.805634 0.990528 0.512313 0.491441 0.485565 8.099678 6.975634 6.975634
0.945239 0.940387 0.623861 0.648996 0.734497 8.099678 5.623235 5.623235
1.000000 0.787704 0.319832 0.391020 0.377471 8.099678 5.975059 5.975059
0.885784 0.847930 0.603063 0.436981 0.709152 8.928493 8.199666 8.199666
1.000000 0.621577 0.620292 0.433774 0.727553 8.099678 6.891657 6.891657
0.922493 1.000000 0.525318 1.000000 0.584120 8.099678 5.623235 5.623235
0.766755 0.664380 0.595876 0.808215 0.326125 8.099678 5.623235 5.623235
0.985581 0.876651 0.513246 0.315539 0.575018 8.099678 7.584994 7.584994
0.794775 0.484785 0.621126 0.267148 0.055762 8.099678 0.964813 0.964813
1.000000 0.438211 0.741369 0.206921 1.000000 2.272217 5.368632 2.272217
0.994581 0.724242 0.409389 0.714594 0.106421 8.099678 5.623235 5.623235
0.896845 0.827025 0.614001 0.767646 0.303827 8.099678 5.832265 5.832265
0.922373 0.674114 0.232156 0.471619 0.167652 8.099678 5.623235 5.623235
0.834590 0.940638 0.593371 0.415043 0.501556 8.099678 5.623235 5.623235
0.737351 0.983173 0.468781 0.514283 0.610960 8.099678 5.707830 5.707830
0.939539 0.734462 0.627988 0.409358 0.739102 8.099678 15.542542 8.099678
0.798961 0.918328 0.000000 0.571748 0.119995 8.099678 5.623235 5.623235
0.840279 0.880717 0.242732 0.367305 0.499275 8.099678 6.780970 6.780970
0.812472 0.985876 0.547818 0.453053 0.593901 8.099678 6.503020 6.503020
0.750893 0.726698 0.149726 0.368044 0.699839 8.099678 5.771553 5.771553
0.619987 0.838951 0.298671 1.000000 0.130092 8.099678 5.623235 5.623235
0.790212 0.990720 0.138943 0.882064 0.136587 8.099678 5.623235 5.623235
0.895949 0.675536 0.835366 0.253550 0.963999 6.199070 5.368632 5.368632
0.773022 0.811081 0.403922 0.526618 0.629000 8.099678 8.686396 8.099678
0.881517 1.000000 0.331280 0.386228 0.287469 8.099678 6.255386 6.255386
0.889953 0.785182 0.216211 0.538736 0.699768 8.099678 5.623235 5.623235
1.000000 0.788856 0.585634 0.442639 0.263815 8.099678 5.623235 5.623235
0.730391 0.770577 0.520277 0.325559 0.300114 8.099678 5.623235 5.623235
0.593374 1.000000 0.634646 0.796333 0.731798 8.099678 5.623235 5.623235
0.301190 0.233144 0.148297 0.043329 0.410395 2.606915 0.369051 0.369051
0.244431 0.221174 0.610570 0.857983 0.145528 0.416448 0.414898 0.414898
0.924640 0.961594 0.539876 0.870046 0.106440 8.099678 5.623235 5.623235
0.794715 0.965982 0.167722 0.517169 0.000000 8.099678 5.623235 5.623235
0.564240 0.701892 0.006709 0.628617 0.448838 8.099678 0.006960 0.006960
1.000000 0.818394 0.588114 0.276115 0.474103 8.099678 0.964813 0.964813
0.710960 0.744613 0.539473 0.430375 0.510586 8.099678 5.623235 5.623235
1.000000 0.883457 0.179221 0.284746 0.107377 8.099678 5.623235 5.623235
0.718099 0.962132 0.463029 0.533257 0.131201 8.099678 5.623235 5.623235
0.802878 0.799660 0.505306 0.638650 0.531663 8.099678 9.384813 8.099678
0.673436 0.677257 0.109713 0.629083 0.858839 8.099678 5.623235 5.623235
0.819183 0.493343 0.429438 0.060718 1.000000 0.938905 0.964813 0.938905
0.969970 0.835692 0.834407 0.401879 0.445379 6.199070 5.368632 5.368632
0.099951 0.944801 0.030434 0.825454 0.250479 1.150253 0.019417 0.019417
0.372898 0.929301 0.220875 0.978831 1.000000 1.150253 0.019417 0.019417
1.000000 0.720251 0.359205 0.156462 0.725256 0.938905 1.555915 0.938905
1.000000 0.650000 0.467600 0.616188 0.292952 8.099678 5.701150 5.701150
1.000000 1.000000 0.405804 0.342966 0.250924 8.099678 6.094520 6.094520
0.872731 0.706612 0.454600 0.518059 0.583891 8.099678 30.234466 8.099678
0.777953 0.914166 0.574841 0.446752 0.874366 8.099678 5.623235 5.623235
0.813700 0.551700 0.430406 0.426342 0.827000 8.099678 5.633063 5.633063
0.824255 1.000000 0.540688 0.368711 0.000000 8.099678 5.623235 5.623235
0.964256 0.643676 0.803494 0.354069 0.032183 6.199070 5.368632 5.368632
0.895078 0.904372 0.218329 0.655378 0.158432 8.099678 5.623235 5.623235
0.581901 0.600143 0.422881 0.680684 0.284038 8.099678 5.623235 5.623235
0.883419 0.888508 0.015891 1.000000 0.787965 8.099678 5.623235 5.623235
0.717385 0.179657 0.759235 0.648678 0.810849 0.457035 1.071671 0.457035
0.776443 0.936690 0.466517 0.617003 0.444318 8.099678 6.645219 6.645219
0.970265 0.797680 0.484662 0.282186 0.091378 8.099678 5.623235 5.623235
0.959304 1.000000 0.314202 1.000000 0.000000 8.099678 5.623235 5.623235
0.135070 0.019147 0.545494 0.326068 0.185557 1.556528 0.414898 0.414898
