# Final mediating pop (post Phase 4)
# x0..x(D-1) f0 f1 consensus
0.856180 0.448934 0.136170 0.670271 0.224880 87.831485 88.353066 87.831485
0.858602 0.454719 0.135850 0.653447 0.229565 87.998797 83.761023 83.761023
0.863465 0.449925 0.131032 0.672773 0.222778 89.308678 87.960691 87.960691
0.871396 0.463445 0.133904 0.683854 0.223322 88.077197 87.491807 87.491807
0.862341 0.454825 0.133859 0.661630 0.228735 88.840289 87.873759 87.873759
0.880073 0.467058 0.122912 0.699478 0.226514 82.616789 81.170308 81.170308
0.869616 0.461538 0.134326 0.680992 0.226849 88.670324 88.458073 88.458073
0.857164 0.453839 0.141033 0.666652 0.229703 88.709626 87.722602 87.722602
0.849033 0.443063 0.148154 0.664800 0.230199 84.839681 82.750273 82.750273
0.869944 0.461210 0.130644 0.681943 0.224395 88.675994 88.215300 88.215300
0.861280 0.459013 0.138399 0.677163 0.224489 88.808936 88.787987 88.787987
0.851925 0.449588 0.141576 0.663476 0.229356 86.801420 85.003968 85.003968
0.883709 0.483370 0.129373 0.684685 0.233157 78.259643 66.752175 66.752175
0.864595 0.445184 0.131133 0.671596 0.237161 85.856849 86.221451 85.856849
0.868576 0.457028 0.130645 0.676402 0.224429 89.173478 88.588998 88.588998
0.898189 0.483853 0.145804 0.733925 0.236818 56.928353 60.308511 56.928353
0.834814 0.421352 0.154150 0.647795 0.221988 73.597988 63.084876 63.084876
0.867161 0.461174 0.124386 0.681403 0.202472 82.258808 78.800857 78.800857
0.857601 0.451287 0.141219 0.672929 0.225990 89.347113 88.515598 88.515598
0.864407 0.458447 0.133146 0.676208 0.228153 89.381979 88.408271 88.408271
0.867961 0.456823 0.129265 0.680957 0.224248 88.582898 88.377732 88.377732
0.853954 0.445033 0.135905 0.659833 0.227345 86.543319 86.470130 86.470130
0.851931 0.451158 0.131874 0.657759 0.214753 84.624211 82.503831 82.503831
0.864083 0.460461 0.138715 0.683806 0.222136 88.247270 88.776189 88.247270
0.868078 0.458172 0.132811 0.684510 0.226888 89.248535 88.831455 88.831455
0.859352 0.450471 0.133783 0.667246 0.224508 88.923811 88.727798 88.727798
0.870058 0.469316 0.133567 0.693292 0.220755 81.951742 84.473607 81.951742
0.860257 0.471189 0.143741 0.678638 0.197234 75.410978 75.154312 75.154312
0.865121 0.460263 0.143168 0.685794 0.224862 87.715719 88.502457 87.715719
0.863107 0.454233 0.134916 0.684652 0.223725 88.761423 88.811722 88.761423
0.861216 0.456113 0.134902 0.674014 0.224539 89.297627 89.488512 89.297627
0.863824 0.456385 0.136797 0.672950 0.229245 89.720867 89.553204 89.553204
0.858422 0.456632 0.137175 0.670957 0.223335 88.843769 89.147743 88.843769
0.867784 0.458798 0.137272 0.682667 0.229265 89.017807 88.601569 88.601569
0.864439 0.458438 0.138042 0.671679 0.229849 88.928294 89.247785 88.928294
0.856677 0.450768 0.143662 0.645199 0.237799 78.065242 79.969480 78.065242
0.848773 0.447331 0.143866 0.660863 0.226409 84.918661 84.084010 84.084010
0.833568 0.432511 0.151978 0.646840 0.230544 72.872258 71.937100 71.937100
0.856308 0.442527 0.158883 0.660667 0.286864 60.385397 52.799081 52.799081
0.862366 0.461902 0.141151 0.685591 0.211855 85.202895 85.755016 85.202895
0.836565 0.462415 0.139117 0.636189 0.188663 63.897109 63.276345 63.276345
0.865521 0.452755 0.125892 0.657244 0.234981 85.834299 83.254046 83.254046
0.861375 0.449772 0.135458 0.678353 0.227003 89.187515 88.845918 88.845918
0.865057 0.454317 0.133446 0.680164 0.224348 89.739516 89.473381 89.473381
0.861166 0.452688 0.137375 0.669594 0.229534 89.297133 89.247943 89.247943
0.866039 0.450533 0.132729 0.684040 0.227507 89.108838 87.997070 87.997070
0.824217 0.454234 0.149109 0.641247 0.186079 57.131598 61.569880 57.131598
0.865762 0.448480 0.127955 0.707390 0.222132 79.663696 79.334155 79.334155
0.864794 0.453225 0.127242 0.668188 0.220554 89.066326 86.669221 86.669221
0.857402 0.449427 0.137015 0.681627 0.225592 86.181349 87.366350 86.181349
0.869598 0.458762 0.133025 0.687193 0.227711 88.639228 87.981750 87.981750
0.865493 0.459185 0.137207 0.678578 0.219295 88.451037 88.649277 88.451037
0.869450 0.451529 0.132766 0.685452 0.236239 87.229749 85.908459 85.908459
0.858155 0.445830 0.134154 0.672751 0.243714 82.355968 82.745415 82.355968
0.844435 0.450164 0.146524 0.655938 0.227846 81.539857 80.977181 80.977181
0.857099 0.442754 0.121735 0.639075 0.242468 74.160456 75.194148 74.160456
0.857721 0.449353 0.137666 0.663639 0.225257 88.787291 87.188424 87.188424
0.856305 0.443509 0.135858 0.652959 0.239865 81.226513 80.315096 80.315096
0.870628 0.452629 0.133210 0.683787 0.239052 86.582826 86.023960 86.023960
0.854939 0.451034 0.138326 0.665447 0.220316 87.820090 87.470553 87.470553
0.866581 0.459902 0.135491 0.660530 0.223699 85.131550 85.082807 85.082807
0.909139 0.458591 0.101477 0.701048 0.268060 54.359874 52.085768 52.085768
0.863232 0.449443 0.129652 0.683773 0.215679 87.279579 86.867487 86.867487
0.872464 0.468052 0.136099 0.697768 0.221961 83.364554 84.091497 83.364554
0.861615 0.448709 0.130736 0.659941 0.221270 87.554350 83.855051 83.855051
0.843089 0.440455 0.149882 0.641956 0.224011 78.980775 76.357742 76.357742
0.855756 0.450698 0.140296 0.666937 0.223514 88.519603 88.304489 88.304489
0.855773 0.449000 0.131404 0.660199 0.235468 85.452322 84.000472 84.000472
0.859532 0.450196 0.137179 0.668938 0.230186 88.923717 88.741382 88.741382
0.868755 0.458509 0.133722 0.680867 0.228282 88.986977 89.222633 88.986977
0.872586 0.457740 0.126101 0.677828 0.221601 87.839617 85.850365 85.850365
0.839827 0.440103 0.125209 0.635711 0.215674 70.680081 71.737946 70.680081
0.858974 0.456337 0.138182 0.675232 0.224504 88.712441 89.389418 88.712441
0.861507 0.453954 0.136845 0.678064 0.223550 89.715585 89.779501 89.715585
0.851431 0.483144 0.156716 0.717590 0.159587 40.467179 44.359500 40.467179
0.861724 0.459017 0.132207 0.670259 0.213261 87.669563 86.571466 86.571466
0.853096 0.443447 0.138675 0.658266 0.227393 86.048263 85.718655 85.718655
0.871236 0.456311 0.130546 0.682154 0.222709 88.235520 87.854998 87.854998
0.853566 0.456066 0.141534 0.675573 0.220844 85.124986 87.383383 85.124986
0.842934 0.435855 0.149235 0.645118 0.229473 78.435336 78.112163 78.112163
0.863389 0.458061 0.140293 0.683797 0.222906 88.827755 88.993148 88.827755
0.855092 0.440468 0.126739 0.649981 0.234395 79.402829 81.371195 79.402829
0.829631 0.445910 0.137207 0.620953 0.209005 62.546155 62.268453 62.268453
0.866060 0.458080 0.132562 0.637128 0.236953 75.303305 74.708101 74.708101
0.862414 0.451265 0.135587 0.675921 0.234025 88.747947 88.382629 88.382629
0.868720 0.447913 0.140631 0.684844 0.255540 79.899706 79.173674 79.173674
0.865201 0.459262 0.134645 0.679152 0.226438 89.393427 89.055303 89.055303
0.843524 0.441798 0.151830 0.655619 0.217303 81.292043 77.817007 77.817007
0.859650 0.451509 0.136254 0.663422 0.229024 88.632169 87.922927 87.922927
0.899311 0.485544 0.140331 0.732013 0.233483 58.643485 54.636036 54.636036
0.858466 0.453615 0.137762 0.669457 0.226825 89.354260 88.979465 88.979465
0.860710 0.448629 0.128256 0.665348 0.226535 87.253304 88.192379 87.253304
0.878245 0.466800 0.126773 0.690012 0.222965 84.591438 84.700224 84.591438
0.870254 0.465686 0.134109 0.681935 0.227025 88.131321 85.979221 85.979221
0.867470 0.459881 0.137162 0.743361 0.182747 56.438738 56.656945 56.438738
0.867735 0.453959 0.136006 0.681173 0.227347 88.794017 89.003418 88.794017
0.864396 0.449642 0.129601 0.666145 0.225382 88.154524 87.793776 87.793776
0.881695 0.475957 0.145493 0.714286 0.233051 71.732802 70.647355 70.647355
0.877643 0.466758 0.121238 0.691863 0.223909 81.916222 82.054755 81.916222
0.827320 0.414717 0.143142 0.614215 0.229524 58.120569 56.232115 56.232115
0.866380 0.448463 0.133098 0.683217 0.235874 87.185228 85.584980 85.584980
0.847097 0.433619 0.138566 0.654027 0.227678 80.828156 78.688519 78.688519
0.902500 0.488122 0.111174 0.715850 0.228078 63.458107 60.319756 60.319756
0.866116 0.453909 0.138106 0.680698 0.230140 88.923332 89.091530 88.923332
0.861855 0.451007 0.138320 0.674317 0.229930 88.997123 89.236566 88.997123
0.866847 0.450820 0.129655 0.684055 0.216940 88.844190 86.779310 86.779310
0.864845 0.445317 0.120117 0.709103 0.204680 69.868881 75.514939 69.868881
0.859519 0.454867 0.138978 0.672335 0.231820 89.408495 88.401453 88.401453
0.860097 0.473958 0.144941 0.683108 0.211249 77.092713 78.484876 77.092713
0.868221 0.459975 0.128420 0.681577 0.212979 87.210016 85.500376 85.500376
0.883236 0.470003 0.125312 0.704374 0.229084 80.152231 78.627396 78.627396
0.893839 0.452533 0.124854 0.698847 0.268055 63.885791 64.126493 63.885791
0.867042 0.459982 0.135369 0.680095 0.226621 89.389710 89.040093 89.040093
0.861732 0.454405 0.137998 0.694463 0.218479 85.397516 86.298728 85.397516
0.870281 0.455739 0.129121 0.679491 0.226633 88.687585 87.740849 87.740849
0.857904 0.459073 0.147384 0.679642 0.219836 87.403959 86.191572 86.191572
0.866420 0.456629 0.141225 0.685408 0.226299 88.421817 87.731696 87.731696
0.865715 0.451582 0.137905 0.682584 0.237598 87.841823 86.622708 86.622708
0.830566 0.447867 0.146994 0.633461 0.200992 65.508501 63.585913 63.585913
0.860694 0.454204 0.137295 0.678011 0.227498 89.361631 89.581723 89.361631
0.419254 0.576712 0.962894 0.732155 0.522291 9.320684 9.320684 9.320684
0.713055 0.636996 0.264749 0.937956 0.647474 9.320684 9.320684 9.320684
0.174263 0.370258 0.229842 0.869519 0.164079 9.320684 9.320684 9.320684
0.640063 0.518595 0.379469 0.114823 0.989707 9.320684 9.320684 9.320684
0.982803 0.624233 0.891563 0.076213 0.857164 9.320684 9.320684 9.320684
0.407146 0.301691 0.457883 0.940873 0.964963 9.320684 9.320684 9.320684
0.271629 0.492847 0.627494 0.724523 0.034202 9.320684 9.320684 9.320684
0.596120 0.670430 0.724992 0.000000 0.421000 9.320684 9.320684 9.320684
0.202709 0.072234 0.438935 0.740523 0.621474 9.320684 9.320684 9.320684
0.713009 0.412244 0.314541 0.694582 0.214080 12.330134 9.427283 9.427283
0.665074 0.471289 0.666599 0.110068 0.406823 9.320684 9.320684 9.320684
0.985277 0.481890 0.099946 0.906421 0.575221 10.712795 9.320684 9.320684
0.883541 0.344071 0.036477 0.879777 0.025439 11.654364 9.320684 9.320684
0.633766 0.371866 0.407588 1.000000 0.421127 9.320684 9.320684 9.320684
0.199286 0.091574 0.558361 0.726443 0.775708 9.320684 9.320684 9.320684
0.898535 0.468054 0.182921 0.584994 0.950672 9.320684 9.320684 9.320684
0.136608 0.859267 0.695830 0.374829 0.661453 9.320684 10.636791 9.320684
0.198747 0.154069 0.432050 0.975991 0.952250 12.935298 9.320684 9.320684
0.251939 0.297131 0.363256 0.439027 0.521853 9.320684 9.320684 9.320684
1.000000 0.548393 0.139967 0.968760 0.215842 10.890060 9.578212 9.578212
0.813690 0.384326 0.246560 0.545188 0.473542 9.620085 9.541084 9.541084
0.338852 0.175128 0.168576 0.373795 0.719921 9.320684 9.320684 9.320684
0.159208 0.105526 0.553020 0.971168 0.537617 9.320684 9.320684 9.320684
0.349369 0.861771 0.058625 0.024038 0.419706 9.320684 9.320684 9.320684
0.490691 0.765244 0.064295 0.647298 0.592793 9.320684 9.320684 9.320684
0.544321 0.722876 0.068234 0.524839 0.217441 9.320684 9.320684 9.320684
0.758898 0.592105 0.520003 0.431080 0.371068 9.320684 9.320684 9.320684
0.684526 0.701795 0.345532 0.613500 0.229032 9.320684 9.320684 9.320684
0.000000 0.872795 1.000000 0.515837 0.117776 9.320684 9.320684 9.320684
0.279051 0.616403 0.250586 0.694232 0.917819 9.320684 9.320684 9.320684
0.866686 0.419057 0.102163 0.439043 0.192854 11.305462 9.747588 9.747588
0.968085 0.500650 0.800191 0.377824 0.161099 11.184718 14.553134 11.184718
0.266417 0.022103 0.656043 1.000000 0.359017 9.320684 9.320684 9.320684
0.865691 0.449662 0.137569 0.645063 0.235402 67.526105 77.963071 67.526105
0.590828 0.696601 0.483341 0.674604 0.000542 9.320684 9.320684 9.320684
0.522745 0.672294 0.983915 0.189065 0.210980 9.320684 9.320684 9.320684
0.506060 0.472003 0.991336 0.124003 0.771632 9.320684 9.320684 9.320684
0.735513 0.397589 0.194154 0.609534 0.545891 9.320684 9.320684 9.320684
0.837830 0.510691 0.172438 0.888008 0.000000 9.738280 9.579361 9.579361
0.362375 0.119069 0.378766 0.835754 0.125118 9.320684 9.320684 9.320684
0.376560 0.821774 0.002745 0.377508 0.985032 9.320684 9.320684 9.320684
0.111770 0.997747 0.435466 0.657752 0.613507 9.320684 9.320684 9.320684
0.922690 0.608713 0.140037 0.368368 0.571253 9.340516 9.320684 9.320684
0.536978 0.390166 0.285851 0.155399 0.893749 9.320684 9.320684 9.320684
0.267346 0.002177 0.233248 0.556292 0.061732 9.320684 9.320684 9.320684
0.517719 0.694231 0.744348 0.505564 0.266345 9.320684 9.320684 9.320684
0.172264 0.405241 0.589400 0.708257 0.192591 9.320684 9.320684 9.320684
0.535142 0.748698 0.240668 0.608442 0.995974 9.320684 9.320684 9.320684
0.092203 1.000000 0.709802 0.341290 0.677544 9.320684 9.320684 9.320684
0.358213 0.581467 0.397336 0.256196 0.864325 9.320684 9.320684 9.320684
0.377150 0.640355 0.560353 0.541512 0.728943 9.320684 9.320684 9.320684
0.126226 0.017294 0.184977 0.774849 0.447650 9.320684 9.320684 9.320684
0.631130 0.757096 0.903850 0.998820 0.219186 9.320684 9.320684 9.320684
0.968471 0.579162 0.008066 0.359766 0.766096 9.320684 9.320684 9.320684
0.000000 0.823063 0.880800 0.215930 0.613925 9.320684 9.320684 9.320684
0.130671 0.804535 0.008342 0.412182 0.068295 9.320684 9.320684 9.320684
0.285518 0.832371 0.020003 0.649542 0.991378 9.320684 9.320684 9.320684
0.889276 0.570009 0.807116 0.418932 0.345707 9.840577 9.320684 9.320684
0.877422 0.580494 0.602080 0.530676 0.710327 9.320684 9.320684 9.320684
0.993772 0.394134 0.992554 0.494712 0.480232 9.320684 9.320684 9.320684
0.869981 0.680532 0.369104 0.538822 0.209369 9.320684 9.320684 9.320684
0.522531 0.431275 0.399873 0.941308 0.395689 9.320684 9.320684 9.320684
0.112526 0.950267 0.679356 0.688640 0.556298 9.320684 9.320684 9.320684
0.742395 0.968638 0.624113 0.823365 0.690696 9.320684 9.320684 9.320684
0.843695 0.488674 0.209866 0.552819 0.300174 17.344690 13.647259 13.647259
0.954852 0.477826 0.523057 0.392181 0.084785 9.320684 9.320684 9.320684
0.463080 0.537281 0.180707 0.204512 0.446602 9.320684 9.320684 9.320684
0.990586 0.987339 0.709502 0.884514 0.979397 9.320684 9.320684 9.320684
0.725076 0.694505 0.116529 0.733596 0.783417 9.320684 9.320684 9.320684
0.406512 0.745917 0.206793 0.449712 0.326758 9.320684 9.320684 9.320684
0.394581 0.987201 0.356395 0.648894 0.430816 9.320684 9.320684 9.320684
0.143775 0.866179 0.688434 0.688871 0.855015 9.320684 9.320684 9.320684
0.073902 0.857222 0.250849 0.472337 0.358582 9.320684 9.320684 9.320684
0.208244 0.571171 0.599281 0.634446 0.231640 9.320684 9.320684 9.320684
0.576544 0.343126 0.151328 0.610670 0.924868 9.320684 9.320684 9.320684
0.808543 0.821989 0.686957 0.931486 0.965700 9.320684 9.320684 9.320684
0.145470 0.360207 0.458110 0.464712 0.829945 9.320684 9.320684 9.320684
0.617297 0.695612 0.324025 0.107180 0.344663 9.320684 9.320684 9.320684
0.262695 0.250934 0.582651 0.834056 0.811680 26.437729 12.504493 12.504493
0.481801 0.087446 0.610763 0.857854 0.158671 9.320684 9.320684 9.320684
0.272031 0.526012 0.599337 0.724031 0.778770 9.320684 9.320684 9.320684
0.324322 0.370866 0.958463 0.670617 0.388332 6.966297 9.320684 6.966297
0.480081 0.682888 0.200979 0.385580 0.712141 9.320684 9.320684 9.320684
0.070979 0.215604 0.688313 0.938613 0.512668 9.320684 9.320684 9.320684
0.819964 0.769264 0.813672 0.876918 0.061318 9.320684 9.320684 9.320684
0.316761 0.520564 0.304989 0.718723 0.486354 9.320684 9.320684 9.320684
1.000000 0.528805 0.000000 0.667946 0.125846 12.109188 9.412101 9.412101
0.205343 0.782659 0.900698 0.375641 0.879057 13.307272 14.270395 13.307272
0.742607 0.357363 0.167157 0.136853 0.091940 9.320684 9.320684 9.320684
0.534116 0.522199 0.829906 0.444486 0.488242 9.320684 9.320684 9.320684
0.820620 0.396332 0.082641 0.681992 0.466757 9.320684 9.320684 9.320684
0.063109 0.469104 0.164521 0.277798 0.619094 9.320684 9.320684 9.320684
0.651622 0.469314 0.915747 0.131987 0.226063 9.320684 9.320684 9.320684
0.675777 0.460957 0.514681 0.360443 0.752961 9.320684 9.320684 9.320684
0.515757 0.735385 0.015933 0.185766 0.234108 9.320684 9.320684 9.320684
0.353676 0.057842 0.502463 0.301027 0.688959 9.320684 9.320684 9.320684
0.028328 0.213729 0.297965 0.320390 0.926779 9.320684 9.320684 9.320684
0.771818 0.549053 0.542145 0.961566 0.157359 9.320684 9.320684 9.320684
0.373073 0.825532 0.849779 0.330600 0.917805 9.320684 12.340033 9.320684
0.113773 0.192163 0.334399 0.899099 0.757671 9.320684 9.320684 9.320684
0.389152 0.965717 0.688055 0.461407 0.156408 9.320684 9.320684 9.320684
0.496513 0.760361 0.266101 0.583465 0.648244 9.320684 9.320684 9.320684
0.418973 0.760868 0.835319 0.379363 0.376970 9.320684 9.320684 9.320684
0.317314 0.209352 0.236160 0.943903 0.621272 9.320684 9.320684 9.320684
0.531244 0.684277 0.552963 0.422224 0.270904 9.320684 9.320684 9.320684
0.732933 0.647779 0.559936 0.928123 0.503621 9.320684 9.320684 9.320684
0.741249 0.343332 0.274924 0.050350 0.710527 9.320684 9.320684 9.320684
0.396658 0.402430 0.633394 0.645664 0.503367 10.042186 9.320684 9.320684
0.829785 0.513763 0.223025 0.755632 0.158267 19.877413 19.473990 19.473990
0.253753 0.803474 0.082396 0.041996 0.326011 9.320684 9.320684 9.320684
0.099298 0.302306 0.195612 0.510007 0.664536 9.320684 9.320684 9.320684
0.713976 0.497578 0.000000 0.888783 0.146530 9.320684 9.320684 9.320684
0.465797 0.210440 0.527985 0.374200 0.528271 9.320684 9.320684 9.320684
0.361738 0.103714 0.478469 0.652719 0.420207 9.320684 9.320684 9.320684
0.491740 0.779541 0.280627 0.461410 0.217165 9.320684 9.320684 9.320684
0.260392 0.997818 0.836125 0.667489 0.074582 9.320684 9.320684 9.320684
0.322202 0.905811 0.000000 0.527388 0.634251 9.320684 9.320684 9.320684
0.025405 0.794468 0.104785 0.933227 0.865844 9.320684 9.320684 9.320684
0.308606 0.629520 0.972806 0.378967 0.891263 9.320684 9.320684 9.320684
0.045075 0.134292 0.231789 0.456528 0.843135 9.320684 9.320684 9.320684
0.659692 0.696251 0.818023 0.341292 0.605126 9.320684 9.320684 9.320684
0.888006 0.444852 0.542927 0.194996 0.637993 9.320684 9.320684 9.320684
0.167224 0.616500 0.272165 0.308525 0.939300 9.320684 9.320684 9.320684
0.558828 0.379785 0.124119 0.037514 0.374223 9.320684 9.320684 9.320684
0.910769 0.574505 0.038469 1.000000 0.144584 9.320684 9.320684 9.320684
0.308625 1.000000 0.883249 0.576942 0.536929 9.320684 9.320684 9.320684
0.540608 0.365854 0.346619 0.854934 0.890822 9.320684 9.320684 9.320684
0.700395 0.388052 0.093459 0.278780 0.691153 9.320684 9.320684 9.320684
0.062334 0.348243 0.421916 0.758747 0.887082 9.320684 9.320684 9.320684
0.049882 0.506122 0.330060 0.389622 0.351906 9.320684 9.320684 9.320684
1.000000 0.505131 0.151631 0.444227 0.152352 9.320684 9.320684 9.320684
0.841947 0.778837 0.799456 0.813185 0.648892 16.969232 12.082320 12.082320
0.994242 0.479705 0.012395 0.884987 0.132276 12.864671 10.082965 10.082965
0.940443 0.437524 0.030812 0.580291 0.296010 15.573745 11.431254 11.431254
0.546821 0.980088 0.091534 0.493109 0.229524 9.320684 9.320684 9.320684
0.336879 0.921648 0.045872 0.830659 0.155030 9.320684 9.320684 9.320684
0.804218 0.596188 0.416429 0.429875 0.755091 9.320684 9.320684 9.320684
0.142198 0.270149 0.152157 0.243820 0.862351 9.320684 9.320684 9.320684
0.898702 0.424358 0.021858 0.666075 0.196647 26.451886 17.048264 17.048264
0.618193 0.918808 0.697362 0.864665 0.620871 9.320684 9.320684 9.320684
0.965342 0.358618 0.276795 0.183971 0.325407 9.320684 9.320684 9.320684
0.000000 0.447364 0.201148 0.249833 0.881646 9.320684 9.320684 9.320684
0.226276 0.409005 0.175874 0.351514 0.169975 9.320684 9.320684 9.320684
0.305919 0.906720 0.413382 0.691512 0.805284 9.320684 9.320684 9.320684
1.000000 0.405387 0.000000 0.894427 0.295255 11.781541 9.379163 9.379163
0.480710 0.625999 0.385547 0.409144 0.379376 9.320684 9.320684 9.320684
0.162685 0.743262 0.985956 0.701969 0.511782 9.320684 14.848365 9.320684
0.167899 0.621440 0.499420 0.537687 0.902540 9.320684 9.320684 9.320684
0.691156 0.582258 0.202535 1.000000 0.456719 9.320684 9.320684 9.320684
0.841790 0.480738 0.293135 0.703074 0.284154 12.204491 10.839640 10.839640
0.262010 0.280260 0.343044 0.325301 0.606397 9.320684 9.320684 9.320684
1.000000 0.876585 0.792991 0.601961 0.000000 9.320684 9.320684 9.320684
0.661219 0.699275 0.150665 0.488709 0.589560 9.320684 9.320684 9.320684
0.606640 0.560336 0.464440 0.107183 0.561084 9.320684 9.320684 9.320684
0.433903 1.000000 0.941503 0.490993 0.371374 9.320684 9.320684 9.320684
0.958503 0.613052 0.212369 0.944817 0.311169 9.692760 9.323703 9.323703
0.201920 0.998151 0.310688 0.585878 0.918963 9.320684 9.320684 9.320684
0.692376 0.512564 0.197767 0.748017 0.007809 9.320684 11.187543 9.320684
0.994957 0.384636 0.613046 0.241452 0.549537 9.320684 9.320684 9.320684
0.294209 0.964076 0.783122 0.407559 0.583542 9.320684 9.320684 9.320684
0.907056 0.501068 0.128946 0.889151 0.192383 16.255110 13.121845 13.121845
0.154988 0.258039 0.396353 0.238160 0.347880 9.320684 9.320684 9.320684
0.149745 0.565424 0.365377 0.458516 0.292450 9.320684 9.320684 9.320684
0.816125 0.538472 0.999531 0.339299 0.323056 9.320684 9.320684 9.320684
0.816192 0.568379 0.134477 0.707332 0.220414 9.562548 10.163314 9.562548
0.432672 0.956259 0.370715 0.325521 0.111987 9.320684 9.320684 9.320684
0.848978 0.399649 0.099527 0.530128 0.272758 21.797292 23.858325 21.797292
0.832912 0.580051 0.178350 0.755052 0.000000 9.500935 11.097065 9.500935
0.154087 0.183925 0.687873 0.327103 0.372933 9.320684 9.320684 9.320684
0.817249 0.445291 0.460070 0.941150 0.510213 9.340505 9.320684 9.320684
0.176660 0.085838 0.186882 0.385902 0.498270 9.320684 9.320684 9.320684
0.430091 0.794031 0.906668 0.594815 0.458271 9.320684 9.912505 9.320684
0.628588 0.506781 0.194084 0.550950 0.803758 9.320684 9.320684 9.320684
0.042872 0.243804 0.506096 0.444681 0.113033 9.320684 9.320684 9.320684
1.000000 0.452518 0.074983 0.729812 0.364413 10.753755 14.691287 10.753755
0.094058 0.463931 0.398741 0.585993 0.652409 9.320684 9.320684 9.320684
0.655930 0.651832 0.946089 0.411173 0.787423 9.320684 9.320684 9.320684
0.886210 0.449910 0.110805 0.764400 0.402023 19.334058 9.350363 9.350363
0.076242 0.675065 0.908634 0.380633 0.459597 9.320684 9.320684 9.320684
0.469471 0.845771 0.262522 0.217449 0.428168 9.320684 9.320684 9.320684
