# gen=10 CA size=200
# x0..x(D-1) consensus
0.759416 0.437714 0.133738 0.324270 0.087850 9.320684
0.899187 0.661508 0.206132 0.826623 0.471253 9.320684
0.871862 0.617006 0.826065 0.418300 0.228348 9.320684
0.526383 0.356385 0.261780 0.878885 0.756774 9.320684
0.406836 0.103705 0.378377 0.958247 0.875359 9.320684
0.731924 0.353269 0.017793 0.536520 0.458225 9.320684
0.953871 0.999421 0.669831 0.888077 0.824981 9.320684
0.337120 0.662769 0.643473 0.662937 0.165833 9.320684
0.265842 0.557246 0.815153 0.798579 0.907722 7.128737
0.923547 0.834625 0.518013 0.460547 0.919042 6.915819
0.476790 0.550435 0.745591 0.502294 0.131611 9.320684
0.808950 0.479282 0.316673 0.205467 0.960134 9.320684
0.057535 0.165813 0.340517 0.443057 0.471904 9.320684
0.958146 0.451406 0.565016 0.918272 0.168347 9.320684
0.877422 0.580494 0.602080 0.530676 0.710327 9.320684
0.249686 0.617098 0.985411 0.450336 0.689740 9.320684
0.844233 0.534977 0.238099 0.559100 0.350097 9.878308
0.970103 0.425104 0.000000 0.543608 0.216991 9.353974
0.747696 0.381061 0.193469 0.570076 0.254680 17.689364
0.740212 0.503368 0.235972 0.678649 0.190125 10.235268
0.818512 0.423535 0.091499 0.642830 0.350126 10.563890
0.688904 0.390160 0.298954 0.602111 0.277178 9.453653
0.845035 0.402337 0.101352 0.619713 0.040389 9.355261
0.842549 0.433132 0.089902 0.504127 0.108848 10.746338
1.000000 0.488872 0.036077 0.790955 0.228331 10.816771
1.000000 0.460568 0.055940 0.627429 0.534879 9.335164
0.857108 0.367245 0.164613 0.642710 0.431742 10.038697
0.928667 0.449318 0.000000 0.677789 0.236904 11.210144
0.793985 0.350885 0.000000 0.533879 0.000000 9.321567
0.826184 0.493802 0.140611 0.608142 0.156539 31.463944
0.888305 0.621001 0.404106 0.678649 0.590790 9.320684
0.116580 0.032165 0.330746 0.995018 0.273419 9.320684
0.053545 0.463199 0.193499 0.765190 0.341788 9.320684
0.225955 0.101049 0.504818 0.298427 0.021036 9.320684
0.674326 0.583721 0.785828 0.460297 0.179979 9.320684
0.840406 0.548144 0.571369 0.311883 0.594241 9.320684
0.464698 0.391410 0.583291 0.430679 0.350126 9.320684
0.648255 0.463392 0.086551 0.149816 0.576514 9.320684
0.874642 0.598750 0.714073 0.474488 0.469338 9.320684
0.560774 0.617052 0.905738 0.434318 0.459044 9.320684
0.684210 0.498798 0.317565 0.857762 0.597478 9.320684
0.724965 0.595505 0.389897 0.669716 0.837908 9.320684
0.501586 0.453410 0.503686 0.690589 0.444192 9.320684
0.667666 0.417833 0.289227 0.542176 0.858454 9.320684
0.291959 0.261099 0.301149 0.660971 0.614339 9.320684
0.742264 0.403895 0.413398 0.898578 0.462561 9.320684
0.701902 0.468440 0.431930 0.704780 0.733551 9.320684
0.388035 0.486741 0.623596 0.664610 0.723257 9.320684
0.336339 0.330475 0.596765 0.878413 0.891540 9.320684
0.665192 0.469165 0.448195 0.709397 0.897201 9.320684
0.441813 0.327070 0.561984 0.730270 0.503485 9.320684
0.021833 0.712091 0.071071 0.756948 0.970172 9.320684
0.232186 0.134759 0.359447 0.700652 0.673632 9.320684
0.983597 0.655853 0.578487 0.379711 0.995827 9.320684
0.801169 0.831629 0.878399 0.791363 0.864115 9.320684
0.328261 0.360401 0.681894 0.704291 0.782549 9.320684
0.498883 0.455257 0.416473 0.667550 0.682974 9.320684
0.827736 0.593947 0.267903 0.498534 0.688634 9.320684
0.604357 0.451852 0.381692 0.519407 0.294918 9.320684
0.770437 0.416275 0.167233 0.370993 0.709180 9.320684
0.394730 0.259541 0.179155 0.489789 0.465065 9.320684
0.845035 0.402337 0.291404 0.727396 0.313286 9.320684
0.804673 0.466882 0.309937 0.533598 0.584276 9.320684
0.490805 0.485183 0.501602 0.493428 0.573983 9.320684
0.609857 0.778334 0.742492 0.843328 0.866351 9.320684
0.938709 0.917023 0.593922 0.674312 0.872012 9.320684
0.715331 0.774928 0.707711 0.695185 0.478296 9.320684
0.881411 0.739352 0.493252 0.546772 0.892558 9.320684
0.505703 0.582617 0.505174 0.665567 0.648442 9.320684
0.956009 0.725413 0.617423 0.903174 0.496664 9.320684
0.915646 0.789958 0.635956 0.709376 0.767654 9.320684
0.601779 0.808260 0.827621 0.669206 0.757360 9.320684
0.301481 0.610008 0.729313 0.730758 0.536777 9.320684
0.630334 0.748697 0.580743 0.561742 0.542437 9.320684
0.406955 0.606602 0.694532 0.582615 0.148722 9.320684
0.573035 0.571026 0.480073 0.434202 0.562984 9.320684
0.197328 0.414291 0.491995 0.552997 0.318868 9.320684
0.403110 0.701406 1.000000 0.462143 0.414034 9.320684
0.513670 0.705786 0.211072 0.273595 0.834989 9.320684
0.293403 0.639934 0.814442 0.556637 0.427786 9.320684
0.128691 0.374087 0.575926 0.279408 0.783029 9.320684
0.226342 0.631819 0.489933 0.401898 0.384236 9.320684
0.446618 0.461626 0.238099 0.499545 0.433414 9.320684
0.410854 0.840701 0.204476 0.866129 0.423679 9.320684
0.032742 0.560362 0.878472 0.245556 0.168919 9.320684
0.260732 0.880886 0.635067 0.251794 0.164727 9.320684
0.058133 1.000000 0.000000 0.430055 0.167131 9.320684
0.541856 0.774320 0.490644 0.470984 0.074581 9.320684
0.235392 0.575336 0.029110 0.729188 0.635175 9.320684
0.842549 0.577307 0.178927 0.605647 0.792911 9.320684
0.848235 0.680275 0.814201 0.518974 0.587840 9.320684
0.238714 0.672547 0.523063 0.421364 0.000000 9.320684
0.015911 0.570587 0.368819 0.602930 0.670930 9.320684
0.210376 0.754903 0.005311 0.625995 0.913578 9.320684
0.424826 0.244614 0.444098 0.477832 0.679818 9.320684
0.210263 0.033985 0.618320 0.341667 0.857471 9.320684
0.118431 0.864423 0.078213 0.901059 0.403532 9.320684
0.905773 0.582616 0.721022 0.343451 0.623288 9.320684
0.104860 0.254696 0.534235 0.772935 0.375036 9.320684
0.504575 0.749424 0.690436 0.475542 0.832248 9.320684
0.801792 0.874720 0.982761 0.742838 0.668050 9.320684
0.268810 0.076390 0.390350 0.645388 0.896406 9.320684
0.041646 0.912857 0.516692 0.416199 0.467250 9.320684
1.000000 0.587360 0.361446 0.895481 0.694753 9.320684
0.284231 0.580690 0.541703 0.466358 0.144554 9.320684
0.666031 0.584570 0.799550 0.310558 0.405909 9.320684
0.080606 0.745011 0.161242 0.688617 0.582149 9.320684
0.686241 0.701233 0.765902 0.289117 0.034449 9.320684
0.813442 0.355173 0.236705 0.821869 0.751145 9.320684
0.004297 0.582865 0.031169 0.621462 0.157499 9.320684
0.375240 0.783913 0.025647 0.918041 0.561108 9.320684
0.846289 0.655584 0.338013 0.683799 0.513071 9.320684
0.970354 0.834481 0.975154 0.776423 0.041904 9.320684
0.047360 0.276715 0.569004 0.977218 0.003692 9.320684
0.312196 0.984060 0.892543 0.606610 0.162293 9.320684
0.484747 0.498657 0.342647 0.617600 0.124265 9.320684
0.412087 0.372161 0.371403 1.000000 0.394192 9.320684
0.293933 0.665147 0.208125 0.822747 0.625514 9.320684
0.142136 0.803089 0.953103 0.538794 0.976217 9.320684
0.143716 0.597219 0.198531 0.238111 0.587526 9.320684
0.363189 0.897694 0.161027 0.026596 0.149608 9.320684
0.680633 0.939139 0.891503 0.867947 0.648146 9.320684
0.730265 0.355514 0.222743 0.200781 0.087735 9.320684
0.642792 0.763341 0.626612 0.997473 0.725144 9.320684
0.501670 0.585669 0.818222 0.379601 0.333383 9.320684
0.670991 0.935461 0.835085 0.733178 0.955974 9.320684
0.916796 0.700738 0.959548 0.317344 0.804514 9.320684
0.101732 0.809959 0.726166 0.179476 0.443385 9.320684
0.023494 0.519209 0.045239 0.171134 0.005134 9.320684
0.081293 0.672556 0.527584 0.459569 0.184088 9.320684
0.335158 0.086788 0.201672 0.490911 0.751841 9.320684
0.658681 0.432616 0.700702 0.272949 0.179364 9.320684
0.438098 0.427128 0.203080 0.634826 0.899383 9.320684
0.183047 0.749251 0.138864 0.576764 0.230288 9.320684
0.238199 0.470960 0.982046 0.411078 0.857491 9.320684
0.782162 0.952098 0.891194 0.529173 0.607805 9.320684
0.602297 0.458085 0.417006 0.862600 0.789458 9.320684
0.889201 0.543312 0.881607 0.239649 0.800782 9.320684
0.626688 0.817058 0.903785 0.955950 0.925787 9.320684
0.905092 0.683335 0.522638 0.190984 0.700617 9.320684
0.121603 0.730688 0.645368 0.713376 0.778338 9.320684
0.785825 0.522832 0.048608 0.181795 0.334013 9.320684
0.744303 0.979268 0.963014 0.974822 0.621489 9.320684
0.251997 0.557088 0.000000 0.435334 0.167090 9.320684
0.788786 0.360063 0.863826 0.165203 0.337838 9.320684
0.033926 0.564081 0.289450 0.359037 0.924914 9.320684
0.182814 0.714051 0.981266 0.461661 0.538468 9.320684
0.100430 0.421991 0.658994 0.473119 0.919469 9.320684
0.611940 0.648299 0.316573 0.855100 0.684238 9.320684
0.366056 0.353815 0.333894 0.963315 0.175980 9.320684
0.123135 0.672292 0.114573 0.761115 0.925526 9.320684
0.191098 0.040514 0.575111 0.325128 0.402732 9.320684
0.281177 0.493110 1.000000 0.596806 0.341920 9.320684
0.397195 0.882579 0.000000 0.362405 0.119012 9.320684
0.112584 0.903337 0.792668 0.211706 0.789953 9.320684
0.233954 0.252144 0.172933 0.501535 0.923694 9.320684
0.561277 0.463518 0.401845 0.936899 0.380367 9.320684
0.271087 0.379443 0.456776 0.609037 0.104077 9.320684
0.351525 0.893738 0.481568 0.489091 0.614444 9.320684
0.969400 0.416571 0.044919 0.542829 0.041713 9.320684
0.407195 0.878790 0.036228 0.193301 0.842790 9.320684
0.023857 0.831125 0.131028 0.965105 0.968133 9.320684
0.868290 0.581189 0.085368 0.213734 0.458143 9.320684
0.249283 0.837924 0.035702 0.313515 0.999899 9.320684
0.343190 0.034718 0.624975 0.810246 0.024589 9.320684
0.820575 0.513419 0.781824 0.017554 0.210770 9.320684
0.365964 0.878776 0.036025 0.353099 0.550418 9.320684
0.440737 0.842751 0.991516 0.691247 0.218345 9.320684
0.309203 0.414104 0.210035 0.265985 0.124312 9.320684
0.260239 0.572720 0.046286 0.089108 0.863821 9.320684
0.024818 0.756808 0.218884 0.281841 0.260717 9.320684
0.266925 0.834404 0.565140 0.437409 0.046248 9.320684
0.000000 1.000000 0.984346 0.329011 0.371398 9.320684
0.780786 0.973908 0.569980 0.851048 0.537444 9.320684
0.625737 0.571391 0.297544 0.370987 0.455798 9.320684
0.076545 0.618258 0.194558 0.542951 0.387790 9.320684
0.304148 0.866341 0.825648 0.502525 0.393070 9.320684
0.195245 0.044783 0.172410 0.647205 0.127940 9.320684
0.361696 0.545502 0.914049 0.711891 0.369625 9.320684
0.786265 0.473719 0.061898 0.915858 0.765981 9.320684
0.177680 0.185485 0.305668 0.589878 0.673732 9.320684
0.235209 0.890341 0.605968 0.667690 0.531388 9.320684
0.693704 0.686392 0.382877 0.681111 0.452096 9.320684
0.474376 0.913207 0.448635 0.419074 0.761698 9.320684
0.348534 0.017850 0.482921 0.515016 0.947478 9.320684
0.578093 0.360429 0.265519 0.388236 0.921937 9.320684
0.187518 0.067008 0.167520 0.835244 0.645476 9.320684
0.537668 0.687431 0.542028 0.056603 0.863673 9.320684
0.916174 0.647212 0.735467 0.066355 0.461870 9.320684
0.909306 0.502023 0.828866 0.028010 0.905967 9.320684
0.120368 0.302482 0.491993 0.663611 0.035412 9.320684
0.022836 0.187200 0.552534 0.707810 0.421173 9.320684
0.353743 0.629414 0.758910 0.672785 0.585788 9.320684
0.268583 0.579096 0.715727 0.204539 0.778186 9.320684
0.527512 0.444303 0.000804 0.477568 0.530304 9.320684
0.581480 0.625275 0.498145 0.903853 0.302126 9.320684
0.683860 0.731821 0.533268 0.964121 0.695798 9.320684
0.319903 0.175973 0.461016 0.780507 0.652204 9.320684
0.652287 0.617797 0.609360 0.329547 0.886530 9.320684
0.989986 0.737802 0.737785 0.880965 0.859198 9.320684
