# Party-0 optima (Phase 1b)
# x0..x(D-1) party_fit f0 f1 consensus
0.772484 0.642399 0.249941 73.266659 73.266659 20.536567 20.536567
0.399537 0.716454 0.280340 34.636224 34.636224 12.964745 12.964745
0.634888 0.771358 0.152576 34.352497 34.352497 15.591178 15.591178
0.563602 0.725525 0.180493 31.569800 31.569800 15.591178 15.591178
0.819849 0.644217 0.310229 28.810090 28.810090 15.591178 15.591178
0.879883 0.659180 0.757840 28.347192 28.347192 14.717269 14.717269
0.720314 0.386846 0.721016 23.634341 23.634341 15.591178 15.591178
0.215077 0.290103 0.705398 19.988280 19.988280 13.896032 13.896032
