# gen=100 CA size=200
# x0..x(D-1) consensus
0.926300 0.568767 0.433740 0.912262 0.860061 0.491218 0.107796 0.232921 0.436972 0.797829 1.990669
0.748887 0.576332 0.314906 0.632307 0.662434 0.471043 0.670192 0.128813 0.061627 0.187368 1.990669
0.619546 0.445030 0.412147 0.667105 0.832351 0.871356 0.367228 0.385912 0.534533 0.656650 1.990669
0.602987 0.462966 0.418964 0.717587 0.885190 0.735891 0.215032 0.730885 0.537415 0.308709 1.990669
0.625046 0.526902 0.395002 0.682558 0.639660 0.635106 0.362361 0.603148 0.485293 0.499227 1.990669
0.719309 0.458850 0.403024 0.751105 0.842024 0.797250 0.391482 0.610423 0.640372 0.536894 1.990669
0.671992 0.452269 0.457922 0.820649 0.792439 0.569538 0.727256 0.689286 0.807579 0.648967 1.990669
0.730130 0.053276 0.911543 0.481398 0.293012 0.780981 0.644650 0.173872 0.419430 0.997895 1.039207
0.777258 0.485073 0.526459 0.407803 0.028500 0.907058 0.785438 0.042647 0.943508 0.843815 1.160086
0.875836 0.012321 0.661694 0.651435 0.166862 0.320209 0.213785 0.461012 0.781537 0.777769 1.039207
0.768289 0.500655 0.433740 0.912262 0.921895 0.262193 0.000000 0.000000 0.533681 1.000000 1.990669
0.850032 0.483258 0.454884 0.652024 0.714883 0.239849 0.814857 0.097977 0.163277 0.218529 1.990669
0.741778 0.460581 0.327428 0.657343 0.478133 0.506093 0.582184 0.603820 0.427814 0.387608 1.990669
0.954740 0.509392 0.316208 1.000000 0.876545 0.913609 0.981805 0.758464 0.975479 0.000000 1.990669
0.968269 0.552589 0.399760 0.953783 0.600537 0.621932 0.894030 0.894601 0.126508 0.712671 1.990669
0.780891 0.434739 0.421455 0.862573 0.616407 1.000000 1.000000 0.966027 0.114616 0.506481 1.990669
0.604561 0.580412 0.388198 1.000000 0.904707 1.000000 0.160151 0.761033 0.975465 0.264967 1.990669
1.000000 0.544065 0.311272 0.904754 0.662879 0.616248 0.825964 0.893156 0.000000 0.703042 1.990669
0.746668 0.490246 0.424774 0.834602 0.952270 0.715300 0.000000 0.000000 0.834817 1.000000 1.990669
0.864607 0.501518 0.464681 1.000000 0.596813 1.000000 0.801601 0.000000 0.294477 0.000000 1.990669
0.858184 0.456184 0.363906 0.770823 0.487716 1.000000 1.000000 1.000000 0.410368 0.114088 1.990669
0.804618 0.610223 0.323043 0.845454 0.855224 0.493586 0.050720 0.569781 0.907258 0.292372 1.990669
0.952543 0.523227 0.399235 1.000000 0.519076 1.000000 0.771292 0.973959 0.855453 0.090653 1.990669
0.768450 0.519864 0.398165 0.774824 0.736672 1.000000 0.980644 1.000000 0.000000 0.809135 1.990669
0.984636 0.607656 0.439936 0.871282 0.801260 0.359137 0.361239 0.451733 0.748788 0.555693 1.990669
0.866298 0.488875 0.388469 0.906183 0.873805 1.000000 1.000000 0.676362 0.698194 0.320847 1.990669
0.875050 0.518095 0.464681 0.937992 0.596813 1.000000 0.956974 0.000000 0.258422 0.000000 1.990669
0.858184 0.439694 0.366032 0.737459 0.487716 0.807974 1.000000 0.805072 0.279434 0.331170 1.990669
0.866111 0.541243 0.441094 1.000000 0.518392 0.777361 0.865441 0.000000 1.000000 0.238088 1.990669
0.821990 0.462003 0.423420 0.891815 0.755440 0.602155 0.320861 0.423650 0.666968 0.894679 1.990669
0.818751 0.111758 1.000000 0.598540 0.106476 0.061080 0.364835 0.475970 0.325114 1.000000 1.039207
1.000000 0.530183 0.347721 0.774801 1.000000 1.000000 0.626587 0.103879 0.439436 0.397977 1.990669
1.000000 0.519701 0.362632 0.876766 0.766339 0.580320 0.459078 0.386666 0.283097 0.586610 1.990669
1.000000 0.607457 0.332885 0.742044 0.529886 0.891962 0.670025 0.934008 0.729610 0.000000 1.990669
0.836494 0.465885 0.442376 0.693706 0.802358 0.436512 0.863527 0.384054 0.033717 0.376401 1.990669
1.000000 0.449625 0.460685 0.617929 0.952823 1.000000 0.718089 0.475619 0.777912 0.000000 1.990669
0.781905 0.450500 0.424774 0.795409 0.938020 0.356836 0.000000 0.000000 0.796305 1.000000 1.990669
0.615035 0.561201 0.377025 1.000000 0.559234 0.864693 0.311547 0.322298 0.309427 1.000000 1.990669
0.652891 0.511215 0.357921 0.941908 0.526808 0.818285 0.959968 0.791382 0.000000 0.751530 1.990669
0.952543 0.490740 0.348656 0.906006 0.557693 1.000000 0.806990 1.000000 0.900888 0.296412 1.990669
0.733311 0.248723 0.594118 0.755496 0.260647 0.221910 0.103959 0.000000 1.000000 1.000000 1.039207
0.845568 0.483784 0.376966 0.654549 0.723837 0.322992 0.996594 0.180846 0.160133 0.151558 1.990669
0.766727 0.475943 0.449290 0.824476 0.733710 0.717496 1.000000 0.287698 0.000000 0.000000 1.990669
0.733659 0.561684 0.467351 0.613777 0.593980 0.516106 0.404268 0.401700 0.609354 0.742349 1.990669
0.970157 0.468190 0.323623 0.699622 1.000000 1.000000 0.662359 0.986302 0.466553 0.520395 1.990669
0.670378 0.573791 0.372227 0.867206 0.498228 0.594712 0.918406 0.312258 0.000000 0.075905 1.990669
0.943048 0.452514 0.375653 0.637186 0.696057 0.000000 0.460603 0.165035 0.636203 0.198856 1.990669
0.968269 0.496207 0.399760 1.000000 0.673656 0.759952 1.000000 0.659761 0.000000 0.629098 1.990669
1.000000 0.597756 0.389724 0.847397 0.860061 0.453750 0.535999 0.500000 0.936972 0.685455 1.990669
0.977532 0.449116 0.315896 1.000000 1.000000 1.000000 0.911361 0.456305 0.132589 0.629098 1.990669
1.000000 0.570187 0.443391 0.834389 0.920841 0.245460 0.895366 0.134337 0.429397 0.000000 1.990669
0.613713 0.486114 0.395002 0.881102 0.578543 0.838401 0.303730 0.892845 0.364332 0.684185 1.990669
0.613824 0.599088 0.411326 1.000000 0.595789 1.000000 0.933428 1.000000 0.035089 0.089295 1.990669
0.910557 0.446993 0.383386 0.959177 0.683005 0.451185 0.470669 0.358182 1.000000 0.747426 1.990669
0.639564 0.571254 0.428371 0.750531 0.671634 0.633403 0.916153 0.000000 0.184070 0.337644 1.990669
0.855325 0.571118 0.424774 0.694788 0.938020 0.000000 0.154037 0.000000 0.696512 1.000000 1.990669
0.922229 0.476722 0.363437 0.809853 0.604950 0.129914 0.719267 0.628813 0.000000 0.000000 1.990669
1.000000 0.488538 0.414122 0.700145 0.932938 1.000000 0.989029 0.947439 0.720950 0.220752 1.990669
0.746082 0.569301 0.426229 0.870333 0.735458 0.685190 0.118190 0.165752 0.314308 0.000000 1.990669
0.665389 0.474672 0.468965 0.913886 1.000000 0.728946 0.875011 0.000000 0.891119 0.745049 1.990669
0.977946 0.515722 0.418970 0.680832 0.811656 0.000000 0.065039 0.376186 0.957753 0.775475 1.990669
0.788719 0.529593 0.336706 1.000000 0.886007 0.093786 0.544200 0.914224 0.624160 0.000000 1.990669
0.774629 0.542342 0.359854 0.862081 0.724529 0.091459 0.880532 0.461012 0.820840 0.067065 1.990669
0.973983 0.450234 0.324704 0.926500 0.576520 1.000000 0.669216 1.000000 1.000000 0.287103 1.990669
0.860533 0.490833 0.456596 0.902868 0.919473 0.930328 0.648287 0.272414 0.698194 0.182054 1.990669
0.840890 0.557545 0.326821 0.999908 0.600537 0.722815 0.771860 0.798549 0.503123 0.862889 1.990669
0.809770 0.467445 0.428843 0.901982 1.000000 0.248105 0.000000 0.220484 1.000000 1.000000 1.990669
0.723743 0.454899 0.462990 0.713991 0.563047 0.990621 0.867646 0.537698 0.031514 0.000000 1.990669
1.000000 0.000000 1.000000 0.499357 0.251273 0.683655 0.476202 0.693769 0.859233 0.000000 1.039207
0.809583 0.458651 0.438016 0.602746 0.780627 0.550925 0.467772 0.231262 0.421195 0.501343 1.990669
0.968748 0.553719 0.378538 0.801271 0.881124 0.571191 0.901850 0.808896 0.741608 0.411567 1.990669
0.898025 0.490833 0.424034 0.917580 0.639909 0.725593 0.791507 0.179091 0.611183 0.000000 1.990669
0.880573 0.467293 0.400932 0.756110 0.527994 0.738623 0.444576 0.000000 0.404939 0.088480 1.990669
0.866903 0.508923 0.465863 0.755396 0.503404 0.270113 1.000000 0.884576 0.854363 0.456880 1.990669
0.878730 0.461953 0.407779 0.674506 1.000000 0.248105 0.000000 0.675258 1.000000 0.626310 1.990669
0.768541 0.509094 0.385000 1.000000 0.908954 0.183912 0.552009 0.000000 0.883254 0.321505 1.990669
0.898355 0.451933 0.425374 0.994805 0.880832 0.074761 0.071895 0.000000 0.825413 1.000000 1.990669
0.804849 0.588331 0.465161 1.000000 0.751813 0.270577 0.188490 0.000000 0.491076 1.000000 1.990669
0.610244 0.437802 0.443081 0.647962 0.748193 0.602900 0.205693 0.831847 0.863948 0.451968 1.990669
0.690514 0.554285 0.444445 0.757369 0.922191 0.566557 0.278228 0.000000 0.331707 1.000000 1.990669
0.662930 0.432630 0.379849 0.787425 0.948997 0.704785 0.378797 0.829316 1.000000 0.424920 1.990669
0.638329 0.511236 0.385990 1.000000 0.612008 0.531732 0.383993 0.587634 0.485773 0.576490 1.990669
1.000000 0.538893 0.378538 0.736497 0.881124 0.929068 0.504175 0.668702 0.741608 0.159229 1.990669
0.864883 0.528831 0.418970 0.834927 0.753921 0.000000 0.076222 0.859830 0.499842 0.887123 1.990669
0.914295 0.611561 0.385657 1.000000 1.000000 0.359137 0.110013 0.611707 0.880440 0.759394 1.990669
0.793120 0.431040 0.425374 1.000000 0.880832 0.085511 0.310618 0.000000 1.000000 1.000000 1.990669
0.926716 0.000000 1.000000 0.377947 0.295485 0.000000 0.509798 0.646605 0.418836 0.793579 1.039207
0.772338 0.544301 0.380740 0.837932 0.876863 0.674445 0.371421 0.290264 0.171889 0.797829 1.990669
0.669532 0.439837 0.457922 0.788499 0.874557 0.465129 0.556786 0.955661 0.926430 0.510280 1.990669
0.960946 0.538880 0.345710 1.000000 0.985203 1.000000 1.000000 0.530322 1.000000 0.000000 1.990669
0.860120 0.449358 0.424638 0.739173 0.802015 0.131741 0.859432 0.166809 0.069815 0.000000 1.990669
0.616065 0.618437 0.363458 1.000000 0.514305 0.933245 0.918406 0.410853 0.000000 0.000000 1.990669
1.000000 0.566559 0.317717 0.662197 1.000000 0.845251 0.594371 0.364656 0.000000 0.000000 1.990669
0.866903 0.466624 0.461183 0.643483 0.503404 0.464296 1.000000 0.884576 1.000000 0.147007 1.990669
0.661015 0.564449 0.347027 1.000000 0.542596 1.000000 0.676921 0.579012 0.360407 0.768375 1.990669
0.650774 0.545165 0.319843 1.000000 0.617711 0.790052 0.599811 1.000000 0.448661 0.520571 1.990669
1.000000 0.603892 0.362833 0.939790 0.943774 0.440431 0.834779 0.919425 0.936972 0.407989 1.990669
0.727235 0.560939 0.363903 0.712153 0.553350 1.000000 1.000000 0.935528 0.429154 0.000000 1.990669
0.707779 0.000951 0.792290 0.823415 0.260112 0.000000 0.319567 0.609610 0.160549 0.000000 1.039207
1.000000 0.602191 0.431884 0.877743 0.920841 0.834597 1.000000 0.000000 0.793826 0.344433 1.990669
0.833224 0.536324 0.460334 0.815514 0.685471 0.329030 0.133180 0.445498 1.000000 0.922857 1.990669
0.997357 0.465652 0.349058 0.897763 0.733710 0.746861 0.980680 0.287698 0.031649 0.041265 1.990669
0.878026 0.525615 0.411736 1.000000 1.000000 0.560926 0.151415 0.475214 0.183305 0.704245 1.990669
0.886169 0.465842 0.345940 0.945659 0.738301 0.417543 0.325753 0.058078 0.008566 0.875148 1.990669
0.757566 0.448188 0.452009 0.895680 0.792439 0.874788 0.762216 0.740590 0.823042 0.540656 1.990669
1.000000 0.512996 0.435904 0.764389 0.938020 0.285669 0.000000 0.000000 0.799724 0.918628 1.990669
0.838979 0.479097 0.385035 0.967301 1.000000 1.000000 0.392378 0.227460 0.531678 0.407704 1.990669
1.000000 0.436819 0.384371 0.947757 1.000000 0.840069 0.623920 0.000000 1.000000 0.620886 1.990669
0.624098 0.526708 0.331042 0.965905 1.000000 0.268897 0.417282 0.077564 0.766552 0.937752 1.990669
0.857471 0.519642 0.364174 0.876223 0.663929 0.452669 0.505586 0.600087 0.508826 0.594536 1.990669
1.000000 0.468474 0.429494 0.742715 1.000000 0.818689 0.696380 0.000000 0.974500 0.894082 1.990669
0.761599 0.464732 0.408360 0.972045 0.754192 0.774268 0.963190 0.941613 0.911170 0.000000 1.990669
1.000000 0.425869 0.387425 0.778124 0.679348 0.282656 0.796270 0.939092 0.230790 0.036815 1.990669
0.845314 0.487405 0.450936 0.826616 0.975800 0.684009 0.631131 1.000000 0.880815 0.152771 1.990669
0.840890 0.573547 0.321068 1.000000 0.600537 1.000000 0.824176 0.731380 0.685338 1.000000 1.990669
0.882370 0.486533 0.347713 0.993655 0.556654 0.995054 1.000000 1.000000 0.099799 0.253349 1.990669
0.818017 0.482835 0.374022 0.742560 0.811656 0.379584 0.118431 0.200625 0.709002 0.970909 1.990669
0.923685 0.559198 0.327428 0.786538 0.478280 1.000000 0.190825 0.437695 0.307199 0.637076 1.990669
0.815431 0.606276 0.390612 0.996836 0.500387 0.989407 0.702828 0.250667 1.000000 0.547809 1.990669
0.724595 0.586517 0.428887 0.761021 0.705752 0.036230 1.000000 0.084800 0.948635 1.000000 1.990669
0.720251 0.457880 0.456926 0.923827 0.873805 0.865571 0.956269 0.698693 0.484651 0.378522 1.990669
0.937466 0.427847 0.396451 0.673196 0.780727 0.382816 0.000000 0.529412 0.906582 0.675691 1.990669
1.000000 0.459168 0.351021 0.866739 0.880832 0.024272 0.658165 0.132158 1.000000 1.000000 1.990669
0.599038 0.508337 0.394155 0.603296 0.536970 0.000000 1.000000 0.149207 0.479449 0.783241 1.990669
1.000000 0.603929 0.420199 0.720013 0.852476 0.373466 0.369826 0.758464 0.733091 0.455770 1.990669
0.600898 0.615919 0.466845 0.678700 0.672867 0.572326 0.747409 0.043658 0.184070 0.425359 1.990669
1.000000 0.574439 0.357202 0.979656 0.565647 0.665368 0.646823 1.000000 0.380921 1.000000 1.990669
0.914032 0.555670 0.417125 1.000000 0.518734 1.000000 0.271292 1.000000 1.000000 0.262522 1.990669
0.901775 0.480515 0.402608 0.910565 1.000000 0.840069 1.000000 0.248916 1.000000 0.302348 1.990669
1.000000 0.481920 0.396221 0.682847 0.605586 0.691223 0.481183 1.000000 0.097335 0.113526 1.990669
1.000000 0.594460 0.401279 0.731076 1.000000 0.563618 0.720567 0.435357 0.313079 0.000000 1.990669
0.676645 0.454973 0.423659 0.988710 0.647030 0.506570 0.689133 0.445743 0.988363 0.765581 1.990669
0.646520 0.572721 0.323510 0.669053 0.751863 0.112752 0.649617 0.957808 0.000000 0.000000 1.990669
1.000000 0.527881 0.373274 0.948624 0.633479 1.000000 0.723944 0.362456 0.433763 0.194802 1.990669
0.953830 0.552722 0.368417 1.000000 1.000000 0.199456 0.088191 0.489183 0.444375 0.426654 1.990669
1.000000 0.448738 0.376572 0.931485 0.798340 1.000000 0.641300 0.143145 0.402453 0.120880 1.990669
1.000000 0.523935 0.351021 1.000000 0.810649 0.524272 1.000000 0.358430 1.000000 0.917270 1.990669
0.900525 0.433512 0.376909 0.843120 0.768830 0.000000 0.624922 0.400821 0.125606 0.336771 1.990669
0.807518 0.446619 0.394622 0.652519 0.575796 0.424842 0.722504 0.906908 0.243955 0.243510 1.990669
0.897623 0.611979 0.422866 0.957433 0.775125 0.720657 0.386189 0.151046 0.622240 0.348508 1.990669
0.901454 0.485141 0.326555 0.885705 1.000000 1.000000 0.227185 0.279400 0.622186 0.606692 1.990669
0.878262 0.479813 0.430720 0.693998 0.726984 0.317879 0.999292 0.000000 0.222869 0.293317 1.990669
0.778516 0.556358 0.342469 0.728273 0.826667 0.794004 0.674857 1.000000 0.174187 0.658711 1.990669
0.652559 0.514241 0.428129 1.000000 1.000000 0.008537 0.943691 0.000000 0.926640 1.000000 1.990669
0.929092 0.508369 0.336526 0.854471 0.575298 0.904137 0.912982 1.000000 0.270651 0.300024 1.990669
0.696377 0.431007 0.423787 0.795244 0.805143 0.731078 0.264398 0.206164 0.797993 0.982990 1.990669
1.000000 0.536573 0.389726 0.752360 0.949266 0.000000 1.000000 0.689715 0.001960 0.140295 1.990669
0.791365 0.508047 0.415230 0.827677 0.984648 0.394675 0.199477 0.319857 0.146687 0.952344 1.990669
0.928044 0.617587 0.366495 0.682794 0.920841 0.519815 1.000000 0.277376 0.537807 0.175970 1.990669
0.687440 0.479152 0.381577 0.859166 1.000000 0.347732 0.304134 0.061730 0.987618 0.437752 1.990669
0.733711 0.489161 0.391088 0.676885 0.971286 0.418046 0.850334 0.206183 0.640367 0.437827 1.990669
1.000000 0.516732 0.440802 0.907531 0.878985 0.468967 0.000000 0.000000 0.915101 0.804857 1.990669
0.846365 0.566413 0.437352 0.773965 1.000000 0.720942 1.000000 0.000000 0.006039 0.000000 1.990669
0.855365 0.524507 0.373397 0.774801 0.556291 1.000000 0.787799 1.000000 0.485293 0.315775 1.990669
1.000000 0.509046 0.417392 1.000000 1.000000 0.884034 0.940049 0.575058 0.568251 0.000000 1.990669
0.931359 0.568241 0.420387 0.607713 0.900086 0.284346 0.172220 0.035367 0.826255 0.223296 1.990669
0.947473 0.541262 0.342618 0.800736 1.000000 0.446998 0.091517 0.488813 1.000000 0.443546 1.990669
0.959719 0.535802 0.329003 0.890845 0.930030 1.000000 0.281083 0.285618 0.340672 0.505607 1.990669
0.761219 0.603394 0.419526 0.735031 0.750721 0.766744 0.397862 0.756215 0.858022 0.127203 1.990669
0.793686 0.548442 0.363458 1.000000 0.513105 0.933245 0.829756 0.446965 0.327859 0.146220 1.990669
0.994984 0.606493 0.397254 1.000000 0.739900 0.018636 0.713847 0.000000 0.615680 1.000000 1.990669
0.806461 0.578278 0.336877 1.000000 1.000000 0.358810 0.000000 0.000000 0.660578 0.902429 1.990669
0.944686 0.553839 0.426005 0.877698 0.562351 0.159328 1.000000 0.572566 1.000000 0.831162 1.990669
0.941119 0.442330 0.402975 0.648468 0.951722 1.000000 0.682718 0.792969 0.747005 0.227090 1.990669
1.000000 0.468009 0.398316 0.830938 0.695796 0.039705 1.000000 0.285008 0.305592 0.000000 1.990669
0.763312 0.506062 0.316683 0.995217 1.000000 0.313507 0.102938 0.181228 0.516606 0.516029 1.990669
0.731002 0.521614 0.392965 0.862222 0.658590 0.169268 0.778161 0.513558 1.000000 1.000000 1.990669
0.875679 0.443053 0.428371 0.901583 0.742632 0.912289 0.491778 0.311376 0.500932 0.420786 1.990669
0.735346 0.457886 0.400914 0.767059 0.642511 0.027167 0.933270 0.000000 0.501676 0.282866 1.990669
0.791141 0.534502 0.309492 0.903255 1.000000 0.000000 0.607409 0.728964 0.000000 0.000000 1.990669
0.650560 0.432996 0.431478 0.988710 0.789765 0.846323 0.549144 0.537165 0.957774 0.265581 1.990669
0.874093 0.583751 0.448937 0.761021 0.685502 0.103884 0.979872 0.423651 1.000000 0.631261 1.990669
0.764983 0.494045 0.454884 0.713716 0.714883 0.633403 1.000000 0.180846 0.063723 0.227542 1.990669
0.853179 0.553865 0.401899 0.835449 0.672238 0.567842 0.188690 0.676468 0.748788 0.326458 1.990669
0.809680 0.439694 0.425374 1.000000 0.880832 0.154685 0.493218 0.155662 1.000000 1.000000 1.990669
0.882901 0.616473 0.393407 0.693388 0.872332 0.720804 0.000000 0.105438 0.815685 1.000000 1.990669
0.999104 0.481519 0.428921 1.000000 0.720010 0.115457 1.000000 0.847232 1.000000 0.252915 1.990669
0.948345 0.608616 0.350982 0.828349 0.928073 0.567091 0.664579 0.215992 0.462023 0.537765 1.990669
0.960060 0.513519 0.408157 0.674067 0.490253 1.000000 1.000000 1.000000 0.449292 0.000000 1.990669
1.000000 0.507659 0.362048 0.879931 0.766339 0.385092 0.159355 0.629952 0.581745 1.000000 1.990669
0.883363 0.478307 0.369474 0.945971 0.764791 0.529015 0.990952 0.570001 0.000000 0.843815 1.990669
0.805491 0.546037 0.360322 0.727743 0.822243 0.938671 0.890684 1.000000 0.541251 0.258924 1.990669
0.849486 0.512049 0.407955 0.712617 0.948924 0.824922 0.153106 0.162538 0.000000 0.971802 1.990669
0.891229 0.501603 0.422610 0.827677 0.866999 0.682695 0.423473 0.728636 0.000000 1.000000 1.990669
0.859655 0.574773 0.389626 1.000000 0.539166 1.000000 0.598581 0.053929 0.805592 0.132229 1.990669
0.989068 0.462607 0.317954 1.000000 0.975242 0.297951 1.000000 1.000000 0.420658 0.271429 1.990669
0.942619 0.590552 0.427488 0.725342 1.000000 0.831783 0.362014 0.000000 0.054996 0.865983 1.990669
0.966070 0.479721 0.396241 0.852091 1.000000 0.642735 1.000000 0.000000 0.180956 0.524677 1.990669
0.960946 0.531534 0.417125 1.000000 0.518734 1.000000 0.984056 1.000000 1.000000 0.071454 1.990669
0.774550 0.472808 0.356125 0.607143 0.892491 0.406692 0.118431 0.207784 0.966867 1.000000 1.990669
1.000000 0.618775 0.341983 0.672590 0.842893 0.000000 1.000000 1.000000 0.116299 0.000000 1.990669
0.763383 0.570566 0.446996 0.646739 0.662434 0.296384 0.594344 0.271851 0.061627 0.157579 1.990669
0.937996 0.540802 0.441647 0.945992 1.000000 0.000000 0.000000 0.000000 1.000000 1.000000 1.990669
0.936905 0.616726 0.396097 0.643067 1.000000 0.615704 0.055558 0.338234 0.282151 1.000000 1.990669
1.000000 0.605014 0.396168 0.669397 1.000000 0.000000 0.000000 0.016987 0.800565 0.665388 1.990669
1.000000 0.460121 0.305187 0.739457 1.000000 0.794742 0.724950 0.986302 0.359232 0.512519 1.990669
0.936376 0.501027 0.419554 0.988140 0.571410 0.898625 0.689475 1.000000 1.000000 0.000000 1.990669
1.000000 0.456756 0.434949 0.798065 0.698487 0.993089 0.839913 0.364953 0.543412 0.078694 1.990669
0.654373 0.608933 0.427729 0.903678 0.529651 0.803828 0.917110 0.000000 0.667211 0.268487 1.990669
1.000000 0.493790 0.462763 0.700145 0.883450 0.157672 0.824769 0.947439 0.996619 0.091728 1.990669
