# gen=10 CA size=200
# x0..x(D-1) consensus
0.873425 0.487517 0.576277 0.863522 0.030018 0.481381 0.623091 0.413141 0.021944 0.723727 1.160086
0.823088 0.577517 0.333105 0.885598 0.749604 0.734537 0.335743 0.259559 0.735900 0.330938 1.990669
0.791462 0.469840 0.429703 0.622673 0.615162 0.729819 0.236955 0.578566 0.858701 0.414272 1.990669
0.870108 0.425105 0.335944 0.844864 0.659688 0.458408 0.725174 0.509943 0.461608 0.486386 1.990669
0.836810 0.443399 0.418304 0.791747 0.555352 0.185435 0.756374 0.712166 0.469080 0.383282 1.990669
0.701152 0.442414 0.412024 0.634090 0.486472 0.444877 0.529700 0.503569 0.248229 0.412048 1.990669
0.802616 0.504638 0.315969 0.611008 0.480937 0.619291 0.588770 0.318121 0.596997 0.450775 1.990669
0.956075 0.466651 0.358791 0.875521 0.807374 0.593870 0.415664 0.680299 0.449057 0.604352 1.990669
0.922778 0.484945 0.441151 0.822404 0.703039 0.320897 0.446864 0.882521 0.456529 0.501248 1.990669
0.787119 0.483960 0.434871 0.664747 0.634159 0.580339 0.220190 0.673925 0.235678 0.530013 1.990669
0.888583 0.546185 0.338816 0.641665 0.628623 0.754754 0.279260 0.488476 0.584446 0.568741 1.990669
0.853589 0.500916 0.422894 0.909667 0.729008 0.694318 0.592886 0.227288 0.472291 0.615743 1.990669
0.616580 0.534865 0.312356 0.786011 0.759399 0.844897 0.788235 0.476659 0.212347 0.742089 1.990669
0.902098 0.443818 0.449193 0.832650 0.673776 0.379585 0.696485 0.981651 0.838846 0.504717 1.990669
0.607089 0.611465 0.427844 1.000000 0.873547 1.000000 0.000000 0.335218 0.836648 0.353475 1.990669
0.748314 0.390485 0.739225 0.684463 0.350274 0.699084 0.462799 0.225778 0.273695 0.215291 1.039207
0.670459 0.512501 0.676211 0.601174 0.198645 0.181927 0.111144 0.443855 0.337973 0.628384 1.160086
0.987333 0.451214 0.889264 0.877545 0.079706 0.976914 0.539096 0.168297 0.759079 0.032682 1.160086
0.671638 0.013607 0.947389 0.540025 0.128184 0.367727 0.025154 0.486308 0.214314 0.451715 1.039207
0.878844 0.517463 0.344732 0.790290 0.886771 0.617084 0.386529 0.707603 0.630690 0.720933 1.990669
0.967368 0.498915 0.357198 0.985569 0.847138 0.801524 0.519981 0.897846 0.320070 0.620433 1.990669
0.679686 0.575020 0.390036 0.634750 0.725979 1.000000 0.000000 0.188766 0.717307 0.255728 1.990669
0.686153 0.488619 0.365679 0.720005 0.865814 0.323131 0.000000 0.329392 0.719322 0.285927 1.990669
0.791837 0.495682 0.309559 1.000000 0.578488 0.501990 0.352925 0.000000 0.117536 0.475508 1.990669
0.984322 0.548992 0.457008 0.790374 0.827201 1.000000 0.000000 0.001977 0.686843 0.000000 1.990669
1.000000 0.579288 0.337321 1.000000 0.782073 0.931884 0.202315 0.050491 1.000000 0.000000 1.990669
0.751146 0.601427 0.421776 1.000000 0.582217 0.812538 0.644785 0.373251 0.856950 0.712059 1.990669
0.911709 0.602674 0.385302 0.871512 0.866358 0.963338 0.270753 0.394964 1.000000 0.000000 1.990669
1.000000 0.470451 0.355420 0.914095 0.936336 0.615731 1.000000 0.956913 0.311614 0.000000 1.990669
0.848402 0.569277 0.305169 0.761075 0.943071 0.247734 0.066124 0.733910 0.714348 0.570763 1.990669
0.756643 0.428186 0.307720 0.883952 0.716688 0.643807 0.259673 0.001671 0.915233 0.304511 1.990669
0.715682 0.534408 0.395597 0.951167 0.823258 0.503588 1.000000 0.413141 0.146635 0.581543 1.990669
0.967321 0.464128 0.419573 1.000000 0.849448 0.919439 0.482773 0.642668 0.780609 0.770326 1.990669
0.868030 0.478961 0.326481 0.983364 0.649831 0.343466 0.478895 0.576806 0.396207 0.321069 1.990669
0.843257 0.446927 0.426751 0.644571 1.000000 1.000000 0.080673 0.398935 0.856148 0.743877 1.990669
0.927617 0.454452 0.646004 0.915236 0.078314 0.299122 0.909037 0.688959 0.911431 1.000000 1.160086
0.932889 0.514073 0.393566 1.000000 0.849242 0.428383 1.000000 0.643128 0.000000 0.799800 1.990669
0.997754 0.056011 0.805382 0.466237 0.013030 0.429762 0.322306 0.000000 0.813531 0.060837 1.039207
0.797112 0.473989 0.437325 0.716677 0.863943 0.234738 0.737857 0.479502 0.000000 0.208071 1.990669
0.751146 0.610296 0.447540 1.000000 0.626836 1.000000 0.773302 0.373251 1.000000 0.696257 1.990669
1.000000 0.520946 0.314536 0.925417 0.801898 0.631447 0.339388 0.046777 0.914767 0.833907 1.990669
0.934048 0.497346 0.424386 0.855079 0.961785 0.476570 1.000000 0.691592 0.485519 0.292287 1.990669
0.921106 0.535616 0.386758 1.000000 0.669600 0.465348 0.425276 0.390712 0.380740 0.354099 1.990669
0.841582 0.612013 0.407683 0.960028 0.533362 0.183684 1.000000 0.509622 0.609686 0.354228 1.990669
0.786663 0.474974 0.405704 1.000000 0.502590 0.584344 0.148270 0.158804 1.000000 0.009054 1.990669
0.861117 0.434979 0.375906 0.712226 0.966348 0.503804 0.503416 1.000000 1.000000 0.349990 1.990669
1.000000 0.558161 0.432451 0.789792 0.814989 1.000000 0.236876 0.000000 0.740414 0.000000 1.990669
0.662938 0.514254 0.379410 1.000000 0.839943 0.461923 0.535405 0.003687 0.605507 0.461442 1.990669
0.920212 0.598307 0.320439 0.820322 0.609635 0.730217 1.000000 0.359602 0.787378 0.992650 1.990669
0.683177 0.519759 0.325646 0.858388 0.879233 0.486516 0.916026 0.792524 0.000000 0.472179 1.990669
1.000000 0.526650 0.645078 0.680427 0.000000 0.584787 0.651663 0.000000 0.658022 0.011595 1.160086
0.852915 0.432982 0.900199 0.805868 0.217269 0.708026 0.343093 0.942764 0.401439 0.078481 1.160086
0.778826 0.473480 0.338275 1.000000 0.907854 0.660134 0.323046 0.070284 0.605507 0.220677 1.990669
1.000000 0.514073 0.832604 0.875437 0.060562 0.428383 0.063629 0.807873 0.441598 0.567273 1.160086
1.000000 0.427096 0.862067 0.567739 0.000000 0.400760 0.000000 0.530643 0.028677 0.417138 1.160086
0.895030 0.475763 1.000000 0.631423 0.000000 0.938034 0.723096 0.048873 0.678623 0.000000 1.160086
0.949584 0.505430 0.475346 1.000000 0.000000 0.448715 0.455915 0.053669 0.425792 0.519196 1.160086
1.000000 0.466048 0.422808 0.991349 1.000000 0.429864 1.000000 0.836394 0.668770 0.348771 1.990669
0.895545 0.427191 0.715693 0.884657 0.000000 0.630425 0.694865 0.284612 0.957492 0.344906 1.160086
0.882622 0.431595 0.634759 0.891660 0.163725 0.775096 0.000000 0.137808 0.759448 0.639405 1.160086
0.931599 0.522864 0.961592 1.000000 0.000000 0.575982 0.887537 0.192291 0.439539 0.395760 1.160086
0.966344 0.551659 0.348145 1.000000 0.824535 0.764485 0.378772 0.132002 0.719232 0.310231 1.990669
1.000000 0.562259 0.626860 0.802019 0.022481 0.661780 0.264720 0.976024 0.925279 0.676856 1.160086
0.797852 0.598170 1.000000 0.416181 0.041824 0.405990 0.000000 0.358872 0.136689 0.223907 1.160086
0.962124 0.508277 0.879063 1.000000 0.116225 1.000000 0.518180 0.332625 0.212677 0.146774 1.160086
1.000000 0.516651 1.000000 0.729574 0.180031 0.857945 0.000000 0.222206 0.365679 0.106447 1.160086
0.933555 0.609476 0.783053 1.000000 0.003538 0.578655 0.292933 0.302967 0.574738 0.000000 1.160086
0.646157 0.484166 0.646004 0.409054 0.206603 0.000000 1.000000 0.383738 0.675630 1.000000 1.160086
0.684081 0.546719 0.464859 0.625462 0.333808 0.736522 0.346755 0.766003 0.000000 0.119992 1.160086
0.682124 0.514329 0.425053 0.884580 0.989414 0.580674 0.144865 0.406207 0.287270 0.607598 1.990669
0.961990 0.503579 0.740972 0.909798 0.012599 0.336908 0.596902 0.302379 0.789415 0.312588 1.160086
0.761194 0.507092 0.787579 0.729959 0.037271 0.347036 0.000000 0.260974 0.593582 0.742063 1.160086
0.911709 0.433302 0.569043 0.399215 0.192786 0.123198 0.168858 0.532427 0.000000 0.584354 1.160086
1.000000 0.572983 0.862281 0.471167 0.065833 1.000000 0.348065 0.968615 0.164952 0.225174 1.160086
0.879600 0.432390 0.443570 0.820862 0.716481 0.617572 0.241966 0.706075 0.762854 0.324420 1.990669
0.953104 0.521804 0.773251 1.000000 0.078314 0.524018 0.785886 0.688959 0.427233 0.533086 1.160086
0.882354 0.469800 1.000000 0.748373 0.199190 0.962445 0.314405 0.279834 0.978719 0.000000 1.160086
0.707321 0.605356 0.761613 0.766613 0.177303 0.762089 0.313342 0.000000 0.401576 0.000000 1.160086
1.000000 0.439846 0.323633 1.000000 0.728558 0.607346 0.893481 0.342403 0.826764 0.711218 1.990669
0.828545 0.520913 1.000000 0.444010 0.096243 0.408898 0.076852 0.000000 0.528063 0.304511 1.160086
0.896540 0.563195 0.486558 0.989814 0.163725 0.834908 0.000000 0.000000 1.000000 0.765930 1.160086
0.803289 0.543977 0.334490 0.705462 0.987741 0.960780 0.003269 0.509702 0.975688 0.691453 1.990669
0.993033 0.425586 0.441143 0.975662 0.842613 0.433709 0.591192 1.000000 0.350746 0.139247 1.990669
0.717748 0.513060 0.545903 1.000000 0.130072 0.911052 0.403547 0.571923 1.000000 0.000000 1.160086
0.923134 0.610830 0.475661 0.436432 0.207345 0.707373 0.499617 0.106964 0.000000 0.368887 1.160086
0.854853 0.500302 0.412522 1.000000 0.707672 0.392267 0.878743 0.645523 0.288258 0.562029 1.990669
1.000000 0.487648 0.372284 0.975372 0.837456 0.825352 0.451289 1.000000 0.304428 0.000000 1.990669
1.000000 0.454860 0.686480 0.910845 0.033683 0.860093 0.563211 0.290043 0.477380 0.643691 1.160086
0.708283 0.452606 0.667739 0.754653 0.147806 0.237160 0.307343 0.669465 0.748868 1.000000 1.160086
0.881171 0.504218 1.000000 0.597618 0.000286 0.214390 0.097930 0.551815 0.846861 0.396837 1.160086
0.657365 0.610296 0.706301 0.599062 0.002547 0.637545 0.204395 0.245637 0.178431 0.228192 1.160086
0.778623 0.492707 0.382301 0.807514 0.669588 0.516383 0.238520 0.192072 0.957181 0.278734 1.990669
1.000000 0.450693 0.422894 1.000000 0.844672 0.930697 0.686241 0.435668 0.621994 0.605742 1.990669
0.755314 0.429262 0.543562 0.712129 0.034746 0.496373 0.313481 0.030023 0.226982 0.850205 1.160086
0.945345 0.473801 0.689015 0.761045 0.000000 0.670698 0.665981 0.186139 0.758756 0.110126 1.160086
1.000000 0.472316 0.783221 1.000000 0.031346 0.169384 0.517410 0.235989 0.812929 0.000000 1.160086
0.773808 0.609027 0.603370 0.673611 0.146665 0.985165 0.000000 0.322010 0.216255 0.448162 1.160086
0.766485 0.528372 0.475346 1.000000 0.000000 0.447934 0.329093 0.000000 0.626326 0.532966 1.160086
1.000000 0.470145 1.000000 0.658002 0.000000 0.529734 0.603456 0.000000 0.126123 1.000000 1.160086
0.909290 0.434861 0.874279 0.771834 0.099910 0.621336 0.236916 0.000000 0.653920 0.883253 1.160086
1.000000 0.608723 0.626883 1.000000 0.207432 1.000000 0.430682 0.000000 0.000000 0.691543 1.160086
0.642219 0.451670 0.956066 0.413131 0.091148 0.441305 0.795331 0.330472 0.396259 0.622658 1.160086
0.734184 0.505564 1.000000 0.725879 0.000000 0.534114 0.695677 0.976628 0.561422 0.567996 1.160086
0.784282 0.532986 0.903305 0.511699 0.000000 0.458636 0.401864 0.257272 0.485519 0.292287 1.160086
1.000000 0.615236 0.672022 0.891582 0.000000 0.406910 0.278943 0.000000 0.684124 0.327280 1.160086
0.853011 0.491437 0.642152 0.734420 0.154422 0.801688 0.218956 1.000000 0.719176 0.785897 1.160086
0.830089 0.429348 1.000000 0.710760 0.052913 0.341029 0.026141 0.863129 0.760606 0.458384 1.160086
0.677781 0.567801 1.000000 0.483907 0.062088 0.374148 0.000000 0.501976 0.000000 0.350293 1.160086
1.000000 0.526383 0.674135 0.698229 0.000000 0.614536 0.459337 0.798495 0.829378 0.822951 1.160086
0.827824 0.552094 0.403935 1.000000 0.533362 0.092954 0.912607 0.699821 0.528956 0.520263 1.990669
0.942313 0.435306 0.952366 0.564740 0.142941 0.391928 0.000000 0.169496 0.000000 0.733006 1.160086
0.837654 0.430928 1.000000 0.672943 0.000000 0.778010 0.688613 0.000000 0.281177 0.905268 1.160086
1.000000 0.473054 0.853630 0.905516 0.000000 0.542265 0.723606 0.616061 0.000000 0.764715 1.160086
0.922636 0.434337 0.638996 1.000000 0.259399 1.000000 0.553256 0.213564 0.480410 0.751227 1.160086
0.899543 0.535517 0.669408 0.802019 0.222660 0.664699 0.165771 1.000000 1.000000 0.714260 1.160086
0.993797 0.473241 0.650408 1.000000 0.025046 0.300884 0.446916 0.111634 0.631117 0.184651 1.160086
0.885830 0.512985 0.689975 0.588468 0.080300 0.149025 0.032690 0.701305 0.188827 0.482696 1.160086
0.973318 0.435361 0.686480 0.463513 0.000000 0.878871 0.527918 0.000000 0.488021 0.887905 1.160086
0.763715 0.476804 0.391836 0.834037 0.729008 1.000000 0.200927 0.106116 0.383805 0.380860 1.990669
0.822741 0.438573 1.000000 0.583418 0.100852 0.251668 0.499037 0.000000 0.000000 1.000000 1.160086
1.000000 0.595617 0.727271 0.877637 0.000000 0.349317 0.503725 0.000000 0.426947 0.631792 1.160086
0.949667 0.488488 0.966321 0.631251 0.254886 0.692306 0.000000 0.065841 0.000000 0.011008 1.160086
0.974997 0.426071 1.000000 0.420212 0.177776 0.153641 0.219116 0.077885 0.000000 0.604848 1.160086
0.682124 0.514329 0.425053 0.794209 1.000000 0.335134 0.397618 0.406778 0.200108 0.314162 1.990669
0.847986 0.549659 0.924857 0.515634 0.000000 0.074412 0.239095 0.001977 0.290935 0.000000 1.160086
0.636554 0.490431 0.433098 1.000000 0.821837 0.652684 0.645839 0.394709 0.167063 0.474941 1.990669
0.959657 0.551154 0.854488 0.678224 0.000000 0.689901 0.236905 0.035302 0.167458 0.589955 1.160086
1.000000 0.541077 0.787644 0.684077 0.228014 1.000000 0.831188 0.859833 0.545914 0.350814 1.160086
0.925650 0.446152 0.837334 0.419543 0.000000 0.769006 0.289804 1.000000 0.929948 0.131229 1.160086
0.782227 0.465660 0.427731 1.000000 0.333808 0.826872 0.723965 0.308161 0.218248 0.936790 1.160086
0.982109 0.426262 0.802072 1.000000 0.238111 0.255334 0.868320 0.323439 1.000000 0.888352 1.160086
0.877733 0.430001 0.998072 0.971138 0.100901 1.000000 0.191983 0.500000 0.832474 0.077616 1.160086
0.726465 0.600780 1.000000 0.419533 0.000000 0.018737 0.194635 0.247125 0.344069 0.004566 1.160086
0.894921 0.466651 0.346206 0.883676 0.528229 0.622255 0.150637 0.180299 0.495593 0.703062 1.990669
1.000000 0.536951 0.422097 1.000000 0.534065 0.531016 1.000000 0.790207 1.000000 0.500000 1.990669
0.746640 0.566745 0.551573 1.000000 0.030581 0.989549 0.809192 0.654019 0.271843 0.528214 1.160086
1.000000 0.519523 0.811880 0.457909 0.174609 1.000000 0.589390 1.000000 0.377582 0.240281 1.160086
0.964583 0.493017 1.000000 0.743713 0.000000 0.329700 0.732953 0.734293 0.000000 0.845468 1.160086
0.828990 0.430803 1.000000 0.925635 0.000000 1.000000 0.243819 0.142306 1.000000 0.488429 1.160086
1.000000 0.519488 0.948473 0.504413 0.000000 0.362876 0.372162 0.000000 0.442551 0.310306 1.160086
0.875574 0.514094 0.333105 0.674045 0.690924 0.582338 0.379729 0.178502 0.269319 0.394621 1.990669
1.000000 0.446927 0.631707 0.479303 0.000000 0.796935 0.543453 1.000000 0.672423 0.121902 1.160086
1.000000 0.592641 0.382378 0.909712 0.944875 0.596648 0.727838 0.124393 0.091108 0.081543 1.990669
0.638372 0.577903 1.000000 0.419533 0.000000 0.097204 0.000000 0.015560 0.552420 0.000000 1.160086
0.920300 0.445682 0.657984 0.458503 0.240468 0.904173 0.294385 0.581506 0.514159 0.643276 1.160086
1.000000 0.525732 0.338176 1.000000 0.820083 0.801524 0.522506 1.000000 0.403833 0.640233 1.990669
0.767950 0.460366 0.635132 0.975472 0.099322 0.336886 0.605535 0.166607 0.661504 0.464583 1.160086
1.000000 0.427096 0.862067 0.518157 0.025199 0.231506 0.000000 0.488372 0.187466 0.327933 1.160086
0.915959 0.610938 1.000000 0.659475 0.016081 0.384322 0.308109 0.000000 0.175315 0.074326 1.160086
0.671638 0.501936 0.438144 1.000000 0.845513 0.621842 0.225094 0.394830 0.500065 0.558015 1.990669
0.857858 0.602148 0.799422 1.000000 0.110902 0.847159 0.485289 0.000000 0.532401 0.326587 1.160086
0.943447 0.460729 1.000000 0.839294 0.000000 0.656146 0.000000 0.000000 0.288274 0.057442 1.160086
1.000000 0.599104 0.494849 1.000000 0.232444 0.682911 0.638760 0.787144 1.000000 0.774282 1.160086
0.707565 0.610533 0.647655 0.743634 0.232672 0.242234 0.058793 0.118086 0.364351 0.736456 1.160086
0.632638 0.439529 0.758463 0.743887 0.000000 0.065446 0.000000 0.072545 0.116444 1.000000 1.160086
0.833309 0.426775 0.832604 0.872622 0.179642 0.334938 0.022153 0.696565 0.675162 0.523120 1.160086
1.000000 0.443841 0.630953 1.000000 0.003029 0.541366 0.678091 0.238878 0.000000 1.000000 1.160086
1.000000 0.615906 0.928802 0.415967 0.000000 0.865616 0.610234 0.193666 1.000000 0.006261 1.160086
0.770182 0.439771 0.406181 0.919292 0.910432 0.454138 0.163117 0.000000 0.767363 0.234499 1.990669
0.734987 0.543615 0.744982 0.627492 0.000000 0.085315 0.425276 0.169238 0.224125 0.486081 1.160086
0.719482 0.504212 0.764039 0.802605 0.100518 0.584344 0.694381 0.000000 0.173835 1.000000 1.160086
0.928889 0.598307 0.519304 1.000000 0.087576 0.909107 0.888955 0.359602 0.462918 0.410189 1.160086
0.745925 0.551677 0.559248 1.000000 0.071256 0.547218 0.212123 0.637876 0.101889 0.264297 1.160086
0.770182 0.577517 0.337321 0.897308 0.777300 0.633301 0.303411 0.227064 0.849839 0.000000 1.990669
0.963533 0.516874 0.920628 0.508338 0.000000 1.000000 0.140109 1.000000 1.000000 0.009669 1.160086
0.679138 0.459749 0.896328 0.603192 0.000000 0.269039 0.427561 0.035302 0.000000 0.958163 1.160086
1.000000 0.513274 0.964326 0.935491 0.049296 0.964924 0.928992 0.122986 0.092596 0.182925 1.160086
0.995749 0.490596 0.519219 0.849457 0.000000 0.395098 0.899282 0.309634 0.325445 0.425254 1.160086
0.836236 0.513875 1.000000 0.416181 0.000000 0.000000 0.000000 0.319898 0.435093 0.000000 1.160086
0.934818 0.436833 1.000000 1.000000 0.060751 1.000000 0.501470 0.149348 1.000000 0.000000 1.160086
0.839602 0.492707 0.403216 0.694859 0.731659 0.629426 0.081536 0.489583 0.845419 0.487160 1.990669
1.000000 0.532067 0.718218 0.495984 0.000000 0.887179 0.234658 1.000000 0.915339 0.458337 1.160086
0.794590 0.575514 0.635442 0.992891 0.214904 0.400723 0.594200 0.406742 1.000000 0.919628 1.160086
0.628483 0.465852 1.000000 0.397983 0.107894 0.081474 0.188725 0.166254 0.262093 0.663853 1.160086
0.981944 0.479963 0.612427 1.000000 0.193582 0.395641 0.719644 0.225580 0.254813 0.851394 1.160086
0.895060 0.500896 0.815477 0.541994 0.000000 0.000000 0.064308 0.299420 0.239079 0.500000 1.160086
1.000000 0.459054 0.413489 1.000000 1.000000 0.361539 0.907790 0.980483 0.580155 0.132123 1.990669
0.922253 0.454760 0.826853 1.000000 0.000000 0.210991 0.996948 0.612009 1.000000 0.364561 1.160086
0.663963 0.611465 0.333767 0.853320 0.901355 1.000000 0.000000 0.173308 1.000000 0.108883 1.990669
0.830437 0.513060 0.545903 1.000000 0.232150 0.661054 0.638953 0.071923 1.000000 0.003203 1.160086
0.917409 0.568002 0.734602 0.776126 0.201324 0.587943 0.309752 0.532644 1.000000 1.000000 1.160086
0.942998 0.483635 0.960028 1.000000 0.046792 1.000000 0.197033 0.704307 1.000000 0.117216 1.160086
0.904613 0.557758 0.432268 0.932071 0.846213 0.576544 1.000000 0.396386 0.115161 0.512611 1.990669
0.942998 0.495588 0.858469 0.959937 0.046792 1.000000 0.312443 0.682389 1.000000 0.280856 1.160086
0.979767 0.461051 0.363759 0.980219 0.534065 0.447181 0.847735 0.804561 0.960895 1.000000 1.990669
0.825569 0.569891 0.667739 0.736026 0.217347 0.488909 0.341081 0.382111 0.658300 0.851288 1.160086
0.830459 0.502557 0.682249 0.973484 0.221091 0.342753 0.775583 0.365738 1.000000 0.030213 1.160086
1.000000 0.560767 0.671903 1.000000 0.000000 0.633325 0.734847 0.084149 0.650272 0.495878 1.160086
1.000000 0.571943 0.399156 1.000000 0.605013 0.795853 0.000000 0.428140 0.119489 0.320734 1.990669
0.699783 0.586681 0.327490 0.716050 0.786487 0.472455 0.539096 0.085009 0.558647 0.527926 1.990669
0.724991 0.512985 0.624708 0.456639 0.110728 0.092319 0.000000 0.543870 0.210808 0.353542 1.160086
0.831942 0.455939 0.918996 0.601427 0.000000 0.737987 0.000000 0.658784 0.667004 0.381556 1.160086
0.912844 0.432430 0.846240 0.732448 0.000000 0.879942 0.118452 0.496999 0.682389 0.564581 1.160086
0.885784 0.427346 0.889792 0.818683 0.136963 0.405892 0.293609 0.000000 0.696953 0.276088 1.160086
0.668611 0.431061 0.940010 0.474123 0.091148 0.549024 0.146396 0.548719 0.307960 0.549516 1.160086
0.702073 0.510072 0.411046 0.822550 0.940600 0.640049 0.753098 0.394883 0.000000 0.423246 1.990669
0.864981 0.430185 0.532694 0.792421 0.000000 0.527353 0.614328 0.039770 0.308263 0.850205 1.160086
0.716331 0.550037 0.745807 0.795365 0.000000 0.358630 0.469447 0.146963 0.230066 0.027067 1.160086
1.000000 0.522842 0.311863 0.705183 0.545102 0.507455 0.580889 0.828714 0.279516 0.068800 1.990669
0.948131 0.510185 0.420900 1.000000 0.866358 0.919535 0.309943 0.298131 0.684889 0.086014 1.990669
