# Party-0 optima (Phase 1b)
# x0..x(D-1) party_fit f0 f1 consensus
0.240251 0.738480 79.798178 79.798178 76.792853 76.792853
0.863803 0.732584 73.303074 73.303074 13.860551 13.860551
0.180209 0.728243 73.270921 73.270921 78.800864 73.270921
0.250800 0.230399 70.232622 70.232622 21.937583 21.937583
0.301315 0.156364 69.158453 69.158453 7.459274 7.459274
0.671738 0.199429 68.419728 68.419728 58.404070 58.404070
0.826633 0.752832 66.196885 66.196885 30.153299 30.153299
0.759485 0.165288 64.103437 64.103437 62.522325 62.522325
