# gen=0 CA size=200
# x0..x(D-1) consensus
0.419027 0.123863 0.081603 0.900837 0.621712 0.324507 0.851079 0.950525 0.358355 0.581431 58.497737
0.036548 0.262137 0.033341 0.059948 0.638698 0.145887 0.873974 0.116926 0.293240 0.684013 58.455868
0.480689 0.394242 0.233209 0.648703 0.583885 0.588874 0.789208 0.662276 0.772076 0.487430 54.618806
0.369036 0.400163 0.125661 0.676333 0.646388 0.701435 0.608200 0.083964 0.371324 0.690950 54.618806
0.041515 0.484385 0.072933 0.845175 0.176304 0.004840 0.703415 0.264405 0.826449 0.475949 54.618806
0.314761 0.377890 0.221677 0.661855 0.136148 0.531201 0.149047 0.360625 0.296561 0.757191 54.618806
0.243377 0.279126 0.198214 0.304469 0.364883 0.011501 0.040450 0.139954 0.859825 0.396281 58.455868
0.312430 0.035441 0.252411 0.393508 0.549436 0.397859 0.678787 0.977746 0.699492 0.924401 58.455868
0.867071 0.929434 0.785915 0.982760 0.744813 0.910613 0.905906 0.333162 0.265737 0.842956 48.110363
0.142783 0.187394 0.445208 0.491636 0.025694 0.526230 0.230054 0.704165 0.837042 0.680463 53.883467
0.051453 0.012899 0.193239 0.020547 0.090530 0.766205 0.996034 0.264806 0.444237 0.802104 58.455868
0.167450 0.176456 0.006020 0.981185 0.792047 0.395905 0.301432 0.575605 0.727128 0.998904 58.455868
0.378958 0.120182 0.062148 0.511831 0.527964 0.088903 0.558702 0.812558 0.989406 0.939959 58.455868
0.492998 0.053875 0.021703 0.933899 0.253326 0.203418 0.967466 0.957428 0.440156 0.956425 58.455868
0.478485 0.214699 0.361860 0.783328 0.824842 0.150751 0.566711 0.835354 0.915505 0.344136 52.233794
0.402310 0.117209 0.206899 0.841228 0.475897 0.448736 0.874233 0.485815 0.594634 0.228467 58.455868
0.016310 0.152438 0.195370 0.401693 0.788306 0.604577 0.485029 0.094694 0.193423 0.121727 58.455868
0.280905 0.155628 0.263406 0.696236 0.323703 0.425369 0.540567 0.827345 0.597698 0.630947 58.456695
0.235240 0.068381 0.137421 0.460692 0.356121 0.545356 0.923556 0.607666 0.401296 0.691767 58.465958
0.293238 0.150160 0.043812 0.941011 0.706879 0.360206 0.576255 0.763065 0.542742 0.790167 58.861389
0.398993 0.122023 0.071876 0.706334 0.574838 0.206705 0.704890 0.881542 0.673880 0.760695 58.458556
0.456013 0.088869 0.051653 0.917368 0.437519 0.263962 0.909273 0.953977 0.399256 0.768928 58.455868
0.448756 0.169281 0.221732 0.842082 0.723277 0.237629 0.708895 0.892940 0.636930 0.462783 58.455868
0.410669 0.120536 0.144251 0.871033 0.548805 0.386621 0.862656 0.718170 0.476495 0.404949 58.455868
0.089666 0.224765 0.239275 0.275792 0.332196 0.336059 0.552014 0.410545 0.565141 0.682238 58.455868
0.044000 0.137518 0.113290 0.040248 0.364614 0.456046 0.935004 0.190866 0.368738 0.743058 58.455868
0.101999 0.219297 0.019681 0.520566 0.715372 0.270896 0.587703 0.346266 0.510184 0.841459 58.545504
0.207753 0.191160 0.047745 0.285890 0.583331 0.117395 0.716338 0.464742 0.641323 0.811986 58.455868
0.264773 0.158006 0.027522 0.496924 0.446012 0.174653 0.920720 0.537177 0.366698 0.820219 58.458458
0.257516 0.238418 0.197601 0.421638 0.731770 0.148319 0.720342 0.476140 0.604373 0.514075 58.458285
0.219429 0.189673 0.120120 0.450588 0.557298 0.297311 0.874104 0.301371 0.443937 0.456240 58.459235
0.330655 0.906941 0.537362 0.434424 0.065917 0.499360 0.411469 0.329660 0.124938 0.092570 55.931374
0.311736 0.290818 0.339209 0.570169 0.304790 0.557552 0.509631 0.683220 0.804559 0.583947 53.883467
0.266071 0.203570 0.213224 0.334625 0.337208 0.677540 0.892621 0.463541 0.608156 0.644767 58.455868
0.324069 0.285349 0.119615 0.814944 0.687966 0.492390 0.545320 0.618941 0.749602 0.743167 58.458216
0.429823 0.257212 0.147679 0.580267 0.555924 0.338889 0.673955 0.737417 0.880741 0.713695 58.455868
0.486843 0.224059 0.127456 0.791301 0.418606 0.396146 0.878337 0.809852 0.606116 0.721928 58.455868
0.479587 0.304471 0.297535 0.716015 0.704364 0.369813 0.677959 0.748815 0.843791 0.415783 58.455868
0.441499 0.255725 0.220054 0.744965 0.529891 0.518805 0.831720 0.574046 0.683355 0.357949 58.455868
0.241295 0.393347 0.614284 0.195306 0.278683 0.397956 0.993717 0.839617 0.422729 0.704716 53.883467
0.255909 0.293778 0.285434 0.583984 0.336041 0.613833 0.419127 0.394064 0.604183 0.685707 58.455868
0.210244 0.206531 0.159450 0.348440 0.368459 0.733820 0.802117 0.174385 0.407780 0.746527 58.455868
0.268243 0.288310 0.065841 0.828759 0.719217 0.548670 0.454816 0.329784 0.549226 0.844927 58.455868
0.373997 0.260173 0.093905 0.594082 0.587176 0.395169 0.583451 0.448261 0.680365 0.815455 58.455868
0.431017 0.227019 0.073682 0.805116 0.449857 0.452427 0.787833 0.520696 0.405740 0.823688 58.455868
0.423760 0.307431 0.243760 0.729830 0.735615 0.426093 0.587456 0.459659 0.643414 0.517543 58.455868
0.385673 0.258686 0.166280 0.758781 0.561142 0.575085 0.741217 0.284889 0.482979 0.459709 58.455868
0.092149 0.335889 0.259071 0.668406 0.100999 0.265535 0.466735 0.484285 0.831745 0.578206 58.455868
0.046484 0.248642 0.133086 0.432861 0.133417 0.385522 0.849725 0.264606 0.635343 0.639027 58.455868
0.104482 0.330420 0.039477 0.913180 0.484175 0.200372 0.502424 0.420005 0.776789 0.737427 58.455868
0.210236 0.302283 0.067541 0.678503 0.352134 0.046871 0.631059 0.538482 0.907927 0.707954 58.455868
0.267256 0.269130 0.047318 0.889537 0.214815 0.104129 0.835441 0.610917 0.633303 0.716187 58.461095
0.260000 0.349542 0.217397 0.814252 0.500573 0.077795 0.635063 0.549880 0.870977 0.410043 58.455868
0.221912 0.300797 0.139916 0.843202 0.326100 0.226788 0.788824 0.375110 0.710541 0.352208 58.455895
0.366477 0.760729 0.974190 0.006999 0.851061 0.898167 0.941364 0.224422 0.334294 0.396149 55.931374
0.228772 0.282642 0.333443 0.576745 0.080921 0.528716 0.189551 0.532395 0.566802 0.718827 53.883467
0.183107 0.195394 0.207458 0.341201 0.113339 0.648703 0.572541 0.312716 0.370399 0.779647 58.455868
0.241105 0.277173 0.113849 0.821520 0.464097 0.463553 0.225240 0.468115 0.511845 0.878048 58.463910
0.346860 0.249036 0.141913 0.586843 0.332056 0.310052 0.353875 0.586592 0.642983 0.848575 58.455868
0.403880 0.215883 0.121690 0.797877 0.194737 0.367310 0.558257 0.659027 0.368359 0.856808 58.455868
0.396623 0.296295 0.291769 0.722591 0.480495 0.340976 0.357879 0.597990 0.606033 0.550664 58.455868
0.358536 0.247549 0.214288 0.751541 0.306023 0.489968 0.511640 0.423220 0.445598 0.492829 58.455868
0.018206 0.178609 0.147684 0.952863 0.827022 0.105069 0.975735 0.762017 0.099014 0.710206 58.940449
0.193080 0.233260 0.321711 0.398052 0.195289 0.268866 0.135252 0.422059 0.848433 0.538372 53.883467
0.147415 0.146013 0.195726 0.162508 0.227707 0.388853 0.518242 0.202380 0.652031 0.599192 58.455868
0.205413 0.227791 0.102117 0.642827 0.578465 0.203703 0.170941 0.357780 0.793477 0.697592 58.455868
0.311167 0.199654 0.130181 0.408150 0.446423 0.050202 0.299576 0.476256 0.924615 0.668120 58.455868
0.368187 0.166501 0.109958 0.619184 0.309104 0.107460 0.503958 0.548691 0.649991 0.676353 58.455868
0.360931 0.246913 0.280037 0.543898 0.594863 0.081126 0.303580 0.487654 0.887665 0.370208 58.455868
0.322843 0.198168 0.202556 0.572849 0.420390 0.230119 0.457341 0.312885 0.727230 0.312374 58.455868
0.097929 0.997563 0.516932 0.284350 0.477919 0.199811 0.364406 0.022313 0.493123 0.380784 55.931374
0.227606 0.111417 0.348809 0.442572 0.287565 0.462045 0.454421 0.840955 0.768267 0.802432 53.883467
0.181941 0.024170 0.222825 0.207028 0.319983 0.582032 0.837411 0.621276 0.571864 0.863252 58.455868
0.239940 0.105949 0.129216 0.687347 0.670741 0.396882 0.490109 0.776675 0.713310 0.961652 58.484536
0.345694 0.077812 0.157280 0.452670 0.538700 0.243381 0.618745 0.895152 0.844449 0.932180 58.455868
0.402714 0.044658 0.137057 0.663704 0.401381 0.300639 0.823127 0.967587 0.569824 0.940413 58.455868
0.395457 0.125070 0.307136 0.588418 0.687139 0.274305 0.622749 0.906550 0.807498 0.634268 52.229040
0.357370 0.076325 0.229655 0.617368 0.512667 0.423297 0.776510 0.731780 0.647063 0.576434 58.455868
0.599592 0.587151 0.178148 0.401345 0.089126 0.332118 0.184355 0.487006 0.457096 0.288323 51.899509
0.030754 0.508468 0.357696 0.571414 0.872036 0.490598 0.940082 0.901705 0.511676 0.900636 53.883467
0.489826 0.204982 0.870531 0.254961 0.201542 0.049315 0.450561 0.927595 0.881894 0.767154 53.883467
0.303978 0.000434 0.981252 0.267264 0.576340 0.489402 0.153246 0.333088 0.089431 0.749101 53.883467
0.278911 0.289668 0.298411 0.077699 0.804268 0.212826 0.149342 0.985177 0.570921 0.863621 53.883467
0.480469 0.816902 0.986789 0.400753 0.302712 0.197115 0.615877 0.617969 0.075300 0.186611 55.931374
0.045742 0.174247 0.134774 0.223418 0.411444 0.286906 0.259822 0.540064 0.277023 0.756116 58.455868
0.045691 0.079855 0.746310 0.504525 0.227726 0.361544 0.260467 0.124443 0.139312 0.811840 53.883467
0.498563 0.254570 0.177726 0.764565 0.523506 0.600709 0.750211 0.556355 0.820466 0.668924 58.455868
0.791876 0.310261 0.755421 0.719982 0.792454 0.682584 0.931457 0.877725 0.183079 0.310404 54.471764
0.020461 0.183011 0.876125 0.552179 0.539615 0.746889 0.235502 0.935851 0.614509 0.240005 53.883467
0.458519 0.206942 0.624461 0.034002 0.451011 0.650529 0.357291 0.038015 0.641527 0.886187 53.883467
0.368737 0.965573 0.915348 0.087258 0.984434 0.887884 0.150294 0.481938 0.981578 0.150024 55.931374
0.795611 0.282706 0.884334 0.933783 0.311556 0.890095 0.766308 0.098929 0.908519 0.005547 54.471764
0.845034 0.988799 0.640167 0.319732 0.989889 0.709330 0.106539 0.271996 0.518902 0.462347 50.276906
0.198892 0.210735 0.766807 0.219543 0.738393 0.628890 0.920800 0.000835 0.181686 0.432401 53.883467
0.492437 0.604449 0.488371 0.286853 0.325475 0.661090 0.472529 0.747617 0.032216 0.598425 55.931374
0.415561 0.443883 0.826362 0.448575 0.525738 0.029268 0.745051 0.179783 0.899182 0.433313 53.883467
0.496442 0.564839 0.834980 0.477193 0.438779 0.987929 0.403256 0.237510 0.406973 0.432421 55.931374
0.718865 0.041526 0.587451 0.638486 0.369240 0.577431 0.296741 0.363321 0.025578 0.392355 54.471764
0.871594 0.699633 0.234287 0.663116 0.429727 0.512452 0.797024 0.883605 0.737825 0.939712 51.899509
0.292618 0.547990 0.770446 0.338453 0.080640 0.533761 0.035916 0.089854 0.975456 0.047749 53.883467
0.100253 0.066655 0.051706 0.148571 0.561672 0.097315 0.230935 0.328125 0.151413 0.952937 58.455868
0.983697 0.756297 0.465412 0.068489 0.121344 0.698603 0.585929 0.614823 0.609026 0.956893 49.663661
0.817381 0.601946 0.541411 0.444759 0.582888 0.057377 0.697519 0.208935 0.056072 0.083666 49.663661
0.638044 0.978434 0.110366 0.056395 0.747932 0.435267 0.685423 0.806935 0.741800 0.008651 51.899509
0.220640 0.049916 0.856482 0.935704 0.778453 0.960388 0.549162 0.951961 0.535202 0.741965 52.229040
0.831874 0.055612 0.934491 0.072238 0.546018 0.191302 0.242285 0.011731 0.614885 0.648191 51.599656
0.710649 0.348409 0.627509 0.567167 0.061754 0.363637 0.653599 0.556799 0.185501 0.790850 54.471764
0.631774 0.644283 0.069288 0.550527 0.864902 0.984974 0.361799 0.029511 0.919514 0.443600 51.899509
0.369734 0.023631 0.314153 0.330778 0.833885 0.537028 0.142027 0.670509 0.214249 0.502366 53.883467
0.613171 0.055287 0.998344 0.889288 0.444735 0.681849 0.082872 0.100337 0.283304 0.785014 54.471764
0.236822 0.561795 0.977680 0.066820 0.138739 0.243845 0.287767 0.390924 0.491288 0.780498 55.931374
0.461481 0.774261 0.572410 0.198239 0.896925 0.271904 0.646398 0.136600 0.279597 0.709507 55.931374
0.403595 0.340707 0.677133 0.920976 0.862606 0.072115 0.496970 0.065128 0.956438 0.674086 52.229040
0.481554 0.146307 0.048412 0.807599 0.807209 0.959360 0.399570 0.372110 0.819924 0.099551 58.455868
0.312849 0.047391 0.735049 0.513422 0.731940 0.916009 0.817388 0.355648 0.479585 0.254999 53.883467
0.037436 0.280411 0.942632 0.897762 0.483154 0.930311 0.388926 0.884152 0.458367 0.387344 52.229040
0.633123 0.305227 0.991505 0.956907 0.888379 0.900790 0.871787 0.220124 0.373957 0.282422 54.471764
0.467416 0.338330 0.348930 0.320782 0.519790 0.438300 0.980075 0.794955 0.400046 0.606899 53.905348
0.052358 0.037169 0.529872 0.257130 0.638413 0.107357 0.854027 0.407401 0.204763 0.741313 53.883467
0.600661 0.666615 0.738601 0.396486 0.410177 0.673490 0.330443 0.357237 0.177570 0.597017 49.699435
0.734146 0.079739 0.847822 0.115463 0.077022 0.607101 0.316061 0.705975 0.355833 0.772871 51.599656
0.238712 0.130091 0.523329 0.169571 0.145067 0.791313 0.249377 0.778957 0.868832 0.487722 53.883467
0.786496 0.191056 0.779596 0.177822 0.304927 0.808156 0.660675 0.157294 0.167868 0.350554 51.599656
0.350875 0.167543 0.121662 0.200476 0.457338 0.651400 0.840248 0.139855 0.600126 0.578862 58.455868
0.262344 0.381243 0.397745 0.746639 0.958215 0.448799 0.841068 0.680904 0.180111 0.193718 52.229040
0.643934 0.072443 0.995552 0.073152 0.835326 0.274067 0.618486 0.536102 0.895742 0.513800 51.599656
0.017298 0.229636 0.148888 0.883103 0.411593 0.811788 0.308575 0.409505 0.015335 0.303736 58.455868
0.240115 0.333500 0.558697 0.814410 0.613910 0.627995 0.076830 0.762530 0.914351 0.034366 52.236074
0.989750 0.572919 0.683991 0.031935 0.978297 0.813682 0.570107 0.555835 0.194528 0.547056 49.663661
0.321482 0.070526 0.198454 0.688784 0.061143 0.097428 0.869578 0.576519 0.764763 0.427714 58.455868
0.101147 0.741682 0.935601 0.130054 0.210644 0.974673 0.743547 0.310521 0.614443 0.793748 55.931374
0.112394 0.977925 0.800951 0.152354 0.174667 0.555222 0.970440 0.066850 0.966649 0.351331 55.931374
0.738302 0.471053 0.794244 0.200523 0.543588 0.497249 0.403311 0.089020 0.277199 0.163750 49.663661
0.339413 0.011698 0.885691 0.877954 0.829668 0.890232 0.023030 0.980209 0.401944 0.392174 52.229040
0.385102 0.107104 0.728460 0.078545 0.705835 0.338173 0.576985 0.062931 0.383328 0.048184 53.883467
0.974596 0.585290 0.427940 0.047044 0.660130 0.704531 0.729981 0.629711 0.958284 0.538836 49.663661
0.103922 0.032350 0.194912 0.998511 0.651980 0.320908 0.462407 0.970597 0.938215 0.000469 58.455868
0.067120 0.933416 0.748602 0.153567 0.875853 0.814748 0.632540 0.762474 0.036774 0.201145 55.931374
0.709829 0.931979 0.249572 0.547737 0.412569 0.049949 0.018278 0.737071 0.540193 0.453068 51.899509
0.687374 0.978554 0.343788 0.938833 0.777839 0.190694 0.623050 0.105010 0.306956 0.718564 51.899509
0.688544 0.860410 0.130507 0.781005 0.206914 0.882458 0.769391 0.644201 0.100609 0.324598 51.899509
0.435917 0.078360 0.119633 0.743896 0.829274 0.265921 0.579678 0.798247 0.521111 0.875947 58.462641
0.722252 0.237245 0.747242 0.101499 0.240438 0.267366 0.468502 0.620770 0.486782 0.247633 51.604971
0.643335 0.652148 0.594773 0.412029 0.783744 0.988920 0.995023 0.305532 0.083905 0.672061 49.663661
0.634350 0.095710 0.611956 0.904961 0.729342 0.674887 0.888081 0.182524 0.316249 0.922490 54.471764
0.303473 0.555906 0.456550 0.170361 0.054031 0.149187 0.681808 0.273600 0.774471 0.384353 53.883467
0.208477 0.071967 0.156956 0.933789 0.094775 0.970308 0.633023 0.351127 0.373844 0.270541 58.455868
0.144405 0.898260 0.848082 0.046352 0.557170 0.173405 0.600983 0.206208 0.354124 0.508093 55.931374
0.571056 0.150531 0.810183 0.527148 0.426582 0.561225 0.137884 0.890747 0.303880 0.019186 51.599656
0.370923 0.333660 0.233459 0.974737 0.396269 0.700407 0.853958 0.839692 0.367732 0.174770 58.455910
0.240159 0.567894 0.852221 0.458115 0.171983 0.102028 0.891613 0.208680 0.670701 0.301230 55.931374
0.784048 0.221040 0.589654 0.567892 0.146800 0.509509 0.774441 0.201302 0.668542 0.915555 54.471764
0.554183 0.412810 0.566897 0.042222 0.796085 0.810360 0.906320 0.990358 0.027082 0.079216 51.599656
0.494736 0.600261 0.991794 0.422091 0.454791 0.969949 0.529579 0.595411 0.158550 0.321879 55.931374
0.508923 0.283847 0.975246 0.102897 0.607091 0.414938 0.216766 0.046579 0.899676 0.450028 51.599656
0.922302 0.635745 0.363404 0.591302 0.026379 0.952326 0.926587 0.080872 0.332969 0.444801 51.899509
0.143773 0.012944 0.679297 0.938167 0.509611 0.421051 0.617359 0.516601 0.750732 0.937583 52.229040
0.843373 0.811146 0.230366 0.282509 0.658753 0.515100 0.193940 0.617787 0.169635 0.532621 51.899509
0.685046 0.784252 0.511021 0.135929 0.198325 0.711217 0.722883 0.813315 0.059986 0.897272 49.663661
0.531758 0.543679 0.040912 0.889322 0.063786 0.033879 0.979642 0.483307 0.062919 0.025638 51.899509
0.266610 0.164218 0.104348 0.349069 0.974265 0.076634 0.754418 0.374271 0.779729 0.834404 58.455868
0.091835 0.255261 0.761552 0.786711 0.815642 0.281503 0.607111 0.585526 0.439644 0.657303 52.229040
0.326300 0.479201 0.558030 0.217216 0.646355 0.636613 0.941035 0.822616 0.759176 0.992998 53.883853
0.676174 0.908196 0.945453 0.002922 0.535845 0.805221 0.216355 0.856062 0.223190 0.630098 49.663661
0.116885 0.280985 0.644231 0.243112 0.398619 0.034279 0.814067 0.928013 0.063642 0.501051 53.883467
0.045465 0.995528 0.642790 0.048857 0.574490 0.894845 0.158703 0.637954 0.883468 0.207565 55.931374
0.156397 0.658728 0.004118 0.682511 0.554600 0.370596 0.304267 0.901647 0.476436 0.395371 52.598852
0.354774 0.755502 0.607429 0.277678 0.605891 0.808341 0.939806 0.840113 0.204506 0.769984 55.931374
0.877780 0.792092 0.545501 0.386979 0.941807 0.858634 0.777310 0.716299 0.253946 0.702179 49.663661
0.323712 0.135678 0.601693 0.414450 0.815830 0.947023 0.461763 0.934488 0.516926 0.199144 53.909564
0.010686 0.129030 0.570468 0.557569 0.259564 0.222386 0.235925 0.748515 0.075190 0.732238 53.883467
0.395403 0.250591 0.123112 0.684931 0.528107 0.930098 0.985325 0.129739 0.358976 0.537552 58.455868
0.576484 0.973012 0.572931 0.491398 0.945054 0.867073 0.492161 0.995606 0.552452 0.002254 49.663661
0.258741 0.454269 0.715447 0.132910 0.493036 0.617124 0.791743 0.208259 0.492069 0.012918 53.895386
0.873726 0.583926 0.165004 0.238283 0.585202 0.406782 0.379268 0.706202 0.307294 0.098163 51.899509
0.785910 0.988270 0.531266 0.519161 0.867766 0.372100 0.013903 0.343441 0.385530 0.079703 49.663661
0.130015 0.499574 0.323461 0.861275 0.847365 0.424328 0.704807 0.993048 0.458137 0.645383 52.229040
0.741113 0.623271 0.697089 0.284698 0.176941 0.658013 0.006825 0.718539 0.213205 0.952183 49.663661
0.485850 0.239328 0.896934 0.956723 0.774141 0.467198 0.393998 0.734105 0.044172 0.538886 52.229040
0.728274 0.243085 0.950748 0.865038 0.949637 0.375362 0.252951 0.805033 0.109529 0.579432 54.471764
0.589594 0.804369 0.585906 0.359213 0.870533 0.280638 0.845725 0.131871 0.216469 0.582323 49.663661
0.929401 0.634643 0.896558 0.453222 0.048596 0.886154 0.730854 0.200446 0.351953 0.045015 49.663661
0.259369 0.178434 0.020266 0.934017 0.177854 0.837738 0.144008 0.776838 0.410081 0.325533 58.455868
0.481156 0.263891 0.657587 0.668131 0.966339 0.501399 0.770828 0.107931 0.741554 0.756905 52.229040
0.595175 0.671570 0.083743 0.838900 0.830537 0.480076 0.322661 0.527810 0.818495 0.849480 51.899509
0.014881 0.135656 0.240003 0.009300 0.265846 0.859568 0.231272 0.135180 0.590452 0.363002 58.455868
0.596419 0.982850 0.637276 0.057657 0.149029 0.472513 0.575069 0.350334 0.313194 0.554764 49.663661
0.054191 0.625351 0.571624 0.130975 0.665701 0.065612 0.573523 0.963770 0.801557 0.548611 55.931374
0.758329 0.926434 0.326394 0.416308 0.012048 0.655405 0.375674 0.213251 0.277181 0.456091 51.899509
0.380938 0.672192 0.482611 0.102284 0.166824 0.861942 0.808233 0.337724 0.330990 0.961510 55.931374
0.495577 0.049823 0.203887 0.956167 0.937070 0.712289 0.755409 0.082662 0.408209 0.452766 58.455868
0.395260 0.013400 0.516492 0.780018 0.856369 0.654689 0.410807 0.783572 0.313429 0.739455 52.229040
0.910653 0.646074 0.287737 0.159153 0.473220 0.335571 0.414513 0.615542 0.416513 0.418976 52.246973
0.735104 0.599508 0.149095 0.140522 0.617515 0.291162 0.607811 0.750629 0.643269 0.006193 51.899509
0.614535 0.773965 0.563620 0.132302 0.864830 0.881153 0.597887 0.839516 0.006427 0.139449 49.663661
0.482732 0.510644 0.258912 0.792596 0.572457 0.490230 0.073736 0.447233 0.326847 0.406693 54.618806
0.783466 0.249580 0.823557 0.744969 0.491160 0.595620 0.509781 0.753663 0.408434 0.830219 54.598539
0.728916 0.468032 0.648089 0.230468 0.584742 0.463779 0.835230 0.686635 0.867544 0.284600 49.663661
0.353229 0.505185 0.006842 0.706613 0.758352 0.789793 0.559021 0.384728 0.537609 0.324258 54.618806
0.476092 0.104259 0.725640 0.022593 0.328084 0.014440 0.799956 0.207191 0.211729 0.164438 53.883467
