# gen=100 mediating population
# x0..x(D-1) f0 f1 consensus
0.746377 0.454860 0.728506 0.134750 0.770494 15.395879 10.203337 10.203337
0.753036 0.425986 0.856912 0.256566 0.558838 23.058259 10.203337 10.203337
0.191278 0.974678 0.362958 0.241528 0.490276 7.964221 30.168164 7.964221
0.891423 0.423530 0.905798 0.156125 0.887669 10.255982 10.203337 10.203337
0.689533 0.473867 0.706191 0.178681 1.000000 11.124206 10.203337 10.203337
0.827788 0.730218 0.785177 0.466311 0.359744 23.515185 29.531849 23.515185
0.826812 0.278885 0.770689 0.443390 0.821680 10.678378 7.617747 7.617747
0.793937 0.480598 0.911628 0.070111 0.609040 10.542409 10.203337 10.203337
0.859796 0.469245 0.775674 0.061729 0.581809 10.272195 10.203337 10.203337
0.705375 0.441674 0.901955 0.199508 0.860854 14.853087 10.203337 10.203337
0.669830 0.480503 0.702441 0.242220 0.865097 15.573001 10.203337 10.203337
0.860104 0.267640 0.726532 0.972592 0.975243 8.523101 7.617747 7.617747
0.631836 0.413265 0.931362 0.165112 0.590463 11.751392 10.203337 10.203337
0.629894 0.266074 0.566898 0.871275 0.803619 8.523101 9.518790 8.523101
0.313828 0.965579 0.000000 0.880102 0.158644 7.844976 7.821461 7.821461
0.875512 0.421541 0.696437 0.157412 0.740745 11.812637 10.203337 10.203337
0.362720 0.048292 0.680930 0.317748 0.019700 5.994030 10.187519 5.994030
0.758279 0.459635 0.726420 0.168817 0.623767 16.869341 10.203337 10.203337
0.381367 0.982538 0.441166 0.059368 0.215067 7.844976 8.518758 7.844976
0.715720 0.449107 0.857056 0.000000 0.725050 10.255521 10.203337 10.203337
0.568312 0.414449 0.519108 0.220140 0.858720 8.523101 10.203337 8.523101
0.662522 0.146121 0.610258 0.571103 0.717782 8.523101 10.567325 8.523101
0.692047 0.420735 0.859894 0.152707 0.758598 16.886636 10.203337 10.203337
0.720314 0.386846 0.721016 0.300844 0.077831 8.524650 7.617747 7.617747
0.668793 0.451570 0.826520 0.211373 1.000000 12.134360 10.203337 10.203337
0.344903 0.885982 0.193017 0.172189 0.000000 7.844976 7.914988 7.844976
0.890083 0.413862 0.944298 0.185615 0.727141 10.411764 10.203337 10.203337
0.882128 0.412868 0.839617 0.186258 0.653679 13.364324 10.203337 10.203337
0.701119 0.487153 0.663022 0.121524 0.854889 11.261553 10.203337 10.203337
0.747825 0.447408 0.780264 0.020831 0.570586 10.399173 10.203337 10.203337
1.000000 0.496579 0.978823 0.195383 0.124514 8.523101 10.203337 8.523101
0.710691 0.436508 1.000000 0.197320 0.669234 11.727730 10.203337 10.203337
0.708897 0.457765 0.891523 0.071670 0.871387 11.152022 10.203337 10.203337
0.814228 0.215725 0.751944 0.000000 0.991137 8.523101 7.617747 7.617747
0.818721 0.432250 0.915812 0.116219 0.388141 9.806463 10.203337 9.806463
0.469605 0.453079 1.000000 0.540221 0.326201 8.523101 10.187519 8.523101
0.914294 0.483196 0.808365 0.191964 0.004338 8.523101 10.203337 8.523101
0.945786 0.414689 0.626327 0.824015 0.819171 8.523101 5.325201 5.325201
0.652044 0.455244 0.762846 0.248507 0.461777 12.246512 10.203337 10.203337
0.363927 0.915124 0.313924 0.241635 0.096697 7.844976 8.384558 7.844976
0.825834 0.475006 0.775829 0.103266 0.908545 11.289138 10.203337 10.203337
0.458271 0.294628 0.600346 0.836402 0.425466 8.523101 10.187519 8.523101
0.972830 0.444451 0.839617 0.124327 0.831865 8.600817 10.203337 8.600817
0.812897 0.417141 0.779709 0.057455 0.694325 11.684676 10.203337 10.203337
0.628214 0.450826 0.878272 0.244204 0.677412 15.282902 10.203337 10.203337
0.657972 0.502860 0.673408 0.172593 0.567107 10.494039 10.203337 10.203337
0.337136 0.743366 0.655376 0.998708 0.353658 2.797960 1.996009 1.996009
0.709665 0.454298 0.964535 0.046606 0.026367 8.523101 10.203337 8.523101
0.791659 0.438248 0.885954 0.187727 0.968093 11.637692 10.203337 10.203337
1.000000 0.453747 1.000000 0.000000 0.463486 8.523101 10.203337 8.523101
0.760012 0.000000 0.609694 0.899446 0.892981 8.523101 9.274070 8.523101
0.477433 0.368664 0.950362 0.609842 0.684951 8.813518 10.187519 8.813518
0.674450 0.524704 0.446236 0.145895 1.000000 8.523101 10.203337 8.523101
0.720391 0.439342 0.878054 0.085848 0.446799 10.846284 10.203337 10.203337
0.652497 0.508705 0.897462 0.093089 0.771166 9.397536 10.203337 9.397536
0.176418 0.985603 0.298123 0.365732 0.269807 7.994965 11.804783 7.994965
1.000000 0.414346 1.000000 0.134196 0.964045 8.523101 10.203337 8.523101
0.162017 0.293905 0.322478 0.107689 0.327216 6.016162 1.231976 1.231976
0.862240 0.443036 0.697255 0.185199 0.962965 10.721602 10.203337 10.203337
1.000000 0.196920 0.680123 0.014742 0.641613 8.523101 7.617747 7.617747
0.541397 0.441667 0.691412 0.213716 0.111987 8.523101 10.203337 8.523101
0.133655 1.000000 0.105190 0.056436 0.823961 7.844976 7.821461 7.821461
0.499044 0.190479 0.436924 0.596324 0.359719 8.523101 8.007955 8.007955
0.727500 0.487034 0.941998 0.365966 0.435572 8.625132 5.335190 5.335190
0.226025 0.724548 0.346941 0.276332 0.551791 8.280902 7.821461 7.821461
0.901638 0.478080 0.789459 0.000000 0.068732 8.523101 10.203337 8.523101
0.668861 0.451961 0.931383 0.231908 0.413394 10.281576 10.203337 10.203337
0.770161 0.026480 0.534316 0.932924 0.698130 8.523101 10.656527 8.523101
0.220593 1.000000 0.250324 0.039483 0.632036 7.844976 7.845141 7.844976
0.284322 0.901346 0.214911 0.028556 0.329798 7.844976 10.064968 7.844976
0.065659 0.877483 0.344002 0.980434 0.057561 7.844976 7.821461 7.821461
0.682352 0.422814 0.820593 0.164882 0.557376 15.031721 10.203337 10.203337
0.218097 0.688595 0.415771 0.310306 0.399367 7.844976 7.848627 7.844976
0.579785 0.418529 0.690262 0.927950 0.248117 8.523101 5.325201 5.325201
0.670213 0.087477 0.637270 0.487518 0.000000 8.523101 7.617747 7.617747
0.724912 0.477696 0.579124 0.000000 0.902157 8.531494 10.203337 8.531494
0.448830 0.119875 0.712783 0.528877 0.000000 8.523101 10.187519 8.523101
0.631365 0.465841 1.000000 0.196917 0.000000 8.523101 10.203337 8.523101
0.003015 1.000000 0.308581 0.575446 0.481208 7.844976 8.026623 7.844976
0.513097 0.250697 0.652062 0.085358 0.156735 8.523101 7.617747 7.617747
0.587624 0.435134 1.000000 0.201545 0.819621 9.288793 10.203337 9.288793
0.851331 0.450726 0.528765 0.245961 1.000000 8.599967 10.203337 8.599967
0.000000 1.000000 0.000000 0.929821 0.244001 7.844976 7.821461 7.821461
0.983897 0.448460 0.793949 0.146923 0.617319 8.885251 10.203337 8.885251
0.558681 0.235759 0.631330 0.263254 0.257477 8.523101 7.617747 7.617747
0.690678 0.066746 0.587497 0.693602 0.560134 8.523101 8.929379 8.523101
0.590362 0.196153 0.180979 0.614292 0.403749 7.302266 7.617747 7.302266
0.205252 0.091117 0.367654 0.124130 0.285462 5.994030 1.231976 1.231976
0.270102 0.932772 0.298123 0.329651 0.402238 11.503660 13.513658 11.503660
0.689479 0.486739 0.594954 0.249807 0.813274 11.079799 10.203337 10.203337
0.971392 0.772792 0.640264 0.667362 0.421962 1.362984 5.463670 1.362984
0.707802 0.819211 0.736827 0.142678 0.652613 1.362984 10.203337 1.362984
0.282603 0.049200 0.789446 0.285785 0.689875 5.994030 10.187519 5.994030
0.463459 0.286220 0.997652 0.524138 1.000000 8.523101 10.187519 8.523101
0.421801 0.986637 0.217884 0.838952 0.626371 7.844976 7.821461 7.821461
0.356392 0.646008 0.208553 0.285340 0.499163 10.584254 7.821461 7.821461
0.744501 0.427982 0.758604 0.257641 0.268281 9.388170 10.203337 9.388170
0.724499 0.527089 0.172724 0.414856 0.480152 1.364499 7.162019 1.364499
0.928836 0.427177 0.723716 0.000000 0.631455 8.621827 10.203337 8.621827
0.263814 0.055919 0.742164 0.404945 0.016413 5.994030 10.187519 5.994030
0.490816 0.349905 1.000000 0.429140 0.746067 8.815567 10.187519 8.815567
0.048864 0.733525 0.310238 0.880696 0.570642 7.844976 7.821461 7.821461
0.621832 0.018900 0.381994 0.339912 0.517748 4.135904 7.617747 4.135904
0.033472 0.999067 0.344388 0.164873 0.607216 7.844976 12.040451 7.844976
1.000000 0.191683 1.000000 0.146512 1.000000 8.523101 2.849299 2.849299
0.273457 0.802525 0.235164 0.104078 0.581010 7.844976 7.821461 7.821461
0.733071 0.240921 0.635275 0.096422 0.195742 8.523101 7.617747 7.617747
0.451132 0.168793 0.761237 0.240301 0.308016 8.523101 10.187519 8.523101
0.612747 0.183186 0.524401 1.000000 1.000000 8.523101 10.604065 8.523101
0.068333 0.710373 0.920636 0.490777 0.780733 2.797420 1.996009 1.996009
0.561273 0.115270 0.183506 0.891502 0.859153 10.945174 10.640880 10.640880
0.111718 1.000000 0.260996 0.067965 0.550668 7.844976 10.277343 7.844976
0.909157 0.457260 0.746405 0.254208 0.644995 10.274409 10.203337 10.203337
0.819171 0.444320 0.875410 0.088641 0.764865 13.111490 10.203337 10.203337
0.288710 0.653018 0.455950 0.013646 0.424561 7.844976 7.821461 7.821461
0.072200 0.766015 0.435502 0.024865 0.667214 7.844976 8.243405 7.844976
0.040233 0.622529 0.239434 0.612954 1.000000 7.844976 7.821461 7.821461
0.911443 0.042817 0.486458 0.484327 0.670708 8.523101 7.859352 7.859352
0.564747 0.460822 0.807876 0.039031 0.435106 8.523101 10.203337 8.523101
0.836521 0.734944 0.799941 0.758084 0.403392 4.339752 9.026027 4.339752
0.891225 0.148294 1.000000 0.125900 0.334164 8.523101 2.849299 2.849299
0.741736 0.025026 0.515910 0.903397 0.964141 8.523101 12.399839 8.523101
0.499800 0.358068 1.000000 0.293115 0.904808 8.540954 10.187519 8.540954
0.000000 1.000000 0.253899 0.000000 0.625100 7.844976 8.086138 7.844976
0.630981 0.831382 0.159393 0.400796 0.735469 1.364499 6.666722 1.364499
0.868889 0.107357 0.371216 0.346782 0.790748 4.135904 7.717508 4.135904
0.921321 0.492484 0.708305 0.164825 0.139646 8.523101 10.203337 8.523101
0.980365 0.795458 0.947478 0.351283 0.680197 1.362984 5.325201 1.362984
0.763557 0.484584 0.568169 0.214673 0.936072 9.731029 10.203337 9.731029
0.859942 0.422046 0.707996 0.237418 0.854457 14.316348 10.203337 10.203337
0.026453 0.817971 0.419299 0.387892 0.588048 7.844976 8.516840 7.844976
0.025438 1.000000 0.203703 0.152573 0.454721 7.844976 7.821461 7.821461
0.808559 0.446853 0.841727 0.119557 0.234727 8.775869 10.203337 8.775869
0.505267 0.494835 0.982686 0.085543 0.419188 8.523101 10.203337 8.523101
0.505808 0.514415 0.680029 0.000000 0.747805 8.523101 10.203337 8.523101
0.739963 0.519803 0.689719 0.000000 0.702235 9.522254 10.203337 9.522254
0.415726 0.992177 0.317125 0.253511 0.932482 7.844976 7.821461 7.821461
0.679439 0.486492 1.000000 0.087250 0.613776 9.178286 10.203337 9.178286
0.640394 0.426461 1.000000 0.243100 0.320972 8.991841 10.203337 8.991841
0.551017 0.477176 0.617422 0.035530 0.025444 8.523101 10.203337 8.523101
0.689123 0.397289 0.616212 0.175436 0.721811 8.616624 7.617747 7.617747
0.417387 0.161951 0.904752 0.852658 0.043383 5.994030 10.187519 5.994030
0.514639 0.178918 0.538827 0.817169 0.953238 8.523101 8.119061 8.119061
0.705632 0.433527 0.836975 0.000000 1.000000 8.523101 10.203337 8.523101
0.099217 0.936153 0.143690 0.796843 0.394671 7.844976 7.821461 7.821461
0.346810 1.000000 0.000000 0.002956 0.592754 7.844976 7.821461 7.821461
0.265291 0.840869 0.239097 0.133274 0.367943 8.315902 12.224126 8.315902
0.260027 0.915254 0.442353 0.344922 0.526258 7.993104 10.167623 7.993104
0.203850 0.646631 0.105442 0.456351 0.520158 10.573385 7.821461 7.821461
0.814088 0.477427 0.788933 0.201996 0.523711 11.713850 10.203337 10.203337
0.495842 0.266944 0.665585 0.183143 0.316807 8.523101 10.187519 8.523101
0.875075 0.469232 0.596458 0.231024 0.834017 9.859104 10.203337 9.859104
0.649095 0.150292 0.448558 0.524081 1.000000 8.523101 9.352460 8.523101
0.162739 0.418418 0.904566 0.025903 0.108098 2.797420 10.187519 2.797420
0.650340 0.116328 0.862323 0.798714 0.602905 8.523101 2.849299 2.849299
0.558057 0.186605 0.226162 0.835931 0.701137 14.019036 11.180375 11.180375
0.598808 0.161294 0.044843 0.244317 0.523939 4.158586 7.617747 4.158586
0.451141 0.426991 0.737185 0.658039 0.773037 8.523101 10.187519 8.523101
0.382565 0.383932 0.891053 0.970698 0.044368 2.797420 10.528591 2.797420
0.000000 1.000000 0.290991 0.348728 0.484862 7.844976 8.543209 7.844976
0.817311 0.014727 0.508478 0.866168 0.614705 8.523101 9.284040 8.523101
0.290614 0.932926 0.224283 0.250251 0.245069 10.215759 10.160092 10.160092
0.952215 0.204815 0.011753 0.175249 0.856108 4.135904 7.617747 4.135904
0.901744 0.333494 0.695216 0.172000 0.895696 8.750715 7.617747 7.617747
0.126537 1.000000 0.240973 0.319712 0.589762 7.844976 8.446143 7.844976
0.966145 0.458735 0.939404 0.000000 0.163212 8.523101 10.203337 8.523101
0.848494 0.244253 0.511303 0.776327 0.855518 8.523101 9.298876 8.523101
0.223876 0.640964 0.671192 0.879608 0.780495 2.797420 1.996009 1.996009
0.035044 0.112792 0.841666 0.672775 0.494875 5.994030 10.187519 5.994030
0.454603 0.451381 0.523809 0.333100 0.389004 8.523101 10.187519 8.523101
0.000000 0.618327 0.090327 0.000000 0.332689 7.844976 7.821461 7.821461
1.000000 0.395117 0.631606 0.000000 0.740029 8.523101 7.617747 7.617747
0.693573 0.220164 0.139316 0.782727 0.326241 4.185008 7.734658 4.185008
0.678081 0.429269 0.938458 0.131332 0.296191 9.164512 10.203337 9.164512
0.841554 0.209037 0.534730 0.701021 0.496918 8.523101 9.144107 8.523101
0.610602 0.408936 0.638950 0.362759 0.719305 10.803286 7.617747 7.617747
0.885703 0.427767 0.741547 0.000000 1.000000 8.746103 10.203337 8.746103
0.270785 0.749359 0.302851 0.372021 0.428271 11.086909 7.821461 7.821461
0.309549 0.915662 0.301455 0.808161 0.242774 7.844976 7.821461 7.821461
0.784955 0.524979 0.829260 0.326077 0.455144 8.523101 5.517552 5.517552
0.478386 0.159312 0.173199 0.945235 0.519552 5.531460 1.263506 1.263506
0.469508 0.489972 0.919674 0.000000 0.807181 8.523101 10.187519 8.523101
0.444730 0.793221 0.207532 0.412615 0.210179 8.579709 7.821461 7.821461
0.171264 0.912339 0.073446 0.198716 0.144263 7.844976 7.821461 7.821461
0.766158 0.515827 0.593141 0.111583 1.000000 9.140478 10.203337 9.140478
0.140328 0.909997 0.473452 0.329804 0.611623 7.844976 10.478339 7.844976
0.310037 0.203448 0.993287 0.701739 0.602579 5.994030 10.258840 5.994030
0.607052 0.144718 0.224527 0.775555 0.561413 9.256091 9.923282 9.256091
0.591891 0.437350 0.792243 0.000000 0.312571 8.523101 10.203337 8.523101
0.838280 0.476330 0.878467 0.000000 0.690580 9.535556 10.203337 9.535556
0.450749 0.422340 0.728452 0.920900 0.793503 8.523101 10.187519 8.523101
0.862456 0.457606 0.898637 0.042867 0.053650 8.523101 10.203337 8.523101
0.781110 0.428255 1.000000 0.187762 0.563118 10.958855 10.203337 10.203337
0.132763 0.691327 0.500947 0.159502 0.820477 7.844976 7.821461 7.821461
0.149632 1.000000 0.225454 0.128179 0.173382 7.844976 7.832875 7.832875
0.000000 0.909086 0.000000 0.273707 0.965710 7.844976 7.821461 7.821461
0.481478 0.493561 0.743293 0.528094 0.445203 8.528846 10.187519 8.528846
0.994877 0.491034 0.558376 0.000000 1.000000 8.523101 10.203337 8.523101
0.581988 0.427431 0.840558 0.114493 0.678302 9.747674 10.203337 9.747674
0.847551 0.443993 0.745188 0.152783 0.411457 9.949695 10.203337 9.949695
0.225243 0.179390 0.201110 0.665247 0.975185 7.801694 1.231976 1.231976
0.739827 0.477199 0.598378 0.004775 0.000000 8.523101 10.203337 8.523101
1.000000 0.510266 0.766586 0.044349 0.279907 8.523101 10.585536 8.523101
0.969459 0.052742 0.577741 0.918588 0.437880 8.523101 7.617747 7.617747
0.939429 0.498667 0.652332 0.084243 0.852317 8.751676 10.203337 8.751676
0.480660 0.427963 0.946413 0.323906 0.264743 8.523101 10.187519 8.523101
0.463490 0.510720 0.624716 0.527969 0.179167 8.523101 10.187519 8.523101
0.137796 0.872689 0.998625 0.699139 0.663791 2.797420 1.996009 1.996009
0.892682 0.345072 0.422710 0.690655 0.527946 4.135904 7.617747 4.135904
0.010179 0.253796 0.470824 0.695574 0.542031 6.578678 1.231976 1.231976
0.409181 0.795176 0.401831 0.462181 0.609350 8.625666 7.821461 7.821461
0.094459 0.806800 0.686698 0.297558 0.258176 2.797420 1.996009 1.996009
0.477514 0.384824 0.827729 0.559495 0.915735 9.055440 10.187519 9.055440
0.226579 0.637754 0.152655 0.887458 0.932003 7.844976 7.821461 7.821461
0.965030 0.499272 0.829165 0.000000 1.000000 8.523101 10.203337 8.523101
0.692716 0.496958 0.686126 0.244562 0.673355 14.288069 10.203337 10.203337
1.000000 0.436979 0.583691 0.148007 1.000000 8.523101 10.203337 8.523101
0.630002 0.491642 0.893093 0.000000 0.572232 9.146312 10.203337 9.146312
0.716429 0.000000 0.460272 0.822718 0.798050 8.523101 12.253655 8.523101
0.449557 0.522457 0.546537 0.411945 0.000000 8.523101 10.187519 8.523101
0.872950 0.456113 1.000000 0.110056 1.000000 8.611091 10.203337 8.611091
0.828763 0.294144 0.968709 0.363388 0.994494 9.537500 2.849299 2.849299
0.147412 0.741456 0.256098 0.868192 0.688574 7.844976 7.821461 7.821461
0.776316 0.426813 0.993047 0.000000 0.642070 8.523101 10.203337 8.523101
0.494924 0.140252 0.727406 0.721312 0.583030 8.523101 10.187519 8.523101
0.887168 0.938534 0.624317 0.756776 0.847125 1.362984 5.325201 1.362984
0.491807 0.242648 0.609813 0.492891 0.152682 8.523101 10.187519 8.523101
0.878300 0.488053 0.869056 0.000000 0.486716 8.712148 10.203337 8.712148
0.651035 0.064548 0.574993 0.925691 1.000000 8.523101 11.520695 8.523101
0.722937 0.471773 1.000000 0.000000 0.183373 8.526729 10.203337 8.526729
0.477135 0.444058 0.958173 0.743409 0.730545 8.523101 10.187519 8.523101
0.480873 0.279654 0.740750 0.456575 0.242179 8.523101 10.187519 8.523101
0.944206 0.473866 0.713092 0.287575 1.000000 8.523101 5.325201 5.325201
0.468723 0.480671 0.902209 0.525721 0.848112 8.537950 10.187519 8.537950
0.769782 0.193678 0.450400 0.514746 0.687225 8.523101 11.225415 8.523101
0.730268 0.284265 0.458147 0.898950 0.562289 8.523101 9.597074 8.523101
0.795327 0.000000 0.479371 0.765945 1.000000 8.523101 8.929445 8.523101
0.358732 0.602217 0.911976 0.630927 0.588414 2.797420 10.187519 2.797420
0.195157 0.960666 0.255388 0.430224 0.420687 9.827879 10.478919 9.827879
0.949059 0.487452 0.754944 0.101656 0.422610 8.602196 10.253195 8.602196
0.774266 0.465557 0.688567 0.034035 0.910847 9.629386 10.203337 9.629386
0.408595 0.345399 0.773500 0.730628 0.612578 2.797420 10.187519 2.797420
0.488563 0.369037 0.973838 0.299061 0.782343 8.672144 10.187519 8.672144
0.766443 0.446252 0.878272 0.213002 0.297021 9.343890 10.203337 9.343890
0.583670 0.443144 0.731880 0.145964 0.417115 8.523101 10.203337 8.523101
0.448374 0.401802 0.641225 0.278434 0.056274 8.523101 10.187519 8.523101
0.731533 0.285130 0.462650 0.658122 0.473634 8.523101 8.682177 8.523101
0.428287 0.902070 0.377518 0.548941 0.067539 7.844976 7.821461 7.821461
1.000000 0.429635 0.764608 0.000000 0.598414 8.523101 10.203337 8.523101
0.950994 0.757629 0.684335 0.350165 0.299700 1.362984 5.456654 1.362984
0.883634 0.128606 0.273577 0.428906 0.804988 4.135904 7.646976 4.135904
0.833933 0.519614 1.000000 0.000000 0.456527 8.524106 10.203337 8.524106
0.893377 0.425699 0.834502 0.052094 0.616915 9.321460 10.203337 9.321460
0.000000 0.931792 0.041038 0.245726 0.550514 7.844976 7.821461 7.821461
0.266410 0.096400 0.917954 0.487737 0.994935 5.994030 10.187519 5.994030
0.649739 0.473153 0.679071 0.059009 0.414023 8.711087 10.203337 8.711087
1.000000 0.504458 0.892364 0.065048 0.301910 8.523101 10.203337 8.523101
0.010923 0.158517 0.815939 0.007009 0.555744 5.994030 10.187519 5.994030
0.568468 0.416262 0.668436 0.069936 0.267632 8.523101 10.203337 8.523101
0.352727 0.250487 0.320962 0.782402 0.077296 6.222772 1.735081 1.735081
0.656468 0.160252 0.484090 0.328443 0.658937 8.523101 7.779458 7.779458
0.467153 0.136166 0.674197 0.397797 0.445203 8.523101 10.187519 8.523101
0.640046 0.424163 1.000000 0.211041 0.917472 9.545809 10.203337 9.545809
0.250140 0.688534 0.324733 0.332440 0.152350 7.844976 7.896957 7.844976
0.748964 0.452359 0.890862 0.204599 0.044368 8.523101 10.203337 8.523101
0.454058 0.369482 0.701070 0.486680 0.960016 8.523101 10.187519 8.523101
0.319035 0.743198 0.413600 0.237649 0.546813 7.844976 7.821461 7.821461
0.458782 0.203128 0.749860 0.600496 0.627913 8.523101 10.187519 8.523101
0.194540 0.055646 0.061197 0.786477 0.144087 5.994905 1.231976 1.231976
0.472046 0.299325 0.914650 0.161022 0.161860 8.523101 10.187519 8.523101
1.000000 0.000000 0.773479 0.113167 0.631800 8.523101 7.617747 7.617747
0.598559 0.463774 0.724635 0.170150 0.661697 10.618718 10.203337 10.203337
0.000000 0.914327 0.284417 0.671941 0.610321 7.844976 7.883001 7.844976
0.585424 0.038369 0.618942 0.414251 0.909420 8.523101 7.617747 7.617747
0.652054 0.523742 0.791660 0.049698 0.698239 9.116316 10.203337 9.116316
0.460922 0.025842 0.618659 0.514088 0.129343 8.523101 10.187519 8.523101
0.851626 0.425452 0.888639 0.190684 0.570855 13.381294 10.203337 10.203337
0.896758 0.405610 0.846454 0.393670 1.000000 8.523101 2.849299 2.849299
0.656870 0.439401 0.733049 0.084151 0.596878 9.864585 10.203337 9.864585
0.571367 0.044148 0.318521 0.003742 0.508101 4.135904 7.617747 4.135904
0.104767 0.419049 0.179959 0.977995 0.315807 7.844976 1.231976 1.231976
0.738232 0.507608 0.796407 0.030816 0.894252 10.213966 10.203337 10.203337
0.331490 0.956560 0.453480 0.329911 0.253272 7.844976 8.790881 7.844976
0.339937 0.961008 0.570652 0.000000 0.651433 4.565620 7.821461 4.565620
0.526578 0.201475 0.142261 0.913742 0.745606 15.265469 8.951522 8.951522
0.639373 0.147206 0.962361 0.411945 0.934445 8.523101 2.849299 2.849299
0.460931 0.458234 0.608599 0.538521 0.432173 8.523101 10.187519 8.523101
0.171066 0.716661 0.436785 0.369140 0.616154 7.844976 7.822525 7.822525
0.657891 0.494835 0.854296 0.529178 0.965969 8.767726 5.325201 5.325201
0.270545 0.967161 0.350765 0.188189 0.267602 7.844976 19.340381 7.844976
0.848575 0.840648 0.947523 0.493164 0.036248 1.362984 6.137713 1.362984
0.425173 0.659469 0.414704 0.481143 0.268276 7.844976 7.821461 7.821461
0.831849 0.044148 0.963675 0.138687 0.183257 8.523101 2.849299 2.849299
0.642182 0.168514 0.213469 0.774913 0.784917 20.070830 14.662822 14.662822
0.591110 0.473226 0.833677 0.224881 0.900421 11.101632 10.203337 10.203337
0.371561 0.354362 0.579921 0.646088 0.192825 2.797420 10.187519 2.797420
0.576126 0.250978 0.216147 0.699366 0.833926 25.923416 8.691316 8.691316
0.348867 0.643260 0.420814 0.167374 0.986030 7.844976 7.821461 7.821461
0.859602 0.487034 0.941998 0.000000 0.304899 8.523101 10.203337 8.523101
0.226174 0.932608 0.389465 0.465125 0.305937 7.844976 13.911414 7.844976
