# gen=200 mediating population
# x0..x(D-1) f0 f1 consensus
0.462021 0.044169 0.170769 0.769041 0.975956 4.845105 4.845105 4.845105
0.249663 0.139050 0.713207 0.415601 0.039915 4.845105 4.845105 4.845105
0.366958 0.172765 0.523174 0.596086 0.912339 4.845105 4.845105 4.845105
0.003611 0.277678 0.587109 0.466894 0.368521 4.845105 4.845105 4.845105
0.021550 0.000000 0.184208 0.771088 0.327044 4.845105 4.845105 4.845105
0.304101 0.231402 0.183448 0.842753 0.078001 4.845105 5.065081 4.845105
0.381930 0.276547 0.471944 0.781533 0.158143 4.845105 4.845105 4.845105
0.396929 0.000000 0.000000 0.053543 0.723540 4.845105 4.845105 4.845105
0.141569 0.155317 0.221371 0.854638 0.775732 4.845105 5.079998 4.845105
0.336289 0.173386 0.048958 0.627470 0.016664 4.965625 4.845105 4.845105
0.332006 0.159007 0.263995 0.858583 0.358557 4.886562 6.164783 4.886562
0.000000 0.000000 0.020572 0.381607 0.813438 4.845105 4.845105 4.845105
0.117905 0.298349 0.364043 0.662426 0.282751 4.845105 4.845105 4.845105
0.047376 0.183928 0.108694 0.090212 0.333311 4.845105 4.845105 4.845105
0.392206 0.085642 0.744559 0.309371 0.660845 4.845105 4.845105 4.845105
0.113306 0.000000 0.082711 0.841344 0.000000 4.845105 4.845105 4.845105
0.000000 0.186074 0.032764 0.942716 0.470261 4.845105 4.845105 4.845105
0.042414 0.000000 0.653701 1.000000 0.527944 4.845105 4.845105 4.845105
0.361050 0.000000 0.164757 0.098475 0.226869 4.845105 4.845105 4.845105
0.139223 0.290090 0.338403 0.506517 0.215891 4.845105 4.845105 4.845105
0.066290 0.146577 0.385920 0.610489 0.290629 5.952428 5.509166 5.509166
0.072794 0.114452 0.145453 0.887617 0.021459 4.845105 4.845105 4.845105
0.264289 0.059229 0.474853 0.380322 0.788537 4.845105 4.845105 4.845105
0.033844 0.936721 0.307820 0.642642 0.153191 3.859492 3.972757 3.859492
0.205060 0.215439 0.559973 0.488461 0.994809 4.845105 4.845105 4.845105
0.320688 0.125238 0.203159 0.573140 0.033190 5.668211 5.571038 5.571038
0.350988 0.149442 0.173352 0.403287 0.790758 4.845105 4.845105 4.845105
0.004850 0.078963 0.348850 0.770969 0.163646 4.845105 4.845105 4.845105
0.338723 0.193179 0.402883 1.000000 0.289873 4.845105 4.845105 4.845105
0.466534 0.104689 0.037692 0.149193 0.971656 4.845105 4.845105 4.845105
0.051558 0.172038 0.014173 0.843053 0.061866 4.845105 4.845105 4.845105
0.450110 0.123350 0.591431 0.888227 0.404862 4.845105 4.845105 4.845105
0.035479 0.000000 0.463930 0.999905 0.425248 4.845105 4.845105 4.845105
0.105390 0.147922 0.188883 0.991707 0.024430 4.845105 4.845105 4.845105
0.040748 0.213739 0.414508 0.570886 0.849953 4.845105 4.845105 4.845105
0.161464 0.290165 0.203159 0.121081 0.744149 4.845105 4.845105 4.845105
0.293519 0.287062 0.228255 0.587912 0.221568 4.845105 4.845105 4.845105
0.222389 0.015518 0.711779 0.540291 0.180982 4.845105 4.845105 4.845105
0.412437 0.194785 0.255743 0.675421 0.576819 4.845105 4.845105 4.845105
0.109947 0.157820 0.524427 0.519074 0.250042 4.845105 4.845105 4.845105
0.081075 0.171968 0.262992 0.330677 0.677968 4.845105 4.845105 4.845105
0.157767 0.100386 0.330515 0.702551 0.042048 4.943844 4.936704 4.936704
0.417164 0.112393 0.285205 0.013490 0.470266 4.845105 4.845105 4.845105
0.270900 0.250895 0.198337 0.805693 0.548712 4.845105 4.845105 4.845105
0.124070 0.017764 0.559849 0.737160 0.139431 4.845105 4.845105 4.845105
0.020548 0.052193 0.077124 0.554985 0.000000 4.845105 4.845105 4.845105
0.221345 0.315374 0.309284 0.460300 0.569650 4.845105 4.845105 4.845105
0.411783 0.134084 0.093725 0.349325 0.230907 4.845105 4.845105 4.845105
0.307161 0.072279 0.536750 1.000000 0.163723 4.848645 4.845105 4.845105
0.377878 0.324015 0.453291 0.817463 0.717280 4.845105 4.845105 4.845105
0.256771 0.191306 0.685175 0.724241 0.639808 4.845105 4.845105 4.845105
0.266095 0.284906 0.502566 0.754613 0.326812 4.845105 4.845105 4.845105
0.266573 0.124378 0.465019 0.471831 0.268468 4.845105 4.845105 4.845105
0.081191 0.020333 0.490634 0.624757 0.172262 4.845105 4.845105 4.845105
0.218256 0.174592 0.482234 0.751536 0.000000 4.845105 7.562709 4.845105
0.393105 0.236563 0.369815 0.797683 0.841909 4.845105 4.845105 4.845105
0.000000 0.000000 0.335283 0.902179 0.600704 4.845105 4.845105 4.845105
0.292520 0.163410 0.021917 0.398396 0.099900 5.012041 4.889050 4.889050
0.463282 0.100296 0.333313 0.793487 0.510941 4.845105 4.845105 4.845105
0.386663 0.004740 0.557387 0.018032 0.666500 4.845105 4.845105 4.845105
0.089782 0.087785 0.438100 0.208137 0.573472 4.845105 4.845105 4.845105
0.333183 0.010049 0.013243 0.330086 0.533054 4.845105 4.845105 4.845105
0.139360 0.078920 0.236805 1.000000 0.365358 4.845105 4.845105 4.845105
0.019739 0.035979 0.153750 0.795819 0.521389 4.845105 4.845105 4.845105
0.281006 0.166302 0.728647 0.865009 0.529521 4.845105 4.845105 4.845105
0.307789 0.176677 0.445305 0.692209 0.775732 4.845105 4.845105 4.845105
0.398429 0.314260 0.014567 0.882212 0.203622 4.845105 4.845105 4.845105
0.109947 0.128161 0.326742 0.694667 0.473333 6.401702 6.959957 6.401702
0.000000 0.099311 0.578312 0.110245 0.307797 4.845105 4.845105 4.845105
0.000000 0.000000 0.768715 0.000000 0.578155 4.845105 4.845105 4.845105
0.332111 0.888100 0.986437 0.932089 0.797728 3.541081 3.972757 3.541081
0.045830 0.156621 0.744735 0.326929 0.489874 4.845105 4.845105 4.845105
0.210063 0.160917 0.050517 0.523546 0.294755 5.187717 6.126068 5.187717
0.266332 0.304424 0.592198 1.000000 0.671565 4.845105 4.845105 4.845105
0.613814 0.017866 0.295075 0.684330 0.082290 4.183779 3.893381 3.893381
0.145318 0.135722 0.676201 0.706908 0.330930 4.845105 4.845105 4.845105
0.336040 0.054908 0.330185 0.397421 0.068829 4.845105 4.845105 4.845105
0.264312 0.132194 0.000000 1.000000 0.519639 4.845105 4.845105 4.845105
0.218256 0.215282 0.591397 0.362850 0.237961 4.845105 4.845105 4.845105
0.000000 0.000000 0.494580 0.819296 0.016252 4.845105 4.845105 4.845105
0.204205 0.287550 0.577580 0.614823 0.829707 4.845105 4.845105 4.845105
0.458457 0.100118 0.431154 0.422073 0.000000 4.845105 4.845105 4.845105
0.235485 0.022452 0.302760 0.013610 0.123959 4.845105 4.845105 4.845105
0.130023 0.174765 0.210030 0.672241 0.575983 4.845105 5.232966 4.845105
0.265600 0.118965 0.406354 0.812081 0.339297 9.097929 12.359994 9.097929
0.328420 0.198970 0.655887 0.964649 0.002723 4.845105 4.845105 4.845105
0.247598 0.032233 0.108576 0.792192 0.434194 4.845105 4.845105 4.845105
0.067089 0.262631 0.026062 1.000000 0.583464 4.845105 4.845105 4.845105
0.278444 0.282288 0.712038 0.378273 0.842164 4.845105 4.845105 4.845105
0.456486 0.084676 0.244454 0.120429 0.038800 4.845105 4.845105 4.845105
0.410824 0.220682 0.389309 0.269087 0.347856 4.845105 4.845105 4.845105
0.050372 0.312629 0.008940 0.682115 0.606689 4.845105 4.845105 4.845105
0.075272 0.150573 0.136670 0.598852 0.671853 4.845105 4.845105 4.845105
0.415615 0.133704 0.744428 0.277252 0.234549 4.845105 4.845105 4.845105
0.557249 0.460635 0.719331 0.647827 0.480928 3.882962 17.090024 3.882962
0.150943 0.184659 0.326655 0.970877 0.187941 4.845105 4.845105 4.845105
0.147004 0.000000 0.509215 0.506814 0.395839 4.845105 4.845105 4.845105
0.242259 0.212062 0.091612 1.000000 0.000000 4.845105 4.845105 4.845105
0.291240 0.258345 0.575773 0.494290 0.235958 4.845105 4.845105 4.845105
0.183180 0.271346 0.396507 0.012796 0.218956 4.845105 4.845105 4.845105
0.434866 0.250784 0.411195 0.141253 0.130642 4.845105 4.845105 4.845105
0.159185 0.055157 0.428408 0.000000 0.179019 4.845105 4.845105 4.845105
0.035083 0.000000 0.671370 0.306009 0.819282 4.845105 4.845105 4.845105
0.281044 0.133238 0.025297 0.272297 0.074064 4.845105 4.860111 4.845105
0.005607 0.143135 0.456685 0.087295 0.839194 4.845105 4.845105 4.845105
0.000000 0.172939 0.384426 0.426485 0.691282 4.845105 4.845105 4.845105
0.084156 0.145450 0.209105 0.603852 0.488318 4.918778 5.157224 4.918778
0.298183 0.203267 0.100723 0.354056 0.225641 4.845105 4.845105 4.845105
0.136466 0.054230 0.283775 0.404602 0.991312 4.845105 4.845105 4.845105
0.273730 0.078474 0.639066 0.132908 0.705455 4.845105 4.845105 4.845105
0.000000 0.249446 0.612531 0.518565 0.615194 4.845105 4.845105 4.845105
0.303006 0.102565 0.427408 0.413484 0.463722 4.845105 4.845105 4.845105
0.338119 0.543605 0.912339 0.302077 0.798056 3.541081 4.136148 3.541081
0.032693 0.302435 0.383022 0.545664 0.944246 4.845105 4.845105 4.845105
0.335380 0.218834 0.068489 0.437646 0.010717 4.845105 4.845105 4.845105
0.417164 0.152570 0.366412 0.134539 0.688219 4.845105 4.845105 4.845105
0.014713 0.029952 0.750445 0.144232 0.347295 4.845105 4.845105 4.845105
0.000000 0.000000 0.164437 0.702142 0.000000 4.845105 4.845105 4.845105
0.062781 0.312496 0.305459 0.900086 0.732929 4.845105 4.845105 4.845105
0.064291 0.000000 0.372890 0.649745 0.000000 4.845105 4.845105 4.845105
0.147211 0.029195 0.342330 0.402745 0.343514 4.845105 6.217926 4.845105
0.226264 0.015040 0.000000 0.586128 0.678350 4.845105 4.873891 4.845105
0.438453 0.177372 0.135041 0.635335 0.280743 4.845105 4.845105 4.845105
0.295555 0.072321 0.390312 0.291064 0.794760 4.845105 4.845105 4.845105
0.439088 0.289117 0.157726 0.600013 1.000000 4.845105 4.845105 4.845105
0.866963 0.218489 0.994077 0.516397 0.368731 3.882962 3.765056 3.765056
0.430798 0.315706 0.637089 0.012871 0.586107 4.845105 4.845105 4.845105
0.179057 0.253457 0.127160 0.307782 0.039523 4.845105 4.845105 4.845105
0.017620 0.019194 0.581359 0.360365 0.508592 4.845105 4.845105 4.845105
0.000000 0.000000 0.603355 0.618737 0.904401 4.845105 4.845105 4.845105
0.389408 0.080072 0.319298 0.083565 0.269783 4.845105 4.845105 4.845105
0.280926 0.326069 0.667256 0.705938 0.143568 4.845105 4.845105 4.845105
0.012729 0.106558 0.760290 0.392239 0.257231 4.845105 4.845105 4.845105
0.026305 0.031985 0.000000 0.355694 0.418269 4.845105 4.845105 4.845105
0.066399 0.094992 0.451325 0.609190 0.000000 4.845105 4.845105 4.845105
0.123129 0.290647 0.514757 0.077064 0.389761 4.845105 4.845105 4.845105
0.019506 0.000000 0.371873 0.481752 0.259558 4.845105 4.845105 4.845105
0.431511 0.002581 0.200445 0.153466 1.000000 4.845105 4.845105 4.845105
0.467231 0.236645 0.579664 0.269222 0.503513 4.845105 4.845105 4.845105
0.243131 0.162724 0.603133 0.180278 0.248810 4.845105 4.845105 4.845105
0.029292 0.175118 0.316489 0.769886 0.687020 4.845105 4.845105 4.845105
0.977686 0.368033 0.620430 0.379173 0.850137 4.183779 3.580288 3.580288
0.046993 0.000000 0.444009 0.743990 0.251238 4.845105 4.845105 4.845105
0.350932 0.000000 0.125246 0.385929 0.492383 4.845105 4.881952 4.845105
0.194200 0.155720 0.105268 0.433219 0.203192 5.785278 6.941553 5.785278
0.313546 0.191833 0.625837 0.994477 0.519307 4.845105 4.845105 4.845105
0.041300 0.108706 0.000000 0.790359 0.395543 4.845105 4.845105 4.845105
0.148217 0.045369 0.342424 0.574549 0.995953 4.845105 4.845105 4.845105
0.360292 0.216995 0.692004 0.795598 0.492689 4.845105 4.845105 4.845105
0.000000 0.142234 0.148474 0.367187 0.102966 4.845105 4.845105 4.845105
0.103546 0.027926 0.057955 1.000000 0.000000 4.845105 4.845105 4.845105
0.135877 0.295311 0.341238 0.070845 0.955396 4.845105 4.845105 4.845105
0.306446 0.200864 0.000000 0.527629 0.708145 4.845105 4.845105 4.845105
0.431252 0.327665 0.428431 0.810636 0.282937 4.845105 4.845105 4.845105
0.134045 0.173500 0.602272 0.095903 0.153435 4.845105 4.845105 4.845105
0.089139 0.000000 0.202341 0.000000 0.000000 4.845105 4.845105 4.845105
0.407131 0.163363 0.156446 0.755549 0.090944 5.216460 4.845480 4.845480
0.061700 0.000100 0.000000 0.792192 0.466914 4.845105 4.845105 4.845105
0.398860 0.188962 0.429257 0.665105 1.000000 4.845105 4.845105 4.845105
0.435209 0.241797 0.091101 0.421430 0.732933 4.845105 4.845105 4.845105
0.060207 0.000000 0.339319 0.364087 0.021433 4.845105 4.845105 4.845105
0.371462 0.141922 0.325599 0.293088 0.706613 4.845105 4.845105 4.845105
0.011928 0.052177 0.408066 0.264633 0.445079 4.845105 4.845105 4.845105
0.237685 0.124547 0.440764 0.619156 0.196552 5.824192 7.501778 5.824192
0.089411 0.133880 0.389883 0.775539 0.860740 4.845105 4.845105 4.845105
0.217266 0.160634 0.525079 0.216354 0.161755 4.845105 4.845105 4.845105
0.252089 0.048985 0.519082 0.480062 0.026150 4.845105 4.867988 4.845105
0.262956 0.222505 0.765350 0.273771 0.400695 4.845105 4.845105 4.845105
0.193882 0.156921 0.351407 1.000000 0.656315 4.845105 6.057180 4.845105
0.031093 0.327411 0.472784 0.450624 0.256465 4.845105 4.845105 4.845105
0.000000 0.000000 0.715732 0.648743 0.716545 4.845105 4.845105 4.845105
0.226835 0.135145 0.251817 0.648449 0.264402 60.316004 60.897812 60.316004
0.000000 0.207500 0.000000 0.706979 0.315421 4.845105 4.845105 4.845105
0.199992 0.082024 0.698436 0.297878 0.393238 4.845105 4.845105 4.845105
0.017267 0.282635 0.206447 1.000000 0.431926 4.845105 4.845105 4.845105
0.355613 0.086852 0.002939 0.571359 0.927505 4.845105 4.845105 4.845105
0.075519 0.125881 0.370093 0.965865 0.065963 4.845105 4.845105 4.845105
0.311013 0.136018 0.653865 0.243727 0.000000 4.845105 4.845105 4.845105
0.014012 0.038536 0.491684 0.349108 0.000000 4.845105 4.845105 4.845105
0.338172 0.139681 0.166657 0.711565 0.293402 5.986531 5.752430 5.752430
0.302177 0.230042 0.334298 0.244190 0.599720 4.845105 4.845105 4.845105
0.071532 0.184736 0.086878 0.148545 0.150231 4.845105 4.845105 4.845105
0.033111 0.011269 0.159898 0.346786 0.552730 4.845105 4.845105 4.845105
0.068562 0.105167 0.316923 0.825405 0.776309 4.845105 4.845105 4.845105
0.397306 0.122599 0.013755 0.528662 0.442662 4.845105 4.845105 4.845105
0.131811 0.278428 0.737962 0.844526 0.024837 4.845105 4.845105 4.845105
0.187597 0.038535 0.693365 0.425062 0.306333 4.845105 4.845105 4.845105
0.432919 0.000000 0.000000 0.528348 0.393686 4.845105 4.845105 4.845105
0.342009 0.207640 0.336864 0.542005 0.810099 4.845105 4.845105 4.845105
0.238971 0.189294 0.603166 0.619250 0.146376 4.845105 4.845105 4.845105
0.256574 0.065643 0.728670 0.921421 0.385381 4.845105 4.845105 4.845105
0.086255 0.297855 0.476789 0.501257 0.015103 4.845105 4.845105 4.845105
0.882238 0.853263 0.669137 0.349982 0.939113 4.116113 3.580288 3.580288
0.230708 0.127620 0.371327 0.721953 0.214545 17.824987 34.228996 17.824987
0.160143 0.309364 0.102610 0.072683 0.033488 4.845105 4.845105 4.845105
0.316551 0.134428 0.535828 0.720801 0.634774 4.845105 4.845105 4.845105
0.189198 0.273340 0.562530 0.000000 0.211286 4.845105 4.845105 4.845105
0.292214 0.143538 0.253140 0.650463 0.160617 17.951542 10.958938 10.958938
0.150941 0.122715 0.448039 0.761690 0.344186 15.597446 11.365262 11.365262
0.001742 0.230654 0.160131 1.000000 0.335425 4.845105 4.845105 4.845105
0.000000 0.209992 0.300809 0.651895 0.000000 4.845105 4.845105 4.845105
0.243301 0.091232 0.652796 0.989777 0.783069 4.845105 4.845105 4.845105
0.374044 0.155006 0.481765 0.965626 0.065452 4.845105 4.845105 4.845105
0.305449 0.107938 0.234151 0.263690 0.415828 4.845105 4.845105 4.845105
0.085573 0.017351 0.385236 0.814977 0.616354 4.845105 4.845105 4.845105
0.109831 0.252937 0.000000 0.270038 0.715223 4.845105 4.845105 4.845105
0.399952 0.136157 0.048672 0.679744 0.862738 4.845105 4.845105 4.845105
0.000000 0.107160 0.335876 1.000000 0.260427 4.845105 4.845105 4.845105
0.463282 0.037165 0.537095 0.972795 0.652993 4.845105 4.845105 4.845105
0.286791 0.135930 0.237024 0.520279 0.967063 4.845105 4.845105 4.845105
0.080059 0.202500 0.359578 0.979058 0.775732 4.845105 4.845105 4.845105
0.141493 0.101632 0.637479 0.807072 0.217182 4.845105 4.845105 4.845105
0.985178 0.195929 0.044757 0.495477 0.665254 4.183779 3.893381 3.893381
0.017092 0.000000 0.561978 0.700063 0.813840 4.845105 4.845105 4.845105
0.068035 0.320945 0.194897 0.414248 0.625951 4.845105 4.845105 4.845105
0.257132 0.085902 0.332423 0.000000 0.334061 4.845105 4.845105 4.845105
0.096747 0.068534 0.548270 0.527272 0.533147 4.845105 4.845105 4.845105
0.023688 0.301956 0.187514 0.245912 0.000000 4.845105 4.845105 4.845105
0.012541 0.000000 0.559224 0.928389 0.152906 4.845105 4.845105 4.845105
0.000000 0.157554 0.514909 0.391388 0.713217 4.845105 4.845105 4.845105
0.118081 0.131271 0.126608 0.567674 0.286567 5.629078 4.946457 4.946457
0.194124 0.000000 0.000000 0.350198 0.276595 4.845105 4.845105 4.845105
0.430233 0.251336 0.521494 0.694905 0.516814 4.845105 4.845105 4.845105
0.019590 0.216718 0.664814 0.685508 0.778717 4.845105 4.845105 4.845105
0.185746 0.078748 0.000000 0.846528 0.554979 4.845105 4.845105 4.845105
0.122146 0.687181 0.757846 0.189062 0.922766 3.541081 3.972757 3.541081
0.192394 0.129966 0.208833 0.597790 0.123750 9.862733 11.569355 9.862733
0.266110 0.303348 0.388616 0.443232 0.109263 4.845105 4.845105 4.845105
0.186462 0.118872 0.406462 0.812953 0.460075 5.761431 12.714046 5.761431
0.184450 0.266377 0.368911 0.410678 0.441358 4.845105 4.845105 4.845105
0.645171 0.542211 0.090265 0.339363 0.013681 4.183779 3.851346 3.851346
0.084472 0.283151 0.442567 0.548480 0.549205 4.845105 4.845105 4.845105
0.225738 0.108083 0.388427 0.623692 0.398299 4.903973 6.740401 4.903973
0.107817 0.000000 0.384955 0.120102 0.049810 4.845105 4.845105 4.845105
0.406449 0.141659 0.641732 0.246824 0.810438 4.845105 4.845105 4.845105
0.134092 0.128695 0.370890 0.641457 0.171857 6.095662 12.061685 6.095662
0.000000 0.146201 0.292835 0.000000 0.199218 4.845105 4.845105 4.845105
0.284268 0.143642 0.317713 0.537274 0.058095 5.041845 6.388564 5.041845
0.340990 0.061368 0.303394 0.665005 0.587098 4.845105 4.845105 4.845105
0.000000 0.080354 0.326850 0.944240 0.435905 4.845105 4.845105 4.845105
0.264997 0.141197 0.286746 0.542035 0.215795 11.023839 7.719373 7.719373
0.000000 0.256154 0.674613 0.000000 0.517491 4.845105 4.845105 4.845105
0.363153 0.239387 0.657382 0.458566 0.509298 4.845105 4.845105 4.845105
0.006514 0.154242 0.106902 0.106269 0.767526 4.845105 4.845105 4.845105
0.095444 0.000000 0.359225 0.609778 0.419369 4.845105 4.845105 4.845105
0.038305 0.157795 0.000000 1.000000 0.659104 4.845105 4.845105 4.845105
0.956580 0.966131 0.197180 0.632365 0.034762 4.034683 3.851346 3.851346
0.282785 0.000000 0.725235 0.187561 0.551156 4.845105 4.845105 4.845105
0.317567 0.172435 0.172518 0.782742 0.178887 5.030781 5.504835 5.030781
0.975118 0.630189 0.601095 0.831091 0.885104 4.183779 3.737133 3.737133
0.007252 0.286409 0.116255 0.661627 0.230757 4.845105 4.845105 4.845105
0.322935 0.158076 0.290146 0.821145 0.205926 5.094592 6.454673 5.094592
0.190677 0.174094 0.285098 0.308388 0.407534 4.845105 4.845105 4.845105
0.267212 0.000000 0.304494 0.201112 0.510061 4.845105 4.845105 4.845105
0.018166 0.000000 0.080890 0.000000 0.630097 4.845105 4.845105 4.845105
0.242709 0.125839 0.291269 0.811336 0.104673 5.704387 5.326653 5.326653
0.423072 0.270958 0.121603 0.121107 0.532169 4.845105 4.845105 4.845105
0.013135 0.018442 0.085188 0.005535 0.912041 4.845105 4.845105 4.845105
0.324865 0.010319 0.095124 1.000000 0.000000 4.845105 4.845105 4.845105
0.349846 0.218834 0.000000 0.255602 0.000000 4.845105 4.845105 4.845105
0.031620 0.278364 0.000000 0.000000 0.000000 4.845105 4.845105 4.845105
0.458495 0.053888 0.000000 1.000000 0.768055 4.845105 4.845105 4.845105
0.279248 0.144328 0.527561 0.213983 0.709013 4.845105 4.845105 4.845105
0.169884 0.009859 0.174755 0.615246 0.872133 4.845105 4.845105 4.845105
0.167051 0.145377 0.229575 0.535687 0.343369 10.398523 10.724195 10.398523
0.290235 0.022055 0.702445 0.006035 0.485446 4.845105 4.845105 4.845105
0.444087 0.233517 0.699205 1.000000 0.393604 4.845105 4.845105 4.845105
0.161151 0.098111 0.551728 0.733860 0.273138 5.266472 5.572606 5.266472
0.433067 0.154986 0.345755 0.690106 0.080935 4.845105 4.845105 4.845105
0.281550 0.099893 0.349229 0.711849 0.103701 6.159009 7.723243 6.159009
0.000000 0.092203 0.288955 0.684737 0.406308 4.994438 4.845105 4.845105
0.032710 0.006811 0.187606 0.212997 0.154683 4.845105 4.845105 4.845105
0.442709 0.954212 0.395489 0.235067 0.843952 3.956647 3.972757 3.956647
0.052852 0.000000 0.060961 0.221580 1.000000 4.845105 4.845105 4.845105
0.100882 0.047941 0.244196 0.703407 0.770291 4.845105 4.845105 4.845105
0.193696 0.072387 0.435291 0.797144 0.095424 4.882563 4.930585 4.882563
0.190082 0.122141 0.215299 0.000000 0.000000 4.845105 4.845105 4.845105
0.227250 0.298322 0.768572 0.986094 0.490188 4.845105 4.845105 4.845105
0.415528 0.000000 0.356649 0.706177 0.000000 4.845105 4.845105 4.845105
0.307004 0.239378 0.000000 0.714178 0.170712 4.845105 4.845105 4.845105
0.323666 0.084297 0.000000 0.979136 0.289582 4.845105 4.845105 4.845105
0.266738 0.106634 0.261019 0.871515 0.702240 4.845105 6.264208 4.845105
0.246046 0.207470 0.463811 0.271941 0.980272 4.845105 4.845105 4.845105
0.195074 0.233024 0.191535 0.822225 0.660548 4.845105 4.850459 4.845105
0.427971 0.295545 0.704477 0.263856 0.060151 4.845105 4.845105 4.845105
0.295971 0.088493 0.549158 1.000000 0.608070 4.845105 4.845105 4.845105
0.000000 0.139026 0.000000 0.424955 0.605415 4.845105 4.845105 4.845105
0.185717 0.156380 0.282757 0.077351 0.350955 4.845105 4.845105 4.845105
0.020012 0.084338 0.157577 0.245170 0.611284 4.845105 4.845105 4.845105
0.189961 0.184793 0.056753 1.000000 0.433135 4.845105 4.845105 4.845105
0.125601 0.000000 0.336606 0.244015 0.317295 4.845105 4.845192 4.845105
0.414961 0.317067 0.524055 0.495471 0.188437 4.845105 4.845105 4.845105
0.102859 0.203359 0.764877 0.473389 0.467692 4.845105 4.845105 4.845105
0.090196 0.150907 0.104328 0.000000 0.468821 4.845105 4.845105 4.845105
0.041826 0.237258 0.470544 0.017576 0.649197 4.845105 4.845105 4.845105
0.114826 0.232006 0.113961 0.161263 0.261596 4.845105 4.845105 4.845105
0.367697 0.041246 0.071549 0.325499 0.310942 4.845105 4.845105 4.845105
0.282208 0.123768 0.231845 0.955849 0.211810 5.296389 4.845105 4.845105
0.171402 0.109923 0.539385 0.874742 0.338771 5.729711 6.014822 5.729711
0.254865 0.147684 0.171098 0.735276 0.285219 9.472856 10.169858 9.472856
