# gen=100 CA size=200
# x0..x(D-1) consensus
0.330919 0.148219 0.119961 0.666041 0.184658 5.232493
0.208740 0.096859 0.269796 0.626113 0.094463 6.106380
0.223118 0.165603 0.286692 0.573272 0.133353 5.643651
0.172834 0.131784 0.353635 0.627169 0.183238 9.783086
0.195716 0.136483 0.376633 0.766555 0.238016 10.283176
0.169198 0.094312 0.357750 0.751456 0.404762 5.858977
0.150848 0.117556 0.357750 0.716697 0.338178 18.707900
0.222656 0.092172 0.357009 0.729915 0.122783 6.784647
0.229645 0.125802 0.298004 0.696255 0.334380 17.476899
0.083686 0.122736 0.504061 0.647174 0.243330 5.050121
0.247927 0.116913 0.160914 0.549321 0.076310 6.204415
0.307820 0.177269 0.252554 0.702822 0.260562 6.996199
0.326268 0.151784 0.314151 0.735075 0.115704 5.541835
0.264004 0.173915 0.297144 0.633828 0.224372 8.677194
0.183928 0.134908 0.319526 0.640743 0.436265 7.681713
0.207384 0.156218 0.304818 0.704710 0.353049 13.033247
0.150474 0.148135 0.153428 0.613593 0.242148 6.879861
0.217759 0.175341 0.231347 0.630937 0.248741 7.363432
0.198027 0.096438 0.366950 0.687878 0.178950 8.298034
0.203190 0.125837 0.333609 0.700009 0.179596 15.397007
0.194937 0.154857 0.256906 0.462933 0.215311 7.480017
0.172571 0.132903 0.284130 0.530132 0.224921 13.247139
0.305509 0.125969 0.283536 0.575979 0.214836 6.171163
0.266277 0.155655 0.125414 0.688166 0.243310 7.505763
0.255106 0.163699 0.322713 0.729427 0.245488 8.029651
0.155790 0.161224 0.353368 0.693197 0.290900 6.713159
0.139604 0.159182 0.290940 0.615073 0.381093 9.601693
0.156445 0.176013 0.370033 0.541325 0.233916 5.322427
0.288203 0.143449 0.303482 0.668243 0.175432 12.952986
0.124410 0.108464 0.376887 0.662917 0.331985 9.801718
0.224223 0.124383 0.288946 0.648404 0.113856 9.735151
0.165283 0.133540 0.362265 0.647403 0.161051 6.693250
0.216481 0.110891 0.464196 0.907874 0.378548 5.812382
0.156883 0.093170 0.261294 0.624528 0.263441 6.126898
0.226939 0.086026 0.370134 0.813115 0.269336 7.681361
0.246154 0.127549 0.314420 0.798336 0.354833 12.264106
0.194811 0.133346 0.239836 0.597562 0.311139 20.779723
0.149500 0.151250 0.364787 0.766275 0.353845 7.367028
0.163937 0.169194 0.248827 0.548045 0.228731 7.335752
0.225620 0.117054 0.205566 0.765839 0.339612 7.035468
0.314366 0.171753 0.170531 0.660712 0.145268 6.158636
0.247927 0.123707 0.421317 0.639175 0.232594 7.859052
0.183115 0.175807 0.149936 0.499456 0.244401 6.559311
0.271902 0.140536 0.456351 0.790811 0.344094 5.847675
0.272458 0.100825 0.284909 0.640166 0.199015 6.238932
0.258771 0.126706 0.347788 0.651976 0.183730 13.603279
0.253744 0.125425 0.391643 0.588609 0.231714 6.255468
0.136632 0.128118 0.234285 0.629372 0.268360 10.391563
0.105826 0.145707 0.370263 0.632050 0.322560 7.476746
0.115912 0.129557 0.312320 0.704612 0.261491 7.474629
0.196790 0.101244 0.438362 0.687134 0.257760 8.201356
0.239945 0.134514 0.472628 0.706330 0.215871 6.116487
0.124531 0.102547 0.433286 0.681107 0.268686 8.035467
0.146706 0.146008 0.259126 0.726012 0.312973 8.657314
0.289607 0.125545 0.185733 0.544554 0.153902 6.616534
0.282794 0.157114 0.249802 0.818035 0.290012 6.089865
0.155683 0.157247 0.192803 0.581561 0.246201 8.983729
0.224190 0.129593 0.378008 0.887725 0.308347 7.044325
0.166787 0.130453 0.431341 0.795813 0.298760 9.758346
0.304078 0.139517 0.292814 0.656268 0.105166 7.930920
0.198249 0.158764 0.286581 0.605748 0.279138 18.727879
0.203476 0.093593 0.355239 0.737034 0.239199 11.279652
0.160412 0.162340 0.297534 0.524372 0.268096 7.430530
0.229001 0.119937 0.331639 0.723388 0.202502 27.543424
0.162390 0.135068 0.432718 0.654216 0.326517 7.144241
0.188932 0.114034 0.262784 0.577893 0.213590 10.365474
0.254922 0.126121 0.372606 0.841112 0.292338 12.893943
0.170820 0.138793 0.402359 0.627107 0.332640 7.215290
0.274676 0.139145 0.286973 0.790811 0.344094 9.403951
0.257947 0.097487 0.234402 0.630344 0.154274 6.571388
0.166731 0.157861 0.417771 0.604191 0.249674 6.570642
0.214442 0.114001 0.365492 0.673380 0.164934 9.428099
0.156610 0.108724 0.351140 0.635100 0.393296 6.267168
0.266867 0.161026 0.356884 0.647920 0.224513 6.871566
0.167974 0.157861 0.177337 0.609985 0.249674 8.150782
0.129542 0.111102 0.230949 0.557459 0.277628 6.254398
0.092546 0.160390 0.333307 0.659781 0.405888 6.078278
0.180333 0.084198 0.339135 0.677586 0.242866 6.541880
0.159672 0.164690 0.358369 0.665578 0.409493 6.663701
0.204090 0.168310 0.205042 0.627470 0.312680 9.732459
0.280389 0.131604 0.272401 0.645149 0.221211 17.600181
0.294018 0.118912 0.186945 0.692647 0.252948 8.225665
0.283531 0.105834 0.388506 0.854507 0.287759 7.501200
0.224825 0.161285 0.363703 0.617118 0.188745 7.153943
0.233338 0.100079 0.337714 0.686319 0.212156 9.668386
0.186166 0.117402 0.358990 0.685570 0.423853 6.811725
0.274929 0.134953 0.401988 0.634180 0.160646 6.228336
0.175683 0.155200 0.345478 0.676858 0.326461 18.868205
0.196593 0.163190 0.340460 0.711912 0.300732 8.319854
0.191144 0.111564 0.386460 0.716860 0.215702 14.326326
0.160347 0.116125 0.345933 0.618362 0.267653 18.079987
0.158011 0.132164 0.472907 0.789893 0.328128 8.145082
0.242249 0.143234 0.241141 0.639213 0.269881 33.993743
0.199485 0.124444 0.449195 0.635131 0.315364 6.111533
0.306622 0.137404 0.335000 0.656608 0.094184 6.228606
0.268947 0.140163 0.320886 0.714134 0.144685 9.403165
0.245021 0.155231 0.350283 0.629818 0.315005 6.138097
0.229370 0.140280 0.321458 0.738711 0.146354 6.726127
0.268166 0.119011 0.445144 0.751009 0.211299 6.958809
0.250497 0.146534 0.253287 0.663848 0.383508 7.735415
0.222792 0.131948 0.169017 0.654518 0.249845 12.862491
0.282877 0.158263 0.180860 0.738087 0.171318 6.845616
0.206918 0.115703 0.379303 0.789361 0.205495 11.294709
0.194970 0.134492 0.307723 0.511685 0.219957 9.614076
0.244545 0.117255 0.241537 0.631984 0.178163 18.009773
0.205450 0.092159 0.366385 0.884375 0.352908 6.472132
0.252731 0.144466 0.280072 0.759660 0.318665 13.668947
0.146988 0.110200 0.193776 0.632071 0.275830 6.293865
0.279696 0.179816 0.248556 0.670416 0.326272 6.572287
0.281909 0.097292 0.367832 0.826491 0.235015 6.591649
0.306476 0.141311 0.340296 0.679559 0.190124 7.769047
0.236421 0.123313 0.415870 0.857561 0.260585 7.661829
0.219599 0.119921 0.314695 0.804206 0.183031 6.915634
0.222131 0.161059 0.170511 0.663137 0.176185 6.765045
0.206089 0.161658 0.229327 0.520549 0.173883 9.318588
0.213547 0.156418 0.277657 0.542762 0.215002 14.167504
0.230696 0.143047 0.285773 0.661283 0.413568 7.164492
0.337081 0.130998 0.250673 0.712127 0.285545 6.383156
0.254665 0.118722 0.356537 0.797926 0.373337 7.413453
0.214178 0.097718 0.317931 0.794517 0.213671 6.144703
0.261969 0.140060 0.392443 0.686414 0.188313 8.786766
0.187224 0.165200 0.229024 0.701014 0.337955 6.631993
0.148037 0.151005 0.203382 0.556733 0.363942 7.943156
0.210498 0.128450 0.170908 0.520083 0.131231 7.925702
0.186591 0.127430 0.400487 0.751950 0.297694 27.154466
0.217726 0.126153 0.363017 0.613411 0.190813 11.216574
0.305812 0.171920 0.254737 0.676498 0.195985 7.731385
0.152945 0.157820 0.284080 0.526967 0.236969 11.812803
0.109947 0.121076 0.348770 0.728898 0.270177 6.319934
0.189193 0.129667 0.353700 0.572704 0.242928 14.284343
0.265132 0.134615 0.315226 0.668870 0.291179 18.101081
0.154082 0.134759 0.320824 0.646818 0.333146 20.341427
0.174136 0.134590 0.406683 0.699680 0.312973 17.314702
0.235512 0.161810 0.362722 0.738951 0.420869 6.970465
0.232425 0.099234 0.379492 0.737261 0.237633 10.177490
0.144843 0.082353 0.348689 0.722853 0.297205 7.062176
0.211298 0.139304 0.391106 0.771040 0.289271 18.568672
0.292735 0.152828 0.310453 0.723395 0.220498 12.505740
0.167915 0.125884 0.274705 0.506846 0.258577 8.422583
0.170020 0.120858 0.280540 0.536037 0.193135 8.320034
0.231620 0.151134 0.234662 0.743966 0.297284 10.179421
0.284883 0.109547 0.277789 0.625047 0.161533 7.364869
0.153271 0.099404 0.325281 0.609902 0.185803 7.041352
0.241345 0.156340 0.194354 0.677467 0.311748 10.845534
0.183053 0.155036 0.208956 0.520657 0.293845 11.254483
0.100560 0.133247 0.385171 0.714597 0.305514 7.379685
0.116683 0.131261 0.293085 0.587908 0.190756 7.205613
0.267939 0.141191 0.294451 0.631077 0.131173 10.421060
0.250679 0.163038 0.189625 0.612913 0.200440 13.788150
0.294962 0.116459 0.403382 0.818694 0.188915 6.940391
0.156024 0.142215 0.423779 0.760372 0.449899 6.864355
0.256484 0.102155 0.329167 0.662026 0.209575 7.442655
0.194392 0.167182 0.236548 0.688110 0.238404 6.074669
0.263149 0.136691 0.309466 0.801875 0.315913 13.166518
0.167376 0.158019 0.333500 0.704834 0.250142 6.226531
0.282544 0.139564 0.254742 0.644811 0.251527 14.699698
0.249109 0.141572 0.383537 0.715052 0.242436 18.606779
0.177612 0.150991 0.370495 0.635677 0.346828 8.020148
0.250630 0.121867 0.328772 0.665457 0.336290 9.133128
0.201059 0.126224 0.190237 0.569406 0.149505 10.961295
0.300774 0.140877 0.230469 0.719966 0.207351 8.964075
0.271828 0.142545 0.327839 0.650287 0.170102 12.213344
0.273467 0.161439 0.295936 0.638956 0.154128 7.817646
0.267752 0.136293 0.348055 0.804641 0.181925 7.596253
0.275845 0.150144 0.203328 0.747762 0.292469 9.524882
0.116141 0.132007 0.455856 0.720913 0.349732 6.588043
0.169408 0.125036 0.241755 0.504738 0.265238 7.028034
0.271468 0.125355 0.310722 0.770297 0.093463 6.715415
0.213157 0.161046 0.191740 0.473742 0.274343 6.602562
0.115999 0.145426 0.345255 0.614836 0.413991 6.130390
0.275158 0.138074 0.079315 0.578171 0.212000 6.305593
0.261078 0.163568 0.192900 0.639262 0.260715 14.427509
0.149352 0.121594 0.372225 0.725265 0.374344 14.981310
0.160110 0.115397 0.244238 0.532458 0.225775 7.503398
0.257947 0.166320 0.208590 0.630344 0.388341 6.279287
0.201236 0.148300 0.261901 0.720179 0.175954 6.860038
0.193705 0.137330 0.381389 0.638840 0.171359 7.273964
0.187616 0.117484 0.502095 0.751456 0.360720 6.228669
0.229523 0.125946 0.142784 0.669320 0.214863 6.265604
0.276465 0.126329 0.384606 0.816016 0.333938 8.927557
0.166364 0.099625 0.490846 0.802996 0.399214 7.149696
0.252930 0.151560 0.268781 0.711181 0.124930 6.092865
0.237336 0.124739 0.456922 0.825327 0.360383 7.913297
0.209906 0.167905 0.357969 0.628237 0.230099 8.060515
0.276465 0.145739 0.156120 0.702588 0.330047 6.288464
0.163850 0.157881 0.224462 0.512947 0.240814 11.335449
0.174341 0.130504 0.282946 0.622409 0.210402 26.882689
0.292214 0.143538 0.253140 0.650463 0.160617 10.958938
0.271468 0.130002 0.196194 0.534573 0.081924 6.811340
0.288470 0.134559 0.117239 0.550548 0.164101 6.922677
0.136645 0.157016 0.316597 0.607455 0.410976 6.575386
0.286690 0.143232 0.140656 0.639148 0.158881 6.644049
0.226221 0.099526 0.357379 0.631369 0.167831 6.171165
0.205905 0.100652 0.281847 0.718066 0.246552 11.484626
0.130437 0.111605 0.404806 0.608842 0.285360 9.373144
0.131604 0.136942 0.363358 0.727352 0.500066 6.312144
0.150412 0.151706 0.293105 0.642364 0.253272 11.445280
0.241506 0.130338 0.332195 0.581049 0.248347 13.324882
0.266319 0.106448 0.300659 0.771789 0.221086 10.217382
0.279059 0.149550 0.279242 0.734434 0.317534 13.463660
