# gen=50 mediating population
# x0..x(D-1) f0 f1 consensus
0.224232 0.355966 0.000000 0.940623 0.224798 0.615408 0.515033 0.054280 0.000000 0.767649 8.930718 9.294826 8.930718
0.101180 0.466610 0.024941 0.756488 0.000000 0.632170 0.682669 0.467993 0.844930 0.000000 8.930718 9.294826 8.930718
0.000000 0.451095 0.116594 1.000000 0.262902 0.945049 0.000000 1.000000 1.000000 0.085339 8.930718 9.294826 8.930718
0.286386 0.366333 0.082845 0.931109 0.466522 0.707420 1.000000 0.033692 0.381419 0.384564 8.930718 9.294826 8.930718
0.213948 0.339448 0.192497 0.719799 0.601598 0.999812 0.511872 0.451980 0.433476 0.719958 8.932323 9.294826 8.932323
0.351331 0.399568 0.185560 0.699485 0.784626 0.119059 0.931930 0.143639 1.000000 0.513275 8.930718 9.294826 8.930718
0.023791 0.408546 0.273005 1.000000 0.963056 0.210118 0.000000 0.000000 0.084175 0.000000 8.930718 9.294826 8.930718
0.116617 0.354460 0.113003 0.776387 0.682359 0.840179 0.791788 0.408782 0.319029 0.635786 8.930975 9.294826 8.930975
0.074769 0.412581 0.000000 0.965898 0.870155 0.589377 0.294192 0.511647 0.590215 0.776944 8.930718 9.294826 8.930718
0.139250 0.454848 0.226388 0.690761 0.429544 1.000000 1.000000 1.000000 1.000000 0.822939 8.930718 9.294826 8.930718
0.062176 0.453195 0.051964 0.953716 0.745577 0.533490 0.463938 0.398920 0.762693 0.768398 8.930718 9.294826 8.930718
0.335345 0.378112 0.102448 0.732670 0.459587 0.651094 1.000000 0.385942 0.559319 0.476816 8.930855 9.294826 8.930855
0.202589 0.341615 0.000000 0.848548 0.282710 0.874202 1.000000 0.000000 0.777106 0.361818 8.930718 9.294826 8.930718
0.136556 0.447734 0.000000 1.000000 0.187415 1.000000 0.713077 0.750736 0.584188 0.904631 8.930718 9.294826 8.930718
0.171550 0.401561 0.097479 1.000000 0.000000 0.300503 0.437850 0.277239 0.267778 0.042650 8.930718 9.294826 8.930718
0.251586 0.456059 0.000000 0.791554 0.336550 0.815522 0.134015 0.000000 0.128408 0.137079 8.930718 9.294826 8.930718
0.176935 0.383739 0.007126 1.000000 1.000000 0.191075 1.000000 0.456048 0.534911 0.015405 8.930718 9.294826 8.930718
0.100780 0.430245 0.054424 0.968572 0.000000 0.994629 0.451621 0.000000 0.235158 1.000000 8.930718 9.294826 8.930718
0.193129 0.400541 0.227995 0.755478 0.409408 0.964440 0.491473 0.391537 0.375592 1.000000 8.930718 9.294826 8.930718
0.000000 0.338656 0.021313 1.000000 0.269719 1.000000 0.700285 0.093213 1.000000 0.000000 8.930718 9.294826 8.930718
0.098727 0.373371 0.084254 0.761070 0.689883 0.775148 1.000000 1.000000 0.959987 0.801323 8.930718 9.294826 8.930718
0.357859 0.408567 0.183484 1.000000 0.825807 0.042793 0.170631 0.000000 0.156210 0.000000 8.930718 9.294826 8.930718
0.147256 0.419125 0.216209 0.975636 0.463056 0.511153 0.000000 0.000000 0.528737 0.072560 8.930718 9.294826 8.930718
0.000000 0.466641 0.038946 1.000000 0.362434 0.548124 0.200730 0.311710 0.782203 0.000000 8.930718 9.294826 8.930718
0.025380 0.383934 0.155960 0.872849 0.651559 0.699676 0.810469 0.802553 0.463604 0.243205 8.930718 9.294826 8.930718
0.051941 0.441545 0.159250 0.896183 0.877973 1.000000 1.000000 0.000000 0.000000 0.835027 8.930718 9.294826 8.930718
0.023550 0.449431 0.095687 1.000000 0.755952 1.000000 1.000000 0.149189 0.000000 0.525833 8.930718 9.294826 8.930718
0.000000 0.416491 0.000000 0.774195 0.151047 0.832852 0.099958 0.451950 0.862173 0.039231 8.930718 9.294826 8.930718
0.033661 0.414475 0.216878 0.816955 0.644180 0.980826 1.000000 0.702140 0.793088 0.418526 8.930718 9.294826 8.930718
0.289021 0.378169 0.059495 0.773321 0.642344 0.369882 1.000000 0.030455 0.565225 0.543015 8.930718 9.294826 8.930718
0.269662 0.387335 0.062349 1.000000 0.000000 1.000000 0.389286 0.890920 1.000000 0.391493 8.930718 9.294826 8.930718
0.000000 0.404589 0.222100 0.766590 0.423601 0.630628 0.757950 0.303275 0.918984 0.016302 8.930718 9.294826 8.930718
0.017611 0.339408 0.000000 0.939027 0.126904 1.000000 0.000000 1.000000 0.704925 0.000000 8.930718 9.294826 8.930718
0.271854 0.350936 0.227995 0.755478 0.765232 1.000000 0.549482 0.266669 0.000000 1.000000 8.930718 9.294826 8.930718
0.000000 0.453386 0.070656 0.975776 0.958907 0.220956 0.456940 0.476990 0.108276 0.015683 8.930718 9.294826 8.930718
0.260287 0.444919 0.000000 0.982581 0.000000 0.930406 0.284339 0.329837 0.903716 0.617822 8.930718 9.294826 8.930718
0.164561 0.453442 0.216878 0.690761 0.305840 0.901421 0.784213 0.850690 0.549294 0.664184 8.930718 9.294826 8.930718
0.104582 0.468059 0.009725 1.000000 0.082186 0.848749 0.847545 1.000000 0.660762 0.000000 8.930718 9.294826 8.930718
0.291006 0.366333 0.082845 0.730038 0.213159 0.335445 0.918850 0.767352 0.306348 0.540977 8.930718 9.294826 8.930718
0.054923 0.383934 0.155960 0.857547 0.714426 0.199676 1.000000 0.790238 0.524344 0.357444 8.930718 9.294826 8.930718
0.328644 0.366623 0.000000 0.940623 0.171907 0.548568 0.540022 0.000000 0.140990 0.634562 8.930718 9.294826 8.930718
0.000000 0.452746 0.000000 0.928773 0.835983 0.263949 0.774914 0.475201 0.899753 0.540882 8.930718 9.294826 8.930718
0.203889 0.451095 0.116594 0.998044 0.000000 0.980691 0.000000 1.000000 0.890119 0.064489 8.930718 9.294826 8.930718
0.308762 0.388167 0.175593 0.745421 0.021078 0.114426 0.695494 0.871873 0.092414 0.792308 8.930718 9.294826 8.930718
0.319389 0.457439 0.060203 0.715965 0.000000 0.939040 0.776272 0.402043 0.664115 0.046792 8.930718 9.294826 8.930718
0.116617 0.396768 0.070252 0.778308 0.629555 0.680734 0.685205 0.155680 0.412462 0.545141 8.930804 9.294826 8.930804
0.243619 0.477372 0.210728 0.713320 0.710736 0.800465 0.868677 0.000000 0.392067 0.674810 8.930718 9.294826 8.930718
0.041189 0.346390 0.000000 0.695605 0.000000 1.000000 0.800738 0.000000 1.000000 0.442242 8.930718 9.294826 8.930718
0.083899 0.410228 0.000000 0.947219 0.260918 0.182681 0.000000 0.543901 0.594029 0.910841 8.930718 9.294826 8.930718
0.080307 0.380006 0.090611 0.698507 0.000000 1.000000 0.264954 0.064659 0.241682 0.313165 8.930718 9.294826 8.930718
0.392461 0.375863 0.029882 1.000000 0.959404 0.318159 0.593571 0.009742 0.000000 0.000000 8.930718 9.294826 8.930718
0.000000 0.456866 0.075518 0.975776 1.000000 0.243910 0.662191 0.624676 0.338663 0.015683 8.930718 9.294826 8.930718
0.129258 0.380253 0.245203 0.734336 0.601598 0.916804 0.565522 0.466050 0.517820 0.720097 8.930732 9.294826 8.930732
0.000000 0.444753 0.110225 1.000000 0.748331 0.389978 1.000000 0.869793 0.629667 0.254735 8.930718 9.294826 8.930718
0.379920 0.422060 0.181008 0.987818 0.327799 0.387663 0.911565 0.000000 0.042324 0.285817 8.930718 9.294826 8.930718
0.294800 0.366333 0.171337 0.915169 0.703641 0.636825 0.500000 0.868081 0.074348 0.278577 8.930718 9.294826 8.930718
0.000000 0.477097 0.025433 0.945007 0.585790 1.000000 0.430144 0.538053 1.000000 0.127765 8.930718 9.294826 8.930718
0.269714 0.396087 0.000000 0.890100 0.000000 0.936873 0.713669 0.970371 0.749632 0.914999 8.930718 9.294826 8.930718
0.009834 0.443890 0.000000 0.876940 0.429988 1.000000 0.200730 0.413351 0.626279 0.000000 8.930718 9.294826 8.930718
0.248557 0.415743 0.020082 0.765908 0.000000 0.365129 1.000000 0.540312 1.000000 1.000000 8.930718 9.294826 8.930718
0.002005 0.406196 0.096087 1.000000 0.000000 0.693831 0.000000 0.500973 0.654523 0.828967 8.930718 9.294826 8.930718
0.325249 0.371234 0.287418 0.909965 0.345614 0.863038 0.872244 0.762889 0.411976 0.846710 8.930718 9.294826 8.930718
0.000000 0.352708 0.144180 0.693253 0.969221 0.275118 0.441885 0.972958 0.362077 0.503461 8.930718 9.294826 8.930718
0.317593 0.452992 0.123882 1.000000 0.155058 0.634075 0.000000 0.000000 0.000000 0.000000 8.930718 9.294826 8.930718
0.000000 0.392485 0.030353 1.000000 0.312051 1.000000 0.700285 0.000000 0.569409 0.000000 8.930718 9.294826 8.930718
0.009254 0.437837 0.266590 0.776959 0.714426 0.049107 1.000000 0.596704 0.627745 0.010292 8.930718 9.294826 8.930718
0.000000 0.436747 0.000000 0.972503 0.180882 1.000000 0.601413 0.605535 1.000000 0.112931 8.930718 9.294826 8.930718
0.116729 0.453613 0.216878 0.690761 0.378321 1.000000 0.821006 0.590743 0.921547 0.575453 8.930718 9.294826 8.930718
0.291006 0.366333 0.191358 0.746794 0.361779 0.000000 0.827930 1.000000 0.126882 0.645157 8.930718 9.294826 8.930718
0.238825 0.427467 0.050785 0.741411 0.880596 0.684358 0.662119 0.000000 0.158871 0.546524 8.931421 9.294826 8.931421
0.251761 0.384139 0.174577 0.967592 0.000000 0.791548 0.350142 0.000000 0.601754 0.000000 8.930718 9.294826 8.930718
0.197048 0.352817 0.050837 0.702373 0.349430 0.945663 0.967039 0.000000 0.661104 1.000000 8.931588 9.294826 8.931588
0.344574 0.419079 0.126159 0.787066 0.658078 0.825736 0.483307 0.249926 0.448148 0.648242 8.931954 9.294826 8.931954
0.076733 0.438700 0.069907 1.000000 1.000000 0.345140 0.570429 0.672693 0.138859 0.211922 8.930718 9.294826 8.930718
0.087524 0.336815 0.192906 0.899306 0.571043 0.704370 0.542384 0.271602 0.192522 0.395647 8.930718 9.294826 8.930718
0.281027 0.413524 0.157361 0.823876 0.406499 1.000000 0.477295 0.498219 0.000000 0.262916 8.930718 9.294826 8.930718
0.000000 0.416901 0.276275 0.740553 0.157008 0.925008 0.000000 0.841741 1.000000 0.000000 8.930718 9.294826 8.930718
0.087696 0.359183 0.205632 0.886029 1.000000 0.703265 0.352874 0.000000 0.000000 0.231498 8.930718 9.294826 8.930718
0.366716 0.413098 0.144116 1.000000 0.271403 0.644899 0.749213 0.000000 0.000000 0.594862 8.930718 9.294826 8.930718
0.000000 0.407480 0.206827 0.747560 0.560519 0.850442 0.760833 0.577220 1.000000 0.612975 8.930718 9.294826 8.930718
0.349912 0.430463 0.242042 0.746537 0.413404 0.728412 0.146342 0.363455 0.327556 0.745421 8.930718 9.294826 8.930718
0.327570 0.346250 0.258221 0.928425 0.459851 0.565711 0.805469 0.908562 0.440648 0.812124 8.930718 9.294826 8.930718
0.115583 0.396372 0.193748 0.775882 0.764289 0.876480 0.491473 0.169517 0.301163 0.886433 8.930718 9.294826 8.930718
0.165793 0.402252 0.050837 0.702373 0.255502 1.000000 0.867912 0.170228 0.699254 0.737357 8.930759 9.294826 8.930759
0.289685 0.412599 0.000000 0.847504 0.256303 1.000000 0.205121 1.000000 0.175682 0.039997 8.930718 9.294826 8.930718
0.230747 0.422186 0.078950 0.721449 0.658078 0.771172 0.824642 0.224807 0.507578 0.612101 8.942412 9.294826 8.942412
0.000000 0.428242 0.032722 1.000000 0.928573 0.328242 0.577959 0.588645 0.148016 0.000000 8.930718 9.294826 8.930718
0.217698 0.431148 0.127749 0.919816 0.188100 0.692404 0.939467 0.067244 0.287710 0.628885 8.930718 9.294826 8.930718
0.265777 0.387077 0.098853 0.970926 0.919271 0.281717 0.588397 0.224367 0.000000 0.348431 8.930718 9.294826 8.930718
0.000000 0.410054 0.154438 1.000000 0.586075 0.439005 0.188927 0.176660 0.430377 0.154705 8.930718 9.294826 8.930718
0.021733 0.403620 0.085754 0.865550 0.818742 0.794508 0.379061 0.391334 1.000000 0.579064 8.930718 9.294826 8.930718
0.083391 0.352102 0.000000 1.000000 0.429198 0.697070 0.476728 0.000000 0.061844 0.419614 8.930718 9.294826 8.930718
0.027183 0.382357 0.048077 0.993583 0.971700 0.123697 1.000000 0.465389 0.437243 0.120490 8.930718 9.294826 8.930718
0.102510 0.372041 0.000000 0.987305 0.430366 0.439118 0.511857 0.000000 0.343837 0.060347 8.930718 9.294826 8.930718
0.000000 0.362907 0.108534 0.881025 1.000000 0.212750 0.530333 0.696400 0.516343 0.291224 8.930718 9.294826 8.930718
0.060784 0.406851 0.110724 0.990658 0.421947 0.584187 0.676056 0.598210 0.064761 0.480204 8.930718 9.294826 8.930718
0.173272 0.362295 0.160786 1.000000 0.209474 1.000000 0.493363 1.000000 0.939692 0.188246 8.930718 9.294826 8.930718
0.040107 0.373402 0.000000 1.000000 0.572533 0.359017 0.340856 0.000000 0.602326 0.602126 8.930718 9.294826 8.930718
0.000000 0.394730 0.061751 1.000000 1.000000 0.000000 1.000000 0.387551 0.012534 0.000000 8.930718 9.294826 8.930718
0.000000 0.435084 0.000000 0.944992 0.457195 0.979233 0.000000 0.187324 0.297465 0.500147 8.930718 9.294826 8.930718
0.291006 0.367291 0.075408 0.967151 0.343260 0.407765 0.750854 0.648580 0.542893 0.540977 8.930718 9.294826 8.930718
0.078421 0.376945 0.111860 0.913554 0.399065 0.255086 0.671852 0.795847 0.934935 0.385931 8.930718 9.294826 8.930718
0.083207 0.437099 0.000000 1.000000 0.266358 0.522342 0.337820 0.000000 0.779676 0.670199 8.930718 9.294826 8.930718
0.187126 0.429269 0.202957 1.000000 0.865426 0.115640 0.000000 0.000000 0.000000 0.404761 8.930718 9.294826 8.930718
0.000000 0.394659 0.075344 1.000000 0.000000 1.000000 0.286921 0.084034 0.466991 0.417228 8.930718 9.294826 8.930718
0.202031 0.375257 0.040477 0.970926 1.000000 0.166015 0.892700 0.453819 0.148337 0.015405 8.930718 9.294826 8.930718
0.000000 0.419195 0.130276 1.000000 0.000000 0.846891 0.000000 0.596152 1.000000 0.177219 8.930718 9.294826 8.930718
0.369266 0.406855 0.000000 1.000000 0.043955 0.190538 0.628501 0.443473 0.000000 0.519131 8.930718 9.294826 8.930718
0.334260 0.428487 0.045419 0.897730 0.000000 1.000000 1.000000 0.172833 1.000000 1.000000 8.930718 9.294826 8.930718
0.381504 0.347108 0.185211 0.704618 0.207696 0.903752 1.000000 0.500751 0.873485 1.000000 8.930718 9.294826 8.930718
0.077852 0.435911 0.075757 1.000000 0.079300 0.646304 0.834793 0.999865 0.698441 0.069368 8.930718 9.294826 8.930718
0.213874 0.364864 0.000000 0.897107 0.347212 0.463334 0.883351 0.426952 0.544999 0.577590 8.930718 9.294826 8.930718
0.215329 0.337805 0.000000 1.000000 0.662086 0.000000 0.609035 0.000000 0.185242 0.268403 8.930718 9.294826 8.930718
0.130531 0.362326 0.000000 0.907458 0.477842 0.997023 0.859730 0.899227 0.922493 0.298887 8.930718 9.294826 8.930718
0.024002 0.384072 0.174653 0.869712 0.405756 0.288564 0.844082 0.597813 0.729036 0.309024 8.930718 9.294826 8.930718
0.000000 0.391963 0.162166 0.728474 0.470450 0.127497 0.635435 0.410573 0.763375 0.493503 8.930718 9.294826 8.930718
0.309004 0.463569 0.062507 1.000000 0.102447 0.829628 0.694813 1.000000 0.892744 0.494971 8.930718 9.294826 8.930718
0.328391 0.461852 0.207332 0.791554 0.231087 0.796592 0.000000 0.000000 0.256981 0.384564 8.930718 9.294826 8.930718
0.155393 0.451984 0.116594 1.000000 0.313374 0.867488 0.962844 1.000000 0.635599 0.000000 8.930718 9.294826 8.930718
0.000000 0.465324 0.000000 1.000000 0.662744 0.767680 0.549727 0.644562 0.148016 0.000000 8.930718 9.294826 8.930718
0.194490 0.368244 0.023625 0.718087 0.349430 0.849770 0.959749 0.170228 0.643520 0.569218 8.930766 9.294826 8.930766
0.199283 0.415743 0.019450 0.918134 0.000000 1.000000 0.918446 0.081013 0.996644 0.962975 8.930718 9.294826 8.930718
0.000000 0.461440 0.000000 1.000000 0.144962 1.000000 0.510628 0.184736 0.944495 0.078463 8.930718 9.294826 8.930718
0.095664 0.461099 0.000000 1.000000 0.000000 0.802841 0.437042 0.704628 0.199988 0.000000 8.930718 9.294826 8.930718
0.290556 0.344140 0.161253 0.909965 0.364635 0.863640 0.833161 1.000000 0.819995 0.893307 8.930718 9.294826 8.930718
0.000000 0.457234 0.109098 1.000000 1.000000 0.643857 0.375113 0.335081 0.656434 0.622785 8.930718 9.294826 8.930718
0.187660 0.370941 0.129798 0.924158 0.198976 1.000000 0.952075 1.000000 0.836784 0.000000 8.930718 9.294826 8.930718
0.023726 0.448641 0.052621 1.000000 0.437634 0.112945 0.200730 0.302290 0.633471 0.000000 8.930718 9.294826 8.930718
0.004643 0.354621 0.058491 0.830172 0.728517 0.139608 0.697531 0.475201 0.703719 0.203477 8.930718 9.294826 8.930718
0.068861 0.406827 0.204796 1.000000 0.971478 0.446340 1.000000 0.249166 0.039773 0.349822 8.930718 9.294826 8.930718
0.230673 0.346353 0.160605 0.843400 1.000000 0.220102 1.000000 0.192890 0.000000 0.000000 8.930718 9.294826 8.930718
0.000000 0.383919 0.086746 1.000000 0.972022 0.217180 0.000000 0.000000 0.000000 0.152523 8.930718 9.294826 8.930718
0.148049 0.425625 0.181232 0.894635 0.426115 0.949760 0.875822 0.282694 1.000000 0.637085 8.930718 9.294826 8.930718
0.049404 0.411761 0.214782 1.000000 0.332407 0.348669 1.000000 0.035692 0.095234 0.485523 8.930718 9.294826 8.930718
0.296476 0.434965 0.163717 0.872084 0.234972 0.651924 0.902788 0.939608 0.661597 0.820652 8.930718 9.294826 8.930718
0.000000 0.470535 0.076165 1.000000 0.048318 0.611061 0.000000 0.603299 1.000000 0.000000 8.930718 9.294826 8.930718
0.208824 0.461653 0.117139 1.000000 0.149721 0.866320 0.049979 0.592827 0.726069 0.121387 8.930718 9.294826 8.930718
0.000000 0.437324 0.058677 0.697096 0.863613 0.635414 0.421287 0.466754 0.548944 0.322170 8.930718 9.294826 8.930718
0.368720 0.445052 0.006859 1.000000 0.000000 0.152647 0.000000 0.000000 0.059908 0.819333 8.930718 9.294826 8.930718
0.165793 0.379507 0.009102 0.702373 0.593305 0.665154 0.719159 0.336813 0.273262 0.737357 8.944607 9.294826 8.944607
0.054871 0.419374 0.000000 0.771221 0.338059 1.000000 1.000000 1.000000 0.846762 0.440917 8.930718 9.294826 8.930718
0.210492 0.339455 0.073430 0.871684 0.381284 0.611313 0.741640 0.125317 0.277106 0.348215 8.930718 9.294826 8.930718
0.297211 0.363803 0.014875 0.876695 0.522256 0.625787 0.690780 0.287383 0.690913 0.707754 8.930718 9.294826 8.930718
0.166495 0.369190 0.126229 0.872889 0.543771 0.000000 0.602063 0.308804 0.059800 0.000000 8.930718 9.294826 8.930718
0.028781 0.404254 0.146859 1.000000 0.539939 0.474221 0.000000 0.384984 0.000000 0.200701 8.930718 9.294826 8.930718
0.019908 0.338656 0.000000 1.000000 0.213193 0.768597 0.840856 0.246647 0.996282 0.000000 8.930718 9.294826 8.930718
0.000000 0.465684 0.199188 0.968553 0.752045 0.125401 0.971586 0.732505 0.724006 0.208115 8.930718 9.294826 8.930718
0.158174 0.362230 0.000000 1.000000 0.187855 0.694168 0.635296 0.000000 0.123689 0.663724 8.930718 9.294826 8.930718
0.125178 0.470575 0.138962 0.901442 0.671785 0.000000 0.915562 1.000000 0.604267 0.341792 8.930718 9.294826 8.930718
0.035135 0.457657 0.069346 0.776223 0.000000 1.000000 0.481703 0.000000 1.000000 0.509675 8.930718 9.294826 8.930718
0.000000 0.449747 0.123653 0.912864 0.968904 0.334599 0.671987 1.000000 0.169424 0.118973 8.930718 9.294826 8.930718
0.251392 0.342866 0.024974 1.000000 0.169736 1.000000 1.000000 0.374481 0.931321 0.350715 8.930718 9.294826 8.930718
0.026388 0.435034 0.162087 1.000000 0.890665 0.709995 1.000000 0.235633 0.111293 0.471952 8.930718 9.294826 8.930718
0.000000 0.451095 0.116594 1.000000 0.124969 1.000000 0.000000 1.000000 0.928899 0.000000 8.930718 9.294826 8.930718
0.110121 0.430211 0.000000 1.000000 0.821590 0.803010 0.795873 0.231862 0.606468 0.919882 8.930718 9.294826 8.930718
0.225145 0.412095 0.000000 0.951271 0.000000 1.000000 0.365270 0.184660 1.000000 0.160524 8.930718 9.294826 8.930718
0.000000 0.447103 0.000000 0.885611 0.631764 1.000000 0.963810 0.959090 1.000000 0.537479 8.930718 9.294826 8.930718
0.000000 0.473733 0.116191 1.000000 0.252968 0.997934 0.875466 0.255474 1.000000 0.000000 8.930718 9.294826 8.930718
0.247514 0.406919 0.091833 1.000000 0.000000 1.000000 0.540478 0.273090 0.678844 0.171594 8.930718 9.294826 8.930718
0.040440 0.359340 0.006300 0.928874 1.000000 0.896120 0.556831 0.805157 0.501678 0.000000 8.930718 9.294826 8.930718
0.297137 0.398750 0.153202 0.767484 0.468831 0.540131 0.711433 0.000000 0.339202 0.554374 8.931049 9.294826 8.931049
0.172443 0.337897 0.112281 1.000000 0.712211 0.622927 0.080457 0.225454 0.183781 0.089651 8.930718 9.294826 8.930718
0.000000 0.459419 0.122542 0.825727 0.423131 0.889243 0.343973 0.649506 1.000000 0.343555 8.930718 9.294826 8.930718
0.025380 0.395451 0.109119 0.937380 0.446022 0.942028 0.598904 0.414274 0.392557 0.107945 8.930718 9.294826 8.930718
0.000000 0.424837 0.000000 0.918232 0.646778 0.744003 0.536656 0.749987 1.000000 0.260521 8.930718 9.294826 8.930718
0.193666 0.469279 0.163357 0.897432 1.000000 0.000000 1.000000 0.612183 0.271690 0.519661 8.930718 9.294826 8.930718
0.071545 0.473818 0.176449 0.735778 0.622593 0.836213 0.141588 0.453989 0.290130 0.536479 8.930718 9.294826 8.930718
0.093732 0.476065 0.142678 0.782698 0.093514 0.921840 0.039784 0.209961 0.000000 0.384997 8.930718 9.294826 8.930718
0.109218 0.416596 0.118279 0.956777 0.153322 0.953345 0.337974 0.931470 1.000000 0.346869 8.930718 9.294826 8.930718
0.000000 0.404254 0.196780 1.000000 0.766950 0.526379 0.199147 0.000000 0.000000 0.000000 8.930718 9.294826 8.930718
0.330442 0.419831 0.111050 0.741411 1.000000 0.889489 0.924126 0.000000 0.238368 0.534640 8.930718 9.294826 8.930718
0.257801 0.403452 0.086521 0.914068 0.000000 0.808811 0.918898 0.331446 0.082777 0.478718 8.930718 9.294826 8.930718
0.041167 0.437860 0.150360 0.878559 0.258804 0.370783 0.639326 0.365285 0.733297 0.203280 8.930718 9.294826 8.930718
0.395573 0.337805 0.000000 0.968023 0.000000 0.002622 0.335449 0.259009 0.000000 0.522363 8.930718 9.294826 8.930718
0.236284 0.400093 0.000000 0.710606 0.241968 0.774284 0.661886 0.000000 0.351357 1.000000 8.932900 9.294826 8.932900
0.394159 0.429357 0.232422 1.000000 0.000000 0.565517 0.197750 0.000000 0.084538 0.504478 8.930718 9.294826 8.930718
0.000000 0.407547 0.047014 1.000000 0.121921 0.305035 0.392442 0.105130 0.660410 0.611558 8.930718 9.294826 8.930718
0.224796 0.461440 0.018780 0.839751 0.000000 0.949451 0.461164 0.180447 0.935651 0.000000 8.930718 9.294826 8.930718
0.258088 0.471413 0.260455 1.000000 0.171026 0.998795 1.000000 0.272077 0.568623 0.687875 8.930718 9.294826 8.930718
0.056783 0.454765 0.203290 0.792367 0.292360 1.000000 1.000000 0.302208 0.755914 0.618390 8.930718 9.294826 8.930718
0.084932 0.336785 0.000000 0.970312 0.567049 0.994197 0.558128 0.000000 0.000000 0.433669 8.930718 9.294826 8.930718
0.052284 0.389180 0.203482 1.000000 1.000000 0.202744 1.000000 0.249166 0.102691 0.399030 8.930718 9.294826 8.930718
0.214367 0.386951 0.008627 0.922497 0.000000 0.685514 0.418446 0.000000 0.780325 0.728712 8.930718 9.294826 8.930718
0.275754 0.337805 0.000000 1.000000 0.228796 0.000000 0.310618 0.035167 0.000000 0.623093 8.930718 9.294826 8.930718
0.000000 0.394728 0.124752 1.000000 0.712211 0.717180 0.000000 0.000000 0.329685 0.074078 8.930718 9.294826 8.930718
0.263962 0.461099 0.043489 1.000000 0.000000 0.689170 0.000000 0.126006 0.178704 0.000000 8.930718 9.294826 8.930718
0.198721 0.412634 0.128073 0.843355 1.000000 0.180705 1.000000 0.930001 0.763144 0.000000 8.930718 9.294826 8.930718
0.227222 0.338661 0.092760 0.694074 0.895396 0.863051 0.690644 0.000000 0.092745 0.580910 8.931581 9.294826 8.931581
0.298734 0.429741 0.198797 0.959192 0.000000 0.979883 1.000000 0.568624 0.148858 0.985917 8.930718 9.294826 8.930718
0.223395 0.445230 0.124554 0.714200 0.603737 0.619059 0.758816 0.000000 1.000000 0.445534 8.930718 9.294826 8.930718
0.082068 0.394161 0.214439 0.817916 0.950437 0.351830 0.826597 0.373951 0.154543 0.000000 8.930718 9.294826 8.930718
0.306292 0.432667 0.144116 1.000000 0.224022 0.863550 0.911565 0.000000 0.000000 0.443317 8.930718 9.294826 8.930718
0.034298 0.366122 0.046537 1.000000 0.495805 1.000000 0.615865 0.439139 0.962699 0.021906 8.930718 9.294826 8.930718
0.141846 0.383222 0.080086 0.690761 0.535724 0.600996 0.826287 0.179427 0.307597 0.585096 8.937278 9.294826 8.937278
0.069776 0.350416 0.036558 0.919954 0.501910 0.720118 0.945810 0.017600 0.855734 0.212931 8.930718 9.294826 8.930718
0.000000 0.423039 0.122542 0.783664 0.118932 0.872036 0.366465 0.656898 1.000000 0.000000 8.930718 9.294826 8.930718
0.188702 0.417225 0.008125 1.000000 0.209069 1.000000 0.921834 0.746300 0.670801 0.781069 8.930718 9.294826 8.930718
0.313310 0.352002 0.141271 1.000000 0.000000 0.713765 0.290410 0.000000 0.405721 0.000000 8.930718 9.294826 8.930718
0.030785 0.347084 0.061842 0.830172 0.845043 0.000000 1.000000 0.599784 0.755065 0.402992 8.930718 9.294826 8.930718
0.061028 0.435702 0.100951 0.911938 0.565684 0.548124 0.120144 0.425770 0.430377 0.131458 8.930718 9.294826 8.930718
0.000000 0.435819 0.067304 1.000000 0.169829 0.646568 1.000000 0.382448 1.000000 0.191906 8.930718 9.294826 8.930718
0.012975 0.408574 0.000000 0.953729 0.342790 1.000000 0.516720 0.134349 1.000000 0.227906 8.930718 9.294826 8.930718
0.252047 0.403330 0.051818 0.719172 0.359176 0.550191 1.000000 0.262238 0.548007 0.485028 8.930915 9.294826 8.930915
0.162946 0.435846 0.108395 0.694021 0.372423 0.829084 0.710418 0.000000 0.516031 0.798547 8.933931 9.294826 8.933931
0.176087 0.468352 0.050498 0.890246 0.947283 0.107725 1.000000 0.729390 0.604867 0.454490 8.930718 9.294826 8.930718
0.000000 0.429319 0.000000 1.000000 0.136005 0.994016 0.768328 0.459090 1.000000 0.317021 8.930718 9.294826 8.930718
0.101818 0.374336 0.000000 0.977609 0.550996 0.356269 0.288633 0.324159 0.849419 0.447394 8.930718 9.294826 8.930718
0.217694 0.470825 0.000000 1.000000 0.008917 0.416788 0.989730 0.376152 0.828861 0.174690 8.930718 9.294826 8.930718
0.180947 0.396208 0.093405 0.717133 0.894014 0.404362 1.000000 0.488668 0.506488 0.488959 8.930724 9.294826 8.930724
0.048060 0.358649 0.000000 0.717524 0.299124 0.677866 0.582708 0.000000 1.000000 0.719672 8.930718 9.294826 8.930718
0.078789 0.376730 0.000000 1.000000 0.364239 0.140418 0.021444 0.168484 0.000000 0.090668 8.930718 9.294826 8.930718
0.138013 0.352948 0.009883 0.922683 0.404820 0.734755 0.000000 0.192834 0.505283 0.000000 8.930718 9.294826 8.930718
0.108349 0.431540 0.232039 0.738027 0.883536 0.577497 0.616277 0.214238 0.108600 0.000000 8.930718 9.294826 8.930718
0.198336 0.392250 0.015960 0.805186 0.357591 0.506677 0.946309 0.753552 0.751688 1.000000 8.930718 9.294826 8.930718
0.267937 0.419455 0.052968 0.744591 0.378997 0.781762 0.614862 0.400715 0.418326 0.680217 8.930902 9.294826 8.930902
0.083210 0.439604 0.230784 0.797888 0.751107 0.021526 0.832138 0.597693 0.118664 0.000000 8.930718 9.294826 8.930718
0.000000 0.435371 0.164509 0.725762 0.007810 1.000000 0.000000 0.787115 0.713710 0.000000 8.930718 9.294826 8.930718
0.183374 0.391911 0.089538 0.735335 0.771419 0.574119 1.000000 0.000000 0.454748 0.569218 8.930807 9.294826 8.930807
0.264555 0.362230 0.000000 0.834257 0.000000 0.755169 0.135296 0.000000 0.000000 0.573282 8.930718 9.294826 8.930718
0.062030 0.446913 0.006242 0.771147 0.000000 1.000000 0.747015 0.000000 0.103113 0.368139 8.930718 9.294826 8.930718
0.174438 0.415743 0.019450 0.850540 0.000000 0.695421 0.624645 0.077389 1.000000 0.765152 8.930718 9.294826 8.930718
0.102498 0.379715 0.115991 0.777386 0.535642 0.942829 0.747703 0.408782 0.491788 0.772166 8.932307 9.294826 8.932307
0.116617 0.347285 0.052815 0.762638 0.641349 0.867654 1.000000 0.211549 0.319029 0.649582 8.930855 9.294826 8.930855
0.000000 0.454146 0.050801 1.000000 0.138922 0.609060 0.517283 0.000000 0.045234 0.931696 8.930718 9.294826 8.930718
0.135869 0.347209 0.042626 0.932775 0.715482 1.000000 0.674938 0.115208 0.383352 0.598942 8.930718 9.294826 8.930718
0.000000 0.360663 0.016025 1.000000 1.000000 1.000000 0.698406 0.650037 1.000000 0.000000 8.930718 9.294826 8.930718
0.032650 0.456866 0.145888 1.000000 1.000000 0.000000 1.000000 0.481960 0.317025 0.015683 8.930718 9.294826 8.930718
0.047453 0.399083 0.027350 0.990442 0.607596 0.108875 0.000000 0.168484 0.000000 0.206414 8.930718 9.294826 8.930718
0.098893 0.439692 0.173267 0.709977 0.134161 0.908185 0.000000 0.000000 0.000000 0.405780 8.930718 9.294826 8.930718
0.269354 0.386158 0.007638 0.922438 0.053943 1.000000 0.702739 0.158022 1.000000 0.356788 8.930718 9.294826 8.930718
0.000000 0.356267 0.229239 0.832751 0.652306 1.000000 0.000000 0.284192 0.657712 0.000000 8.930718 9.294826 8.930718
0.346835 0.348868 0.151060 0.716383 0.313748 0.929896 0.586008 0.550315 1.000000 1.000000 8.930718 9.294826 8.930718
0.181948 0.405616 0.123628 0.709879 0.412424 0.644282 1.000000 0.491789 0.738472 0.601783 8.930985 9.294826 8.930985
0.149319 0.392610 0.263103 0.989342 0.979189 0.000000 1.000000 0.297470 0.627745 0.661244 8.930718 9.294826 8.930718
0.100273 0.416491 0.002089 0.694070 0.078566 0.807577 0.498812 0.449805 0.857750 0.000000 8.930718 9.294826 8.930718
0.143642 0.421402 0.130303 1.000000 0.709761 0.803962 1.000000 0.124583 0.000000 0.595422 8.930718 9.294826 8.930718
0.155705 0.360540 0.151514 1.000000 0.278935 0.804530 0.511153 1.000000 0.462309 0.399256 8.930718 9.294826 8.930718
0.182491 0.410408 0.000000 0.915684 0.083388 0.730648 0.373032 0.000000 0.936645 0.911703 8.930718 9.294826 8.930718
0.022233 0.372497 0.102714 0.965503 0.156022 0.938862 0.000000 0.996252 0.716652 0.000000 8.930718 9.294826 8.930718
0.084004 0.377214 0.181459 0.862881 1.000000 0.608590 0.557692 0.423144 0.586643 0.000000 8.930718 9.294826 8.930718
0.192607 0.354541 0.066592 0.868667 0.378179 0.996842 1.000000 0.000000 0.543987 0.758924 8.930789 9.294826 8.930789
0.237882 0.425680 0.057615 0.741411 0.567287 1.000000 0.924126 0.250486 0.565630 0.746743 8.933164 9.294826 8.933164
0.123151 0.404947 0.219772 1.000000 0.963056 0.106691 0.000000 0.000000 0.296193 0.000000 8.930718 9.294826 8.930718
0.267739 0.429405 0.000000 0.701487 0.408792 0.849776 1.000000 0.470149 0.534413 0.441746 8.930785 9.294826 8.930785
0.000000 0.461440 0.000000 1.000000 0.000000 0.707725 0.498845 0.249736 1.000000 0.075664 8.930718 9.294826 8.930718
0.114729 0.430209 0.209386 0.958512 0.425623 0.698494 0.617743 1.000000 0.373907 0.000000 8.930718 9.294826 8.930718
0.155135 0.425092 0.133185 0.737333 0.409982 0.782411 0.671126 0.000000 0.533761 0.892083 8.932977 9.294826 8.932977
0.288562 0.462240 0.190286 1.000000 0.496036 0.032829 0.763974 0.245163 0.447957 0.535944 8.930718 9.294826 8.930718
0.116617 0.386290 0.070252 0.721114 0.813826 0.680734 0.743338 0.197795 0.428819 0.813880 8.939833 9.294826 8.939833
0.387834 0.360684 0.000000 1.000000 0.882450 0.718827 0.473987 0.000000 0.000000 0.000000 8.930718 9.294826 8.930718
0.168936 0.374154 0.176580 1.000000 0.000000 0.451537 0.565655 0.419368 0.248408 0.088747 8.930718 9.294826 8.930718
0.267951 0.461440 0.096209 1.000000 0.211598 1.000000 0.468537 0.100630 0.803169 0.501880 8.930718 9.294826 8.930718
0.158971 0.475404 0.033351 1.000000 0.000000 1.000000 0.638468 0.270100 0.703652 0.000000 8.930718 9.294826 8.930718
0.341042 0.446913 0.144161 0.865993 0.000000 0.746963 0.918898 0.068217 0.000000 0.678304 8.930718 9.294826 8.930718
0.319331 0.446553 0.099727 1.000000 0.000000 1.000000 1.000000 0.540037 1.000000 1.000000 8.930718 9.294826 8.930718
0.342935 0.343925 0.254322 0.717921 0.227938 0.894386 0.813879 0.336383 0.407477 0.825692 8.930718 9.294826 8.930718
0.064893 0.433661 0.060622 1.000000 0.282342 0.000000 0.258909 0.160918 0.233297 0.000000 8.930718 9.294826 8.930718
0.325213 0.426408 0.138388 1.000000 0.618297 0.160039 0.000000 0.362325 0.418275 0.000000 8.930718 9.294826 8.930718
0.100607 0.431452 0.018439 1.000000 0.047958 0.781483 0.381591 0.892338 0.242878 0.000000 8.930718 9.294826 8.930718
0.000000 0.386858 0.056208 1.000000 0.136993 1.000000 0.992050 0.184736 1.000000 0.872301 8.930718 9.294826 8.930718
0.255567 0.344009 0.000000 0.766528 0.182025 0.374055 0.313221 0.775374 1.000000 0.000000 8.930718 9.294826 8.930718
0.000000 0.349322 0.053786 1.000000 0.383548 0.000000 0.449982 0.000000 0.067168 0.156889 8.930718 9.294826 8.930718
0.009954 0.339146 0.000000 1.000000 0.000000 0.229873 0.808213 0.605130 0.967481 0.387561 8.930718 9.294826 8.930718
0.000000 0.419831 0.234539 1.000000 1.000000 0.387560 0.107895 0.000000 0.339109 0.000000 8.930718 9.294826 8.930718
0.328834 0.460395 0.119359 0.887723 0.000000 0.741297 0.000000 0.518232 0.726069 0.072283 8.930718 9.294826 8.930718
0.244207 0.369884 0.131252 0.696974 0.270114 0.611313 0.655037 0.000000 0.277443 0.822288 8.940708 9.294826 8.940708
0.089938 0.465692 0.129830 0.703995 0.211800 0.796329 0.483304 0.000000 1.000000 0.000000 8.930718 9.294826 8.930718
0.158892 0.422610 0.050785 0.701487 0.904334 0.963310 0.836055 0.449614 0.448199 0.665794 8.931798 9.294826 8.931798
0.149740 0.371948 0.035614 0.970926 0.958907 0.095503 0.718350 0.078687 0.585171 0.053237 8.930718 9.294826 8.930718
0.084063 0.425712 0.000000 0.714601 0.181170 0.521547 0.844694 0.920300 0.639862 0.701876 8.930718 9.294826 8.930718
0.275194 0.443414 0.280224 0.713320 0.404678 0.898960 0.717422 0.000000 0.500000 0.308992 8.930718 9.294826 8.930718
0.303695 0.474009 0.051127 1.000000 0.000000 1.000000 0.523925 0.377426 0.859678 0.979653 8.930718 9.294826 8.930718
0.177645 0.420518 0.184996 0.727019 0.402443 0.674261 0.566134 0.000000 0.418426 0.854861 8.933982 9.294826 8.933982
0.307754 0.354428 0.057483 0.763203 0.432440 0.587592 1.000000 0.162080 0.424709 0.464124 8.931319 9.294826 8.931319
0.333808 0.355656 0.123947 0.911683 0.466522 0.707016 1.000000 0.000000 0.010788 0.845278 8.930718 9.294826 8.930718
0.050192 0.451095 0.066702 0.754141 0.085853 0.949881 0.000000 0.870400 0.194138 0.000000 8.930718 9.294826 8.930718
0.125178 0.411470 0.111860 0.913554 0.306645 0.350355 0.740957 1.000000 0.934935 0.333950 8.930718 9.294826 8.930718
0.143272 0.434093 0.126348 0.737333 0.372382 1.000000 0.671126 0.000000 0.608127 0.892083 8.931161 9.294826 8.931161
0.000000 0.400583 0.018941 1.000000 1.000000 1.000000 0.089375 0.533692 0.597236 0.265212 8.930718 9.294826 8.930718
0.213874 0.364864 0.080860 0.909965 0.366494 0.745904 1.000000 0.793402 0.850149 0.843200 8.930718 9.294826 8.930718
0.128579 0.380484 0.007121 0.849930 0.097129 0.572733 0.930509 0.640583 0.964139 0.677099 8.930718 9.294826 8.930718
0.277157 0.379396 0.091482 0.773321 0.486011 0.813409 0.935893 0.379309 0.712939 0.543015 8.930718 9.294826 8.930718
0.246992 0.418265 0.000000 1.000000 0.010272 0.696608 0.740555 0.376776 1.000000 1.000000 8.930718 9.294826 8.930718
0.059125 0.458909 0.099470 0.840350 0.677897 0.266230 0.456875 0.093666 0.919742 0.275526 8.930718 9.294826 8.930718
0.147117 0.381176 0.090983 0.919816 0.000000 1.000000 0.673605 0.399081 0.413536 0.377650 8.930718 9.294826 8.930718
0.000000 0.365710 0.187055 1.000000 0.474236 0.562966 0.307252 0.084629 0.000000 0.000000 8.930718 9.294826 8.930718
0.000000 0.378783 0.176929 1.000000 0.000000 0.140819 0.041458 0.865379 0.583719 0.221997 8.930718 9.294826 8.930718
0.000000 0.468059 0.000000 1.000000 0.263221 1.000000 0.847545 0.874859 0.967286 0.000000 8.930718 9.294826 8.930718
0.202551 0.444117 0.004179 1.000000 0.329312 0.844713 0.000000 1.000000 0.203129 0.032245 8.930718 9.294826 8.930718
0.147400 0.362295 0.116752 1.000000 0.000000 1.000000 0.232251 0.908838 0.699608 0.033475 8.930718 9.294826 8.930718
0.042058 0.451186 0.203482 0.776175 1.000000 0.029328 1.000000 0.121711 0.012220 0.114994 8.930718 9.294826 8.930718
0.000000 0.425766 0.145116 0.840303 0.505883 0.087412 1.000000 0.286976 0.969619 0.000000 8.930718 9.294826 8.930718
0.009954 0.394281 0.032896 0.987888 0.565503 0.483300 0.546272 0.287976 0.437086 0.007841 8.930718 9.294826 8.930718
0.280163 0.413098 0.000000 0.775882 0.500000 0.792240 0.635296 0.391253 0.000000 0.844935 8.930718 9.294826 8.930718
0.043967 0.399758 0.113845 0.876232 0.421947 0.682766 0.103841 0.245896 0.016323 0.664273 8.930718 9.294826 8.930718
0.000000 0.362907 0.108534 0.952604 1.000000 0.591435 0.401495 0.616200 0.176766 0.255516 8.930718 9.294826 8.930718
0.183374 0.374581 0.127210 0.735335 0.703416 0.577111 0.759296 0.000000 0.188243 0.619322 8.931395 9.294826 8.931395
0.084069 0.407480 0.136457 0.751827 0.375250 0.872997 0.263072 0.552276 0.730780 0.797556 8.930718 9.294826 8.930718
0.000000 0.419195 0.078319 1.000000 0.107182 1.000000 0.000000 1.000000 1.000000 0.176923 8.930718 9.294826 8.930718
0.314693 0.441345 0.058300 0.880535 0.000000 1.000000 0.738711 0.541080 1.000000 1.000000 8.930718 9.294826 8.930718
