# gen=0 party=0
# sp x0..x(D-1) party_fit
0 0.508234 0.138305 0.266989 0.024744 0.857330 0.191453 0.414364 0.324214 0.534842 0.737112 34.197706
1 0.907264 0.791598 0.452464 0.687577 0.787755 0.110801 0.718974 0.111664 0.173730 0.205127 34.197706
2 0.143194 0.416396 0.656434 0.249727 0.894874 0.005562 0.750850 0.969434 0.315930 0.992907 34.197706
3 0.609377 0.550485 0.052639 0.789020 0.199696 0.383834 0.925920 0.716069 0.408714 0.231173 34.197706
4 0.522741 0.780092 0.746593 0.824184 0.453502 0.139787 0.954982 0.819254 0.306363 0.268983 34.197706
5 0.072441 0.997711 0.295408 0.961073 0.304617 0.961910 0.253248 0.178856 0.943857 0.778529 34.197706
6 0.601093 0.831469 0.236392 0.672837 0.260421 0.876779 0.609552 0.618826 0.296997 0.347120 34.197706
7 0.264507 0.863310 0.039477 0.722001 0.264486 0.270189 0.637799 0.020505 0.769085 0.435715 34.197706
