# gen=300 mediating population
# x0..x(D-1) f0 f1 consensus
0.745227 0.825896 0.799912 0.499855 0.181043 0.484842 0.276518 0.394538 0.240312 0.594398 4.075953 4.140461 4.075953
0.855018 0.836663 0.767179 0.498420 0.105181 0.662135 0.306113 0.548435 0.397501 0.682862 4.075953 4.165755 4.075953
0.746742 0.866506 0.780330 0.501130 0.056900 0.657118 0.000000 0.355966 0.350900 0.637720 4.075953 4.116734 4.075953
0.760997 0.854818 0.803193 0.481756 0.137773 0.518394 0.325526 0.342181 0.461813 0.598624 4.075953 4.639543 4.075953
0.744333 0.873677 0.767388 0.512671 0.165118 0.600811 0.186943 0.521516 0.258180 0.616941 4.075953 4.260516 4.075953
0.777368 0.889453 0.842911 0.498614 0.157854 0.655051 0.000000 0.523013 0.412251 0.633463 4.075953 4.217457 4.075953
0.740008 0.875111 0.777568 0.502699 0.150156 0.671930 0.060713 0.433525 0.344047 0.583856 4.075953 4.296633 4.075953
0.791459 0.883122 0.802509 0.484911 0.093768 0.555718 0.167749 0.306084 0.356650 0.569218 4.075953 4.332281 4.075953
0.727497 0.865451 0.808850 0.514047 0.188613 0.503325 0.035987 0.499350 0.367048 0.488501 4.075953 4.426609 4.075953
0.777418 0.899700 0.813663 0.503327 0.157818 0.562549 0.282644 0.306292 0.293164 0.405613 4.075953 4.189334 4.075953
0.735768 0.868027 0.829018 0.483195 0.148511 0.626425 0.203458 0.442935 0.389732 0.600944 4.075953 5.444585 4.075953
0.761263 0.882376 0.787364 0.515822 0.005122 0.626977 0.071400 0.440021 0.232500 0.631509 4.075953 4.288357 4.075953
0.794953 0.892998 0.818150 0.513869 0.064417 0.485413 0.145341 0.307427 0.379845 0.663649 4.075953 4.239020 4.075953
0.842109 0.802929 0.833066 0.502582 0.160492 0.515164 0.075313 0.545002 0.449811 0.506202 4.075953 4.226931 4.075953
0.801450 0.893145 0.827544 0.497827 0.142474 0.528622 0.069836 0.472416 0.272979 0.582025 4.075953 4.257541 4.075953
0.786455 0.864654 0.812635 0.513063 0.202236 0.685323 0.109996 0.394509 0.375187 0.509745 4.075953 4.332896 4.075953
0.806291 0.865983 0.824060 0.479800 0.023414 0.624016 0.259070 0.486543 0.386473 0.552638 4.075953 5.365127 4.075953
0.752207 0.816308 0.812379 0.501491 0.082199 0.501407 0.210926 0.457461 0.317297 0.517567 4.075953 4.670161 4.075953
0.778755 0.851406 0.778611 0.484063 0.111076 0.589290 0.000000 0.478598 0.303543 0.557023 4.075953 4.196607 4.075953
0.771949 0.788829 0.805021 0.512336 0.080346 0.588811 0.239108 0.462719 0.462118 0.448587 4.075953 4.121485 4.075953
0.743032 0.870193 0.836169 0.503650 0.127401 0.599313 0.168481 0.584386 0.194227 0.486580 4.075953 4.196208 4.075953
0.824664 0.886900 0.837144 0.479678 0.164720 0.603482 0.297394 0.573348 0.371765 0.613291 4.075953 4.337891 4.075953
0.790162 0.890599 0.773920 0.498539 0.066052 0.707616 0.310151 0.520508 0.397735 0.483678 4.075953 4.370576 4.075953
0.744179 0.853620 0.800621 0.501704 0.088402 0.478555 0.138810 0.437280 0.427115 0.275538 4.075953 4.098390 4.075953
0.774532 0.802279 0.787370 0.501020 0.177560 0.547915 0.232345 0.553422 0.483202 0.552457 4.075953 5.512572 4.075953
0.801472 0.795584 0.802965 0.512325 0.030586 0.513089 0.268286 0.488358 0.468235 0.522434 4.075953 4.390137 4.075953
0.724508 0.868847 0.814300 0.498163 0.074611 0.408279 0.155597 0.534983 0.366512 0.585341 4.075953 4.307947 4.075953
0.857482 0.888662 0.779225 0.501116 0.045694 0.678017 0.220818 0.533930 0.287747 0.574666 4.075953 4.238406 4.075953
0.749716 0.857115 0.820090 0.496424 0.000000 0.526633 0.107900 0.427490 0.454738 0.525533 4.075953 4.083514 4.075953
0.777373 0.890357 0.832171 0.501029 0.215312 0.605365 0.096351 0.550149 0.451864 0.502655 4.075953 4.940817 4.075953
0.823163 0.840232 0.800032 0.481347 0.073668 0.409808 0.295106 0.493916 0.345727 0.530545 4.075953 4.419636 4.075953
0.791789 0.847811 0.815646 0.484594 0.099263 0.684526 0.000000 0.426948 0.381015 0.397909 4.075953 4.444298 4.075953
0.862119 0.914673 0.797616 0.514893 0.163295 0.491093 0.303493 0.482811 0.460823 0.566360 4.075953 4.218467 4.075953
0.744716 0.805036 0.817984 0.502934 0.140466 0.437022 0.094456 0.535949 0.203059 0.604216 4.075953 4.122050 4.075953
0.826846 0.887927 0.810869 0.513596 0.021634 0.474178 0.166255 0.468901 0.316233 0.624668 4.075953 4.692615 4.075953
0.792787 0.790261 0.819340 0.483993 0.104568 0.699694 0.117566 0.406117 0.162319 0.594681 4.075953 4.135044 4.075953
0.842429 0.855552 0.812056 0.499650 0.051480 0.408719 0.279583 0.274692 0.446758 0.399951 4.075953 4.274999 4.075953
0.731168 0.889902 0.819555 0.496543 0.202966 0.561659 0.143031 0.559410 0.464081 0.367995 4.075953 4.188037 4.075953
0.761714 0.800575 0.834331 0.500930 0.158744 0.531426 0.265298 0.372542 0.351871 0.651094 4.075953 5.159933 4.075953
0.865906 0.888166 0.779095 0.515772 0.086638 0.553906 0.226141 0.545214 0.394348 0.581106 4.075953 4.422210 4.075953
0.770108 0.867340 0.781986 0.499383 0.078794 0.647215 0.031387 0.547143 0.187325 0.594715 4.075953 4.126519 4.075953
0.808497 0.890215 0.780817 0.483989 0.027580 0.426808 0.304552 0.441097 0.470563 0.650697 4.075953 4.208070 4.075953
0.794277 0.862998 0.782987 0.499135 0.153585 0.319245 0.250614 0.524891 0.431009 0.669506 4.075953 5.527619 4.075953
0.767277 0.804916 0.790489 0.498875 0.214677 0.585184 0.244053 0.457100 0.469835 0.451153 4.075953 4.290013 4.075953
0.716185 0.835741 0.809328 0.498280 0.187062 0.527094 0.225961 0.587956 0.435360 0.663616 4.075953 5.449501 4.075953
0.770731 0.835566 0.823018 0.483120 0.033735 0.581337 0.000000 0.432103 0.444534 0.428974 4.075953 4.251843 4.075953
0.838888 0.843610 0.828243 0.499109 0.076781 0.646798 0.259435 0.540827 0.210056 0.435046 4.075953 4.188365 4.075953
0.739484 0.876765 0.783306 0.496613 0.189442 0.500338 0.133281 0.552302 0.378672 0.519336 4.075953 4.153496 4.075953
0.814138 0.894362 0.813365 0.499047 0.140911 0.432646 0.202426 0.517415 0.430943 0.631674 4.075953 4.753326 4.075953
0.772184 0.850956 0.817670 0.484028 0.059438 0.670613 0.143890 0.299008 0.465973 0.630618 4.075953 4.574237 4.075953
0.766065 0.836156 0.806041 0.498715 0.135960 0.541806 0.000000 0.454341 0.483408 0.664669 4.075953 4.079113 4.075953
0.782545 0.854824 0.779266 0.480676 0.127998 0.442017 0.308339 0.586184 0.285939 0.503103 4.075953 4.402843 4.075953
0.770050 0.861543 0.817455 0.501710 0.000000 0.669805 0.163689 0.567644 0.414665 0.494248 4.075953 6.321540 4.075953
0.803641 0.834581 0.824978 0.500333 0.000000 0.668078 0.003813 0.498465 0.238147 0.501141 4.075953 4.157741 4.075953
0.758740 0.808085 0.821327 0.514101 0.150741 0.658856 0.080020 0.216147 0.444387 0.668081 4.075953 4.422307 4.075953
0.775428 0.853947 0.801222 0.497220 0.159489 0.650452 0.013504 0.376459 0.261776 0.574801 4.075953 4.107777 4.075953
0.741597 0.815378 0.765356 0.501425 0.174447 0.695253 0.209740 0.544795 0.461585 0.637174 4.075953 6.400389 4.075953
0.789260 0.813758 0.788824 0.501525 0.016901 0.623203 0.038920 0.451881 0.351484 0.593906 4.075953 4.532116 4.075953
0.813167 0.875519 0.779386 0.495442 0.059155 0.577830 0.302615 0.536328 0.457101 0.488324 4.075953 4.384545 4.075953
0.709278 0.815764 0.824274 0.479950 0.226481 0.600480 0.130805 0.510792 0.321901 0.640136 4.075953 4.182704 4.075953
0.716230 0.858006 0.813192 0.498996 0.185157 0.641511 0.173705 0.368663 0.394276 0.457675 4.075953 4.540023 4.075953
0.721444 0.882619 0.767473 0.514495 0.169017 0.649808 0.263065 0.581798 0.325739 0.423623 4.075953 4.475639 4.075953
0.813298 0.824998 0.798833 0.515343 0.177511 0.608741 0.322124 0.544140 0.470988 0.512022 4.075953 5.506544 4.075953
0.780873 0.863934 0.792785 0.501808 0.145246 0.341493 0.250595 0.403530 0.422054 0.649538 4.075953 4.588354 4.075953
0.803569 0.791721 0.803809 0.500592 0.164986 0.692103 0.128597 0.556751 0.068433 0.668409 4.075953 4.904671 4.075953
0.752173 0.798843 0.812816 0.499251 0.037010 0.530896 0.164901 0.555302 0.357428 0.538699 4.075953 4.651616 4.075953
0.769557 0.881921 0.799431 0.482875 0.126556 0.539135 0.185829 0.421568 0.425639 0.421787 4.075953 4.155016 4.075953
0.799764 0.789439 0.797443 0.515143 0.184694 0.565233 0.116290 0.462549 0.469061 0.339873 4.075953 4.279924 4.075953
0.837753 0.886672 0.813466 0.497724 0.138575 0.671471 0.255827 0.518292 0.456017 0.339968 4.075953 4.952641 4.075953
0.764605 0.910502 0.817134 0.484567 0.168885 0.559863 0.313654 0.435008 0.286903 0.307965 4.075953 4.304661 4.075953
0.742423 0.829674 0.785807 0.515776 0.116841 0.383374 0.087851 0.565817 0.437923 0.669388 4.075953 4.527982 4.075953
0.847760 0.836498 0.792038 0.500638 0.025205 0.628585 0.226133 0.375246 0.409314 0.543489 4.075953 4.620634 4.075953
0.859424 0.864710 0.787347 0.515415 0.069197 0.480314 0.302873 0.417076 0.451850 0.573111 4.075953 4.500363 4.075953
0.746521 0.851385 0.820215 0.468454 0.174043 0.612721 0.275525 0.527572 0.247754 0.436318 4.075953 4.583084 4.075953
0.841546 0.931315 0.818421 0.515169 0.114798 0.627334 0.176558 0.461486 0.397218 0.570786 4.075953 4.306204 4.075953
0.771941 0.812280 0.806128 0.502671 0.038446 0.605271 0.193412 0.375899 0.316113 0.643225 4.075953 4.499194 4.075953
0.795152 0.914722 0.822751 0.499756 0.139695 0.668469 0.260250 0.601505 0.311242 0.669234 4.075953 4.922773 4.075953
0.776387 0.945592 0.764500 0.501008 0.147704 0.496702 0.308112 0.521550 0.444322 0.646718 4.075953 4.156551 4.075953
0.737266 0.846227 0.813317 0.515853 0.081864 0.382112 0.248821 0.275107 0.383610 0.654541 4.075953 4.663707 4.075953
0.782404 0.816024 0.808076 0.500246 0.126434 0.561140 0.206805 0.433619 0.360620 0.211844 4.075953 4.175475 4.075953
0.734341 0.852051 0.805970 0.501425 0.109341 0.516275 0.102080 0.402618 0.309017 0.558861 4.075953 4.209691 4.075953
0.696100 0.849844 0.790642 0.498236 0.028042 0.659383 0.187699 0.504483 0.328342 0.676388 4.075953 4.413054 4.075953
0.664714 0.883742 0.819536 0.503449 0.168625 0.380974 0.297651 0.427710 0.338957 0.624432 4.075953 4.103966 4.075953
0.776038 0.874311 0.808362 0.496857 0.006285 0.607327 0.260926 0.587052 0.135091 0.545960 4.075953 4.288711 4.075953
0.762176 0.874436 0.817038 0.485860 0.033167 0.696501 0.123738 0.428811 0.317577 0.488031 4.075953 4.119536 4.075953
0.824998 0.863358 0.777801 0.497832 0.111131 0.537079 0.314234 0.497668 0.295390 0.677926 4.075953 4.542741 4.075953
0.745900 0.832712 0.799548 0.503622 0.144624 0.589058 0.041661 0.496846 0.455997 0.403718 4.075953 4.166270 4.075953
0.806708 0.864489 0.800034 0.515396 0.007710 0.566518 0.000000 0.541606 0.261735 0.628335 4.075953 4.402751 4.075953
0.771266 0.823549 0.782554 0.496375 0.030879 0.637673 0.203081 0.545974 0.478545 0.668971 4.075953 4.626952 4.075953
0.819410 0.849951 0.792426 0.499793 0.030289 0.594512 0.272959 0.457967 0.453965 0.240577 4.075953 4.349480 4.075953
0.816944 0.808400 0.792954 0.495146 0.109046 0.584724 0.299537 0.440885 0.418888 0.646434 4.075953 4.172589 4.075953
0.764652 0.820598 0.766387 0.498586 0.000000 0.535175 0.100384 0.585071 0.407890 0.629147 4.075953 4.686450 4.075953
0.812400 0.809237 0.795048 0.484340 0.020731 0.672355 0.000000 0.519228 0.466491 0.484107 4.075953 4.206422 4.075953
0.916647 0.860812 0.797655 0.513426 0.119701 0.567768 0.305230 0.436263 0.352565 0.466782 4.075953 4.108592 4.075953
0.822091 0.849542 0.774932 0.514092 0.098489 0.420919 0.258738 0.542201 0.226289 0.621484 4.075953 4.232637 4.075953
0.808037 0.875801 0.813283 0.501778 0.154465 0.515718 0.232495 0.512570 0.109043 0.512862 4.075953 4.123776 4.075953
0.788549 0.845792 0.793352 0.500683 0.151791 0.579257 0.167022 0.568716 0.169264 0.641345 4.075953 6.008134 4.075953
0.794071 0.787449 0.831364 0.498263 0.091245 0.647984 0.012167 0.603271 0.368140 0.585361 4.075953 4.274101 4.075953
0.724394 0.805963 0.835295 0.501567 0.110748 0.686516 0.274218 0.412369 0.297733 0.642999 4.075953 4.255762 4.075953
0.709848 0.904281 0.782997 0.504474 0.166932 0.657114 0.304793 0.394648 0.443453 0.556857 4.075953 4.144385 4.075953
0.840769 0.853118 0.779199 0.496418 0.109857 0.664822 0.122754 0.490353 0.299380 0.592077 4.075953 4.223095 4.075953
0.751044 0.876666 0.822909 0.496370 0.075156 0.282756 0.253593 0.510076 0.441918 0.549368 4.075953 4.128863 4.075953
0.804435 0.837097 0.823865 0.483682 0.177181 0.581701 0.191015 0.363984 0.225335 0.648959 4.075953 5.385596 4.075953
0.835893 0.856881 0.814316 0.498959 0.158205 0.701327 0.158899 0.307031 0.261270 0.496929 4.075953 4.522857 4.075953
0.855812 0.939354 0.801492 0.515209 0.186765 0.638288 0.173698 0.576639 0.478303 0.648151 4.075953 4.228309 4.075953
0.730541 0.875688 0.804143 0.500625 0.081747 0.565609 0.187699 0.450508 0.465825 0.571494 4.075953 5.299513 4.075953
0.817436 0.838615 0.788236 0.501134 0.214856 0.475474 0.000000 0.524466 0.317250 0.513640 4.075953 4.214849 4.075953
0.774892 0.783698 0.798207 0.499100 0.133204 0.582311 0.086311 0.343174 0.446613 0.527744 4.075953 4.312901 4.075953
0.698702 0.824850 0.812482 0.500127 0.087107 0.632951 0.128420 0.397360 0.389501 0.485452 4.075953 4.684057 4.075953
0.789475 0.826763 0.805032 0.501983 0.129669 0.481216 0.205465 0.444601 0.323912 0.650650 4.075953 5.318384 4.075953
0.755452 0.890236 0.822375 0.503078 0.207600 0.535031 0.000000 0.366077 0.454377 0.497015 4.075953 4.141153 4.075953
0.801803 0.838061 0.796024 0.498056 0.075677 0.663824 0.157059 0.517191 0.202054 0.663068 4.075953 5.198998 4.075953
0.772226 0.848846 0.816432 0.496407 0.050919 0.646251 0.119507 0.419456 0.442648 0.546075 4.075953 4.443304 4.075953
0.839280 0.859589 0.792708 0.500666 0.032454 0.624312 0.200387 0.597631 0.277864 0.490476 4.075953 4.241514 4.075953
0.915538 0.833446 0.822017 0.484468 0.209042 0.505570 0.241014 0.538054 0.420467 0.301544 4.075953 4.103547 4.075953
0.756426 0.879922 0.807942 0.483846 0.123506 0.588224 0.304703 0.335335 0.197328 0.618900 4.075953 4.810383 4.075953
0.789621 0.866880 0.782753 0.502458 0.000000 0.545775 0.269228 0.545446 0.313263 0.365146 4.075953 4.140428 4.075953
0.766362 0.791851 0.801300 0.502429 0.065701 0.530495 0.255484 0.518692 0.346755 0.619839 4.075953 4.851913 4.075953
0.870772 0.854836 0.808795 0.482914 0.210236 0.645087 0.035012 0.536431 0.461938 0.496116 4.075953 4.973922 4.075953
0.777916 0.871604 0.807653 0.484371 0.126556 0.635749 0.111868 0.483459 0.377440 0.410944 4.075953 4.217776 4.075953
0.764138 0.895877 0.771246 0.501399 0.023619 0.539783 0.220818 0.585831 0.224680 0.642432 4.075953 4.447039 4.075953
0.817620 0.881924 0.790210 0.496505 0.093209 0.590910 0.107596 0.495329 0.474619 0.495462 4.075953 4.081155 4.075953
0.759475 0.799561 0.823655 0.487426 0.115814 0.607699 0.139571 0.416117 0.458991 0.654265 4.075953 4.300081 4.075953
0.818466 0.810903 0.814575 0.501986 0.072359 0.695797 0.216231 0.380793 0.271003 0.604862 4.075953 4.216924 4.075953
0.848451 0.839087 0.778319 0.487390 0.181295 0.642899 0.186328 0.545051 0.387211 0.583386 4.075953 4.465082 4.075953
0.773730 0.871945 0.772937 0.499588 0.065082 0.605735 0.204632 0.452173 0.327363 0.337492 4.075953 4.168903 4.075953
0.796125 0.850138 0.809559 0.482774 0.044292 0.527583 0.113889 0.540872 0.283985 0.656645 4.075953 4.698552 4.075953
0.719611 0.894300 0.799256 0.503372 0.172027 0.671296 0.277032 0.396832 0.323027 0.533005 4.075953 4.481583 4.075953
0.829215 0.885669 0.805890 0.500308 0.124756 0.610099 0.043508 0.494199 0.333751 0.672702 4.075953 4.846583 4.075953
0.790384 0.883344 0.812419 0.499877 0.198463 0.450762 0.186861 0.555930 0.293222 0.666155 4.075953 6.231340 4.075953
0.787479 0.836801 0.804883 0.496980 0.136405 0.322134 0.247840 0.494843 0.329550 0.518605 4.075953 4.336118 4.075953
0.775396 0.859431 0.781176 0.512072 0.079065 0.532794 0.205194 0.551623 0.101402 0.604647 4.075953 4.080821 4.075953
0.916487 0.910935 0.808160 0.514892 0.106585 0.620990 0.203095 0.571418 0.354092 0.519907 4.075953 4.467225 4.075953
0.802979 0.870652 0.813889 0.480805 0.233440 0.643729 0.276794 0.436846 0.315200 0.548836 4.075953 4.412716 4.075953
0.796816 0.897310 0.820764 0.502097 0.103808 0.701826 0.272054 0.555806 0.148240 0.623211 4.075953 4.084759 4.075953
0.830681 0.837444 0.805639 0.505941 0.124436 0.676504 0.253791 0.466558 0.343614 0.678920 4.075953 4.270076 4.075953
0.742001 0.790250 0.818158 0.484764 0.197783 0.483941 0.135446 0.591897 0.471045 0.534884 4.075953 4.682099 4.075953
0.776804 0.860556 0.785531 0.481740 0.000000 0.694420 0.000000 0.439865 0.454439 0.584392 4.075953 4.441094 4.075953
0.845569 0.870544 0.785766 0.483369 0.219373 0.476360 0.269231 0.460192 0.381463 0.632777 4.075953 4.604824 4.075953
0.763728 0.852489 0.830866 0.497417 0.192835 0.541230 0.115915 0.368037 0.314534 0.633499 4.075953 4.300673 4.075953
0.134232 0.044348 0.824859 0.676588 0.734215 0.040521 0.469447 0.617256 0.496715 0.636577 2.427880 0.173741 0.173741
0.798058 0.773183 0.812945 0.483603 0.075050 0.602767 0.295316 0.407788 0.242856 0.635922 4.075953 4.634653 4.075953
0.796564 0.868920 0.810054 0.496567 0.125656 0.499369 0.106275 0.585795 0.231975 0.499722 4.075953 4.161688 4.075953
0.827382 0.875311 0.776021 0.501238 0.065451 0.624279 0.303120 0.563057 0.349839 0.439986 4.075953 4.415795 4.075953
0.793702 0.837997 0.808004 0.498839 0.199309 0.683788 0.139723 0.309694 0.446331 0.413494 4.075953 4.431193 4.075953
0.775893 0.845537 0.795358 0.515634 0.063774 0.309669 0.000000 0.582384 0.387985 0.667431 4.075953 4.229704 4.075953
0.803848 0.858233 0.803617 0.504352 0.123234 0.565870 0.198568 0.492816 0.133578 0.400008 4.075953 4.154464 4.075953
0.778840 0.825619 0.794781 0.503774 0.187507 0.415251 0.208291 0.594281 0.285392 0.559021 4.075953 4.348871 4.075953
0.779560 0.895932 0.794009 0.515552 0.000000 0.610158 0.246730 0.369863 0.264790 0.542655 4.075953 4.222341 4.075953
0.750418 0.805516 0.819955 0.514139 0.078053 0.669356 0.133976 0.302251 0.379961 0.536976 4.075953 4.263711 4.075953
0.841176 0.823974 0.787608 0.502469 0.206412 0.503491 0.131616 0.245199 0.478041 0.518944 4.075953 4.079817 4.075953
0.735544 0.792787 0.788305 0.500020 0.166618 0.561121 0.062811 0.573274 0.290017 0.651037 4.075953 4.532912 4.075953
0.796657 0.791804 0.809402 0.497571 0.202971 0.659652 0.146893 0.485604 0.407525 0.376029 4.075953 4.254678 4.075953
0.773058 0.845250 0.782700 0.484622 0.209787 0.486536 0.113117 0.581320 0.371851 0.653620 4.075953 4.408813 4.075953
0.822204 0.840514 0.821765 0.497118 0.140614 0.512054 0.297640 0.483002 0.372803 0.413083 4.075953 4.145654 4.075953
0.804083 0.869012 0.774284 0.482360 0.187804 0.669363 0.098222 0.603862 0.467739 0.608154 4.075953 4.803609 4.075953
0.808235 0.855993 0.784984 0.479981 0.000998 0.477881 0.305712 0.569914 0.223239 0.583082 4.075953 4.190925 4.075953
0.779359 0.810450 0.805007 0.501662 0.079445 0.444847 0.091762 0.380589 0.365363 0.673397 4.075953 4.257948 4.075953
0.818773 0.847321 0.766283 0.514319 0.200243 0.624054 0.273823 0.245028 0.398757 0.505580 4.075953 4.430275 4.075953
0.799388 0.888288 0.765620 0.501330 0.000000 0.540341 0.331334 0.533753 0.388796 0.660712 4.075953 4.085154 4.075953
0.783449 0.850776 0.804767 0.503005 0.206410 0.536397 0.232606 0.582293 0.196506 0.541703 4.075953 5.202614 4.075953
0.805726 0.801638 0.797674 0.498046 0.147887 0.686908 0.228381 0.535539 0.151166 0.663159 4.075953 4.219845 4.075953
0.892566 0.886903 0.804135 0.500172 0.212266 0.623254 0.091518 0.558901 0.435286 0.627826 4.075953 4.683195 4.075953
0.698890 0.859045 0.823371 0.498612 0.154004 0.443298 0.175528 0.384627 0.360691 0.542466 4.075953 4.159703 4.075953
0.808989 0.829824 0.795932 0.514199 0.156032 0.705400 0.202825 0.399748 0.071607 0.628307 4.075953 4.418539 4.075953
0.763516 0.877938 0.824196 0.501973 0.192835 0.475347 0.281582 0.293333 0.333988 0.589388 4.075953 4.333778 4.075953
0.787664 0.804557 0.807263 0.515780 0.204991 0.579651 0.132788 0.339053 0.260130 0.505623 4.075953 4.669832 4.075953
0.746382 0.849216 0.823816 0.487561 0.085140 0.645270 0.193660 0.583426 0.385843 0.658142 4.075953 5.035770 4.075953
0.819306 0.861491 0.788546 0.485879 0.079903 0.541730 0.061321 0.493925 0.132919 0.648705 4.075953 4.088691 4.075953
0.744254 0.860405 0.831199 0.501315 0.009799 0.655723 0.098342 0.553538 0.202599 0.496846 4.075953 4.154442 4.075953
0.831332 0.856468 0.817058 0.503367 0.192980 0.602618 0.169136 0.495883 0.355645 0.208778 4.075953 4.308157 4.075953
0.826485 0.877316 0.774975 0.514744 0.142331 0.591378 0.065002 0.578839 0.430177 0.548057 4.075953 4.810066 4.075953
0.745068 0.865827 0.806219 0.501082 0.178919 0.610691 0.061219 0.255803 0.418859 0.576787 4.075953 4.357141 4.075953
0.788955 0.823684 0.797955 0.500382 0.092432 0.484750 0.000000 0.369401 0.357987 0.576478 4.075953 4.079830 4.075953
0.872751 0.800897 0.835051 0.498408 0.200902 0.408640 0.207387 0.465338 0.379411 0.669802 4.075953 4.171372 4.075953
0.787711 0.833467 0.763282 0.501363 0.189154 0.497776 0.000000 0.598921 0.454091 0.587841 4.075953 4.336394 4.075953
0.855703 0.805313 0.805289 0.497548 0.103451 0.508209 0.205251 0.536884 0.296466 0.523722 4.075953 4.108795 4.075953
0.790598 0.831940 0.786218 0.500112 0.231623 0.319296 0.313632 0.482342 0.194978 0.658204 4.075953 4.169899 4.075953
0.806517 0.874316 0.795706 0.515572 0.000000 0.630193 0.189976 0.464659 0.296031 0.444238 4.075953 4.373991 4.075953
0.771793 0.906314 0.805712 0.503353 0.139818 0.589079 0.221122 0.343920 0.356805 0.668385 4.075953 4.721610 4.075953
0.764670 0.866914 0.796405 0.484618 0.177330 0.434377 0.298353 0.356414 0.450018 0.461748 4.075953 4.293729 4.075953
0.772300 0.788634 0.761796 0.499930 0.160546 0.643681 0.286052 0.469849 0.397028 0.584919 4.075953 4.986983 4.075953
0.818445 0.841908 0.818961 0.484821 0.115230 0.378706 0.318297 0.496681 0.373860 0.338895 4.075953 4.451713 4.075953
0.817899 0.829101 0.794077 0.484641 0.203795 0.636644 0.000000 0.462408 0.394574 0.518292 4.075953 4.646292 4.075953
0.812144 0.801133 0.789296 0.481215 0.121922 0.555701 0.150805 0.435060 0.474467 0.570481 4.075953 4.136277 4.075953
0.823124 0.879628 0.811143 0.499647 0.129431 0.521375 0.216644 0.382104 0.461473 0.527710 4.075953 4.739643 4.075953
0.783080 0.887418 0.795753 0.514308 0.116708 0.626725 0.101592 0.357247 0.329578 0.638882 4.075953 4.498426 4.075953
0.809379 0.813253 0.791961 0.484603 0.206110 0.466306 0.130512 0.378350 0.453219 0.613926 4.075953 4.508995 4.075953
0.789215 0.828489 0.791336 0.505552 0.119748 0.623984 0.258172 0.542583 0.301738 0.541474 4.075953 4.086755 4.075953
0.858008 0.854691 0.829057 0.500457 0.095490 0.673133 0.305930 0.447679 0.197421 0.490007 4.075953 4.495285 4.075953
0.788827 0.786789 0.810363 0.500525 0.196628 0.458643 0.112413 0.492601 0.323210 0.591418 4.075953 4.557044 4.075953
0.764530 0.871732 0.808949 0.500916 0.000000 0.539845 0.284865 0.394398 0.296740 0.404769 4.075953 4.123123 4.075953
0.762998 0.808038 0.815996 0.501423 0.172752 0.622670 0.321397 0.461331 0.073600 0.681104 4.075953 4.604966 4.075953
0.776582 0.843117 0.804377 0.500190 0.120867 0.352533 0.258337 0.509321 0.460870 0.413287 4.075953 4.451040 4.075953
0.756325 0.888749 0.803951 0.500276 0.003397 0.529214 0.287892 0.449863 0.377711 0.522812 4.075953 4.293939 4.075953
0.772825 0.862464 0.823254 0.500307 0.051919 0.383340 0.266028 0.551184 0.330981 0.405233 4.075953 4.805535 4.075953
0.748295 0.840163 0.776129 0.503369 0.150141 0.626077 0.157708 0.513623 0.458264 0.483802 4.075953 4.322283 4.075953
0.786923 0.855214 0.808535 0.497340 0.000000 0.474850 0.151735 0.374683 0.334547 0.522827 4.075953 4.240421 4.075953
0.756082 0.830142 0.810746 0.484988 0.190756 0.315936 0.230589 0.370426 0.283107 0.551930 4.075953 4.195345 4.075953
0.807604 0.821203 0.779554 0.485245 0.000000 0.639379 0.002126 0.586057 0.415150 0.636577 4.075953 4.411030 4.075953
0.831205 0.828246 0.794552 0.515807 0.193010 0.571325 0.210519 0.500154 0.407920 0.367165 4.075953 5.426270 4.075953
0.827682 0.870788 0.820915 0.499261 0.091983 0.583614 0.000000 0.598861 0.343826 0.525858 4.075953 4.264156 4.075953
0.797145 0.868022 0.798530 0.498928 0.096114 0.471876 0.089852 0.436756 0.473085 0.474171 4.075953 4.130414 4.075953
0.846352 0.891015 0.782001 0.515103 0.015259 0.380695 0.186954 0.526622 0.350204 0.550039 4.075953 4.095666 4.075953
0.774926 0.875394 0.800415 0.483984 0.023911 0.441313 0.241089 0.598575 0.420448 0.554951 4.075953 4.667227 4.075953
0.794583 0.866847 0.805683 0.501218 0.199706 0.486736 0.297991 0.589741 0.131933 0.622898 4.075953 5.289611 4.075953
0.799681 0.830094 0.809116 0.514368 0.243753 0.630441 0.287171 0.580344 0.218264 0.498154 4.075953 4.168626 4.075953
0.755589 0.846512 0.803389 0.485319 0.067405 0.385645 0.229639 0.498239 0.194799 0.547891 4.075953 4.121717 4.075953
0.830341 0.857970 0.814501 0.499034 0.060434 0.446371 0.286038 0.378541 0.412245 0.339692 4.075953 4.521574 4.075953
0.721573 0.816454 0.783818 0.503387 0.000000 0.674399 0.066659 0.537263 0.445699 0.613090 4.075953 4.107658 4.075953
0.768237 0.795016 0.803202 0.482014 0.128662 0.546633 0.319875 0.496067 0.163977 0.620661 4.075953 4.560866 4.075953
0.818932 0.904228 0.790077 0.502149 0.195200 0.565087 0.040472 0.436271 0.339951 0.495537 4.075953 4.256083 4.075953
0.708506 0.816647 0.807664 0.481021 0.011268 0.639696 0.309730 0.511397 0.337203 0.531165 4.075953 4.282945 4.075953
0.836154 0.885424 0.822236 0.500800 0.207321 0.627131 0.321695 0.472394 0.162706 0.634663 4.075953 4.918718 4.075953
0.768220 0.797538 0.793069 0.497713 0.191913 0.608674 0.192368 0.604758 0.442701 0.462065 4.075953 4.386322 4.075953
0.760547 0.865797 0.806737 0.498093 0.175446 0.310363 0.125123 0.465203 0.419915 0.675869 4.075953 4.136909 4.075953
0.743415 0.771376 0.796115 0.500468 0.109028 0.632654 0.141097 0.530515 0.319241 0.423078 4.075953 4.498702 4.075953
0.770251 0.831452 0.815134 0.503158 0.151327 0.411180 0.322990 0.473040 0.136776 0.574013 4.075953 4.222019 4.075953
0.707030 0.817315 0.814564 0.484771 0.103839 0.511766 0.065886 0.561830 0.383336 0.667056 4.075953 4.628301 4.075953
0.755871 0.774580 0.804778 0.515298 0.083658 0.391605 0.269224 0.416065 0.450386 0.583309 4.075953 4.204208 4.075953
0.707966 0.771352 0.787531 0.504155 0.116575 0.482047 0.296880 0.403708 0.458797 0.519101 4.075953 4.188639 4.075953
0.688697 0.848425 0.764687 0.498627 0.118531 0.555825 0.267787 0.562072 0.400590 0.463487 4.075953 4.443215 4.075953
0.754753 0.851968 0.825072 0.497291 0.000000 0.668573 0.153295 0.392512 0.404660 0.425174 4.075953 4.203137 4.075953
0.777821 0.869265 0.828547 0.484715 0.119037 0.698851 0.000000 0.375225 0.479604 0.570851 4.075953 4.202614 4.075953
0.859316 0.853489 0.801714 0.482821 0.165140 0.546701 0.201948 0.482461 0.370269 0.488799 4.075953 4.550670 4.075953
0.774967 0.860869 0.810235 0.502144 0.203590 0.658194 0.272580 0.386829 0.300418 0.306540 4.075953 4.518949 4.075953
0.806252 0.915537 0.820880 0.500898 0.168333 0.409845 0.299930 0.465186 0.210747 0.461779 4.075953 4.083428 4.075953
0.777287 0.869749 0.819976 0.514570 0.129678 0.407444 0.000000 0.349552 0.375276 0.429386 4.075953 4.086355 4.075953
0.729389 0.831358 0.819301 0.500357 0.114172 0.317456 0.162467 0.403002 0.236157 0.602847 4.075953 4.170914 4.075953
0.798668 0.888307 0.820021 0.484140 0.144398 0.658836 0.076902 0.394189 0.451513 0.661272 4.075953 5.311380 4.075953
0.779232 0.900482 0.811282 0.484555 0.158533 0.698198 0.249745 0.438724 0.426512 0.407444 4.075953 4.916724 4.075953
0.698389 0.817743 0.804777 0.502168 0.216408 0.634926 0.150754 0.342909 0.390373 0.587202 4.075953 4.670150 4.075953
0.728234 0.793084 0.803536 0.503786 0.173042 0.509598 0.253397 0.461449 0.326767 0.427787 4.075953 4.162527 4.075953
0.870229 0.816558 0.821891 0.513883 0.175411 0.666050 0.334760 0.506631 0.421494 0.598627 4.075953 4.213536 4.075953
0.676493 0.860967 0.763399 0.499189 0.183181 0.544028 0.287285 0.535729 0.352442 0.665331 4.075953 5.021782 4.075953
0.700086 0.864429 0.825946 0.498066 0.193514 0.695267 0.092931 0.415771 0.393626 0.653066 4.075953 4.571377 4.075953
0.782621 0.856031 0.776016 0.500834 0.000000 0.581458 0.106410 0.474988 0.406738 0.679708 4.075953 4.279256 4.075953
0.819747 0.799938 0.829478 0.497912 0.118554 0.573420 0.293602 0.434791 0.294806 0.500153 4.075953 4.942585 4.075953
0.832499 0.854165 0.805253 0.513664 0.227446 0.696883 0.186845 0.360103 0.319926 0.632380 4.075953 4.093731 4.075953
0.820632 0.885036 0.806877 0.499250 0.161047 0.605322 0.196484 0.563220 0.005031 0.517589 4.075953 4.370356 4.075953
0.824529 0.877418 0.813661 0.503692 0.097614 0.591075 0.269197 0.444689 0.200794 0.679793 4.075953 4.161235 4.075953
0.817206 0.807573 0.790085 0.498189 0.089404 0.670520 0.263253 0.381497 0.401575 0.469745 4.075953 4.567612 4.075953
0.328379 0.594729 0.631786 0.842297 0.954190 0.399662 0.165379 0.637548 0.833028 0.063469 2.427880 0.343931 0.343931
0.832413 0.929452 0.807713 0.502439 0.194330 0.566494 0.273934 0.590332 0.472477 0.578942 4.075953 4.389378 4.075953
0.809034 0.834918 0.828424 0.499565 0.024146 0.488665 0.210230 0.460385 0.204998 0.644303 4.075953 4.244312 4.075953
0.757030 0.902885 0.822744 0.491896 0.171463 0.801729 0.182466 0.611766 0.229802 0.691573 4.075953 3.380932 3.380932
0.732328 0.803592 0.792640 0.498871 0.034933 0.636188 0.005752 0.546261 0.322269 0.647763 4.075953 4.567765 4.075953
0.774083 0.799264 0.785755 0.513981 0.089976 0.717090 0.152385 0.526388 0.312796 0.666922 4.075953 4.122168 4.075953
0.843688 0.866378 0.788810 0.514928 0.000000 0.622103 0.295846 0.565741 0.313584 0.276133 4.075953 4.248328 4.075953
0.779220 0.831288 0.802435 0.502516 0.101160 0.705822 0.204965 0.375854 0.401417 0.568458 4.075953 4.757133 4.075953
0.761597 0.885234 0.773966 0.485814 0.131333 0.562570 0.321290 0.551338 0.336644 0.394804 4.075953 4.121907 4.075953
0.761220 0.871390 0.812846 0.498611 0.150660 0.435360 0.285456 0.255544 0.439566 0.576218 4.075953 4.264431 4.075953
0.674295 0.849933 0.809906 0.501252 0.216408 0.609356 0.167416 0.344675 0.293205 0.659762 4.075953 4.337222 4.075953
0.780913 0.920496 0.787930 0.502787 0.203145 0.570159 0.159050 0.419103 0.398384 0.575811 4.075953 4.438112 4.075953
0.806355 0.916832 0.828674 0.500367 0.060122 0.676038 0.000000 0.371980 0.342482 0.551451 4.075953 4.113163 4.075953
0.832304 0.896692 0.795046 0.501007 0.189627 0.603983 0.121042 0.279024 0.446923 0.469315 4.075953 4.283074 4.075953
0.786172 0.875540 0.777340 0.500819 0.010264 0.632218 0.248872 0.403824 0.482691 0.626840 4.075953 4.661501 4.075953
0.722612 0.822019 0.811567 0.515173 0.174932 0.451229 0.148762 0.468459 0.445498 0.610959 4.075953 4.851441 4.075953
0.762448 0.888254 0.822553 0.495954 0.171865 0.501726 0.301591 0.443640 0.431910 0.533983 4.075953 4.391588 4.075953
0.729303 0.878991 0.796810 0.487972 0.174158 0.569562 0.092822 0.523649 0.454479 0.587694 4.075953 4.154435 4.075953
0.772412 0.838004 0.777736 0.504380 0.187420 0.704877 0.159809 0.500620 0.330127 0.506723 4.075953 4.129476 4.075953
0.830047 0.831356 0.831439 0.482135 0.191623 0.420268 0.257395 0.383396 0.453455 0.602440 4.075953 4.526358 4.075953
0.823701 0.790580 0.794851 0.499427 0.022339 0.588441 0.201526 0.583510 0.314718 0.576389 4.075953 4.714556 4.075953
0.068948 0.801105 0.503096 0.996612 0.974230 0.829715 0.577178 0.149544 0.151501 0.463487 3.275879 2.828711 2.828711
0.838935 0.800752 0.813703 0.497904 0.210315 0.469883 0.270794 0.384664 0.346792 0.538504 4.075953 4.153273 4.075953
0.729660 0.881578 0.809986 0.485443 0.154342 0.635585 0.152410 0.430772 0.470761 0.401531 4.075953 4.440669 4.075953
0.782507 0.772071 0.779078 0.502947 0.186087 0.584612 0.174040 0.517082 0.461444 0.678001 4.075953 5.188459 4.075953
0.788521 0.875981 0.773180 0.498529 0.179042 0.407463 0.318641 0.453398 0.347450 0.660935 4.075953 4.828450 4.075953
0.663087 0.114731 0.487935 0.537344 0.126807 0.701562 0.936427 0.586727 0.083680 0.798397 1.701850 2.723756 1.701850
0.822645 0.802032 0.827337 0.497425 0.054203 0.603973 0.210620 0.451629 0.364131 0.394697 4.075953 4.166608 4.075953
0.758836 0.830305 0.796779 0.515112 0.095178 0.475110 0.065054 0.474104 0.474345 0.599938 4.075953 4.653388 4.075953
0.817033 0.846291 0.828502 0.498275 0.184451 0.519779 0.214515 0.507515 0.208071 0.681176 4.075953 4.175791 4.075953
0.763647 0.893026 0.796685 0.485877 0.000000 0.614413 0.207186 0.515996 0.390039 0.641518 4.075953 4.448557 4.075953
0.828535 0.830222 0.827159 0.502504 0.143045 0.524310 0.169203 0.440691 0.311298 0.305041 4.075953 4.095744 4.075953
0.838781 0.836869 0.825051 0.498040 0.187509 0.502221 0.248975 0.400258 0.322749 0.398146 4.075953 4.633261 4.075953
0.734149 0.848402 0.814525 0.495783 0.000000 0.449200 0.254691 0.453101 0.389379 0.641682 4.075953 4.111453 4.075953
0.749691 0.892289 0.844081 0.506663 0.142131 0.434660 0.577178 0.529550 0.204076 0.473992 4.075953 3.380932 3.380932
0.886358 0.855325 0.815028 0.501462 0.152861 0.602927 0.263691 0.315133 0.469202 0.411831 4.075953 4.076373 4.075953
0.848167 0.816846 0.829383 0.515871 0.192469 0.568257 0.302940 0.459562 0.484826 0.584433 4.075953 5.008012 4.075953
0.718659 0.871974 0.766660 0.498688 0.000000 0.648871 0.229598 0.583072 0.263132 0.510030 4.075953 4.086301 4.075953
0.692236 0.870390 0.773507 0.515785 0.199647 0.624484 0.211957 0.501095 0.422415 0.395880 4.075953 4.101298 4.075953
0.820860 0.779936 0.792720 0.500520 0.087607 0.687205 0.206672 0.483253 0.408227 0.596355 4.075953 4.965271 4.075953
0.773634 0.857277 0.793269 0.494847 0.188537 0.536865 0.113717 0.480705 0.199425 0.630191 4.075953 3.696240 3.696240
0.827773 0.860029 0.814258 0.497916 0.064614 0.450247 0.255995 0.318238 0.460835 0.581763 4.075953 4.543711 4.075953
0.788999 0.846393 0.813842 0.502216 0.177343 0.583256 0.265187 0.448253 0.283213 0.665587 4.075953 6.454019 4.075953
0.755695 0.866129 0.829384 0.498056 0.021749 0.646079 0.316945 0.457798 0.354028 0.400707 4.075953 4.982711 4.075953
0.826699 0.836185 0.801753 0.502476 0.115522 0.635043 0.037403 0.478024 0.440029 0.301419 4.075953 4.400761 4.075953
0.667789 0.874001 0.834331 0.514317 0.150742 0.619789 0.156292 0.547832 0.385041 0.600238 4.075953 4.091095 4.075953
0.773703 0.866937 0.812558 0.511853 0.066422 0.557950 0.061644 0.432787 0.411950 0.598466 4.075953 4.175483 4.075953
0.752618 0.850688 0.790192 0.500299 0.084604 0.516971 0.036796 0.333985 0.438902 0.640223 4.075953 4.298734 4.075953
0.712365 0.842265 0.812654 0.499508 0.034752 0.670612 0.199530 0.502934 0.312635 0.519684 4.075953 4.627733 4.075953
0.775228 0.895479 0.773291 0.504144 0.166649 0.385532 0.260699 0.596016 0.430421 0.557175 4.075953 4.099213 4.075953
0.805847 0.857264 0.806435 0.513235 0.231637 0.707608 0.137545 0.580980 0.373157 0.608541 4.075953 4.354814 4.075953
0.522936 0.598671 0.428752 0.891542 0.127783 0.852659 0.263691 0.360103 0.225225 0.413865 2.427880 2.828711 2.427880
0.710599 0.845883 0.817603 0.502181 0.128401 0.347199 0.213944 0.482543 0.434058 0.626885 4.075953 4.697609 4.075953
0.735123 0.891022 0.833349 0.503803 0.097491 0.626977 0.265179 0.344380 0.468989 0.631034 4.075953 4.381003 4.075953
0.741838 0.879389 0.821396 0.498984 0.203993 0.376798 0.229520 0.362980 0.475103 0.572815 4.075953 4.221076 4.075953
0.767276 0.816286 0.819688 0.500434 0.114680 0.700133 0.063632 0.467774 0.466867 0.380184 4.075953 4.165851 4.075953
0.806712 0.850087 0.808990 0.515009 0.223367 0.581660 0.244016 0.432802 0.173951 0.522521 4.075953 4.333263 4.075953
0.718183 0.772153 0.795759 0.499216 0.111700 0.681854 0.088701 0.526464 0.450188 0.465627 4.075953 4.434272 4.075953
