# gen=50 mediating population
# x0..x(D-1) f0 f1 consensus
0.000000 0.000000 0.829188 0.597433 0.257002 0.000000 0.128687 0.457567 0.546001 0.000000 4.780904 5.128451 4.780904
0.000000 0.018866 0.623996 0.653926 1.000000 1.000000 0.533258 1.000000 1.000000 0.000000 4.780904 5.128451 4.780904
0.227019 0.000000 1.000000 0.597410 0.876931 0.336253 0.334573 0.934412 0.478802 0.437267 4.780904 5.128451 4.780904
0.306034 0.053447 0.827973 0.631989 0.176642 0.639261 1.000000 0.649267 0.841634 0.506618 4.791155 5.128451 4.791155
0.027848 0.000412 0.708218 0.638976 1.000000 0.442046 0.000000 1.000000 0.000000 0.131555 4.780904 5.128451 4.780904
0.152853 0.100687 0.573583 0.622528 0.608551 0.109361 0.064265 0.930101 0.475858 0.146636 4.780904 5.128451 4.780904
0.075810 0.000000 0.624808 0.617257 0.536151 0.182068 0.199059 0.382936 0.294027 0.219884 4.780904 5.128451 4.780904
0.112892 0.040473 1.000000 0.648753 0.000000 0.070724 0.906013 0.153871 0.744749 1.000000 4.780904 5.128451 4.780904
0.192752 0.039714 0.893348 0.656211 1.000000 1.000000 0.935968 1.000000 0.485712 0.321862 4.780904 5.128451 4.780904
0.182687 0.080379 1.000000 0.656755 0.580026 0.152427 0.231626 1.000000 0.776961 0.474378 4.780904 5.128451 4.780904
0.102287 0.114898 0.893316 0.640331 0.706187 0.013622 0.297588 1.000000 1.000000 0.701501 4.780904 5.128451 4.780904
0.000000 0.098119 0.903344 0.620743 1.000000 0.399279 0.000000 0.835038 0.000000 0.501749 4.780904 5.128451 4.780904
0.013343 0.046819 0.507699 0.662288 0.534822 1.000000 0.259505 0.342169 0.925938 0.000000 4.780904 5.128451 4.780904
0.000000 0.000000 0.798308 0.619806 0.920004 0.000000 0.237950 0.803901 0.497779 0.019876 4.780904 5.128451 4.780904
0.071421 0.055404 0.699770 0.621644 0.388506 0.188742 0.787173 1.000000 0.802785 0.000000 4.780904 5.128451 4.780904
0.260034 0.000000 0.986098 0.659820 0.578622 0.585235 0.052774 0.679082 0.373876 0.778537 4.780904 5.128451 4.780904
0.188226 0.123789 0.624192 0.621561 0.557770 0.191991 0.196098 0.709044 0.405383 0.242849 4.780904 5.128451 4.780904
0.148353 0.108519 0.899633 0.666946 0.946116 0.826901 0.000000 0.601931 0.684053 0.342362 4.780904 5.128451 4.780904
0.013213 0.030359 0.510215 0.636628 0.661866 0.873473 0.151799 1.000000 0.685380 0.058628 4.780904 5.128451 4.780904
0.000000 0.057610 0.902272 0.624493 0.387301 0.007840 1.000000 0.168642 1.000000 0.058367 4.780904 5.128451 4.780904
0.000000 0.000000 0.510370 0.599196 0.512329 0.471552 1.000000 0.709825 0.259386 0.000000 4.780904 5.128451 4.780904
0.000000 0.005228 0.997504 0.642173 0.000000 0.176453 0.000000 0.352391 0.059891 0.571055 4.780904 5.128451 4.780904
0.178072 0.000000 0.986680 0.676986 0.995517 0.201218 1.000000 0.975571 1.000000 0.635431 4.780904 5.128451 4.780904
0.070939 0.000000 1.000000 0.636655 1.000000 0.000000 0.986518 0.991123 1.000000 0.847252 4.780904 5.128451 4.780904
0.000000 0.041618 0.673529 0.635854 0.182861 0.018371 0.789573 0.000000 0.166231 0.403840 4.780904 5.128451 4.780904
0.306034 0.090326 0.700815 0.660832 0.232798 0.440521 0.949277 1.000000 0.747593 0.367024 4.785975 5.128451 4.785975
0.000000 0.000000 0.698425 0.670945 1.000000 0.000000 1.000000 1.000000 1.000000 0.552636 4.780904 5.128451 4.780904
0.184140 0.024567 0.605881 0.597035 0.953449 0.506615 0.850289 1.000000 0.560655 0.078374 4.780904 5.128451 4.780904
0.151402 0.100687 0.573583 0.673788 0.608551 0.105414 0.000000 0.736525 0.249198 0.348415 4.780904 5.128451 4.780904
0.015501 0.000000 1.000000 0.633580 0.887301 0.000000 0.625783 0.693027 1.000000 0.395804 4.780904 5.128451 4.780904
0.000000 0.108519 0.852570 0.637725 0.759469 0.397094 0.460323 0.979277 0.663212 0.227083 4.780904 5.128451 4.780904
0.140828 0.110735 0.590167 0.616767 1.000000 0.160618 0.235213 1.000000 0.000000 0.013777 4.780904 5.128451 4.780904
0.199196 0.105079 0.766776 0.676725 0.288730 0.368959 0.549032 0.689258 0.405695 0.000000 4.780904 5.128451 4.780904
0.000000 0.000000 0.541572 0.610819 1.000000 0.977259 0.763760 1.000000 1.000000 0.342539 4.780904 5.128451 4.780904
0.123075 0.078850 0.765122 0.670543 0.225399 0.866237 0.748433 0.852691 0.140230 0.313664 4.780904 5.128451 4.780904
0.000000 0.000000 0.953285 0.632588 0.386559 0.067632 0.000000 0.000000 0.589191 0.000000 4.780904 5.128451 4.780904
0.127837 0.039238 0.878223 0.656734 1.000000 1.000000 1.000000 0.999404 0.696207 0.208115 4.780904 5.128451 4.780904
0.202189 0.092303 1.000000 0.668531 0.263579 0.973366 0.500000 0.944105 1.000000 0.834785 4.780904 5.128451 4.780904
0.000000 0.000000 0.684993 0.643064 0.681682 0.153930 1.000000 1.000000 0.903222 0.014397 4.780904 5.128451 4.780904
0.000000 0.000000 0.603218 0.600519 0.778565 0.566962 0.844048 0.663085 0.580545 0.439339 4.780904 5.128451 4.780904
0.097157 0.053540 0.934270 0.647078 0.000871 0.121116 0.659267 0.344513 0.537245 0.000000 4.780904 5.128451 4.780904
0.000000 0.000000 0.982048 0.627380 0.000000 0.453366 0.000000 0.493821 0.236875 0.197590 4.780904 5.128451 4.780904
0.335569 0.020827 0.894732 0.597062 0.898829 0.000000 1.000000 0.461222 0.753350 0.332998 4.780904 5.128451 4.780904
0.275066 0.043668 1.000000 0.660022 0.630567 0.878663 0.960970 0.685815 0.519591 0.412698 4.780904 5.128451 4.780904
0.000000 0.092701 0.588125 0.646149 1.000000 0.196145 0.248948 0.804352 1.000000 0.000000 4.780904 5.128451 4.780904
0.374380 0.096418 0.520887 0.665621 0.817560 0.455932 0.765916 0.945212 0.808452 0.511256 4.780904 5.128451 4.780904
0.032549 0.000000 0.987911 0.633343 0.751461 0.068732 0.508946 1.000000 0.721121 0.723968 4.780904 5.128451 4.780904
0.182908 0.082537 1.000000 0.619832 0.298147 0.000000 0.179195 0.651626 0.488684 0.000000 4.780904 5.128451 4.780904
0.000000 0.000000 0.541878 0.664298 0.519149 0.798347 1.000000 0.431713 0.511578 0.358133 4.780904 5.128451 4.780904
0.000000 0.000000 0.673605 0.609647 0.710912 0.000000 0.928108 0.962547 0.564751 0.000000 4.780904 5.128451 4.780904
0.306034 0.044757 0.722189 0.644255 0.253534 0.579405 1.000000 0.882046 0.723308 0.459811 4.795298 5.128451 4.795298
0.000000 0.000000 0.510578 0.644889 1.000000 0.381618 1.000000 0.621937 1.000000 0.290023 4.780904 5.128451 4.780904
0.000000 0.000000 0.591039 0.635679 0.704986 0.199815 0.852806 0.835857 1.000000 0.016703 4.780904 5.128451 4.780904
0.079478 0.092234 1.000000 0.604280 0.203583 0.183120 0.679613 0.280574 0.420438 0.267073 4.780904 5.128451 4.780904
0.244775 0.000000 1.000000 0.659056 0.632426 1.000000 0.614032 0.478312 0.817705 0.277561 4.780904 5.128451 4.780904
0.000000 0.092648 0.789835 0.646527 0.428675 0.000000 0.125000 0.222385 0.679262 0.327782 4.780904 5.128451 4.780904
0.013089 0.000000 0.495533 0.656065 0.000000 0.844552 0.424127 0.581653 0.467612 0.463366 4.780904 5.128451 4.780904
0.161800 0.111045 0.594960 0.623772 0.331414 0.545868 0.597181 0.000000 1.000000 0.466535 4.780904 5.128451 4.780904
0.094111 0.018866 0.593177 0.643223 1.000000 1.000000 1.000000 1.000000 1.000000 0.336999 4.780904 5.128451 4.780904
0.104971 0.066364 0.754809 0.644681 0.695724 0.737667 1.000000 0.784039 1.000000 0.000000 4.780904 5.128451 4.780904
0.000000 0.000000 1.000000 0.646381 0.378399 0.000000 0.186159 0.224847 0.467997 0.000000 4.780904 5.128451 4.780904
0.000000 0.000000 0.615101 0.632703 0.761477 0.141352 0.823119 1.000000 0.938818 0.153963 4.780904 5.128451 4.780904
0.000000 0.000000 0.978938 0.628632 0.572321 0.560417 0.627497 0.909533 0.634030 0.000000 4.780904 5.128451 4.780904
0.000000 0.026310 0.587277 0.598090 0.945167 0.738335 0.000000 0.312239 0.395292 0.000000 4.780904 5.128451 4.780904
0.310685 0.097202 0.735426 0.625520 0.310117 0.227966 1.000000 0.685612 0.974839 0.292661 4.780904 5.128451 4.780904
0.306034 0.016996 0.795904 0.632385 0.373800 0.544349 0.769838 0.652600 0.576457 0.548049 4.781906 5.128451 4.781906
0.000000 0.000000 0.592050 0.643861 1.000000 0.136828 1.000000 0.796374 1.000000 0.310445 4.780904 5.128451 4.780904
0.000000 0.000000 0.624808 0.601609 0.889930 0.185239 0.339205 0.393740 0.518627 0.000000 4.780904 5.128451 4.780904
0.000000 0.018866 0.665257 0.670974 0.971388 1.000000 0.771039 0.928228 1.000000 0.029451 4.780904 5.128451 4.780904
0.000000 0.000000 0.696395 0.634029 0.540819 0.315405 0.000000 0.630594 0.092490 0.942615 4.780904 5.128451 4.780904
0.000000 0.113844 0.847519 0.620215 1.000000 1.000000 0.000000 0.721509 0.000000 0.315056 4.780904 5.128451 4.780904
0.000000 0.108519 0.884813 0.678946 0.500126 0.000000 0.283144 0.588556 0.579995 0.130375 4.780904 5.128451 4.780904
0.000000 0.000000 0.554746 0.662793 1.000000 0.450549 0.905483 1.000000 0.505321 0.000000 4.780904 5.128451 4.780904
0.152732 0.000000 0.841162 0.613700 0.235560 0.521183 0.541118 0.492322 0.640282 0.026544 4.780904 5.128451 4.780904
0.005249 0.101422 0.906571 0.648859 0.000000 0.000000 0.032528 0.236648 0.457542 0.000000 4.780904 5.128451 4.780904
0.000000 0.000000 0.557569 0.656572 0.814190 0.317689 0.244072 0.812628 0.636646 0.000000 4.780904 5.128451 4.780904
0.000000 0.108519 0.852570 0.658626 0.804744 0.013622 0.065962 1.000000 0.706380 0.251886 4.780904 5.128451 4.780904
0.000000 0.000000 0.780312 0.616501 0.973939 0.012311 0.051996 0.696870 0.430813 0.062945 4.780904 5.128451 4.780904
0.000000 0.093759 0.899092 0.666143 0.666210 0.509048 0.035312 0.935592 0.907371 0.507471 4.780904 5.128451 4.780904
0.000000 0.000000 0.570766 0.655121 1.000000 0.983980 0.630508 1.000000 1.000000 0.454251 4.780904 5.128451 4.780904
0.363661 0.063477 0.719479 0.667897 0.536636 0.571704 0.606557 0.635908 0.530341 0.167405 4.780904 5.128451 4.780904
0.000000 0.000000 0.615788 0.639915 0.271142 0.911888 0.000000 0.365787 0.389907 0.030775 4.780904 5.128451 4.780904
0.129927 0.000000 0.629610 0.604414 0.841358 0.109616 0.917909 1.000000 0.858613 0.000000 4.780904 5.128451 4.780904
0.000000 0.024936 0.648877 0.643531 0.000000 0.814721 0.000917 0.086749 0.445511 0.489264 4.780904 5.128451 4.780904
0.121541 0.000000 0.976335 0.599557 1.000000 0.459026 1.000000 0.819734 1.000000 0.877773 4.780904 5.128451 4.780904
0.000000 0.071089 0.822541 0.643177 1.000000 0.619874 0.098584 1.000000 0.629906 0.190430 4.780904 5.128451 4.780904
0.000000 0.029577 0.653764 0.630080 0.774392 0.415804 1.000000 0.702934 1.000000 0.314214 4.780904 5.128451 4.780904
0.109721 0.000000 0.713812 0.604516 0.068824 0.244370 0.002192 0.032524 0.335123 0.408787 4.780904 5.128451 4.780904
0.000000 0.000000 0.740817 0.632706 0.501200 0.255901 0.923564 0.741991 0.442582 0.239721 4.780904 5.128451 4.780904
0.327454 0.476336 0.759037 0.603610 0.384649 0.223947 0.000569 0.679509 0.177934 0.487193 0.353329 2.946951 0.353329
0.076426 0.001550 0.556808 0.662711 1.000000 0.000000 0.786510 0.988747 0.469318 0.275270 4.780904 5.128451 4.780904
0.000000 0.005465 0.856155 0.622891 0.886537 0.327438 0.209626 0.875426 0.471240 0.000000 4.780904 5.128451 4.780904
0.022800 0.000000 0.776704 0.651851 1.000000 0.000000 0.454251 1.000000 1.000000 0.835704 4.780904 5.128451 4.780904
0.285416 0.032185 0.504053 0.600161 0.850410 0.488740 0.438096 0.171161 0.122838 0.878678 4.780904 5.128451 4.780904
0.000000 0.000000 0.776704 0.646364 0.930937 0.085998 0.716637 1.000000 1.000000 0.602636 4.780904 5.128451 4.780904
0.097157 0.099864 0.829188 0.647151 0.026009 0.121116 0.628687 0.343282 0.642877 0.000000 4.780904 5.128451 4.780904
0.173356 0.000000 0.763860 0.659032 0.167449 0.279134 0.000000 1.000000 0.133361 1.000000 4.780904 5.128451 4.780904
0.060706 0.046497 1.000000 0.597698 0.057410 0.000000 1.000000 0.000000 0.151292 0.127588 4.780904 5.128451 4.780904
0.000000 0.000000 0.971069 0.622184 0.000000 0.245717 1.000000 0.293384 0.282739 0.176867 4.780904 5.128451 4.780904
0.131647 0.072162 0.944687 0.656619 0.093234 0.305119 0.735101 0.208184 0.543536 0.190259 4.780904 5.128451 4.780904
0.062673 0.071021 0.754460 0.613492 0.008868 0.097956 1.000000 0.707690 0.000000 0.464417 4.780904 5.128451 4.780904
0.000000 0.000000 0.570311 0.615430 0.450370 0.134541 0.790138 1.000000 0.671378 0.062937 4.780904 5.128451 4.780904
0.000000 0.000000 0.813616 0.636590 0.988767 0.785850 0.000000 0.179979 0.183762 0.000000 4.780904 5.128451 4.780904
0.204395 0.101060 1.000000 0.629031 0.000000 0.000000 1.000000 0.353581 0.594743 0.771490 4.780904 5.128451 4.780904
0.065430 0.099753 0.819872 0.651872 0.000000 0.036410 1.000000 0.459460 0.953655 0.164787 4.780904 5.128451 4.780904
0.000000 0.000000 0.864665 0.633197 0.026009 0.021218 1.000000 0.480596 0.921978 0.156922 4.780904 5.128451 4.780904
0.000000 0.010931 0.707743 0.650030 0.933067 0.791704 0.943352 0.939424 0.946921 0.000000 4.780904 5.128451 4.780904
0.000000 0.000000 0.639494 0.672694 0.350463 0.000000 0.000000 0.365787 0.401611 0.207225 4.780904 5.128451 4.780904
0.022380 0.113844 0.847519 0.624233 0.801838 0.827687 0.148013 0.765311 0.000000 0.030155 4.780904 5.128451 4.780904
0.004548 0.097088 0.602489 0.618888 0.411388 0.635507 0.668456 0.623677 1.000000 0.000000 4.780904 5.128451 4.780904
0.000000 0.108519 1.000000 0.607172 0.569478 0.000000 0.182085 0.753936 0.453207 0.411876 4.780904 5.128451 4.780904
0.000000 0.109992 0.783001 0.599866 0.660814 0.672961 0.000000 0.571723 0.074924 0.000000 4.780904 5.128451 4.780904
0.000000 0.013189 0.735774 0.622610 1.000000 0.553052 0.011733 1.000000 0.243299 0.746929 4.780904 5.128451 4.780904
0.179439 0.000000 0.827856 0.665001 1.000000 1.000000 0.809547 0.672267 0.649069 0.433899 4.780904 5.128451 4.780904
0.000000 0.090964 0.847519 0.647843 0.994554 0.629753 0.000000 0.509438 0.000000 0.264520 4.780904 5.128451 4.780904
0.152732 0.000000 0.850607 0.603688 0.081831 0.624381 0.631025 0.854407 0.847555 0.026544 4.780904 5.128451 4.780904
0.072877 0.000000 0.532783 0.669942 0.000000 0.778666 0.000000 0.348826 0.008012 0.909300 4.780904 5.128451 4.780904
0.184592 0.040578 0.805740 0.659016 0.644544 0.350148 0.059718 0.181027 0.155562 0.370756 4.780904 5.128451 4.780904
0.000000 0.000000 0.970215 0.622194 0.000000 0.550031 0.000000 0.717359 0.301071 0.379875 4.780904 5.128451 4.780904
0.152853 0.100687 0.573583 0.636208 0.883975 0.000000 0.149826 1.000000 0.162230 0.263109 4.780904 5.128451 4.780904
0.000000 0.017381 0.895318 0.625472 0.846216 0.291389 0.167408 0.314075 0.657809 0.437459 4.780904 5.128451 4.780904
0.019625 0.107331 0.630146 0.594965 0.364771 0.482947 0.800905 0.519585 0.936879 0.177361 4.780904 5.128451 4.780904
0.140401 0.000000 0.930769 0.640579 0.522955 0.556748 1.000000 0.729804 0.604103 0.380517 4.780904 5.128451 4.780904
0.000000 0.000000 0.596865 0.656284 1.000000 0.000000 0.946390 1.000000 0.777612 0.208102 4.780904 5.128451 4.780904
0.000000 0.000000 0.836020 0.644448 0.943347 0.502605 0.159439 1.000000 0.207452 0.000000 4.780904 5.128451 4.780904
0.123189 0.092701 0.942939 0.596448 1.000000 0.164915 0.254526 0.550843 0.024725 0.316234 4.780904 5.128451 4.780904
0.000000 0.000000 0.719038 0.597410 0.903629 0.485680 1.000000 0.513540 0.641851 0.404437 4.780904 5.128451 4.780904
0.000000 0.000000 0.884813 0.612735 0.730625 0.000000 0.928108 1.000000 0.366802 0.000000 4.780904 5.128451 4.780904
0.374380 0.048289 0.985834 0.672357 0.719849 0.502815 0.640801 1.000000 0.918496 0.038450 4.780904 5.128451 4.780904
0.000000 0.000000 0.937633 0.652556 0.200724 0.302001 0.727458 1.000000 0.000000 0.000000 4.780904 5.128451 4.780904
0.322659 0.085551 0.526146 0.640608 0.768318 0.193819 0.538492 0.957200 0.265170 0.000000 4.780904 5.128451 4.780904
0.018816 0.009487 0.811589 0.605637 1.000000 0.563966 0.556650 1.000000 0.486172 0.028365 4.780904 5.128451 4.780904
0.058397 0.111045 0.634794 0.616369 0.381750 0.136078 0.324163 0.286565 0.770624 0.000000 4.780904 5.128451 4.780904
0.306034 0.090326 0.641089 0.654133 0.139893 0.599366 0.909577 0.906314 0.624905 0.190574 4.787922 5.128451 4.787922
0.000000 0.000000 0.515552 0.649287 0.511538 0.000000 0.000000 0.916350 0.222396 0.000000 4.780904 5.128451 4.780904
0.000000 0.088071 0.886761 0.664398 0.887475 0.513332 0.000000 0.580872 0.036893 0.689616 4.780904 5.128451 4.780904
0.035601 0.000000 0.839946 0.671385 1.000000 0.068682 0.067806 0.525562 0.856616 0.000000 4.780904 5.128451 4.780904
0.369184 0.081156 0.539970 0.640487 1.000000 0.476885 0.038492 0.024796 0.865064 0.000000 4.780904 5.128451 4.780904
0.306034 0.090326 0.585744 0.641052 0.267330 0.397523 0.944267 0.906627 0.566463 0.119916 4.795806 5.128451 4.795806
0.297651 0.069165 0.862490 0.664110 0.135561 0.469892 0.820774 0.695086 0.724208 0.000000 4.788514 5.128451 4.788514
0.059866 0.004097 0.770443 0.648270 1.000000 0.575917 0.752842 0.934310 0.303236 0.000000 4.780904 5.128451 4.780904
0.107414 0.000000 1.000000 0.647732 0.494629 0.808050 0.579719 0.729804 0.272524 0.227296 4.780904 5.128451 4.780904
0.000000 0.092648 0.789835 0.648418 0.286986 0.000000 0.000000 0.000000 0.258026 0.044981 4.780904 5.128451 4.780904
0.000000 0.016576 0.537083 0.636539 1.000000 0.000000 1.000000 0.831114 1.000000 0.472234 4.780904 5.128451 4.780904
0.184592 0.102661 0.861569 0.600954 0.631974 0.195444 0.091412 0.512398 0.439460 0.003928 4.780904 5.128451 4.780904
0.000000 0.105079 0.965883 0.656421 1.000000 0.000000 0.922675 1.000000 0.797376 0.425620 4.780904 5.128451 4.780904
0.260034 0.018866 1.000000 0.631095 0.853013 0.932197 0.514085 0.613967 0.846859 0.570845 4.780904 5.128451 4.780904
0.000000 0.000000 0.700559 0.600202 0.000000 0.000000 0.000000 0.630851 0.118665 0.000000 4.780904 5.128451 4.780904
0.000000 0.000000 0.771990 0.650665 0.087294 0.468077 0.702616 1.000000 0.593946 0.000000 4.780904 5.128451 4.780904
0.158481 0.090964 0.847519 0.651628 0.689188 0.602542 0.000000 0.371514 0.165011 0.000000 4.780904 5.128451 4.780904
0.000000 0.014788 0.698119 0.630235 0.382981 0.452685 0.553750 0.869731 0.691335 0.209694 4.780904 5.128451 4.780904
0.000000 0.000000 0.612565 0.623958 0.466955 0.257363 0.910394 1.000000 0.857192 0.000000 4.780904 5.128451 4.780904
0.000000 0.059566 0.831647 0.611413 0.548784 1.000000 1.000000 0.813121 1.000000 0.139093 4.780904 5.128451 4.780904
0.161800 0.092648 1.000000 0.608773 0.000000 0.000000 1.000000 0.000000 0.417293 0.544981 4.780904 5.128451 4.780904
0.000000 0.000000 0.577901 0.664030 1.000000 0.434983 0.998812 0.490488 1.000000 0.461870 4.780904 5.128451 4.780904
0.000000 0.062083 0.979936 0.603893 0.597442 0.000000 0.430485 1.000000 0.506928 0.305246 4.780904 5.128451 4.780904
0.306034 0.099017 0.783763 0.635882 0.372231 0.431901 0.694388 0.488891 0.456612 0.244213 4.786871 5.128451 4.786871
0.000000 0.000000 0.819329 0.597513 0.731441 0.000000 1.000000 0.853845 0.314081 0.048659 4.780904 5.128451 4.780904
0.260034 0.065217 0.817037 0.655012 0.853013 1.000000 0.138559 0.612478 0.856156 0.334703 4.780904 5.128451 4.780904
0.286025 0.059677 0.941195 0.654435 0.209929 0.000000 0.592668 0.215901 0.118186 0.101466 4.780904 5.128451 4.780904
0.000000 0.000000 0.671910 0.669886 1.000000 0.000000 0.432058 0.528983 0.747249 0.208246 4.780904 5.128451 4.780904
0.302813 0.034814 0.647842 0.620174 1.000000 0.457167 0.697262 0.369079 0.048598 1.000000 4.780904 5.128451 4.780904
0.000000 0.089824 0.818338 0.618644 0.297672 0.376920 0.132891 0.567626 0.294301 0.000000 4.780904 5.128451 4.780904
0.130764 0.023274 0.629902 0.678622 0.456758 0.687241 0.573568 0.000000 0.720884 0.525460 4.780904 5.128451 4.780904
0.346713 0.000000 0.983417 0.622503 0.557013 0.614054 0.868505 0.486904 0.926695 0.243436 4.780904 5.128451 4.780904
0.000000 0.031142 0.778892 0.649163 0.488149 0.395316 0.711481 0.281151 0.109492 0.369460 4.780904 5.128451 4.780904
0.000000 0.062083 1.000000 0.671376 1.000000 0.000000 0.483747 1.000000 0.667977 0.343389 4.780904 5.128451 4.780904
0.000000 0.074000 1.000000 0.603776 0.692432 0.202994 0.000000 0.864142 0.410725 0.000000 4.780904 5.128451 4.780904
0.037632 0.100692 0.700703 0.613910 1.000000 0.473056 0.694047 0.575902 0.287890 0.101710 4.780904 5.128451 4.780904
0.374380 0.096418 1.000000 0.669625 0.483111 0.610002 0.539858 0.766735 0.918496 0.000000 4.780904 5.128451 4.780904
0.155342 0.011601 0.732378 0.644069 0.000000 0.033704 1.000000 0.391331 1.000000 0.303253 4.780904 5.128451 4.780904
0.058397 0.122839 0.593941 0.622607 0.302464 0.178787 0.324163 0.242491 0.826373 0.015356 4.780904 5.128451 4.780904
0.000000 0.097035 0.859238 0.623861 0.000000 0.000000 1.000000 0.094988 0.796791 0.204441 4.780904 5.128451 4.780904
0.000000 0.000000 0.762992 0.624081 0.182529 0.000000 0.000000 1.000000 0.171500 0.069833 4.780904 5.128451 4.780904
0.000000 0.000000 0.729163 0.659573 1.000000 0.000000 0.754378 0.911694 0.492501 0.217309 4.780904 5.128451 4.780904
0.059866 0.010692 0.867391 0.627426 1.000000 0.453270 0.258708 1.000000 0.169096 0.485400 4.780904 5.128451 4.780904
0.123495 0.054735 0.894578 0.638547 0.112955 0.316252 0.613376 0.549779 0.554096 0.000000 4.780904 5.128451 4.780904
0.069293 0.092701 0.570114 0.631645 0.735625 0.589881 0.488143 0.557613 0.941513 0.128875 4.780904 5.128451 4.780904
0.089875 0.105079 0.766776 0.599839 0.614768 0.645008 0.890411 0.924151 0.555225 0.067438 4.780904 5.128451 4.780904
0.000000 0.077904 0.856379 0.606673 1.000000 1.000000 0.000000 0.561914 0.000000 0.848240 4.780904 5.128451 4.780904
0.149355 0.054427 1.000000 0.603168 0.169671 0.203931 1.000000 0.627756 1.000000 0.523407 4.780904 5.128451 4.780904
0.000000 0.088071 0.833571 0.671881 1.000000 0.032923 0.000000 0.268335 0.000000 0.874994 4.780904 5.128451 4.780904
0.125020 0.063287 0.641398 0.665018 0.870833 0.362868 0.549490 0.431667 0.286424 0.073451 4.780904 5.128451 4.780904
0.000000 0.017699 0.555312 0.672811 0.756610 0.291600 0.000000 0.725256 0.449444 0.000000 4.780904 5.128451 4.780904
0.000000 0.000000 0.786044 0.635288 0.002400 0.168447 0.279186 0.327487 0.790100 0.000000 4.780904 5.128451 4.780904
0.000000 0.000000 0.851191 0.671808 1.000000 0.881918 1.000000 1.000000 0.847684 0.021515 4.780904 5.128451 4.780904
0.000000 0.092648 0.793165 0.626687 0.000000 0.000942 1.000000 0.000000 0.296791 0.109020 4.780904 5.128451 4.780904
0.000000 0.111045 0.594960 0.631104 0.526524 0.531892 0.614083 0.337608 1.000000 0.249060 4.780904 5.128451 4.780904
0.000000 0.000000 0.803844 0.668863 0.000000 0.306077 0.077378 0.943350 0.054033 0.554478 4.780904 5.128451 4.780904
0.128376 0.112502 0.849776 0.598675 0.000000 0.000000 1.000000 0.497778 0.481389 0.000000 4.780904 5.128451 4.780904
0.000000 0.000000 0.885746 0.632755 0.972991 1.000000 0.317564 0.337363 0.228651 0.247330 4.780904 5.128451 4.780904
0.000000 0.105499 0.946470 0.644972 0.000000 0.000000 1.000000 0.447063 0.669519 0.219297 4.780904 5.128451 4.780904
0.008745 0.102347 0.890066 0.621943 1.000000 0.000000 0.843073 1.000000 0.574363 0.323579 4.780904 5.128451 4.780904
0.241466 0.020827 0.940721 0.605570 0.319018 0.419735 1.000000 0.747120 1.000000 0.152137 4.780904 5.128451 4.780904
0.182687 0.000000 0.986680 0.628017 0.789567 0.117440 0.895159 0.584415 0.924333 0.678248 4.780904 5.128451 4.780904
0.069293 0.048666 0.615961 0.630962 0.599663 0.878200 0.488143 0.764429 1.000000 0.000000 4.780904 5.128451 4.780904
0.208917 0.074166 0.783359 0.673027 0.088166 0.594989 0.451799 0.777570 0.374321 0.189313 4.780904 5.128451 4.780904
0.360804 0.008110 0.855640 0.680473 0.536636 0.618179 0.814918 0.876044 0.942406 0.433192 4.780904 5.128451 4.780904
0.076494 0.004387 1.000000 0.651561 0.524443 0.630978 1.000000 1.000000 1.000000 0.820680 4.780904 5.128451 4.780904
0.026178 0.061972 0.657670 0.604117 0.135571 0.455944 0.052313 0.619841 0.378971 0.000000 4.780904 5.128451 4.780904
0.000000 0.000000 0.601589 0.678508 0.435875 0.000000 0.679662 0.241510 0.471855 0.000000 4.780904 5.128451 4.780904
0.000000 0.000000 0.559828 0.595904 0.487427 0.145750 1.000000 0.777207 0.435650 0.461491 4.780904 5.128451 4.780904
0.000000 0.000000 0.925266 0.670516 0.728077 0.609561 0.000000 0.681967 0.385006 0.000000 4.780904 5.128451 4.780904
0.000000 0.040159 0.986477 0.626604 0.579784 0.398390 0.195023 0.817698 0.293749 0.541851 4.780904 5.128451 4.780904
0.000000 0.075238 0.903344 0.665976 0.862045 0.246671 0.000000 0.833769 0.226142 0.200293 4.780904 5.128451 4.780904
0.250454 0.000000 0.525954 0.615636 1.000000 0.838320 0.378077 0.286671 0.198806 0.160931 4.780904 5.128451 4.780904
0.000000 0.013640 0.865353 0.637327 0.933067 0.893271 0.818878 0.954767 0.446921 0.000000 4.780904 5.128451 4.780904
0.065974 0.050344 0.635890 0.630142 1.000000 0.000000 1.000000 1.000000 0.870608 0.306443 4.780904 5.128451 4.780904
0.000000 0.017407 0.683404 0.642230 0.890149 0.506719 0.914379 0.941087 0.444971 0.378282 4.780904 5.128451 4.780904
0.000000 0.097587 0.918295 0.616252 0.533860 0.288412 0.000000 0.775994 0.522224 0.030712 4.780904 5.128451 4.780904
0.000000 0.000000 0.618740 0.627806 0.484981 0.849521 0.010441 0.392397 0.336000 0.060463 4.780904 5.128451 4.780904
0.306034 0.099017 0.725852 0.637436 0.309699 0.472541 0.616412 0.563664 0.425959 0.261664 4.783297 5.128451 4.783297
0.091454 0.107013 0.934704 0.617476 0.621427 0.041563 0.034906 0.786452 0.293811 0.400447 4.780904 5.128451 4.780904
0.000000 0.000000 0.851191 0.643395 0.668656 0.585163 1.000000 1.000000 0.884020 0.000000 4.780904 5.128451 4.780904
0.000000 0.000000 0.546560 0.606803 1.000000 0.000000 0.706617 0.813253 0.637740 0.108420 4.780904 5.128451 4.780904
0.239410 0.123789 0.885428 0.643936 0.007236 0.304641 0.056692 1.000000 0.105442 0.367099 4.780904 5.128451 4.780904
0.000000 0.049873 0.863564 0.631047 0.399972 1.000000 0.319808 0.225059 0.502720 0.327782 4.780904 5.128451 4.780904
0.123495 0.103253 0.917389 0.632183 0.000000 0.000000 1.000000 0.507283 0.860611 0.102221 4.780904 5.128451 4.780904
0.304792 0.123789 0.624192 0.650775 0.656361 0.446073 0.514085 0.781991 0.433985 0.144175 4.780904 5.128451 4.780904
0.177978 0.000000 0.976335 0.654509 1.000000 0.300178 1.000000 0.569381 1.000000 1.000000 4.780904 5.128451 4.780904
0.067557 0.000000 0.851418 0.623153 0.973939 0.000000 0.192938 0.619521 0.531648 0.000000 4.780904 5.128451 4.780904
0.000000 0.111651 0.832627 0.609549 0.539616 0.787213 0.000000 0.623991 0.000000 0.000000 4.780904 5.128451 4.780904
0.000000 0.000000 0.872558 0.643597 0.500000 0.111705 0.504526 0.284459 0.005406 0.370756 4.780904 5.128451 4.780904
0.308998 0.093484 1.000000 0.651429 0.699807 0.519741 0.710263 1.000000 0.780540 1.000000 4.780904 5.128451 4.780904
0.000000 0.017381 0.837592 0.625372 0.846216 0.000000 0.000000 0.932369 0.857259 0.731646 4.780904 5.128451 4.780904
0.135115 0.005228 0.877986 0.635914 1.000000 0.405237 0.293617 0.845302 0.444969 0.617496 4.780904 5.128451 4.780904
0.000000 0.022841 0.717039 0.673841 0.653644 0.890315 0.823119 1.000000 1.000000 0.619139 4.780904 5.128451 4.780904
0.147807 0.084595 0.612354 0.680815 0.758719 0.127050 1.000000 1.000000 0.879677 0.000000 4.780904 5.128451 4.780904
0.000000 0.000000 0.776785 0.604769 1.000000 0.943158 0.033516 0.973806 0.595646 0.000000 4.780904 5.128451 4.780904
0.000000 0.000000 0.683750 0.650005 1.000000 0.171678 1.000000 0.842739 0.421157 0.343844 4.780904 5.128451 4.780904
0.000000 0.108519 0.832507 0.617189 0.389156 0.000000 0.179813 1.000000 0.526823 0.000000 4.780904 5.128451 4.780904
0.000000 0.000000 0.508353 0.634404 0.483528 0.000000 1.000000 0.654898 1.000000 0.000000 4.780904 5.128451 4.780904
0.000000 0.000000 0.608754 0.594711 1.000000 0.791413 0.419569 1.000000 0.490680 0.000000 4.780904 5.128451 4.780904
0.000000 0.000000 0.644947 0.603475 0.755498 0.896408 0.649295 0.862090 0.100610 1.000000 4.780904 5.128451 4.780904
0.000000 0.000000 0.779730 0.619507 0.143619 0.000000 0.283144 0.446943 0.709008 0.122669 4.780904 5.128451 4.780904
0.000000 0.000000 0.781216 0.671728 0.895646 0.635836 0.000000 0.952542 0.585826 0.000000 4.780904 5.128451 4.780904
0.008979 0.000000 0.581594 0.627663 1.000000 0.152848 1.000000 0.655329 1.000000 0.264103 4.780904 5.128451 4.780904
0.065430 0.073508 0.918194 0.661789 0.075554 0.235604 1.000000 0.757117 0.438754 0.271822 4.780904 5.128451 4.780904
0.061644 0.069194 1.000000 0.636587 1.000000 0.506846 0.080211 0.930521 0.000000 0.000000 4.780904 5.128451 4.780904
0.165535 0.000000 0.847026 0.638652 0.787832 1.000000 0.995912 0.792555 1.000000 0.448831 4.780904 5.128451 4.780904
0.000000 0.000000 0.997342 0.653634 0.365313 0.000000 1.000000 0.631583 0.000000 0.121063 4.780904 5.128451 4.780904
0.010554 0.108519 0.852570 0.623619 0.866461 0.375416 0.000000 0.687737 0.542601 0.218697 4.780904 5.128451 4.780904
0.000000 0.101815 0.517269 0.632705 0.781504 1.000000 0.259505 0.128031 0.896719 0.000000 4.780904 5.128451 4.780904
0.000000 0.000000 0.677022 0.669972 1.000000 0.000000 0.323470 1.000000 0.882023 0.352901 4.780904 5.128451 4.780904
0.000000 0.000000 1.000000 0.610268 0.245901 0.361916 0.668318 0.523835 0.923777 0.000000 4.780904 5.128451 4.780904
0.142362 0.000000 1.000000 0.664881 0.929765 0.106847 0.670757 0.782821 0.871608 0.635431 4.780904 5.128451 4.780904
0.000000 0.015547 0.916133 0.665990 0.500000 0.000000 0.287735 1.000000 1.000000 0.283183 4.780904 5.128451 4.780904
0.302813 0.034814 0.811039 0.620485 0.767495 0.638125 0.567368 0.149723 0.228111 1.000000 4.780904 5.128451 4.780904
0.192316 0.087281 0.905382 0.597410 0.282851 0.336253 0.522788 0.813300 0.581818 0.066200 4.780904 5.128451 4.780904
0.000000 0.019715 0.998886 0.668068 0.599983 0.756367 0.000000 0.828708 1.000000 0.075763 4.780904 5.128451 4.780904
0.000000 0.014788 0.566627 0.636568 1.000000 0.317519 0.815970 1.000000 1.000000 0.325960 4.780904 5.128451 4.780904
0.177468 0.078070 0.725252 0.646565 0.982265 0.263139 0.737950 0.415904 0.736667 0.289207 4.780904 5.128451 4.780904
0.311177 0.076315 1.000000 0.645851 0.706107 0.450379 0.280999 0.613967 0.846859 0.750326 4.780904 5.128451 4.780904
0.000000 0.046324 1.000000 0.651364 0.418787 0.647817 1.000000 0.000000 0.659974 0.412643 4.780904 5.128451 4.780904
0.275597 0.000000 0.978938 0.663447 0.889936 0.902971 0.648917 0.747374 0.649706 0.247330 4.780904 5.128451 4.780904
0.130764 0.000000 0.610193 0.647707 0.191596 0.598270 0.914787 0.168170 0.749575 0.496767 4.780904 5.128451 4.780904
0.005249 0.110855 0.821189 0.662122 0.014020 0.248698 0.338328 0.200762 0.853816 0.014726 4.780904 5.128451 4.780904
0.000000 0.000000 0.586103 0.645181 0.000000 0.543956 0.150238 0.593652 0.471425 0.038718 4.780904 5.128451 4.780904
0.187190 0.036788 0.514488 0.619848 0.548912 0.040171 0.881792 0.972606 0.761418 0.000000 4.780904 5.128451 4.780904
0.000000 0.000000 0.567916 0.644754 0.464560 0.512041 1.000000 0.649537 0.901207 0.195770 4.780904 5.128451 4.780904
0.000000 0.071720 0.752373 0.629695 0.561378 0.500000 0.483736 0.288236 0.529255 0.114527 4.780904 5.128451 4.780904
0.032248 0.079776 0.801755 0.673281 0.177009 0.287729 0.800078 0.136352 0.236475 0.101549 4.780904 5.128451 4.780904
0.309607 0.032464 0.716343 0.622364 0.732425 0.284901 0.839205 0.169014 0.651625 0.256604 4.780904 5.128451 4.780904
0.000000 0.000000 0.720002 0.662429 0.592905 0.000000 0.863043 0.675850 0.327931 0.485341 4.780904 5.128451 4.780904
0.000000 0.000000 0.892156 0.652050 1.000000 0.582779 0.789068 0.545440 0.601099 0.247330 4.780904 5.128451 4.780904
0.130462 0.094666 0.859286 0.671985 0.701935 0.969846 0.498042 0.699704 0.277413 0.000000 4.780904 5.128451 4.780904
0.119733 0.021834 0.947912 0.614721 1.000000 0.967086 0.815805 1.000000 0.068391 0.187339 4.780904 5.128451 4.780904
0.000000 0.108519 0.832507 0.616565 0.681308 0.992245 0.179813 0.904149 0.598308 0.000000 4.780904 5.128451 4.780904
0.000000 0.000000 0.593008 0.679422 0.853541 0.267516 0.493982 0.010625 0.025537 0.509866 4.780904 5.128451 4.780904
0.061747 0.036911 0.944284 0.594956 0.153920 0.158126 0.275835 0.774890 0.442077 0.092436 4.780904 5.128451 4.780904
0.005916 0.075070 1.000000 0.635323 0.055032 0.000000 0.621660 0.245445 0.587347 0.876335 4.780904 5.128451 4.780904
0.070939 0.000000 0.976335 0.641947 1.000000 0.248157 1.000000 0.819734 1.000000 1.000000 4.780904 5.128451 4.780904
0.286025 0.065143 0.624946 0.680734 0.547962 0.289840 1.000000 0.456830 0.318646 0.101466 4.780904 5.128451 4.780904
0.000000 0.000000 0.954051 0.598315 1.000000 0.000000 1.000000 0.807329 0.981406 0.472283 4.780904 5.128451 4.780904
0.000000 0.000000 1.000000 0.660759 0.721115 0.610856 0.717921 0.819891 0.801315 0.232020 4.780904 5.128451 4.780904
0.374380 0.096418 0.520887 0.680662 0.426420 0.610002 0.617086 0.761423 1.000000 0.060393 4.780904 5.128451 4.780904
0.000000 0.066124 0.803415 0.670376 0.149048 0.057464 0.355020 0.917289 0.166943 0.000000 4.780904 5.128451 4.780904
0.000000 0.052997 1.000000 0.613984 1.000000 0.326982 0.000000 0.884145 0.369511 0.403558 4.780904 5.128451 4.780904
0.000000 0.064749 0.836020 0.611029 1.000000 0.769701 0.293626 0.812421 0.000000 0.264560 4.780904 5.128451 4.780904
0.300715 0.032185 0.504053 0.618646 0.817967 0.774920 0.609954 0.180917 0.261416 1.000000 4.780904 5.128451 4.780904
0.000000 0.000000 0.803844 0.673462 0.098336 0.296016 0.000000 0.853296 0.000000 0.260148 4.780904 5.128451 4.780904
0.000000 0.000000 0.545025 0.642801 0.507891 0.672431 0.000000 0.630479 0.431777 0.038021 4.780904 5.128451 4.780904
0.000000 0.000000 0.605487 0.630392 0.247378 0.786300 0.264915 0.461123 0.491973 0.325373 4.780904 5.128451 4.780904
0.119733 0.021834 0.916047 0.638766 0.758630 0.907595 0.606021 1.000000 0.038939 0.206349 4.780904 5.128451 4.780904
0.218325 0.049000 0.826617 0.660453 0.000000 0.120778 0.235101 0.708184 0.280229 1.000000 4.780904 5.128451 4.780904
0.000000 0.066689 0.813897 0.612369 0.582411 0.000000 0.298218 0.862794 0.860893 0.714773 4.780904 5.128451 4.780904
0.286025 0.100687 0.573583 0.667064 0.683924 0.294996 1.000000 1.000000 0.441096 0.196681 4.780904 5.128451 4.780904
0.182908 0.082537 0.898741 0.604495 0.242853 0.054270 0.363439 0.715250 0.587621 0.061956 4.780904 5.128451 4.780904
0.000000 0.105499 0.954023 0.652668 0.000000 0.000000 0.747585 0.207131 0.182288 0.435368 4.780904 5.128451 4.780904
0.000000 0.000000 1.000000 0.646516 0.987552 0.740865 0.043503 0.668559 0.081841 0.248742 4.780904 5.128451 4.780904
0.196694 0.065240 0.625923 0.675991 0.689188 0.439051 0.393255 0.423815 0.214915 0.708963 4.780904 5.128451 4.780904
0.112892 0.040473 0.858736 0.632635 0.000000 0.000000 1.000000 0.316732 0.920696 1.000000 4.780904 5.128451 4.780904
0.188457 0.026310 0.587277 0.666186 0.000000 1.000000 0.744489 0.436776 0.116330 0.349237 4.780904 5.128451 4.780904
0.000000 0.000000 0.833323 0.619299 0.610150 0.010289 1.000000 0.430640 1.000000 0.257828 4.780904 5.128451 4.780904
0.000000 0.089824 0.995485 0.635644 0.054512 0.151753 0.132891 0.453012 0.625597 0.078461 4.780904 5.128451 4.780904
0.000000 0.000000 0.629610 0.631282 1.000000 0.109616 0.738246 0.873769 1.000000 0.230187 4.780904 5.128451 4.780904
0.000000 0.000000 0.896222 0.628489 1.000000 0.721329 0.000000 0.028414 0.000000 0.000000 4.780904 5.128451 4.780904
0.080900 0.046819 0.513348 0.647343 0.534822 1.000000 0.085473 0.342084 0.914161 0.044127 4.780904 5.128451 4.780904
0.158481 0.090964 0.871225 0.670973 0.689188 0.547734 0.000000 0.434629 0.106023 0.061357 4.780904 5.128451 4.780904
0.086999 0.012887 0.605187 0.597175 0.895031 0.339245 0.273065 0.475155 0.275581 0.000000 4.780904 5.128451 4.780904
