# Party-0 optima (Phase 1b)
# x0..x(D-1) party_fit f0 f1 consensus
0.679479 0.248522 62.910269 62.910269 0.080386 0.080386
0.519623 0.833380 58.810059 58.810059 0.111582 0.111582
0.316498 0.747587 24.826187 24.826187 2.866222 2.866222
0.589217 0.322188 16.567120 16.567120 2.146026 2.146026
0.809401 0.554326 5.091220 5.091220 0.548406 0.548406
0.414561 0.502684 3.745173 3.745173 2.146026 2.146026
0.371041 0.512135 3.745173 3.745173 0.120151 0.120151
0.381885 0.492327 3.745173 3.745173 0.120151 0.120151
