# Consensus Archive (v3 basin-tagged)
# x0..x(D-1) f0 f1 consensus
0.291126 0.675143 85.050403 84.611146 84.611146
0.556434 0.906678 67.542430 71.195204 67.542430
0.885627 0.331587 89.548739 87.898097 87.898097
0.559493 0.916476 62.346326 69.327618 62.346326
0.305707 0.653212 70.018158 68.912114 68.912114
0.893636 0.336460 89.998784 89.998754 89.998754
0.283824 0.680716 88.350423 88.408223 88.350423
0.541693 0.916229 59.743458 80.895372 59.743458
0.258912 0.753417 55.998562 67.618898 55.998562
0.274241 0.698537 89.459220 89.423242 89.423242
0.906373 0.345672 88.611595 85.049250 85.049250
0.278676 0.693565 89.999790 89.999809 89.999790
0.878450 0.339679 86.463861 76.811118 76.811118
0.680828 0.764690 30.254090 35.082356 30.254090
0.324800 0.650221 53.592567 53.328193 53.328193
0.505778 0.933003 40.660465 57.204762 40.660465
0.233979 0.214699 26.924032 31.223393 26.924032
0.251577 0.736915 69.153378 68.023600 68.023600
0.557372 0.876672 59.994934 64.642445 59.994934
0.584061 0.947730 41.044483 42.126882 41.044483
0.518772 0.930216 46.993134 71.075733 46.993134
0.256880 0.695230 78.844439 83.560281 78.844439
0.264028 0.706154 84.980242 84.889916 84.889916
0.899731 0.354490 84.020511 87.301866 84.020511
0.311282 0.635170 59.286188 58.455796 58.455796
0.692296 0.797330 42.164795 31.831686 31.831686
0.255007 0.223461 32.068196 32.170085 32.068196
0.844985 0.286214 56.918258 51.323575 51.323575
0.569783 0.866430 65.316096 48.990118 48.990118
0.879072 0.322142 86.261983 85.340190 85.340190
0.514721 0.917229 41.922412 69.524326 41.922412
0.301075 0.686622 80.796781 81.885349 80.796781
0.690124 0.786719 38.155950 38.594942 38.155950
0.526095 0.949241 39.602226 65.591547 39.602226
0.892987 0.346034 88.129160 88.949811 88.129160
0.314532 0.616556 48.649508 49.550773 48.649508
0.289185 0.691707 87.699449 88.233199 87.699449
0.569751 0.905035 69.962841 56.933646 56.933646
0.555430 0.899853 70.937304 71.182769 70.937304
0.901260 0.322977 85.679704 81.180893 81.180893
0.579758 0.842134 58.787972 32.836194 32.836194
0.297526 0.651814 75.270492 74.340988 74.340988
0.588306 0.959183 32.549550 32.602318 32.549550
0.880081 0.302587 71.213594 80.407401 71.213594
0.936279 0.387717 56.363212 57.945130 56.363212
0.228674 0.740331 49.733953 49.536202 49.536202
0.879681 0.372803 65.951457 58.915311 58.915311
0.291126 0.663416 81.573529 81.823762 81.573529
0.242171 0.699522 66.044211 72.695540 66.044211
0.908640 0.283096 47.885348 46.327458 46.327458
0.568045 0.937351 49.451363 59.150275 49.451363
0.329819 0.597718 32.311453 34.144482 32.311453
0.954871 0.418884 30.702626 35.190790 30.702626
0.912664 0.334955 84.970098 71.714649 71.714649
0.916434 0.322425 79.358164 58.497525 58.497525
0.272924 0.720073 78.927955 86.087068 78.927955
0.280116 0.245903 24.088949 25.152555 24.088949
0.559182 0.854995 48.329441 56.294252 48.329441
0.295165 0.642955 63.702368 73.040450 63.702368
0.892561 0.378674 61.920293 74.571543 61.920293
0.837730 0.268129 40.792875 42.377038 40.792875
0.241305 0.780139 41.836530 45.389288 41.836530
0.854487 0.363714 61.803956 30.644999 30.644999
0.900371 0.297841 64.278626 68.055304 64.278626
0.949206 0.389810 54.346947 41.391524 41.391524
0.704524 0.764985 27.139398 36.519829 27.139398
0.535302 0.968263 31.520012 49.018841 31.520012
0.537927 0.861093 34.395354 59.054099 34.395354
0.270115 0.680830 78.564160 88.196994 78.564160
0.294460 0.733033 41.408671 79.439931 41.408671
0.587052 0.922056 59.338552 39.610037 39.610037
0.519293 0.981796 25.198388 41.470597 25.198388
0.486553 0.957031 27.575673 33.212160 27.575673
0.322064 0.698955 44.642153 70.392572 44.642153
0.336397 0.664348 44.927912 48.758852 44.927912
0.831820 0.257966 33.051533 35.533182 33.051533
0.567775 0.889188 75.733301 56.492873 56.492873
0.902289 0.257966 27.777257 39.477742 27.777257
0.923219 0.404436 40.688269 59.360414 40.688269
0.291958 0.616335 31.957754 65.575185 31.957754
0.852328 0.302380 72.130235 55.614649 55.614649
0.336660 0.631895 40.007131 39.540747 39.540747
0.204435 0.749941 29.575428 31.242756 29.575428
0.211496 0.224091 29.033060 21.093147 21.093147
0.558754 0.828845 32.442879 37.461633 32.442879
0.230885 0.763151 44.731703 44.044917 44.044917
0.868885 0.278235 48.549020 65.715487 48.549020
0.218799 0.702076 38.381933 53.014903 38.381933
0.259220 0.664838 48.683811 81.500579 48.683811
0.509840 0.872348 21.826719 57.184517 21.826719
