# gen=0 party=1
# sp x0..x(D-1) party_fit
0 0.309927 0.215511 0.517080 0.681988 0.032028 0.807156 0.554040 0.403238 0.221935 0.998174 34.197706
1 0.885440 0.874014 0.342393 0.832379 0.009890 0.991800 0.825737 0.460295 0.071629 0.737295 34.197706
2 0.484325 0.356174 0.002804 0.589295 0.674890 0.331138 0.631360 0.138410 0.970455 0.912098 34.197706
3 0.908948 0.364625 0.786696 0.405138 0.496047 0.123829 0.428020 0.602748 0.559888 0.888752 34.197706
4 0.559255 0.703979 0.996038 0.490926 0.286937 0.955690 0.228725 0.055487 0.294463 0.794161 34.197706
5 0.538164 0.546254 0.633619 0.822846 0.215436 0.058104 0.850659 0.471943 0.799009 0.821932 34.197706
6 0.354658 0.414354 0.147842 0.775780 0.420601 0.312045 0.456512 0.912350 0.218696 0.247398 34.197706
7 0.975032 0.666256 0.589153 0.533921 0.771140 0.876455 0.214894 0.350041 0.931723 0.565480 34.197706
