# Party-0 optima (Phase 1b)
# x0..x(D-1) party_fit f0 f1 consensus
0.223775 0.194679 0.649805 37.946083 37.946083 0.002328 0.002328
0.885579 0.861400 0.336479 36.126876 36.126876 11.049612 11.049612
0.297973 0.259747 0.651291 25.719278 25.719278 0.002328 0.002328
0.244574 0.042084 0.685093 21.018253 21.018253 0.002328 0.002328
0.862561 0.738718 0.137184 16.566639 16.566639 0.073738 0.073738
0.214035 0.009797 0.656392 15.009258 15.009258 0.002328 0.002328
0.823888 0.885687 0.119884 9.504972 9.504972 0.092168 0.092168
0.809318 0.674964 0.345758 9.240719 9.240719 0.073738 0.073738
