# gen=190 x0..xd f
0.106203 0.462912 0.125837 0.911816 0.272604 0.803363 0.302531 0.656670 0.253170 0.726543 82.221899
0.074364 0.502685 0.076906 0.734506 0.297500 0.716103 0.147060 0.630247 0.357463 0.484119 80.126648
0.107003 0.385756 0.294969 0.718545 0.359510 0.859562 0.161713 0.852691 0.421675 0.533708 71.036622
0.236539 0.462684 0.140765 0.337394 0.319485 0.915070 0.347119 0.560925 0.469362 0.664587 66.616174
0.012129 0.455191 0.072734 0.668233 0.255636 0.743365 0.410605 0.497941 0.310402 0.672019 78.643324
0.096801 0.496986 0.187636 0.793164 0.329174 0.839614 0.318660 0.573039 0.339382 0.755430 79.858388
1.000000 0.502915 0.612607 0.692467 0.989181 0.634216 0.929441 0.703563 0.774802 0.575986 43.176374
0.007028 0.436727 0.171826 0.794542 0.150984 0.776794 0.164239 0.583307 0.243074 0.704954 77.983274
0.000000 0.471423 0.000000 0.841593 0.129144 0.795295 0.150642 0.675455 0.304111 0.689899 77.145159
0.080488 0.440966 0.138217 0.783449 0.268747 0.839601 0.311426 0.687810 0.275951 0.693322 83.912334
0.000000 0.360509 0.144828 0.819515 0.378200 0.772504 0.298479 0.614970 0.467964 0.739507 77.362255
0.106583 0.538908 0.073167 0.498295 0.365529 0.962707 0.000000 0.306858 0.864017 0.638197 58.883171
0.000000 0.488466 0.066756 0.766043 0.251418 0.750858 0.315257 0.666435 0.387411 0.740947 82.197340
0.000000 0.413500 0.000000 0.622861 0.003417 0.851290 0.056603 0.828794 0.243640 0.715323 69.909425
0.060517 0.462768 0.063054 0.909137 0.262276 0.768764 0.383923 0.616546 0.436019 0.640571 82.559795
0.924399 0.522362 0.395550 0.711385 0.798131 0.771974 0.759615 0.588018 0.711993 0.554264 79.749033
0.005679 0.491055 0.076890 0.908596 0.211449 0.736716 0.387979 0.710545 0.361413 0.714310 81.442833
0.049458 0.528671 0.158661 0.685134 0.260559 0.670527 0.297193 0.417413 0.416099 0.654895 76.710709
0.105458 0.389354 0.293722 0.737807 0.336849 0.750292 0.109739 0.870716 0.517700 0.504490 69.994143
0.796031 0.381879 0.289406 0.358549 0.066018 0.900580 0.915670 0.855195 0.018034 0.443584 44.949769
0.090382 0.489148 0.083271 0.732336 0.262696 0.731978 0.254544 0.716330 0.428732 0.650047 85.093962
0.735324 0.944826 0.749766 0.957883 0.824294 0.014765 0.719220 0.998729 0.938239 0.471563 25.698198
0.061049 0.486407 0.104247 0.639025 0.170747 0.751328 0.338241 0.584273 0.409584 0.619323 81.517631
0.117738 0.491366 0.150097 0.783542 0.242501 0.827545 0.377821 0.762107 0.434100 0.769172 81.135040
0.046822 0.523479 0.099960 0.835212 0.317069 0.619055 0.309593 0.808837 0.297190 0.594642 81.154975
0.046695 0.537454 0.042472 0.758499 0.208999 0.846590 0.425722 0.677507 0.318011 0.750793 79.522487
0.090178 0.438098 0.125923 0.898511 0.270142 0.481750 0.307410 0.732784 0.113840 0.651249 75.411233
0.000000 0.427108 0.000000 0.810284 0.092339 0.671675 0.084992 0.595829 0.430528 0.615210 74.530208
0.924798 0.526658 0.861110 0.739462 0.293520 0.275567 0.635475 0.174325 0.586835 0.898233 43.575594
0.027061 0.459788 0.051594 0.721768 0.175644 0.737934 0.416813 0.691203 0.395028 0.652523 81.856370
0.002730 0.492229 0.081976 0.692788 0.264962 0.675311 0.442004 0.818334 0.377333 0.730948 79.029617
0.106922 0.511989 0.110497 0.911513 0.325653 0.778226 0.249984 0.751139 0.428793 0.547773 81.599138
0.373296 0.918642 0.333102 0.096420 0.323498 0.795495 0.095820 0.352178 0.568534 0.886550 34.496760
0.088531 0.431005 0.160776 0.714326 0.230435 0.796067 0.368454 0.640906 0.312636 0.701960 82.517481
0.076721 0.468590 0.105960 0.797500 0.255000 0.745000 0.307500 0.692500 0.360000 0.640000 89.999977
0.000000 0.461522 0.000000 0.736114 0.123500 0.687101 0.228493 0.699589 0.091085 0.753752 73.888710
0.037943 0.472889 0.259501 0.748332 0.280705 0.575877 0.271145 0.416137 0.423366 0.677394 72.717109
0.087174 0.461648 0.097280 0.729146 0.269095 0.778923 0.144112 0.867323 0.303356 0.504022 78.863204
0.125121 0.486271 0.199777 0.773285 0.355015 0.767160 0.391509 0.641292 0.377636 0.672765 80.362563
0.025467 0.159270 0.011799 0.526427 0.241138 0.370156 0.048535 0.611904 0.198690 0.450840 58.041582
0.065002 0.455916 0.173068 0.947635 0.456081 0.589326 0.573667 0.793650 0.164083 0.743275 71.578593
0.159082 0.356323 0.854313 0.377941 0.130785 0.634162 0.252831 0.267973 0.558492 0.803501 52.458589
0.019370 0.545449 0.145465 0.723894 0.412986 1.000000 0.469334 0.632881 0.471444 0.708705 73.872237
0.897093 0.494277 0.446136 0.651501 0.742451 0.617462 0.644632 0.631668 0.689214 0.631613 79.436117
0.110320 0.410451 0.130609 0.810986 0.384243 0.756238 0.331466 0.797503 0.425208 0.694791 81.205574
0.030513 0.461285 0.152027 0.641276 0.176818 0.614988 0.251851 0.660884 0.280153 0.584164 79.444784
0.000000 0.536580 0.000000 0.743432 0.000000 0.904666 0.197814 0.712942 0.145520 0.697803 71.613377
0.070845 0.407704 0.081288 0.715098 0.211430 0.596167 0.412360 0.709844 0.322086 0.658760 80.807404
0.135517 0.792938 0.220916 0.874331 0.069868 0.203344 0.330412 0.598049 0.790259 0.207867 43.484816
0.946258 0.502104 0.430419 0.730107 0.775878 0.596001 0.717594 0.725852 0.649570 0.644162 81.147074
0.126231 0.462006 0.128749 0.766452 0.253809 0.795809 0.311891 0.709260 0.525831 0.574956 81.759970
0.140513 0.477648 0.066304 0.120340 0.234500 0.779532 0.729348 0.894024 0.137485 0.600210 57.048660
0.916712 0.486055 0.480558 0.763318 0.733410 0.640231 0.638150 0.437367 0.733630 0.628477 76.127037
0.942712 0.490071 0.442518 0.765467 0.745455 0.697985 0.760875 0.733980 0.610195 0.580179 83.090831
0.925375 0.473489 0.424509 0.797500 0.741436 0.745000 0.692318 0.692500 0.637666 0.640000 87.775327
1.000000 0.469448 0.310670 0.743526 0.968438 0.592409 1.000000 0.687366 0.905628 0.650010 67.350902
0.528714 0.436516 0.271093 0.794490 0.393912 0.721205 0.528069 0.570072 0.432762 0.650743 51.601895
0.060272 0.429760 0.074052 0.644672 0.164663 0.894793 0.372275 0.562941 0.395017 0.647569 78.856500
1.000000 0.524917 0.674351 0.740961 0.732205 0.697523 0.786117 0.587018 0.519475 0.650253 47.751981
0.894550 0.460542 0.395601 0.723826 0.734020 0.680975 0.670897 0.561769 0.506067 0.715464 79.022220
0.738078 0.945617 0.300705 0.415863 0.893920 0.320701 0.424655 0.931278 0.641073 0.915080 33.779309
0.079692 0.436392 0.054741 0.794443 0.226636 0.779554 0.335176 0.668739 0.305716 0.567458 84.040991
0.000000 0.421962 0.068493 0.781183 0.000000 0.837620 0.255535 0.728024 0.068319 0.670050 73.059644
0.453406 0.931224 0.122816 0.229405 0.434969 0.644826 0.629245 0.246330 0.590267 0.676072 36.542872
0.030111 0.455116 0.088840 0.699712 0.207872 0.708210 0.290993 0.847371 0.272048 0.706314 80.727470
0.099322 0.488925 0.079901 0.822617 0.234360 0.782741 0.438095 0.739011 0.384409 0.723676 82.879128
0.089307 0.850395 0.060604 0.826189 0.426524 0.912624 0.415036 0.665999 0.359938 0.591951 38.601505
0.909483 0.749752 0.407094 0.772776 0.536603 0.467993 0.897928 0.440549 0.095340 0.719838 41.815446
0.374454 0.143075 0.583889 0.934978 0.824987 0.329081 0.260049 0.411328 0.370556 0.821975 40.072205
0.089576 0.467480 0.145968 0.832631 0.262300 0.804514 0.428949 0.647439 0.244620 0.703801 81.893674
0.945719 0.487004 0.392022 0.919993 0.928046 0.706674 0.489185 0.661827 0.729190 0.609616 75.864469
0.082367 0.503525 0.092519 0.818703 0.249397 0.742285 0.315249 0.587065 0.355243 0.741627 83.775367
0.054313 0.487680 0.135920 0.913707 0.255551 0.837802 0.377613 0.662864 0.498903 0.736221 80.469235
0.970355 0.518149 0.343961 0.739096 0.825325 0.768055 0.772184 0.792852 0.782298 0.549379 76.739481
1.000000 0.539384 0.491288 0.561182 1.000000 0.562255 0.780225 0.596771 0.787489 0.414016 67.738758
0.063557 0.465326 0.110074 0.949099 0.347444 0.774421 0.350616 0.789258 0.407425 0.616953 81.745277
0.176715 0.187542 0.252553 0.385628 0.151985 0.752823 0.387727 0.726316 0.537632 0.857650 59.507696
0.426589 0.402957 0.244517 0.797090 0.402585 0.740158 0.513737 0.646931 0.458705 0.670315 59.844910
0.884516 0.460487 0.427174 0.857631 0.667814 0.720594 0.746972 0.783899 0.602012 0.674157 81.332605
0.068286 0.526417 0.163861 0.876941 0.381226 0.705789 0.282788 0.773156 0.386558 0.738371 80.323334
0.000000 0.480065 0.031347 0.795949 0.361660 0.755423 0.421897 0.632930 0.396574 0.743131 79.024501
0.939856 0.489826 0.418632 0.855343 0.767205 0.783018 0.755053 0.772183 0.555246 0.723717 81.415516
0.125804 0.495457 0.125030 0.839006 0.202696 0.805761 0.225844 0.681224 0.257821 0.631031 82.552949
0.133777 0.503204 0.129732 0.702502 0.294191 0.753973 0.183563 0.863605 0.379437 0.681443 79.532492
0.782142 0.502842 0.469705 0.846132 0.783455 0.574384 0.784883 0.673772 0.677741 0.906347 70.869742
0.925450 0.513548 0.421109 0.666192 0.743159 0.800819 0.784176 0.631880 0.658117 0.631987 80.752487
0.035047 0.477761 0.026442 0.807639 0.202488 0.777239 0.208077 0.673480 0.386137 0.601394 81.817814
0.915319 0.465807 0.412799 0.815058 0.803087 0.726049 0.708517 0.598901 0.570633 0.704352 82.350740
0.109327 0.544285 0.121276 0.856539 0.392264 0.796867 0.269388 0.539436 0.480837 0.589364 78.542927
0.000000 0.477624 0.000000 0.754331 0.000000 0.641654 0.180994 0.776862 0.193372 0.752808 72.790454
0.088519 0.505008 0.072537 0.809150 0.317915 0.774945 0.295718 0.486321 0.455273 0.558354 79.774523
0.933182 0.403336 0.440741 0.697292 0.766954 0.757161 0.712079 0.628870 0.582765 0.858341 77.276459
0.076721 0.468590 0.105960 0.797500 0.255000 0.745000 0.307500 0.692500 0.360000 0.640000 89.999977
0.114993 0.480643 0.165125 0.744265 0.632700 0.866612 0.449031 0.716179 0.492916 0.782304 71.468478
0.324747 0.533712 0.556718 0.263554 0.005482 0.905938 0.431934 0.622598 0.560334 0.013782 40.027426
0.941558 0.478586 0.423028 0.591209 0.736249 0.685413 0.702245 0.688701 0.635064 0.604850 79.809423
0.125963 0.510780 0.166051 0.859956 0.287669 0.752649 0.345434 0.826886 0.416592 0.765387 79.816591
0.115051 0.451668 0.162034 0.839774 0.222469 0.688536 0.405444 0.669188 0.415600 0.557560 82.017116
0.040563 0.478956 0.099685 0.865709 0.534486 0.818343 0.288455 0.801061 0.366978 0.675259 77.560811
0.915831 0.392835 0.466699 0.866566 0.817329 0.727733 0.663792 0.658229 0.715565 0.738316 79.204023
0.000000 0.442653 0.000000 0.663571 0.069501 0.635520 0.000000 0.822664 0.158537 0.217945 64.210322
0.240661 0.064059 0.862026 0.910479 0.681357 0.346812 0.386698 0.355022 0.668825 0.696553 40.396253
0.087232 0.466500 0.011760 0.935624 0.313081 0.893136 0.377907 0.765067 0.239774 0.759411 77.043063
0.007067 0.445146 0.035955 0.726404 0.000000 0.450652 0.412579 0.734811 0.304676 0.662984 72.522213
0.485734 0.467697 0.210774 0.569097 0.406525 0.710766 0.541098 0.723255 0.468445 0.617641 55.500012
0.555501 0.487298 0.295756 0.858828 0.490595 0.692614 0.516902 0.663201 0.680344 0.552068 55.859721
0.940281 0.509151 0.452544 0.755164 0.770191 0.747864 0.780312 0.653313 0.441862 0.618393 78.938819
0.082676 0.465811 0.122484 0.826429 0.118902 0.625764 0.323306 0.678386 0.552088 0.674211 79.711527
0.075450 0.451668 0.162034 0.807392 0.293006 0.821910 0.405444 0.747246 0.452214 0.612422 82.233285
0.095987 0.485245 0.095213 0.827517 0.071348 0.777943 0.234001 0.788686 0.349700 0.615114 81.178938
0.103707 0.482665 0.129052 0.760853 0.275315 0.757689 0.340824 0.649512 0.243113 0.563719 83.444442
0.106209 0.456453 0.169858 0.681557 0.252927 0.727933 0.338966 0.678500 0.357543 0.510751 81.469584
0.104121 0.489374 0.097848 0.717616 0.187369 0.840921 0.217212 0.649293 0.351571 0.542751 82.004940
0.070359 0.437722 0.064192 0.795852 0.152916 0.616282 0.366623 0.684606 0.259653 0.706978 81.103886
0.075898 0.455923 0.156815 0.764905 0.203136 0.564880 0.289760 0.741315 0.355484 0.574418 81.232862
0.098767 0.429153 0.118875 0.899088 0.214225 0.731831 0.578674 0.671136 0.340317 0.689264 78.188385
0.069360 0.444922 0.102717 0.733452 0.099855 0.630147 0.326940 0.613738 0.418655 0.587393 80.984956
0.948488 0.442634 0.457939 0.782891 0.767913 0.752317 0.614125 0.754871 0.658714 0.509821 80.794957
0.925375 0.473490 0.424509 0.797500 0.741436 0.745000 0.692318 0.692500 0.637666 0.640000 87.775327
0.000000 0.510807 0.000000 0.320635 0.028278 0.811095 0.078117 0.677683 0.217902 0.590703 65.130779
0.064433 0.465663 0.079116 0.922092 0.202051 0.913799 0.169729 0.745329 0.520981 0.556866 77.702421
0.123843 0.474021 0.146860 0.742920 0.317847 0.724967 0.105869 0.636534 0.396814 0.584725 79.926561
0.112349 0.422391 0.170848 0.754196 0.315979 0.761324 0.406783 0.725457 0.341133 0.675055 81.878788
0.076862 0.465012 0.120354 0.617027 0.267706 0.685712 0.281562 0.799844 0.393645 0.739727 80.663860
0.071848 0.465828 0.147672 0.766173 0.259511 0.808956 0.193151 0.639693 0.314297 0.666116 83.394125
0.119105 0.443121 0.150155 0.810434 0.367248 0.684090 0.287837 0.532889 0.231567 0.613183 79.541842
0.079497 0.454326 0.567090 0.785293 0.479472 0.733846 0.252577 0.589887 0.491434 0.628444 57.949013
0.088333 0.359154 0.109571 0.905148 0.275532 0.702303 0.272147 0.732202 0.492178 0.785421 78.268214
0.068050 0.439774 0.278802 0.876504 0.316720 0.640598 0.261877 0.697213 0.391125 0.622033 75.956605
0.042092 0.507604 0.139211 1.000000 0.253000 0.885632 0.363027 0.655690 0.345183 0.579583 79.066448
0.022921 0.434533 0.055316 0.800302 0.245258 0.865036 0.320143 0.738227 0.284713 0.668363 81.716599
0.084646 0.472069 0.148846 0.716585 0.268828 0.811510 0.069350 0.753529 0.480675 0.521968 77.559937
0.082113 0.472347 0.092022 0.633390 0.312088 0.777751 0.308023 0.697150 0.363008 0.597917 82.997554
0.054824 0.489716 0.104242 0.870586 0.331673 0.842424 0.311547 0.831996 0.355186 0.626385 82.052709
0.135948 0.394794 0.142736 0.776104 0.251856 0.682525 0.432913 0.670121 0.281071 0.610907 80.387420
0.095502 0.488881 0.147211 0.867859 0.378178 0.815323 0.195207 0.604925 0.270164 0.624875 80.491632
0.104667 0.416716 0.124936 0.835025 0.245990 0.597861 0.294461 0.650870 0.396570 0.685891 82.242968
0.933661 0.474805 0.437187 0.939383 0.615109 0.703175 0.693276 0.736687 0.703509 0.642535 80.054909
0.124548 0.418592 0.164044 0.820389 0.316306 0.576572 0.345793 0.643303 0.352100 0.635167 80.240457
0.000000 0.519036 0.000000 0.643616 0.000000 0.749868 0.009199 0.683150 0.199723 0.596180 69.982660
0.131015 0.447799 0.109807 0.850791 0.365794 0.741340 0.240424 0.724018 0.312092 0.759405 81.506811
0.120711 0.455114 0.109790 0.478520 0.223817 0.818761 0.291230 0.634225 0.344348 0.665508 76.789716
0.951090 0.462012 0.416469 0.734582 0.653243 0.791151 0.720002 0.827237 0.666267 0.661769 80.789189
0.076721 0.468590 0.105960 0.797500 0.255000 0.745000 0.307500 0.692500 0.360000 0.640000 89.999977
1.000000 0.348025 0.832662 0.848181 1.000000 1.000000 0.506894 0.760615 0.960473 0.736162 44.249694
0.067608 0.482825 0.122628 0.715721 0.224682 0.690706 0.275557 0.708884 0.419291 0.603630 84.804386
0.496178 0.462332 0.004588 0.789326 0.846899 0.489944 0.300753 0.844926 0.139940 0.741966 48.223291
0.038140 0.441051 0.101763 0.782925 0.188290 0.716284 0.361787 0.542398 0.307660 0.587190 81.959146
0.848012 0.121272 0.447508 0.975566 0.080943 0.059500 0.234315 0.886232 0.085234 0.544488 36.298062
0.039764 0.492217 0.144972 0.736772 0.392051 0.708281 0.417922 0.651301 0.298470 0.639501 81.157229
0.117427 0.536759 0.538309 0.805865 0.386701 0.681807 0.269387 0.480623 0.499359 0.589442 55.193731
0.017781 0.461775 0.323474 0.764819 0.119595 0.718295 0.269045 0.741110 0.536179 0.448379 69.958858
0.089912 0.418353 0.121133 0.746077 0.245314 0.787970 0.278791 0.558771 0.333336 0.728271 82.246236
0.057786 0.500683 0.114969 0.665668 0.233431 0.771295 0.511717 0.635929 0.442915 0.579947 79.316961
0.000000 0.500937 0.011929 0.754022 0.123694 0.650509 0.293132 0.562098 0.081274 0.705639 73.627446
0.040257 0.489203 0.051960 0.897702 0.189840 0.847815 0.232793 0.905692 0.341219 0.597560 78.272670
0.058948 0.434158 0.105551 0.730481 0.171689 0.806887 0.316639 0.650023 0.385560 0.589591 83.935218
0.920631 0.482554 0.419133 0.760473 0.765105 0.767908 0.753491 0.706338 0.743013 0.595583 82.841250
0.022711 0.436983 0.067067 0.892262 0.309402 0.764576 0.194398 0.759753 0.303713 0.614672 81.214812
0.988948 0.509197 0.655685 0.053202 0.077889 0.209338 0.283823 0.517224 0.872111 0.147109 29.859175
0.882533 0.486313 0.154211 0.639245 0.349069 0.715820 0.030481 0.707419 0.581222 0.527712 52.688148
0.076632 0.476713 0.146739 0.847212 0.348621 0.734475 0.223577 0.768468 0.367774 0.554069 82.599875
0.942552 0.430710 0.467811 0.845006 0.827247 0.712655 0.690367 0.692943 0.662982 0.641418 82.150237
0.048646 0.498654 0.064419 0.726338 0.281043 0.677205 0.371432 0.591029 0.533209 0.611166 80.098569
0.064883 0.492001 0.115161 0.912131 0.367754 0.658667 0.261881 0.667108 0.311958 0.687193 82.097488
0.095628 0.489173 0.086628 0.732711 0.348028 0.586549 0.393613 0.791676 0.345839 0.595430 80.571218
0.000000 0.457298 0.000000 0.487423 0.000000 0.738264 0.141371 0.674712 0.214009 0.565717 69.888966
1.000000 0.409480 1.000000 0.501820 0.279159 0.620212 0.998812 0.302031 0.427857 0.679012 48.997503
0.053275 0.464842 0.134789 0.871698 0.176479 0.717214 0.212885 0.707546 0.345285 0.570115 83.210010
0.064403 0.524095 0.127475 0.798959 0.340785 0.590464 0.217635 0.662736 0.184348 0.726707 78.533708
0.076722 0.468590 0.105959 0.797500 0.255002 0.745000 0.307494 0.692500 0.359998 0.640000 89.999743
0.034456 0.453722 0.087240 0.915308 0.280682 0.842753 0.255981 0.597540 0.429031 0.656799 81.529807
0.066825 0.550910 0.056346 0.898004 0.083328 0.780342 0.234446 0.623438 0.365252 0.635880 79.072460
0.693562 0.900876 0.357534 0.733120 0.171623 0.537218 0.645198 0.961942 0.436924 0.591633 30.575161
0.058063 0.518429 0.096241 0.818292 0.321916 0.764591 0.217107 0.734107 0.227226 0.602682 82.020164
0.072226 0.336197 0.601389 0.351612 0.831755 0.976216 0.488558 0.315692 0.415782 0.575671 48.642241
0.000000 0.489700 0.000000 0.670333 0.000000 0.653775 0.073687 0.671400 0.349144 0.637334 72.591135
0.038248 0.502633 0.094207 0.755469 0.226068 0.721507 0.209969 0.672965 0.400108 0.714680 83.392670
0.089225 0.511680 0.051697 0.713968 0.305265 0.706846 0.233777 0.512620 0.425989 0.622007 79.878706
0.105958 0.468608 0.100361 0.953843 0.224600 0.762249 0.254091 0.682974 0.318752 0.760796 81.647078
0.076721 0.468590 0.105960 0.797500 0.255000 0.745000 0.307500 0.692500 0.360000 0.640000 89.999971
0.162790 0.431926 0.181848 0.810910 0.199359 0.717952 0.266551 0.648907 0.325670 0.603659 80.393903
0.132985 0.505163 0.183011 0.862475 0.294119 0.902046 0.428595 0.633513 0.877649 0.665069 67.340069
0.022559 0.444425 0.124035 0.835086 0.196615 0.745157 0.353452 0.653142 0.356140 0.577527 83.785239
0.085457 0.485642 0.136842 0.830306 0.305792 0.643775 0.221857 0.698711 0.382023 0.744531 82.646568
0.056661 0.433158 0.107773 0.913094 0.292278 0.758605 0.258561 0.806142 0.313646 0.696025 82.282658
0.000000 0.550052 0.108384 0.721107 0.339436 0.885231 0.233533 0.718833 0.375989 0.751848 78.226959
0.088425 0.476932 0.118589 0.821604 0.466093 0.690165 0.281242 0.621554 0.389974 0.666089 80.941449
0.054988 0.451321 0.081122 0.769119 0.145837 0.636070 0.262088 0.797342 0.345553 0.564769 81.624019
0.097461 0.470341 0.127328 0.850864 0.219783 0.721354 0.398062 0.783034 0.312330 0.727430 82.961453
0.061589 0.485277 0.079058 0.882476 0.248105 0.837336 0.309709 0.578695 0.347883 0.626829 83.041744
0.427914 0.287639 0.717953 0.457747 0.886906 0.500481 0.657117 0.369314 0.034700 0.764937 36.811837
0.955035 0.471081 0.429477 0.983796 0.780252 0.769704 0.742943 0.614722 0.696138 0.683811 79.381788
0.077437 0.461914 0.105831 0.830159 0.297552 0.774965 0.295684 0.597369 0.292438 0.606305 84.785973
0.917622 0.495719 0.423294 0.757538 0.789083 0.706433 0.711538 0.554949 0.671182 0.609531 81.763662
0.112630 0.545106 0.129088 0.897767 0.276216 0.521610 0.337519 0.646222 0.627272 0.555705 74.412687
0.086208 0.422915 0.173285 0.883063 0.307829 0.721748 0.357227 0.811838 0.278647 0.709148 80.494304
0.201044 0.679552 0.138139 0.228490 0.542595 0.125746 0.138603 0.527441 0.553250 0.165741 56.728631
0.555664 0.815622 0.997028 0.345914 0.872385 0.594690 0.132479 0.188531 0.754346 0.802658 29.193729
0.043304 0.527122 0.126994 0.818229 0.294053 0.688119 0.185929 0.614099 0.241249 0.691279 80.688140
0.054313 0.483142 0.113403 0.869206 0.287740 0.712736 0.208321 0.685953 0.388615 0.640411 84.521347
0.054755 0.483077 0.142691 0.812169 0.369871 0.881565 0.324739 0.766005 0.459493 0.586114 80.843017
0.407463 0.449545 0.183357 0.511399 0.335687 0.170010 0.938152 0.586624 0.794130 0.363200 42.914927
0.036321 0.478714 0.108531 0.715250 0.309252 0.717740 0.409877 0.683311 0.263845 0.735724 81.844632
0.060100 0.456812 0.123191 0.736796 0.248284 0.754994 0.231606 0.607645 0.383089 0.520424 82.968081
0.000000 0.432264 0.000000 0.713680 0.070140 0.826810 0.143868 0.636643 0.294968 0.637982 75.283800
0.071856 0.461727 0.077790 0.738540 0.247909 0.770791 0.286395 0.818613 0.330788 0.738978 82.956129
0.090862 0.455746 0.095146 0.870500 0.254492 0.657255 0.331343 0.722916 0.334226 0.644194 85.052658
0.506017 0.413637 0.305760 0.964000 0.489520 0.910435 0.605402 0.706742 0.660211 0.748347 49.038322
0.070049 0.453171 0.130315 0.893060 0.723858 0.678835 0.448156 0.542001 0.441842 0.573152 69.527004
0.124500 0.483573 0.097848 0.950234 0.381797 0.631964 0.230854 0.711019 0.368325 0.524179 79.141870
0.057623 0.508671 0.170084 0.955272 0.297751 0.794976 0.320238 0.687194 0.343666 0.610006 81.308841
0.063191 0.513722 0.134354 0.797169 0.336896 0.818648 0.215860 0.706315 0.350481 0.689662 83.029524
0.076721 0.464703 0.072582 0.721082 0.129290 0.715999 0.184662 0.659546 0.361613 0.604329 82.021420
0.013599 0.440554 0.054061 0.856224 0.176627 0.730211 0.368119 0.579478 0.276948 0.738105 79.911341
0.051216 0.443928 0.077579 0.890905 0.199386 0.865855 0.393471 0.598216 0.405329 0.569953 80.916818
0.115049 0.486800 0.039169 0.677208 0.189715 0.738230 0.261185 0.633252 0.313384 0.638955 81.533322
0.973058 0.466872 0.438383 0.878104 0.751558 0.827019 0.748591 0.668831 0.661003 0.559090 81.149804
0.903983 0.515192 0.445165 0.778828 0.709216 0.787423 0.489014 0.754920 0.747734 0.564147 77.777013
0.107169 0.514353 0.218653 0.907713 0.088290 0.300217 0.400240 0.969824 0.729559 0.584293 62.593831
0.036449 0.439150 0.078952 0.754758 0.299269 0.637752 0.299474 0.684427 0.232630 0.699465 81.768215
0.067269 0.534570 0.146651 0.893003 0.384291 0.910739 0.225734 0.700946 0.376287 0.680035 79.071808
0.125004 0.497789 0.122885 0.948417 0.275387 0.567534 0.355971 0.750077 0.339511 0.637455 79.691388
0.050733 0.449699 0.086141 0.764077 0.171587 0.718793 0.316616 0.723937 0.281329 0.656688 84.427248
0.597270 0.158735 0.056912 0.303302 0.704154 0.879359 0.323424 0.913775 0.452167 0.962052 37.602293
0.448997 0.271332 0.345166 0.766887 0.302964 0.991271 0.771434 0.547147 0.599301 0.986285 45.926925
0.064874 0.498623 0.134561 0.827098 0.173929 0.837616 0.196499 0.730252 0.456698 0.710932 81.445084
0.615501 0.035680 0.492687 0.974211 0.937477 0.160511 0.318758 0.087403 0.318434 0.877066 33.928617
0.056134 0.480271 0.103973 0.820659 0.276539 0.783817 0.384853 0.713696 0.413865 0.540983 84.144288
0.000000 0.389806 0.058539 0.855463 0.148060 0.826391 0.223446 0.785852 0.286651 0.736487 77.798470
0.159593 0.453866 0.114922 0.448271 0.208188 0.240950 0.395191 0.600404 0.466114 0.573381 64.860675
0.032049 0.441424 0.062798 0.867380 0.184564 0.663441 0.340317 0.658062 0.306864 0.640596 82.546638
0.135684 0.519391 0.145137 0.813076 0.210229 0.780404 0.247295 0.766332 0.339532 0.581296 82.041736
0.054994 0.431458 0.087842 0.717783 0.183984 0.688195 0.300135 0.821557 0.364069 0.679456 82.354782
0.905223 0.459126 0.422219 0.768745 0.773047 0.874316 0.715523 0.674625 0.610725 0.629235 82.392406
0.729862 0.730876 0.194704 0.831161 0.177421 0.494504 0.120023 0.585815 0.139188 0.744089 29.062532
0.251115 0.462760 0.183874 0.894618 0.489864 0.751219 0.350296 0.798581 0.432856 0.675419 72.056186
1.000000 0.426808 0.403189 0.788952 0.830291 0.733287 0.565867 0.598399 0.705762 0.686785 78.181757
0.883923 0.491015 0.428915 0.731760 0.684300 0.800706 0.493466 0.617325 0.636399 0.672172 78.435059
0.000000 0.401795 0.000000 0.786075 0.000000 0.691847 0.048693 0.201562 0.205297 0.710804 63.578006
0.075100 0.427809 0.098478 0.950074 0.269002 0.855865 0.250093 0.786122 0.431956 0.555974 80.252531
0.078225 0.462007 0.103879 0.798969 0.243011 0.775738 0.328477 0.768195 0.451788 0.633028 85.206477
0.072300 0.507555 0.113956 0.766372 0.399491 0.714977 0.376165 0.754829 0.354222 0.624673 82.695802
0.048256 0.537277 0.046522 0.931532 0.210142 0.689349 0.218979 0.725686 0.329152 0.638259 80.346476
0.370611 0.028556 0.272274 0.104868 0.750203 0.137120 0.656883 0.696840 0.553709 0.509847 31.858427
0.116509 0.483438 0.083749 0.796587 0.413210 0.759350 0.198930 0.831366 0.338976 0.798298 78.571405
0.836039 0.775843 0.371672 0.378582 0.309888 0.571778 0.642999 0.931421 0.394388 0.188211 42.072193
0.136563 0.387644 0.230337 0.374899 0.429102 0.719139 0.249817 0.795124 0.279102 0.654485 68.431326
0.549160 0.490141 0.298735 0.982314 0.378787 0.717844 0.597918 0.730523 0.531339 0.689886 53.799597
0.107071 0.492569 0.135523 0.788559 0.267392 0.642304 0.259912 0.827525 0.342897 0.781787 80.667069
0.915178 0.503433 0.523385 0.709904 0.728118 0.799648 0.512531 0.726798 0.686825 0.526833 76.306299
0.081733 0.454347 0.117522 0.796162 0.317680 0.674094 0.338828 0.633007 0.421574 0.589574 84.482758
0.068811 0.496387 0.112635 0.886681 0.243154 0.588911 0.178116 0.620582 0.299018 0.603890 80.508974
0.076721 0.468590 0.105960 0.797500 0.255000 0.745000 0.307500 0.692500 0.360000 0.640000 89.999977
0.124715 0.497658 0.153566 0.806116 0.244504 0.798133 0.382004 0.788929 0.358356 0.639951 82.616882
0.092813 0.518843 0.083501 0.831795 0.119877 0.772447 0.269650 0.673422 0.434271 0.580969 82.197757
0.925375 0.473490 0.424509 0.797500 0.741436 0.745000 0.692318 0.692500 0.637666 0.640000 87.775327
0.971530 0.488410 0.456825 0.819561 0.731637 0.616953 0.603035 0.670458 0.633546 0.563746 80.144683
0.077788 0.470224 0.158356 0.781128 0.236980 0.607214 0.309707 0.461067 0.384927 0.626984 78.984245
0.090955 0.456643 0.079143 0.782195 0.304330 0.803167 0.288911 0.747260 0.396107 0.701519 84.850006
0.069374 0.429606 0.139630 0.765010 0.350406 0.761443 0.288760 0.563145 0.403820 0.629714 82.503906
0.142806 0.489402 0.216579 0.721261 0.354673 0.836437 0.381783 0.116473 0.473438 0.638146 64.867332
0.072758 0.471750 0.084517 0.837958 0.248085 0.711745 0.426576 0.661985 0.299662 0.699017 83.777295
0.933308 0.495345 0.449274 0.780375 0.771916 0.691017 0.652534 0.607235 0.678107 0.749998 81.501093
0.074343 0.488088 0.096424 0.776200 0.190970 0.851810 0.357828 0.698650 0.326351 0.630909 84.445282
0.074444 0.433405 0.100796 0.766525 0.175323 0.691071 0.288583 0.624659 0.392902 0.527896 83.092696
0.097633 0.482371 0.093642 0.859402 0.386445 0.748100 0.261275 0.708817 0.268119 0.564983 82.355317
0.098666 0.424414 0.896282 0.908734 0.198232 0.616914 0.477531 0.743829 0.297266 0.537092 48.198454
0.039726 0.480409 0.093968 0.745144 0.259981 0.710155 0.374752 0.755417 0.368667 0.685474 84.514810
0.086122 0.490928 0.104484 0.815800 0.256391 0.627086 0.334220 0.731836 0.403171 0.595456 84.318588
0.023228 0.475273 0.173563 0.851089 0.120605 0.846845 0.163360 0.647907 0.299709 0.598850 78.776182
0.124822 0.403531 0.122347 0.325675 0.293303 0.489419 0.198350 0.770608 0.259491 0.523947 67.358845
0.110409 0.500853 0.155317 0.896299 0.156407 0.763456 0.402219 0.681594 0.419973 0.648601 81.564344
0.953146 0.676030 0.740506 0.032898 0.941712 0.746966 0.997941 0.225729 0.407450 0.599682 38.517668
0.580089 0.431282 0.514634 0.486222 0.775145 0.010615 0.035069 0.688132 0.760520 0.340233 39.353030
0.090257 0.468836 0.130453 0.710608 0.127310 0.715148 0.471572 0.727337 0.456866 0.580155 80.033765
0.071169 0.495144 0.083020 0.814346 0.354989 0.837342 0.404191 0.650603 0.360851 0.598789 82.790185
0.079874 0.098525 0.144418 0.762507 0.158591 0.867333 0.267507 0.575675 0.362566 0.682056 63.158874
0.935668 0.470099 0.425502 0.785921 0.730666 0.635761 0.653642 0.681902 0.610734 0.689508 83.068754
0.906616 0.488334 0.431309 0.793575 0.697459 0.775653 0.593734 0.657541 0.674064 0.667299 82.908962
0.094370 0.441882 0.098242 0.791656 0.281315 0.801162 0.221940 0.736154 0.318836 0.548708 83.766336
0.039988 0.451246 0.099771 0.771911 0.371587 0.717093 0.264004 0.640808 0.249023 0.649128 82.562847
0.203935 0.279348 0.222505 0.735212 0.731277 0.360061 0.252583 0.381636 0.896769 0.313089 50.079257
0.903972 0.511780 0.446489 0.744569 0.889888 0.630873 0.674096 0.754751 0.595575 0.708913 79.153243
0.445434 0.404049 0.071370 0.965251 0.203486 0.857175 0.221135 0.647958 0.234932 0.678092 60.367419
0.026637 0.461070 0.067395 0.679560 0.088240 0.727739 0.177128 0.691129 0.279647 0.567916 78.860327
0.000000 0.473353 0.209042 0.785214 0.000000 0.734742 0.313077 0.384854 0.494956 0.576001 71.236032
0.798134 0.917737 0.628183 0.405984 0.095973 0.283550 0.443763 0.584870 0.127710 0.033472 24.962863
0.889785 0.503843 0.419948 0.639624 0.605665 0.840910 0.807997 0.664829 0.491116 0.803663 74.842546
0.000000 0.456306 0.000000 1.000000 0.000000 0.882957 0.117665 0.644860 0.378978 0.616579 71.837493
0.020695 0.431349 0.000000 1.000000 0.213810 0.637662 0.300730 0.582945 0.397400 0.732452 76.095776
0.089704 0.511039 0.111463 0.838794 0.232754 0.721593 0.250481 0.703027 0.298509 0.741406 83.770116
0.000000 0.445251 0.000000 1.000000 0.095811 0.838458 0.194176 0.682050 0.234656 0.813221 73.040236
0.915046 0.491155 0.440549 0.836444 0.773723 0.698519 0.769408 0.691893 0.729181 0.660018 82.553395
0.100382 0.470420 0.046145 0.805314 0.283799 0.812680 0.409863 0.677108 0.151600 0.627614 79.590332
0.063633 0.415526 0.130186 0.912522 0.288937 0.829211 0.394823 0.887243 0.258643 0.681426 78.527914
0.941022 0.466940 0.390618 0.810974 0.659424 0.819103 0.762143 0.640322 0.273600 0.532369 72.626436
0.114349 0.422443 0.134729 0.819148 0.257437 0.778922 0.369135 0.679081 0.476721 0.676555 82.786760
0.060517 0.446892 0.063054 0.720567 0.216079 0.775180 0.315137 0.689918 0.440511 0.678436 83.912444
0.056163 0.498091 0.126358 0.724802 0.265676 0.740638 0.363178 0.654261 0.474578 0.741748 82.448736
# OSA solutions
0.076721 0.468590 0.105960 0.797500 0.255000 0.745000 0.307500 0.692500 0.360000 0.640000 89.999977
0.925375 0.473490 0.424509 0.797500 0.741436 0.745000 0.692318 0.692500 0.637666 0.640000 87.775327
0.079909 0.444640 0.103916 0.814957 0.248898 0.716121 0.339925 0.663873 0.422014 0.675551 86.180053
0.075894 0.480123 0.104386 0.782099 0.274946 0.742376 0.286436 0.715380 0.355106 0.619928 88.104923
0.075839 0.465480 0.109580 0.792050 0.262189 0.842842 0.308703 0.702994 0.355204 0.635778 86.219670
0.057115 0.482750 0.110384 0.833914 0.248270 0.732456 0.271531 0.737319 0.358559 0.600742 86.479838
0.070561 0.465575 0.111905 0.777958 0.264588 0.726502 0.356194 0.715820 0.380579 0.612809 87.259381
0.077624 0.495106 0.088776 0.802008 0.266871 0.807888 0.308979 0.720634 0.389513 0.648704 86.343612
0.079285 0.471136 0.125016 0.786939 0.262490 0.772029 0.306876 0.678604 0.421628 0.683490 86.567396
0.087400 0.467354 0.105318 0.839707 0.263265 0.735096 0.275743 0.709741 0.375912 0.571829 86.475470
0.083098 0.466235 0.100388 0.815478 0.206893 0.715412 0.279700 0.654850 0.367403 0.620101 86.949144
0.088239 0.473429 0.122671 0.800613 0.262643 0.782081 0.317887 0.717509 0.388610 0.614895 87.251053
0.071035 0.472629 0.100774 0.776738 0.295084 0.766289 0.367781 0.700265 0.353661 0.634320 86.927470
0.075839 0.492740 0.109580 0.782430 0.262189 0.794640 0.308703 0.730025 0.355204 0.588453 86.433479
0.076397 0.472053 0.111427 0.831449 0.267534 0.752988 0.349283 0.710126 0.348209 0.650221 87.649742
0.075839 0.471186 0.109580 0.797212 0.262189 0.748923 0.261133 0.681184 0.355204 0.631799 88.096114
0.071849 0.475796 0.105039 0.802733 0.269160 0.718981 0.348043 0.699473 0.381836 0.708275 86.599899
0.080580 0.475490 0.100401 0.779511 0.278823 0.703511 0.297934 0.730025 0.347625 0.606351 87.123993
0.081982 0.483376 0.103546 0.759584 0.290616 0.750075 0.344599 0.693892 0.374406 0.658465 87.179524
0.076161 0.496091 0.103564 0.817129 0.278347 0.728035 0.276634 0.737090 0.412213 0.653182 86.281283
0.073532 0.468443 0.097099 0.796729 0.227062 0.744668 0.309666 0.693358 0.349127 0.640685 88.666258
0.093536 0.461479 0.125348 0.742603 0.245009 0.725290 0.283759 0.705288 0.335267 0.653250 86.678104
0.068370 0.447802 0.109876 0.847170 0.277630 0.804938 0.301938 0.673409 0.321164 0.621699 86.094590
0.075152 0.481078 0.108659 0.784552 0.271705 0.766447 0.338717 0.708902 0.401301 0.638549 87.476364
0.075839 0.501273 0.109580 0.792050 0.262189 0.758249 0.308703 0.693222 0.355204 0.635778 87.636628
0.072878 0.472650 0.120753 0.755989 0.309835 0.753409 0.330657 0.691511 0.325517 0.617245 86.609574
0.059138 0.502478 0.108252 0.781537 0.220448 0.753052 0.306775 0.681062 0.323658 0.674272 86.369768
0.068942 0.459457 0.098203 0.773470 0.222655 0.688610 0.327898 0.692472 0.408076 0.615498 86.422510
0.066208 0.475203 0.101619 0.767118 0.271605 0.785310 0.260244 0.737112 0.373379 0.632709 86.618179
0.075839 0.462421 0.109580 0.822938 0.262189 0.709075 0.308703 0.726568 0.355204 0.611970 87.555210
0.072067 0.467370 0.106467 0.844994 0.281888 0.754676 0.316317 0.678774 0.368039 0.658864 87.642068
0.054546 0.497052 0.096832 0.780752 0.264942 0.724937 0.300389 0.735353 0.321186 0.670688 86.204966
0.078779 0.475477 0.117941 0.779278 0.298907 0.678864 0.347220 0.658127 0.347207 0.650523 86.130043
0.093054 0.492273 0.123742 0.833670 0.278236 0.726644 0.275121 0.708024 0.387698 0.591234 86.078870
0.075839 0.465480 0.109580 0.792050 0.262189 0.758249 0.308703 0.734429 0.355204 0.635778 88.241530
0.080627 0.486067 0.108165 0.773069 0.291802 0.719961 0.309832 0.717133 0.338929 0.666259 87.205256
0.083083 0.503787 0.094470 0.768777 0.228839 0.718560 0.293326 0.702075 0.343856 0.619963 86.626340
0.060691 0.443927 0.102121 0.803190 0.254816 0.703915 0.252768 0.695281 0.373253 0.613357 86.465192
0.086463 0.453107 0.097793 0.832203 0.293878 0.768164 0.295092 0.696257 0.406699 0.602547 86.516175
0.064465 0.458363 0.116500 0.744231 0.269263 0.769574 0.278827 0.691180 0.418873 0.625839 86.302807
0.925375 0.500977 0.424509 0.792050 0.741436 0.758249 0.692318 0.693222 0.637666 0.635778 86.070401
0.076207 0.468036 0.107811 0.799104 0.254174 0.744119 0.306435 0.693549 0.360950 0.697965 87.789439
0.087133 0.479353 0.103126 0.800472 0.183164 0.750803 0.317805 0.656215 0.393096 0.637802 86.484843
0.077583 0.468423 0.109580 0.792050 0.299716 0.793732 0.325427 0.675041 0.387863 0.619524 86.988355
0.067358 0.458450 0.114393 0.786599 0.222539 0.722700 0.351368 0.647576 0.294130 0.639745 86.034058
0.090383 0.465030 0.106268 0.798856 0.320678 0.732743 0.255210 0.670525 0.367429 0.652774 86.463154
0.092830 0.483346 0.109822 0.862220 0.283828 0.721791 0.318734 0.726777 0.327917 0.652878 86.233442
0.084031 0.459893 0.092943 0.817552 0.228451 0.696247 0.285059 0.700508 0.318426 0.626928 86.814408
0.070557 0.480147 0.097939 0.740090 0.232856 0.773768 0.323145 0.695451 0.305849 0.614827 86.343375
0.076395 0.454206 0.108414 0.826471 0.252396 0.693770 0.271853 0.749879 0.351150 0.614700 86.303632
0.095123 0.455159 0.122069 0.837993 0.320443 0.746830 0.298595 0.713670 0.375477 0.672229 86.092290
0.085854 0.476452 0.116390 0.824380 0.290255 0.708615 0.350646 0.671835 0.366947 0.669612 86.724902
0.075839 0.474647 0.109580 0.831389 0.262189 0.740470 0.308703 0.715029 0.355204 0.619675 88.162189
0.085580 0.458791 0.121665 0.770749 0.265214 0.819512 0.279535 0.658493 0.349451 0.631695 86.197187
0.085485 0.436096 0.081420 0.770176 0.249293 0.745870 0.328978 0.645905 0.370933 0.656728 86.240885
0.099822 0.463541 0.094326 0.791972 0.280869 0.791990 0.311734 0.680313 0.385078 0.658402 86.897758
0.088693 0.450190 0.085898 0.800611 0.220094 0.763476 0.275824 0.667217 0.338697 0.644203 86.861776
0.075839 0.476244 0.109580 0.874976 0.262189 0.736067 0.308703 0.662251 0.355204 0.678812 86.429247
0.925375 0.468150 0.424509 0.824896 0.741436 0.751034 0.692318 0.703266 0.637666 0.635839 86.796413
0.056980 0.470135 0.123864 0.794266 0.214674 0.786457 0.299032 0.668641 0.361795 0.671749 86.669515
0.078015 0.474798 0.090353 0.817828 0.294513 0.722676 0.348570 0.719626 0.419802 0.663174 86.192627
0.072349 0.461332 0.095210 0.745960 0.291341 0.749389 0.285213 0.694142 0.341377 0.650524 87.149809
0.056246 0.475437 0.089557 0.790939 0.230378 0.705114 0.326535 0.746566 0.390454 0.668696 86.195572
0.085201 0.456844 0.109179 0.771118 0.269148 0.789983 0.327289 0.743548 0.353527 0.653296 86.841768
0.066510 0.468228 0.066368 0.825992 0.265027 0.774560 0.271602 0.690263 0.391140 0.634732 86.160561
0.097429 0.457719 0.133028 0.788708 0.246065 0.750588 0.333180 0.711048 0.319298 0.600981 86.378685
0.094788 0.475750 0.085149 0.815715 0.246173 0.761116 0.315523 0.703894 0.308941 0.618694 86.837139
0.075706 0.472553 0.118936 0.815795 0.256711 0.715208 0.325902 0.672284 0.349636 0.685892 87.350851
0.081116 0.465384 0.107256 0.806143 0.259790 0.769182 0.261212 0.670624 0.329830 0.658747 87.399738
0.079329 0.469627 0.123951 0.838140 0.233037 0.767108 0.332194 0.692301 0.369031 0.621032 87.342929
0.076721 0.482616 0.105956 0.840946 0.255000 0.759442 0.307502 0.776940 0.360000 0.671153 86.041444
0.064442 0.479744 0.103920 0.847351 0.258640 0.799097 0.326908 0.676008 0.378752 0.600624 86.398406
0.070264 0.444969 0.105157 0.768408 0.317096 0.778138 0.284890 0.717181 0.357468 0.650812 86.385349
0.083405 0.466844 0.137234 0.800131 0.290087 0.788892 0.326711 0.680745 0.387479 0.677917 86.271994
0.073967 0.462109 0.114197 0.878030 0.254064 0.797385 0.309942 0.708705 0.368760 0.649185 86.184429
0.075839 0.465480 0.109580 0.792050 0.262189 0.758249 0.308703 0.693222 0.355204 0.598178 88.252331
0.066143 0.470110 0.092949 0.809670 0.215985 0.768895 0.306333 0.722165 0.336508 0.589658 86.760472
0.096132 0.449770 0.107611 0.782430 0.257070 0.754524 0.266406 0.674697 0.307629 0.636491 86.664653
0.076721 0.468590 0.105956 0.797501 0.255000 0.745001 0.307502 0.692500 0.327887 0.640002 88.779259
0.066153 0.456123 0.114229 0.792096 0.266956 0.736015 0.357089 0.736075 0.369029 0.591176 86.544286
0.071141 0.500616 0.116648 0.767237 0.225471 0.783150 0.351721 0.684484 0.342378 0.628177 86.270663
0.050089 0.450779 0.120511 0.808483 0.227614 0.760611 0.282508 0.713207 0.362193 0.602128 86.571345
0.072429 0.461157 0.120106 0.819928 0.195462 0.702510 0.346512 0.687214 0.394032 0.614596 86.162724
0.060532 0.452969 0.079794 0.798762 0.287591 0.767279 0.347978 0.729939 0.348077 0.679991 86.077597
0.083180 0.481913 0.099719 0.819763 0.292642 0.735178 0.299914 0.671875 0.440958 0.662239 86.118385
0.078508 0.455934 0.114361 0.751573 0.193157 0.760690 0.289807 0.743115 0.342494 0.631135 86.153855
0.072419 0.467418 0.102689 0.795715 0.274552 0.707814 0.325868 0.640155 0.411537 0.598910 86.333220
0.075839 0.425713 0.106597 0.787240 0.262189 0.776444 0.308703 0.711624 0.355204 0.612116 86.522841
0.067104 0.460963 0.075963 0.772367 0.221326 0.803266 0.293067 0.675933 0.365135 0.660744 86.211711
0.072162 0.460904 0.110362 0.857123 0.253247 0.748612 0.278194 0.692382 0.415971 0.644691 86.614997
0.081480 0.459954 0.105584 0.774603 0.239612 0.765632 0.305267 0.682404 0.435026 0.581919 86.081010
0.069551 0.457109 0.106582 0.800594 0.236650 0.770971 0.256923 0.638009 0.405208 0.638322 86.348648
0.046714 0.480973 0.109345 0.803693 0.248061 0.799358 0.305048 0.644412 0.360314 0.604898 86.089885
0.075839 0.465480 0.109580 0.839816 0.262189 0.758249 0.308703 0.693222 0.355204 0.635778 88.240118
0.060311 0.462081 0.101202 0.756187 0.281478 0.729999 0.290145 0.747853 0.314972 0.669486 86.170900
0.074466 0.465151 0.098472 0.822510 0.230992 0.831363 0.279619 0.679001 0.356041 0.656347 86.167216
0.074097 0.467097 0.128987 0.808054 0.229343 0.700758 0.284204 0.670460 0.403593 0.620219 86.596228
0.065275 0.459882 0.093128 0.769009 0.279257 0.791370 0.332550 0.638626 0.392458 0.661643 86.207413
0.077944 0.458463 0.084561 0.774094 0.285857 0.703131 0.244427 0.693450 0.388850 0.641923 86.182779
0.075950 0.494767 0.099191 0.772149 0.287703 0.726502 0.264169 0.737538 0.355008 0.604078 86.256090
0.082519 0.429702 0.118533 0.813583 0.276557 0.686095 0.300896 0.682494 0.364564 0.657745 86.131836
0.075839 0.453726 0.109845 0.773378 0.262189 0.812635 0.288200 0.708213 0.360097 0.669589 86.710550
0.075839 0.493278 0.109580 0.846443 0.262189 0.704073 0.308703 0.706206 0.355204 0.634539 86.954014
0.080976 0.454794 0.101971 0.793470 0.248973 0.676247 0.300813 0.668868 0.399211 0.659073 86.591994
0.075928 0.443167 0.127945 0.844496 0.299916 0.756197 0.339395 0.706446 0.323788 0.635548 86.051561
0.064722 0.466408 0.087124 0.810289 0.215275 0.722163 0.279348 0.749483 0.403353 0.668588 86.038317
0.067563 0.461428 0.095880 0.804079 0.307990 0.763871 0.279645 0.655187 0.375340 0.611380 86.754264
0.079031 0.458849 0.122315 0.792844 0.233091 0.759965 0.352457 0.640264 0.375963 0.644868 86.805126
0.059043 0.461376 0.122639 0.763827 0.238297 0.743191 0.301859 0.733121 0.344232 0.643613 87.119545
0.073016 0.466088 0.112017 0.804893 0.218611 0.737455 0.262588 0.678445 0.421112 0.668224 86.518324
0.080587 0.461617 0.114519 0.854838 0.247803 0.713698 0.344679 0.699183 0.298646 0.661773 86.110470
0.068759 0.471690 0.131789 0.775399 0.254053 0.758623 0.327010 0.680166 0.342903 0.712354 86.305478
0.077032 0.478920 0.097781 0.760138 0.263810 0.777432 0.311771 0.729577 0.315960 0.595227 86.503928
0.076506 0.457120 0.105699 0.752948 0.254900 0.759722 0.307653 0.613548 0.360008 0.684341 86.043193
0.075596 0.457326 0.100007 0.844670 0.218386 0.746994 0.313870 0.673168 0.400846 0.643931 87.002107
0.111846 0.472566 0.084092 0.795318 0.236798 0.752333 0.307045 0.665952 0.385700 0.588591 86.028921
0.068456 0.492336 0.097607 0.798255 0.207702 0.711034 0.318761 0.674459 0.328974 0.647813 86.765776
0.073291 0.488127 0.132077 0.800374 0.305758 0.738035 0.301471 0.666154 0.354025 0.654277 86.730947
0.081367 0.475558 0.106104 0.789071 0.235336 0.692584 0.320421 0.715189 0.348387 0.629294 87.484576
0.092241 0.473937 0.098696 0.782688 0.214769 0.739577 0.252739 0.682468 0.398030 0.636608 86.679100
