# gen=100 CA size=200
# x0..x(D-1) consensus
0.815870 0.408362 0.201716 0.698813 0.114384 10.477598
0.911307 0.437015 0.151378 0.807146 0.382725 11.534442
0.260351 0.347987 0.557688 0.618315 0.564162 9.320684
0.718638 0.393386 0.290040 0.903983 0.090306 9.320684
0.432854 0.360473 0.163449 0.317685 0.329551 9.320684
0.223600 0.146892 0.674800 0.620594 0.506988 9.320684
0.006735 0.384989 0.103738 0.200922 0.167208 7.200357
0.639138 0.618550 0.095794 0.004715 0.054620 9.320684
0.228006 0.814190 0.961178 0.470419 0.767638 9.320684
0.087482 0.739627 0.676609 0.628284 0.521555 9.320684
0.811820 0.902304 0.134070 0.677865 0.942083 8.237630
0.410167 0.588912 0.331671 0.421342 0.411412 9.320684
0.630620 0.970072 0.094558 0.537114 0.599791 8.237630
0.035018 0.543169 0.624084 0.714121 0.089319 9.320684
0.696642 0.782366 0.167851 0.841615 0.251642 8.237630
0.224295 0.898955 0.645792 0.796814 0.349068 7.128737
0.936902 0.404737 0.045852 0.731753 0.346648 12.666826
0.784046 0.455742 0.179085 0.796210 0.000000 9.881909
0.858539 0.546996 0.163901 0.673657 0.048017 11.143289
0.963366 0.514069 0.066863 0.693703 0.161038 13.421139
0.796893 0.430117 0.254437 0.645868 0.330198 11.858118
0.893822 0.393998 0.000000 0.760422 0.124306 9.920237
0.911830 0.408362 0.111876 0.744199 0.206537 18.115073
0.852617 0.366329 0.133924 0.765693 0.206580 11.699980
0.920079 0.526577 0.035905 0.749332 0.119394 13.055679
0.971706 0.415716 0.093500 0.853463 0.304806 11.954354
0.788470 0.458671 0.104997 0.645675 0.075829 11.284992
0.929751 0.496713 0.056732 0.905867 0.161808 9.951871
1.000000 0.439895 0.049886 0.814573 0.191718 10.452003
0.803007 0.421883 0.089912 0.651203 0.220161 12.355956
0.884057 0.431846 0.215582 0.664688 0.454165 10.704053
0.836599 0.438409 0.172286 0.764749 0.341736 10.829899
0.872526 0.516496 0.190258 0.540661 0.233715 12.959522
0.870108 0.486115 0.219134 0.797613 0.097753 10.750023
0.797040 0.445578 0.142094 0.727513 0.018168 10.559312
0.888012 0.371755 0.000000 0.685178 0.094068 10.163339
0.897614 0.428782 0.000000 0.697323 0.211972 14.363135
0.884057 0.523329 0.191848 0.754460 0.236952 25.955012
0.827003 0.455440 0.098103 0.709092 0.085419 14.316962
1.000000 0.427039 0.000000 0.794320 0.262618 10.271927
0.910130 0.422386 0.192101 0.763094 0.214513 11.852077
0.767992 0.421742 0.206051 0.491800 0.258534 12.047562
0.935616 0.369467 0.060963 0.672294 0.294902 11.995154
0.789280 0.349463 0.166859 0.744076 0.276799 11.307567
0.890262 0.405092 0.143694 0.624439 0.372634 12.913278
1.000000 0.455065 0.000000 0.835126 0.236842 10.054036
0.891601 0.460095 0.050765 0.465738 0.271687 10.820397
0.772653 0.419918 0.163234 0.780817 0.160143 10.322792
0.898070 0.573989 0.200385 0.706427 0.214094 13.905630
0.898438 0.496215 0.218575 0.818314 0.286714 14.824129
0.814932 0.529133 0.226705 0.607142 0.295443 11.130868
0.800688 0.446732 0.252052 0.791477 0.220183 11.373500
0.931780 0.379795 0.056554 0.638459 0.211558 12.475239
1.000000 0.484746 0.000000 0.730203 0.155521 10.305065
0.723707 0.406145 0.202305 0.495071 0.114221 10.001948
0.936021 0.432513 0.041352 0.674419 0.338883 11.791601
0.817174 0.539659 0.268146 0.641004 0.190495 12.389860
0.860144 0.427019 0.039165 0.756527 0.274634 10.048423
0.801338 0.448251 0.086458 0.655265 0.018681 11.313350
0.894985 0.520688 0.208121 0.645836 0.252629 12.746922
0.941182 0.481852 0.142069 0.630221 0.294743 11.077575
0.835056 0.405391 0.003157 0.599419 0.066769 9.913572
0.955361 0.533523 0.141135 0.642946 0.366674 11.597730
0.892173 0.463217 0.087789 0.892917 0.317663 9.916097
0.941691 0.485081 0.107642 0.757382 0.347429 12.261534
0.851689 0.465192 0.165616 0.499591 0.349788 12.100441
0.879505 0.374008 0.000000 0.629298 0.210788 11.464793
1.000000 0.480003 0.057310 0.905368 0.271430 10.050659
1.000000 0.455859 0.000000 0.669157 0.367686 10.041416
0.891739 0.473113 0.155853 0.523700 0.164330 10.475121
0.800846 0.422390 0.131227 0.599688 0.280959 26.854255
0.794327 0.405108 0.219153 0.492277 0.365679 11.933545
0.823142 0.427575 0.219134 0.804611 0.228488 11.771433
1.000000 0.400154 0.000000 0.814073 0.364591 9.715544
0.970793 0.380804 0.000000 0.657606 0.267098 9.917850
0.850031 0.454152 0.171128 0.563153 0.296257 24.496472
0.264554 0.780227 0.890496 0.371073 0.925201 10.454521
0.719432 0.485196 0.260561 0.600161 0.124590 10.510231
0.933411 0.530997 0.065090 0.665125 0.268059 12.552884
1.000000 0.496776 0.032282 0.849573 0.222019 11.444363
1.000000 0.510233 0.016034 0.785451 0.196866 10.532029
1.000000 0.449461 0.000000 0.707753 0.216774 10.013708
0.874561 0.498429 0.000000 0.682986 0.000000 9.894382
1.000000 0.465197 0.076770 0.737257 0.296268 10.970795
0.963072 0.564774 0.037137 0.713760 0.152744 10.288666
0.817174 0.513066 0.178401 0.541651 0.277220 13.480405
1.000000 0.411637 0.052203 0.818240 0.245391 10.104102
0.780328 0.426300 0.112576 0.500257 0.109615 12.536673
1.000000 0.543769 0.084399 0.669734 0.213953 10.009449
0.847160 0.485133 0.061006 0.620286 0.112715 14.888291
0.787130 0.470501 0.164992 0.660688 0.000000 10.185201
1.000000 0.485269 0.000000 0.573833 0.223498 9.974035
0.780447 0.415801 0.157519 0.625535 0.195351 22.292865
1.000000 0.451323 0.000000 0.868519 0.248043 9.926626
1.000000 0.468961 0.000000 0.703595 0.239366 10.755497
0.768176 0.393311 0.106470 0.386671 0.232169 10.344394
0.918300 0.498637 0.071842 0.731947 0.231674 28.052930
0.789319 0.464698 0.164491 0.658624 0.037978 11.499160
0.875755 0.396582 0.000000 0.695259 0.150771 12.901653
0.853517 0.427679 0.172497 0.828456 0.128247 10.663282
0.931088 0.457347 0.067825 0.860402 0.295090 10.027077
0.922140 0.374565 0.021547 0.705317 0.134333 10.702242
0.805953 0.512442 0.215938 0.603533 0.227675 14.840884
0.883032 0.475310 0.091578 0.810518 0.253368 13.750584
0.825511 0.455841 0.067470 0.605665 0.248059 14.479461
0.853856 0.412704 0.046555 0.562851 0.321350 10.307528
0.900897 0.482352 0.231420 0.899998 0.235630 10.043812
0.986637 0.485751 0.079204 0.700894 0.279668 12.006347
0.893837 0.379668 0.072329 0.859368 0.289542 10.846000
1.000000 0.423192 0.000000 0.689549 0.224498 9.962512
0.744922 0.448288 0.177963 0.522642 0.289201 11.856181
0.783291 0.401428 0.099496 0.566958 0.158327 17.786749
0.938364 0.457799 0.010955 0.763965 0.179362 14.224100
0.874596 0.446485 0.172024 0.764943 0.089742 10.701114
0.785969 0.374385 0.175518 0.574265 0.277635 21.139542
0.864614 0.367842 0.125637 0.609523 0.211554 13.515623
0.973677 0.403432 0.065912 0.671183 0.242523 10.129680
1.000000 0.464279 0.000000 0.624326 0.195999 9.925100
0.925177 0.405348 0.000000 0.627520 0.143203 10.022727
0.923858 0.443593 0.000000 0.574836 0.302313 10.807439
0.871894 0.480500 0.195080 0.837482 0.329992 9.984702
0.848600 0.528411 0.250406 0.696277 0.090100 11.009233
0.839173 0.534187 0.193106 0.809246 0.238655 12.606847
1.000000 0.472609 0.064481 0.829262 0.268312 13.077177
0.833730 0.553558 0.219975 0.792147 0.212731 12.359245
0.864661 0.437943 0.034778 0.568867 0.195240 13.007577
1.000000 0.560759 0.110453 0.913689 0.145821 9.904677
0.256476 0.232565 0.544043 0.815966 0.897389 14.217202
1.000000 0.493930 0.000000 0.765901 0.204148 10.592627
1.000000 0.424849 0.000000 0.740142 0.274232 10.950284
0.868982 0.523489 0.212996 0.773749 0.211048 20.606139
0.914192 0.401862 0.000000 0.649229 0.231266 11.133711
1.000000 0.466449 0.094160 0.814548 0.182877 10.575365
0.750264 0.451137 0.128689 0.562785 0.129030 10.869897
0.863488 0.445809 0.180094 0.814946 0.355181 10.567854
0.853100 0.439012 0.103697 0.822501 0.176152 13.800825
0.852771 0.511574 0.177447 0.872914 0.266260 10.405368
0.858887 0.597424 0.185297 0.734753 0.154750 10.980783
0.827187 0.495501 0.205978 0.854332 0.261804 9.914349
0.769485 0.506704 0.244420 0.773232 0.151439 10.198168
0.991740 0.465391 0.145630 0.792289 0.410382 9.944704
1.000000 0.470093 0.000000 0.708604 0.309393 10.510270
1.000000 0.525961 0.002451 0.700268 0.198879 10.080970
0.968175 0.522821 0.705884 0.299519 0.179397 10.745602
0.923531 0.508960 0.098974 0.834137 0.259902 12.621069
0.848374 0.477099 0.195749 0.726481 0.164684 23.091896
0.870573 0.424805 0.103667 0.694309 0.342505 16.278117
0.935554 0.416693 0.065295 0.779267 0.312935 13.418335
0.296602 0.280084 0.501232 0.823140 0.894614 15.663342
0.952915 0.465495 0.081412 0.644892 0.411586 10.405803
0.976906 0.444695 0.000000 0.778076 0.219971 10.890461
0.991969 0.418363 0.000000 0.796719 0.204422 9.899618
0.859095 0.362676 0.089816 0.784293 0.160909 11.837859
0.974125 0.412828 0.000000 0.650499 0.331943 9.874731
0.977766 0.491686 0.047918 0.744078 0.164524 14.215445
0.924148 0.490341 0.100262 0.801586 0.158201 19.927603
0.927547 0.508353 0.124729 0.675675 0.228483 22.517540
0.847092 0.513101 0.161592 0.854713 0.178803 10.984172
1.000000 0.499189 0.076857 0.719485 0.193975 10.399039
0.891646 0.404420 0.077691 0.902037 0.194480 10.853906
0.879762 0.493282 0.132306 0.779963 0.209164 28.542048
0.811274 0.350866 0.093202 0.686873 0.262456 12.468935
0.808316 0.485053 0.100659 0.496887 0.268976 10.635260
0.783980 0.366823 0.153254 0.559910 0.202664 13.703524
0.851892 0.539361 0.183759 0.722164 0.152077 20.240499
0.995329 0.510542 0.056826 0.679647 0.209425 11.533657
0.763790 0.466629 0.237368 0.661708 0.206454 17.118609
0.941372 0.598830 0.102087 0.795202 0.189467 9.883437
0.849795 0.354847 0.035840 0.620174 0.250845 12.827327
0.942074 0.453504 0.033204 0.610892 0.266663 13.167240
0.915716 0.514365 0.092391 0.801802 0.191719 21.034030
0.986273 0.500966 0.000000 0.719480 0.231752 10.145223
0.839886 0.500847 0.245536 0.719664 0.290596 13.220326
0.964057 0.461146 0.000000 0.839521 0.106619 10.682059
0.720816 0.379795 0.188732 0.502899 0.136671 10.363273
0.808314 0.457269 0.193966 0.622623 0.359059 12.801429
0.833185 0.477058 0.216166 0.558619 0.344981 15.193432
0.829135 0.376304 0.197321 0.651875 0.237358 11.700435
0.911288 0.515095 0.006538 0.691405 0.080635 10.265689
0.825150 0.488370 0.143440 0.826860 0.035851 10.149311
0.813845 0.507121 0.201008 0.735430 0.167784 16.645533
0.857172 0.468440 0.074065 0.824075 0.000000 10.069203
0.861391 0.499514 0.102686 0.528698 0.191902 14.449175
0.906128 0.384273 0.129449 0.714260 0.194413 12.011982
0.784411 0.513061 0.230099 0.743855 0.174588 11.781888
0.864085 0.432075 0.000000 0.635077 0.093518 10.925091
0.917672 0.432033 0.000000 0.838370 0.204908 10.298826
0.900144 0.409102 0.000000 0.681881 0.165841 11.657528
0.871881 0.490595 0.105592 0.721723 0.000000 10.072270
0.986483 0.451347 0.000000 0.836608 0.174611 10.063829
0.804608 0.489348 0.126093 0.710353 0.161184 10.776052
0.944693 0.564847 0.160779 0.773277 0.257701 15.355524
0.896122 0.503400 0.116093 0.713162 0.108834 16.607322
0.739235 0.367883 0.186087 0.627544 0.209587 13.272673
0.998622 0.465629 0.025383 0.697090 0.170684 10.719668
0.819308 0.425958 0.161448 0.731041 0.268386 24.834731
0.895578 0.359886 0.175399 0.765078 0.317601 12.284464
0.783954 0.546356 0.230744 0.616321 0.144494 12.652339
0.860651 0.528971 0.097135 0.791116 0.076062 10.108559
0.828180 0.459592 0.068079 0.679349 0.000000 10.094811
