# generation best_consensus ca_size
0 0.213638 57
1 0.213638 57
2 0.213638 57
3 0.213638 57
4 0.213638 57
5 0.213638 57
6 0.213638 57
7 0.213638 57
8 0.213638 57
9 0.213638 57
10 0.213638 57
11 0.213638 57
12 0.213638 57
13 0.213638 57
14 2.248387 57
15 2.248387 57
16 2.248387 57
17 2.248387 57
18 2.248387 57
19 2.248387 57
20 2.248387 57
21 2.248387 57
22 2.248387 57
23 2.248387 57
24 2.248387 57
25 2.248387 57
26 2.248387 57
27 2.248387 57
28 2.248387 57
29 2.248387 57
30 2.248387 57
31 2.248387 57
32 2.248387 57
33 8.670708 57
34 8.670708 57
35 8.670708 57
36 8.670708 57
37 8.670708 57
38 8.670708 57
39 8.670708 57
40 8.670708 57
41 8.670708 57
42 8.670708 57
43 16.300172 57
44 16.300172 57
45 16.300172 57
46 16.300172 57
47 16.300172 57
48 16.300172 57
49 16.300172 57
50 16.300172 57
51 16.300172 57
52 16.300172 57
53 16.300172 57
54 16.300172 57
55 16.300172 57
56 16.300172 57
57 16.300172 57
58 16.300172 57
59 16.300172 57
60 16.300172 57
61 16.300172 57
62 16.300172 57
63 16.300172 57
64 16.300172 57
65 16.300172 57
66 16.300172 57
67 16.300172 57
68 16.300172 57
69 16.300172 57
70 16.300172 57
71 16.300172 57
72 16.300172 57
73 16.300172 57
74 16.300172 57
75 16.300172 57
76 16.300172 57
77 16.300172 57
78 16.300172 57
79 16.300172 57
80 16.300172 57
81 16.300172 57
82 16.300172 57
83 16.300172 57
84 16.300172 57
85 16.300172 57
86 16.300172 57
87 16.300172 57
88 16.300172 57
89 16.300172 57
90 16.300172 57
91 16.300172 57
92 16.300172 57
93 16.300172 57
94 16.300172 57
95 16.300172 57
96 16.300172 57
97 16.300172 57
98 16.300172 57
99 16.300172 57
100 16.300172 57
101 16.300172 57
102 16.300172 57
103 16.300172 57
104 16.300172 57
105 16.300172 57
106 16.300172 57
107 16.300172 57
108 16.300172 57
109 16.300172 57
110 16.300172 57
111 16.300172 57
112 16.300172 57
113 16.300172 57
114 16.300172 57
115 16.300172 57
116 16.300172 57
117 16.300172 57
118 16.300172 57
119 16.300172 57
120 42.510154 57
121 42.510154 57
122 42.510154 57
123 42.510154 57
124 42.510154 57
125 42.510154 57
126 42.510154 57
127 42.510154 57
128 42.510154 57
129 42.510154 57
130 42.510154 57
131 42.510154 57
132 42.510154 57
133 42.510154 57
134 42.510154 57
135 42.510154 57
136 42.510154 57
137 42.510154 57
138 42.510154 57
139 42.510154 57
140 42.510154 57
141 42.510154 57
142 42.510154 57
143 42.510154 57
144 42.510154 57
145 42.510154 57
146 42.510154 57
147 42.510154 57
148 42.510154 57
149 42.510154 57
150 42.510154 57
151 42.510154 57
152 42.510154 57
153 42.510154 57
154 42.510154 57
155 42.510154 57
156 42.510154 57
157 42.510154 57
158 42.510154 57
159 42.510154 57
160 42.510154 57
161 42.510154 57
162 42.510154 57
163 42.510154 57
164 42.510154 57
165 42.510154 57
166 42.510154 57
167 42.510154 57
168 42.510154 57
169 42.510154 57
170 42.510154 57
171 42.510154 57
172 42.510154 57
173 42.510154 57
174 42.510154 57
175 42.510154 57
176 42.510154 57
177 42.510154 57
178 42.510154 57
179 42.510154 57
180 42.510154 57
181 42.510154 57
182 42.510154 57
183 42.510154 57
184 42.510154 57
185 42.510154 57
186 42.510154 57
187 42.510154 57
188 42.510154 57
189 42.510154 57
190 42.510154 57
191 42.510154 57
192 42.510154 57
193 42.510154 57
194 42.510154 57
195 42.510154 57
196 42.510154 57
197 42.510154 57
198 42.510154 57
199 42.510154 57
200 42.510154 57
201 42.510154 57
202 42.510154 57
203 42.510154 57
204 42.510154 57
205 42.510154 57
206 42.510154 57
207 42.510154 57
208 42.510154 57
209 42.510154 57
210 42.510154 57
211 42.510154 57
212 42.510154 57
213 42.510154 57
214 42.510154 57
215 42.510154 57
216 42.510154 57
217 42.510154 57
218 42.510154 57
219 42.510154 57
220 42.510154 57
221 42.510154 57
222 42.510154 57
223 42.510154 57
224 42.510154 57
225 42.510154 57
226 42.510154 57
227 42.510154 57
228 42.510154 57
229 42.510154 57
230 42.510154 57
231 42.510154 57
232 42.510154 57
233 42.510154 57
234 42.510154 57
235 42.510154 57
236 42.510154 57
237 42.510154 57
238 42.510154 57
239 42.510154 57
240 42.510154 57
