# Final mediating pop (post Phase 4)
# x0..x(D-1) f0 f1 consensus
0.553651 0.300552 89.988726 89.901394 89.901394
0.393968 0.829726 89.999580 89.923168 89.923168
0.552750 0.300822 89.992053 89.915717 89.915717
0.550667 0.302821 89.999161 89.992406 89.992406
0.562890 0.295611 89.698373 88.866861 88.866861
0.392298 0.830123 89.969230 89.499952 89.499952
0.957153 0.911759 54.332121 44.203048 44.203048
0.401759 0.825451 88.960140 89.056056 88.960140
0.373559 0.842397 82.091438 82.461964 82.091438
0.397483 0.827765 89.790330 89.911846 89.790330
0.556560 0.299080 89.940391 89.717248 89.717248
0.524149 0.320360 88.548480 81.606610 81.606610
0.097214 0.771627 30.564183 30.297772 30.297772
0.957423 0.858753 35.935250 28.538509 28.538509
0.094379 0.772333 29.630157 30.297772 29.630157
0.090048 0.540750 22.633310 40.895463 22.633310
0.009130 0.546643 22.633310 30.297772 22.633310
0.912639 0.388838 22.633310 27.348045 22.633310
0.893642 0.553561 22.633310 28.012680 22.633310
0.916332 0.267581 22.633310 48.187625 22.633310
0.067447 0.563290 22.633310 30.297772 22.633310
0.916373 0.169998 22.633310 32.332337 22.633310
0.914925 0.302784 22.633310 55.649150 22.633310
0.908452 0.429987 22.633310 27.652151 22.633310
0.919029 0.216227 22.633310 24.316010 22.633310
0.912366 0.349816 22.633310 54.334558 22.633310
0.553232 0.300576 89.989166 89.893180 89.893180
0.905957 0.570238 22.633310 59.407702 22.633310
0.097087 0.772390 30.331218 30.297772 30.297772
0.956147 0.962019 19.010089 35.946383 19.010089
0.095709 0.766984 29.864599 30.297772 29.864599
0.095395 0.770452 30.377248 30.297772 30.297772
0.095725 0.773390 29.714630 30.297772 29.714630
0.096001 0.769707 30.639807 30.297772 30.297772
0.095458 0.769223 30.419764 30.297772 30.297772
0.396092 0.829475 89.979860 89.802642 89.802642
0.095648 0.769268 30.463274 30.297772 30.297772
0.554969 0.298422 89.947132 89.434386 89.434386
0.062306 1.000000 10.912119 30.297772 10.912119
0.018431 0.946444 10.912119 30.297772 10.912119
0.010868 0.540921 22.633310 30.297772 22.633310
0.000000 1.000000 10.912119 30.297772 10.912119
0.097345 0.769405 30.780560 30.297772 30.297772
0.892971 0.545567 22.633310 31.483557 22.633310
0.092600 0.909835 10.912119 30.297772 10.912119
0.095686 0.770481 30.448465 30.297772 30.297772
0.023281 0.976372 10.912119 30.297772 10.912119
0.388941 0.833170 89.380722 89.416537 89.380722
0.000000 0.907763 10.912119 30.297772 10.912119
0.391823 0.830507 89.934390 89.463472 89.463472
0.550741 0.302337 89.998685 89.978055 89.978055
0.547250 0.305501 89.964521 89.682161 89.682161
0.895960 0.542229 22.633310 40.500567 22.633310
0.920299 0.081876 22.633310 14.453564 14.453564
0.919978 0.124168 22.633310 23.155722 22.633310
0.868992 0.320765 22.633310 7.437881 7.437881
0.926325 0.796091 10.912119 7.025763 7.025763
0.870339 0.826546 10.912119 7.025763 7.025763
0.906949 0.862566 10.912119 7.025763 7.025763
0.881977 0.976552 10.912119 7.025763 7.025763
0.881977 0.910946 10.912119 7.025763 7.025763
0.872056 0.695740 10.912119 7.025763 7.025763
0.876728 0.734964 10.912119 7.025763 7.025763
0.551623 0.301978 89.999559 89.995257 89.995257
0.550467 0.303222 89.997264 89.970284 89.970284
0.552017 0.302598 89.996699 89.914892 89.914892
0.495692 0.333298 83.458941 69.627612 69.627612
0.602957 0.270482 84.636895 67.842154 67.842154
0.580294 0.285667 88.152980 83.375222 83.375222
0.421133 0.376623 61.811748 21.640184 21.640184
0.424207 0.812274 75.517027 75.283899 75.283899
0.530840 0.313388 89.029295 87.017403 87.017403
0.509539 0.327360 86.366674 75.587310 75.587310
0.553786 0.300590 89.988063 89.910284 89.910284
0.363832 0.850432 72.475638 79.682904 72.475638
0.424871 0.809513 72.869056 79.776554 72.869056
0.428741 0.807575 69.705007 75.897074 69.705007
0.333985 0.868335 44.613850 52.255426 44.613850
0.552042 0.301851 89.998811 89.993529 89.993529
0.394590 0.829599 89.998814 89.983953 89.983953
0.261053 0.920309 10.912119 12.611580 10.912119
0.919007 0.117771 22.633310 22.855147 22.633310
0.550829 0.302691 89.999549 89.995940 89.995940
0.687287 0.977283 12.529156 0.156494 0.156494
0.096531 0.769143 30.575170 30.297772 30.297772
0.554561 0.850248 58.207809 0.156494 0.156494
0.393719 0.830444 89.982118 89.987565 89.982118
0.868805 0.907871 10.912119 7.025763 7.025763
0.097484 0.769740 30.895205 30.297772 30.297772
0.558359 0.942948 17.513405 0.156494 0.156494
0.747518 0.737885 10.912119 0.156494 0.156494
0.531701 0.735107 10.912119 12.087677 10.912119
0.070128 0.549292 22.633310 30.297772 22.633310
0.497334 0.902608 37.858305 0.156494 0.156494
0.865785 0.947025 10.912119 7.025763 7.025763
0.682267 0.567885 22.633310 0.156494 0.156494
0.766679 0.666548 10.912119 0.156494 0.156494
0.728350 0.588373 10.912119 0.156494 0.156494
0.419729 0.953176 10.912119 0.156494 0.156494
0.414382 0.815508 81.190083 85.732667 81.190083
0.337151 0.598946 10.912119 0.156494 0.156494
0.685282 0.775965 10.912119 0.156494 0.156494
0.878468 0.687156 10.912119 7.025763 7.025763
0.097389 0.771848 30.553603 30.297772 30.297772
0.251326 0.584724 10.912119 0.156494 0.156494
0.515165 0.992311 10.912119 0.156494 0.156494
0.505793 0.548470 27.873844 0.156494 0.156494
0.609783 0.941109 19.849944 0.156494 0.156494
0.303529 0.748730 31.013867 0.156494 0.156494
0.899341 0.557626 22.633310 49.207349 22.633310
0.339991 0.445551 36.197348 1.589516 1.589516
0.770023 0.597717 10.912119 0.156494 0.156494
0.527299 0.740297 10.912119 12.616992 10.912119
0.396200 0.829025 89.955959 89.904121 89.904121
0.403370 0.825453 88.763243 87.608335 87.608335
0.274726 0.678089 10.912119 0.156494 0.156494
0.874883 0.895329 10.912119 7.025763 7.025763
0.634071 0.842177 29.752808 0.156494 0.156494
0.777623 0.991416 11.477430 0.156494 0.156494
0.747474 0.913844 18.531678 0.156494 0.156494
0.412830 0.433764 52.535733 1.446314 1.446314
0.082277 0.750925 24.220455 30.297772 24.220455
0.902416 0.784649 10.912119 7.025763 7.025763
0.290822 0.230771 22.633310 0.089244 0.089244
0.090093 0.825742 17.444477 30.297772 17.444477
0.549863 0.301104 89.981660 89.338546 89.338546
0.747474 0.913844 18.531678 0.156494 0.156494
0.382569 0.824910 89.465228 47.098759 47.098759
0.105240 0.016297 22.633310 0.089244 0.089244
0.300061 0.389958 28.173776 0.112943 0.112943
0.996079 0.853071 0.000123 28.538509 0.000123
0.926325 0.796091 10.912119 7.025763 7.025763
0.500690 0.350574 82.780409 41.293881 41.293881
0.634071 0.842177 29.752808 0.156494 0.156494
0.881977 0.910946 10.912119 7.025763 7.025763
0.181095 0.082778 22.633310 0.089244 0.089244
0.428795 0.105028 22.633310 0.089244 0.089244
0.000000 1.000000 10.912119 30.297772 10.912119
0.021078 0.880979 10.912119 30.297772 10.912119
0.906949 0.862566 10.912119 7.025763 7.025763
0.836075 0.765379 10.912119 0.156494 0.156494
0.912517 0.599233 10.912119 59.849352 10.912119
0.091928 1.000000 10.912119 30.297772 10.912119
0.245788 0.605416 10.912119 0.156494 0.156494
0.480824 0.314079 75.912304 14.173118 14.173118
0.646903 0.286464 67.280349 4.544080 4.544080
0.609783 0.941109 19.849944 0.156494 0.156494
0.657387 0.861382 31.387647 0.156494 0.156494
0.160182 0.323503 22.633310 0.089244 0.089244
0.000000 0.893613 10.912119 30.297772 10.912119
0.488609 0.973446 10.912119 0.156494 0.156494
0.405706 0.672173 10.912119 0.156494 0.156494
0.000000 1.000000 10.912119 30.297772 10.912119
0.888526 0.962340 10.912119 7.025763 7.025763
0.085514 0.693930 14.343738 30.297772 14.343738
0.650607 0.692651 10.912119 0.169367 0.169367
0.867589 0.000000 22.633310 7.437881 7.437881
0.298677 0.904749 13.145835 16.113593 13.145835
0.349756 0.460681 36.948709 0.919605 0.919605
0.053437 1.000000 10.912119 30.297772 10.912119
0.259273 0.050696 22.633310 0.089244 0.089244
0.555267 0.219096 72.461208 0.157426 0.157426
0.310715 0.116987 22.633310 0.089244 0.089244
0.504694 0.342488 84.743637 53.337072 53.337072
0.742052 0.441970 22.633310 0.089244 0.089244
0.404287 0.823388 87.934967 88.773617 87.934967
0.873649 0.819978 10.912119 7.025763 7.025763
0.254205 0.298041 23.301025 0.089244 0.089244
0.517732 0.039381 22.633310 0.089244 0.089244
0.088607 0.779268 26.573473 30.297772 26.573473
0.000000 0.974738 10.912119 30.297772 10.912119
0.484055 0.629763 10.912119 0.156494 0.156494
0.143936 0.875111 11.756020 0.156494 0.156494
0.173959 0.640526 10.912119 0.156494 0.156494
0.837589 0.646582 10.912119 0.156494 0.156494
0.136512 0.242053 22.633310 0.089244 0.089244
0.563819 0.920232 28.152913 0.156494 0.156494
0.918954 0.147566 22.633310 32.074030 22.633310
0.917105 0.596432 10.912119 57.217614 10.912119
0.759956 0.717404 10.912119 0.156494 0.156494
0.205747 0.985352 10.912119 0.306770 0.306770
0.654201 0.247406 70.175400 37.225417 37.225417
0.913570 0.292906 22.633310 72.097185 22.633310
0.251326 0.584724 10.912119 0.156494 0.156494
0.898602 0.430316 22.633310 7.437881 7.437881
0.143343 0.309160 22.633310 0.089244 0.089244
0.095775 0.788668 25.971459 30.297772 25.971459
0.095982 0.105797 22.633310 0.089244 0.089244
0.000000 0.873486 10.912119 30.297772 10.912119
0.697595 0.422240 26.431082 0.089244 0.089244
0.074753 0.355119 22.633310 0.089244 0.089244
0.715624 0.562569 22.633310 0.156494 0.156494
0.863678 0.878077 10.912119 0.156494 0.156494
0.265453 0.921320 10.912119 15.662131 10.912119
0.553949 0.678906 10.912119 0.199673 0.199673
0.417401 0.781694 47.352992 1.669208 1.669208
0.494499 0.300145 78.359213 11.003048 11.003048
0.908452 0.429987 22.633310 27.652151 22.633310
0.194801 0.452168 22.633310 0.089244 0.089244
0.729995 0.613279 10.912119 0.156494 0.156494
0.084748 0.792142 23.053704 30.297772 23.053704
0.398656 0.957876 10.912119 0.156494 0.156494
0.515165 0.992311 10.912119 0.156494 0.156494
0.563219 0.914916 31.015837 0.156494 0.156494
0.042572 0.234804 22.633310 0.089244 0.089244
0.412036 0.360312 56.727169 6.743125 6.743125
0.000000 0.744889 13.551276 30.297772 13.551276
0.326170 0.758046 36.844164 0.156494 0.156494
0.532301 0.390055 71.454009 0.268388 0.268388
0.881423 0.107032 22.633310 7.437881 7.437881
0.922562 0.400405 22.633310 7.437881 7.437881
0.001435 0.374377 22.633310 0.089244 0.089244
0.867635 0.438202 22.633310 7.437881 7.437881
0.000000 0.765224 13.338219 30.297772 13.338219
0.014065 0.558888 22.633310 30.297772 22.633310
0.073631 0.673902 11.828109 30.297772 11.828109
0.346870 0.482879 33.291590 0.287262 0.287262
0.431444 0.146169 23.386953 0.089244 0.089244
0.737326 0.122240 36.248487 0.158018 0.158018
0.278360 0.255418 22.779797 0.089244 0.089244
0.539212 0.425808 58.521088 0.089244 0.089244
0.886207 0.000000 22.633310 7.437881 7.437881
0.259976 0.573754 10.912119 0.156494 0.156494
0.551927 0.300874 89.992808 89.888174 89.888174
0.640332 0.316451 64.291639 0.599254 0.599254
0.941204 0.396973 0.000125 7.437881 0.000125
0.295019 0.261555 24.026146 0.089244 0.089244
0.084832 0.759279 26.354364 30.297772 26.354364
0.977764 0.879943 0.000123 55.347694 0.000123
0.886474 0.613548 10.912119 7.025763 7.025763
0.000000 0.564857 22.633310 30.297772 22.633310
0.741046 0.683480 10.912119 0.156494 0.156494
0.428614 0.799419 61.774552 52.587076 52.587076
0.262541 0.883337 18.739831 0.427998 0.427998
0.276116 0.739245 26.314091 0.156494 0.156494
0.522525 0.779514 20.849766 0.408036 0.408036
0.793714 0.258256 29.253654 0.089244 0.089244
0.150196 1.000000 10.912119 0.224966 0.224966
0.641237 0.675375 10.912119 0.369120 0.369120
0.435866 0.399014 64.620384 8.475586 8.475586
0.364425 0.102820 22.633310 0.089244 0.089244
0.582795 0.313754 84.632294 22.337941 22.337941
0.000000 1.000000 10.912119 30.297772 10.912119
0.329430 0.132301 22.633310 0.089244 0.089244
0.956721 0.912744 47.619436 43.822212 43.822212
0.028934 0.776734 16.350759 30.297772 16.350759
0.294082 0.074545 22.633310 0.089244 0.089244
0.885913 0.591646 10.912119 7.025763 7.025763
0.976824 0.953796 0.000123 28.538509 0.000123
0.092948 0.771837 29.380543 30.297772 29.380543
0.141768 0.643283 10.912119 0.156494 0.156494
0.474034 0.128527 26.898166 0.089244 0.089244
0.113484 0.469571 22.633310 0.089244 0.089244
0.527798 0.327306 87.958205 70.740803 70.740803
0.528005 0.664081 10.912119 0.156494 0.156494
0.587827 0.049032 25.716490 0.089244 0.089244
0.914925 0.302784 22.633310 55.649150 22.633310
0.766679 0.666548 10.912119 0.156494 0.156494
0.000000 0.925914 10.912119 30.297772 10.912119
0.199127 0.353259 22.633310 0.089244 0.089244
0.723734 0.173683 47.883686 2.903434 2.903434
0.709592 0.461061 22.633310 0.089244 0.089244
0.432012 0.543432 32.156806 0.156494 0.156494
0.934088 0.064443 0.000125 7.437881 0.000125
0.495837 0.679489 10.912119 0.156494 0.156494
0.032967 0.969675 10.912119 30.297772 10.912119
0.016082 0.317306 22.633310 0.089244 0.089244
0.919281 0.791353 10.912119 7.025763 7.025763
0.664075 0.980443 11.484297 0.156494 0.156494
0.554561 0.850248 58.207809 0.156494 0.156494
0.830730 0.910802 10.912119 0.156494 0.156494
0.930985 0.633182 0.000123 27.937359 0.000123
0.068282 0.764861 24.803147 30.297772 24.803147
0.916373 0.169998 22.633310 32.332337 22.633310
0.045850 0.919673 10.912119 30.297772 10.912119
0.870339 0.826546 10.912119 7.025763 7.025763
0.537680 0.084016 26.485482 0.089244 0.089244
0.008454 1.000000 10.912119 30.297772 10.912119
0.302848 0.025296 22.633310 0.089244 0.089244
0.668647 0.234240 66.140647 27.128606 27.128606
0.329687 0.260361 27.018098 0.089244 0.089244
0.852974 0.408347 22.633310 0.089244 0.089244
0.971607 0.926568 0.000123 36.818268 0.000123
0.151342 0.521613 22.633310 0.089244 0.089244
0.551783 0.306276 89.949220 87.777075 87.777075
0.185180 0.061082 22.633310 0.089244 0.089244
0.216444 0.913093 10.912119 0.225406 0.225406
0.000000 1.000000 10.912119 30.297772 10.912119
0.337151 0.598946 10.912119 0.156494 0.156494
0.000000 0.826277 11.608094 30.297772 11.608094
0.409208 0.045088 22.633310 0.089244 0.089244
0.412295 0.816184 82.260549 84.439099 82.260549
0.028924 0.709709 14.250186 30.297772 14.250186
0.572366 0.699372 10.912119 2.039800 2.039800
0.727867 0.217217 45.994615 4.076354 4.076354
0.431524 0.407765 61.665406 5.487348 5.487348
0.000000 1.000000 10.912119 30.297772 10.912119
0.015861 0.354162 22.633310 0.089244 0.089244
0.497334 0.902608 37.858305 0.156494 0.156494
0.303529 0.748730 31.013867 0.156494 0.156494
