# generation best_consensus ca_size
0 2.509187 200
1 2.509187 200
2 2.509187 200
3 2.509187 200
4 2.509187 200
5 2.509187 200
6 2.509187 200
7 2.509187 200
8 2.509187 200
9 2.509187 200
10 2.509187 200
11 2.509187 200
12 2.509187 200
13 2.509187 200
14 2.509187 200
15 2.509187 200
16 2.509187 200
17 2.509187 200
18 2.509187 200
19 2.509187 200
20 2.509187 200
21 2.509187 200
22 2.509187 200
23 2.509187 200
24 2.509187 200
25 2.509187 200
26 2.509187 200
27 2.509187 200
28 2.509187 200
29 2.509187 200
30 2.509187 200
31 2.509187 200
32 2.509187 200
33 2.509187 200
34 2.509187 200
35 2.509187 200
36 2.509187 200
37 2.509187 200
38 2.509187 200
39 2.509187 200
40 2.509187 200
41 2.509187 200
42 2.509187 200
43 2.509187 200
44 2.509187 200
45 2.509187 200
46 2.509187 200
47 2.509187 200
48 2.509187 200
49 2.509187 200
50 2.509187 200
51 2.509187 200
52 2.509187 200
53 2.509187 200
54 2.509187 200
55 2.509187 200
56 2.509187 200
57 2.509187 200
58 2.509187 200
59 2.509194 200
60 2.509194 200
61 2.509194 200
62 2.509194 200
63 2.509194 200
64 2.509194 200
65 2.509194 200
66 2.509194 200
67 2.509194 200
68 2.509194 200
69 2.509194 200
70 2.509194 200
71 2.509194 200
72 2.509194 200
73 2.509194 200
74 2.509194 200
75 2.509194 200
76 2.509194 200
77 2.509194 200
78 2.509194 200
79 2.509194 200
80 2.509194 200
81 2.509194 200
82 2.509194 200
83 2.509194 200
84 2.509194 200
85 2.509194 200
86 2.509194 200
87 2.509194 200
88 2.509194 200
89 2.509194 200
90 2.509194 200
91 2.509194 200
92 2.509194 200
93 2.509194 200
94 2.509194 200
95 2.509194 200
96 2.509194 200
97 2.509194 200
98 2.509194 200
99 2.509194 200
100 2.509194 200
101 2.509194 200
102 2.509194 200
103 2.509194 200
104 2.509194 200
105 2.509194 200
106 2.509194 200
107 2.509194 200
108 2.509194 200
109 2.509194 200
110 2.509194 200
111 2.509194 200
112 2.509194 200
113 2.509194 200
114 2.509194 200
115 2.509194 200
116 2.509194 200
117 2.509212 200
118 2.509212 200
119 2.509212 200
120 2.509212 200
121 2.509212 200
122 2.509212 200
123 2.509212 200
124 2.509212 200
125 2.509212 200
126 2.509212 200
127 2.509212 200
128 2.509212 200
129 2.509212 200
130 2.509212 200
131 2.509212 200
132 2.509212 200
133 2.509212 200
134 2.509212 200
135 2.509212 200
136 2.509212 200
137 2.509212 200
138 2.509212 200
139 2.509212 200
140 2.509212 200
141 2.509212 200
142 2.509212 200
143 2.509212 200
144 2.509212 200
145 2.509212 200
146 2.509212 200
147 2.509212 200
148 2.509212 200
149 2.509212 200
150 2.509212 200
151 2.509212 200
152 2.509212 200
153 2.509212 200
154 2.509212 200
155 2.509212 200
156 2.509212 200
157 2.509212 200
158 2.509212 200
159 2.509212 200
160 2.509212 200
161 2.509212 200
162 2.509212 200
163 2.509212 200
164 2.509212 200
165 2.509212 200
166 2.509212 200
167 2.509212 200
168 2.509212 200
169 2.509212 200
170 2.509212 200
171 2.509212 200
172 2.509212 200
173 2.509212 200
174 2.509212 200
175 2.509212 200
176 2.509212 200
177 2.509212 200
178 2.509212 200
179 2.509212 200
180 2.509212 200
181 2.509212 200
182 2.509212 200
183 2.509212 200
184 2.509212 200
185 2.509212 200
186 2.509212 200
187 2.509212 200
188 2.509212 200
189 2.509212 200
190 2.509212 200
191 2.509212 200
192 2.509212 200
193 2.509212 200
194 2.509212 200
195 2.509212 200
196 2.509212 200
197 2.509212 200
198 2.509212 200
199 2.509212 200
200 2.509212 200
201 2.509212 200
202 2.509212 200
203 2.509212 200
204 2.509212 200
205 2.509212 200
206 2.509212 200
207 2.509212 200
208 2.509212 200
209 2.509212 200
210 2.509212 200
211 2.509212 200
212 2.509212 200
213 2.509212 200
214 2.509212 200
215 2.509212 200
216 2.509212 200
217 2.509212 200
218 2.509212 200
219 2.509212 200
220 2.509212 200
221 2.509212 200
222 2.509212 200
223 2.509212 200
224 2.509212 200
225 2.509212 200
226 2.509212 200
227 2.509212 200
228 2.509212 200
229 2.509212 200
230 2.509212 200
231 2.509212 200
232 2.509212 200
233 2.509212 200
234 2.509212 200
235 2.509212 200
236 2.509212 200
237 2.509212 200
238 2.509212 200
239 2.509212 200
240 2.509212 200
241 2.509212 200
242 2.509212 200
243 2.509212 200
244 2.509212 200
245 2.509212 200
246 2.509212 200
247 2.509212 200
248 2.509212 200
249 2.509212 200
250 2.509212 200
251 2.509212 200
252 2.509212 200
253 2.509212 200
254 2.509212 200
255 2.509212 200
256 2.509212 200
257 2.509212 200
258 2.509212 200
259 2.509212 200
260 2.509212 200
261 2.509212 200
262 2.509212 200
263 2.509212 200
264 2.509212 200
265 2.509212 200
266 2.509212 200
267 2.509212 200
268 2.509212 200
269 2.509212 200
270 2.509212 200
271 2.509212 200
272 2.509212 200
273 2.509212 200
274 2.509212 200
275 2.509212 200
276 2.509212 200
277 2.509212 200
278 2.509212 200
279 2.509212 200
280 2.509212 200
281 2.509212 200
282 2.509212 200
283 2.509212 200
284 2.509212 200
285 2.509212 200
286 2.509212 200
287 2.509212 200
288 2.509212 200
289 2.509212 200
290 2.509212 200
291 2.509212 200
292 2.509212 200
293 2.509212 200
294 2.509212 200
295 2.509212 200
296 2.509212 200
297 2.509212 200
298 2.509212 200
299 2.509212 200
300 2.509212 200
301 2.509212 200
302 2.509212 200
303 2.509212 200
304 2.509212 200
305 2.509212 200
306 2.509212 200
307 2.509212 200
308 2.509212 200
309 2.509212 200
310 2.509212 200
311 2.509212 200
312 2.509212 200
313 2.509212 200
314 2.509212 200
315 2.509212 200
316 2.509212 200
317 2.509212 200
318 2.509212 200
319 2.509212 200
320 2.509212 200
321 2.509212 200
322 2.509212 200
323 2.509212 200
324 2.509212 200
325 2.509212 200
326 2.509212 200
327 2.509212 200
328 2.509212 200
329 2.509212 200
330 2.509212 200
331 2.509212 200
332 2.509212 200
333 2.509212 200
334 2.509212 200
335 2.509212 200
336 2.509212 200
337 2.509212 200
338 2.509212 200
339 2.509212 200
340 2.509212 200
341 2.509212 200
342 2.509212 200
343 2.509212 200
344 2.509212 200
345 2.509212 200
346 2.509212 200
347 2.509212 200
348 2.509212 200
349 2.509212 200
350 2.509212 200
351 2.509212 200
352 2.509212 200
353 2.509212 200
354 2.509212 200
355 2.509212 200
356 2.509212 200
357 2.509212 200
358 2.509212 200
359 2.509212 200
360 2.509212 200
361 2.509212 200
362 2.509212 200
363 2.509212 200
364 2.509212 200
365 2.509212 200
366 2.509212 200
367 2.509212 200
368 2.509212 200
369 2.509212 200
370 2.509212 200
371 2.509212 200
372 2.509212 200
373 2.509212 200
374 2.509212 200
375 2.509307 200
376 2.509307 200
377 2.509307 200
378 2.509307 200
379 2.509307 200
380 2.509307 200
381 2.509307 200
382 2.509307 200
383 2.509307 200
384 2.509307 200
385 2.509307 200
386 2.509307 200
387 2.509307 200
388 2.509307 200
389 2.509307 200
390 2.509307 200
391 2.509307 200
392 2.509307 200
393 2.509307 200
394 2.509307 200
395 2.509307 200
396 2.509307 200
397 2.509307 200
398 2.509307 200
399 2.509307 200
400 2.509501 200
401 2.509501 200
402 2.509501 200
403 2.509501 200
404 2.509501 200
405 2.509501 200
406 2.509501 200
407 2.509501 200
408 2.509501 200
409 2.509501 200
410 2.509501 200
411 2.509501 200
412 2.509501 200
413 2.509501 200
414 2.509501 200
415 2.509501 200
416 2.509501 200
417 2.509501 200
418 2.509501 200
419 2.509501 200
420 2.509501 200
421 2.509501 200
422 2.509501 200
423 2.509501 200
424 2.509501 200
425 2.509501 200
426 2.509501 200
427 2.509501 200
428 2.509501 200
429 2.509501 200
430 2.509501 200
431 2.509501 200
432 2.509501 200
433 2.509501 200
434 2.509501 200
435 2.509501 200
436 2.509501 200
437 2.509501 200
438 2.509501 200
439 2.509501 200
440 2.509501 200
441 2.509501 200
442 2.509501 200
443 2.509501 200
444 2.509501 200
445 2.509501 200
446 2.509501 200
447 2.509501 200
448 2.509501 200
449 2.509501 200
450 2.509501 200
451 2.509501 200
452 2.509501 200
453 2.509501 200
454 2.509501 200
455 2.509501 200
456 2.509501 200
457 2.509501 200
458 2.509501 200
459 2.509501 200
460 2.509501 200
461 2.509501 200
462 2.509501 200
463 2.509501 200
464 2.509501 200
465 2.509501 200
466 2.509501 200
467 2.509501 200
468 2.509501 200
469 2.509501 200
470 2.509501 200
471 2.509501 200
472 2.509501 200
473 2.509501 200
474 2.509501 200
475 2.509501 200
476 2.509501 200
477 2.509501 200
478 2.509501 200
479 2.509501 200
480 2.509501 200
481 2.509501 200
482 2.509501 200
483 2.509501 200
484 2.509501 200
485 2.509501 200
486 2.509501 200
487 2.509501 200
488 2.509501 200
489 2.509501 200
490 2.509501 200
491 2.509501 200
492 2.509501 200
493 2.509501 200
494 2.509501 200
495 2.509501 200
496 2.509501 200
497 2.509501 200
498 2.509501 200
499 2.509501 200
500 2.509501 200
501 2.509501 200
502 2.509501 200
503 2.509501 200
504 2.509501 200
505 2.509501 200
506 2.509501 200
507 2.509501 200
508 2.509501 200
509 2.509501 200
510 2.509501 200
511 2.509501 200
512 2.509501 200
513 2.509501 200
514 2.509501 200
515 2.509501 200
516 2.509501 200
517 2.509501 200
518 2.509501 200
519 2.509501 200
520 2.509501 200
521 2.509501 200
522 2.509501 200
523 2.509501 200
524 2.509501 200
525 2.509501 200
526 2.509501 200
527 2.509501 200
528 2.509501 200
529 2.509501 200
530 2.509501 200
531 2.509501 200
532 2.509501 200
533 2.509501 200
534 2.509501 200
535 2.509501 200
536 2.509501 200
537 2.509501 200
538 2.509501 200
539 2.509501 200
540 2.509501 200
541 2.509501 200
542 2.509501 200
543 2.509501 200
544 2.509501 200
545 2.509501 200
546 2.509501 200
547 2.509501 200
548 2.509501 200
549 2.509501 200
550 2.509501 200
551 2.509501 200
552 2.509501 200
553 2.509501 200
554 2.509501 200
555 2.509501 200
556 2.509501 200
557 2.509501 200
558 2.509501 200
559 2.509501 200
560 2.509501 200
561 2.509501 200
562 2.509501 200
563 2.509501 200
564 2.509501 200
565 2.509501 200
566 2.509501 200
567 2.509501 200
568 2.509598 200
569 2.509598 200
570 2.509598 200
571 2.509598 200
572 2.509598 200
573 2.509598 200
574 2.509598 200
575 2.509598 200
576 2.509598 200
577 2.509598 200
578 2.510016 200
579 2.510016 200
580 2.510016 200
581 2.510016 200
582 2.510016 200
583 2.510016 200
584 2.510016 200
585 2.510016 200
586 2.510016 200
587 2.510016 200
588 2.510016 200
589 2.510016 200
590 2.510016 200
591 2.510016 200
592 2.510016 200
593 2.510016 200
594 2.510016 200
595 2.510016 200
596 2.510016 200
597 2.510016 200
598 2.510016 200
599 2.510016 200
600 2.510016 200
601 2.510016 200
602 2.510016 200
603 2.510016 200
604 2.510016 200
605 2.510016 200
606 2.510016 200
607 2.510016 200
608 2.510016 200
609 2.510016 200
610 2.510016 200
611 2.510016 200
612 2.510016 200
613 2.510016 200
614 2.510016 200
615 2.510016 200
616 2.510016 200
617 2.510016 200
618 2.510016 200
619 2.510016 200
620 2.510016 200
621 2.510016 200
622 2.510016 200
623 2.510016 200
624 2.510584 200
625 2.510584 200
626 2.510584 200
627 2.510584 200
628 2.510584 200
629 2.510584 200
630 2.510584 200
631 2.510584 200
632 2.510584 200
633 2.510584 200
634 2.510584 200
635 2.510584 200
636 2.510584 200
637 2.510584 200
638 2.510584 200
639 2.510584 200
640 2.510584 200
641 2.510584 200
642 2.510584 200
643 2.510584 200
644 2.510584 200
645 2.510584 200
646 2.510584 200
647 2.510584 200
648 2.510584 200
649 2.510584 200
650 2.510584 200
651 2.510584 200
652 2.510584 200
653 2.510584 200
654 2.510584 200
655 2.511085 200
656 2.511085 200
657 2.511085 200
658 2.511085 200
659 2.511085 200
660 2.511085 200
661 2.511085 200
662 2.511085 200
663 2.511515 200
664 2.511515 200
665 2.511515 200
666 2.511515 200
667 2.511515 200
668 2.511515 200
669 2.511515 200
670 2.511515 200
671 2.511515 200
672 2.512054 200
673 2.512054 200
674 2.512054 200
675 2.512054 200
676 2.512054 200
677 2.512054 200
678 2.513798 200
679 2.513798 200
680 2.513798 200
681 2.513798 200
682 2.513798 200
683 2.513798 200
684 2.513798 200
685 2.513798 200
686 2.513798 200
687 2.513798 200
688 2.513798 200
689 2.513798 200
690 2.513798 200
691 2.513798 200
692 2.513798 200
693 2.513798 200
694 2.513798 200
695 2.513798 200
696 2.513798 200
697 2.513798 200
698 2.513798 200
699 2.513798 200
700 2.513798 200
701 2.513798 200
702 2.513798 200
703 2.513798 200
704 2.513798 200
705 2.513798 200
706 2.513798 200
707 2.513798 200
708 2.513798 200
709 2.513798 200
710 2.513798 200
711 2.513798 200
712 2.513798 200
713 2.514041 200
714 2.514041 200
715 2.514041 200
716 2.514041 200
717 2.514041 200
718 2.514341 200
719 2.514341 200
720 2.514341 200
721 2.514341 200
722 2.514341 200
723 2.514341 200
724 2.514341 200
725 2.514341 200
726 2.514341 200
727 2.514341 200
728 2.514341 200
729 2.514341 200
730 2.514925 200
731 2.514925 200
732 2.514925 200
733 2.514925 200
734 3.181600 200
735 3.181600 200
736 3.181600 200
737 3.181600 200
738 3.181600 200
739 3.181600 200
740 3.181600 200
741 3.181600 200
742 3.181600 200
743 3.181600 200
