# gen=200 CA size=200
# x0..x(D-1) consensus
0.776460 0.767647 0.852974 0.809787 0.767339 9.320684
0.802612 0.359531 0.101974 0.580913 0.233519 18.612291
0.932578 0.456196 0.055471 0.681155 0.297404 22.163149
0.306551 0.350833 0.251063 0.831712 0.240059 9.320684
0.551324 0.444176 0.357405 0.120816 0.825046 9.320684
0.919684 0.078493 0.153543 0.737491 0.577419 6.835551
0.256508 0.409881 0.030362 0.879838 0.814710 7.200357
0.505745 0.550299 0.888962 0.677105 0.560037 9.320684
0.402846 0.899386 0.778540 0.191025 0.801479 9.320684
0.310373 0.841958 0.687450 0.750317 0.722226 7.128737
0.100750 0.147354 0.914504 0.445906 0.458787 7.082587
0.680415 0.380312 0.875190 0.396447 0.750760 9.320684
0.035175 0.809340 0.503737 0.616914 0.635773 9.320684
0.839333 0.684280 0.038805 0.892460 0.479098 9.320684
0.869992 0.750316 0.757730 0.499793 0.666165 6.915819
0.110957 0.569164 0.612492 0.442381 0.101903 9.320684
0.837833 0.487276 0.186454 0.695751 0.285015 18.378904
0.841018 0.403807 0.135425 0.663998 0.192475 27.120087
0.870978 0.515721 0.195575 0.532205 0.245854 12.278876
0.883983 0.378408 0.054532 0.531377 0.260522 13.991356
0.880427 0.384091 0.061474 0.594793 0.227948 20.753791
0.927183 0.421794 0.092333 0.631717 0.266514 14.465919
0.793458 0.357881 0.098138 0.538081 0.251563 15.920472
0.886635 0.536221 0.096080 0.766075 0.133823 12.761999
0.859579 0.452377 0.204878 0.667410 0.201416 21.891354
0.907452 0.520833 0.142965 0.805301 0.174431 22.804562
0.776067 0.460593 0.234016 0.592666 0.222121 13.973159
0.861045 0.462385 0.063941 0.625669 0.205345 25.722470
0.902856 0.501846 0.156705 0.722357 0.212174 34.197055
0.856994 0.513510 0.117592 0.729557 0.186092 15.981310
0.200877 0.794787 0.851299 0.571533 0.805907 15.912757
0.871216 0.514854 0.161080 0.819413 0.177406 17.061918
0.819313 0.462056 0.226955 0.709238 0.258854 19.367414
0.807005 0.485542 0.248177 0.643940 0.253513 15.193822
0.941109 0.401854 0.024294 0.705730 0.243854 14.132079
0.908788 0.447452 0.144444 0.726584 0.265637 34.703304
0.968743 0.448402 0.038682 0.735344 0.285923 16.111238
0.814635 0.435427 0.172276 0.682429 0.160247 28.186322
0.817879 0.434518 0.128176 0.605834 0.200711 44.580023
0.907931 0.507261 0.194578 0.644359 0.319374 13.601024
0.900340 0.532201 0.156848 0.749729 0.109284 16.404508
0.821963 0.488153 0.226023 0.704243 0.283850 15.643680
0.796176 0.443494 0.100895 0.554448 0.106424 14.236780
0.837328 0.427396 0.147862 0.650177 0.277652 44.125340
0.915595 0.399884 0.017048 0.629470 0.255611 14.242596
0.861535 0.520590 0.183598 0.691856 0.073726 13.719433
0.907184 0.450706 0.046084 0.628151 0.303045 14.955783
0.828694 0.436293 0.226789 0.631280 0.222550 17.926679
0.836811 0.451742 0.201083 0.728021 0.177011 25.748967
0.826906 0.512781 0.203109 0.642247 0.127056 16.039268
0.807854 0.439364 0.140418 0.690165 0.212632 20.640687
1.000000 0.474031 0.047790 0.756020 0.295569 12.697468
0.932679 0.507576 0.146066 0.733731 0.173092 18.652919
0.799301 0.433567 0.128153 0.678648 0.144337 17.199034
0.897455 0.475753 0.075521 0.722990 0.166111 29.980545
0.799937 0.402225 0.066593 0.601344 0.177563 12.470433
0.861219 0.399885 0.088137 0.644493 0.191112 22.396089
0.922070 0.374634 0.000000 0.683149 0.235327 12.221895
0.747404 0.446769 0.173770 0.505678 0.197559 12.659688
0.778264 0.395450 0.201232 0.644163 0.230143 22.027380
0.895441 0.516264 0.144638 0.622852 0.215740 26.338298
0.847720 0.490055 0.177965 0.666996 0.153084 28.845516
0.819711 0.520994 0.213252 0.531377 0.247919 13.319764
0.962556 0.508302 0.107709 0.740355 0.175936 15.408911
0.839872 0.514980 0.146692 0.597275 0.127471 18.004772
0.787848 0.390767 0.231658 0.676906 0.282521 12.916225
0.862603 0.558220 0.171697 0.724961 0.110399 14.633525
0.788020 0.433376 0.142805 0.700277 0.125085 14.318808
0.876120 0.369504 0.000000 0.611748 0.189178 12.737149
0.921020 0.367313 0.023457 0.759951 0.275576 12.189824
0.923669 0.418439 0.068777 0.645645 0.345216 16.229674
0.803704 0.373887 0.074963 0.566916 0.207670 15.975871
0.845433 0.425644 0.141951 0.460688 0.280320 12.753051
0.802328 0.422401 0.140449 0.633097 0.134519 25.152683
0.922734 0.540817 0.069736 0.767168 0.101362 13.474093
0.820757 0.500843 0.136036 0.715296 0.212924 12.804110
0.832368 0.434627 0.106481 0.769186 0.226103 13.701155
0.796434 0.461194 0.222890 0.628944 0.276575 17.072909
0.801981 0.442223 0.150321 0.658667 0.248226 23.639146
0.845162 0.489834 0.214395 0.765269 0.258926 20.019283
0.834296 0.428592 0.202464 0.534851 0.222039 13.014913
0.838576 0.402313 0.121933 0.788131 0.163539 15.391103
0.939096 0.441623 0.146377 0.779318 0.374589 15.694390
0.832368 0.468673 0.106481 0.630075 0.223875 32.540881
0.737258 0.397258 0.159418 0.543344 0.154495 14.317863
0.949769 0.473179 0.111563 0.760905 0.321167 23.628752
0.872021 0.457593 0.135955 0.670378 0.101921 12.170537
0.941279 0.486607 0.077406 0.753082 0.121293 13.818051
0.878489 0.433255 0.026016 0.613495 0.195815 14.757382
0.855373 0.414646 0.205640 0.670803 0.265602 19.309621
0.963340 0.568719 0.128963 0.760369 0.189824 13.213471
0.907312 0.538687 0.162667 0.682283 0.201117 19.104528
0.916729 0.471134 0.136717 0.754333 0.120651 12.157860
0.869322 0.398274 0.078725 0.594491 0.258448 28.988311
0.794321 0.425906 0.165004 0.650058 0.231333 27.878670
0.826061 0.384875 0.138346 0.557562 0.199425 15.664441
0.830561 0.425843 0.219211 0.678838 0.313884 16.683531
0.818375 0.413974 0.080767 0.566193 0.292635 15.370353
0.869109 0.351751 0.047566 0.669089 0.236585 15.679483
0.790404 0.394687 0.131737 0.592512 0.240696 25.023509
0.889340 0.492588 0.122326 0.654897 0.197716 46.139552
0.907312 0.556094 0.187131 0.752409 0.197058 16.528103
0.818902 0.378146 0.221548 0.641161 0.255518 14.260072
0.784998 0.427026 0.208130 0.612209 0.159551 13.351000
0.886940 0.501336 0.109998 0.713642 0.252044 24.222109
0.793702 0.458528 0.182737 0.784186 0.223483 12.278470
0.927633 0.379076 0.026962 0.671175 0.282726 14.496217
0.813218 0.482413 0.161854 0.603623 0.316657 12.695770
0.866234 0.404061 0.083838 0.752037 0.156351 22.705905
0.781819 0.355678 0.128292 0.652956 0.122100 12.290157
0.903501 0.489921 0.101498 0.829030 0.094790 13.523500
0.853685 0.456561 0.071398 0.713350 0.130898 17.164107
0.806691 0.489082 0.167300 0.732657 0.230931 13.630736
1.000000 0.474612 0.037208 0.748214 0.249053 13.048018
0.901635 0.462606 0.126201 0.625636 0.263872 26.749473
0.960949 0.515888 0.093259 0.830537 0.151039 13.125426
0.751416 0.437094 0.211416 0.648711 0.274357 12.170517
0.789163 0.530835 0.240346 0.684021 0.209011 12.163266
0.910856 0.472190 0.059627 0.777467 0.126045 18.617626
0.918162 0.441858 0.151085 0.772403 0.319852 21.063352
0.925373 0.525660 0.194699 0.715030 0.355441 12.479778
0.926967 0.492277 0.071405 0.863059 0.165352 15.094508
0.792230 0.396393 0.158565 0.533979 0.163972 12.250352
0.836151 0.487819 0.227595 0.611520 0.182431 16.742669
0.993548 0.465444 0.053788 0.821820 0.232851 12.920747
0.960868 0.432968 0.129411 0.774793 0.278274 12.793959
0.982102 0.459792 0.059757 0.770575 0.181228 13.266298
0.802308 0.454749 0.219589 0.581306 0.214868 21.353821
0.790442 0.543261 0.190711 0.559664 0.183950 12.889497
0.804985 0.496412 0.165752 0.553889 0.142594 15.290005
0.873727 0.472369 0.103489 0.828445 0.164379 14.346009
0.945053 0.445080 0.082012 0.697714 0.199851 20.393753
0.869322 0.399188 0.109286 0.702162 0.318426 21.799166
0.861044 0.440521 0.228616 0.683506 0.349884 16.064249
0.769363 0.485573 0.197395 0.609747 0.102309 12.977389
0.790192 0.474124 0.151085 0.566043 0.299049 13.092399
0.812283 0.453424 0.157421 0.736801 0.198303 19.088905
0.879400 0.484527 0.225783 0.708751 0.286321 18.427805
0.834127 0.417065 0.076690 0.651489 0.138208 22.100073
0.776669 0.437100 0.275615 0.683132 0.208995 12.480786
0.964087 0.524573 0.119335 0.882010 0.193904 14.058099
0.743952 0.355936 0.133034 0.555932 0.146572 13.211053
0.838809 0.430975 0.128169 0.705238 0.133639 23.596815
0.880912 0.561698 0.190910 0.616345 0.199792 14.338072
0.888682 0.534711 0.186675 0.687488 0.263675 18.885036
0.872466 0.398838 0.077865 0.720676 0.221426 28.660524
0.955033 0.511363 0.055783 0.629292 0.176731 12.496859
0.904076 0.390849 0.149822 0.790888 0.297067 14.977227
0.921969 0.457638 0.106591 0.600770 0.229618 15.743257
0.925117 0.547007 0.122986 0.710570 0.093130 12.998917
0.818332 0.362742 0.072630 0.635608 0.201767 15.082960
0.866077 0.393303 0.098192 0.701822 0.366104 12.658821
0.213251 0.801200 0.887701 0.359663 0.783927 12.664446
0.783405 0.449081 0.204426 0.481038 0.208773 12.478480
0.832133 0.489502 0.136628 0.776925 0.184597 12.316308
0.980343 0.430551 0.057110 0.720640 0.338392 12.829491
0.874900 0.433388 0.181188 0.696561 0.279010 29.072970
0.846360 0.394528 0.100338 0.607035 0.163661 16.345186
0.854792 0.554041 0.182211 0.709949 0.138738 17.089751
0.819313 0.461599 0.211675 0.655402 0.228866 27.561419
0.814939 0.392916 0.139925 0.578568 0.128982 12.547576
0.849683 0.457008 0.116582 0.672698 0.189014 53.058212
0.819041 0.385121 0.131913 0.634513 0.215864 29.480184
0.897941 0.554482 0.130889 0.648525 0.219885 15.021173
0.790413 0.488371 0.236311 0.698672 0.246172 14.956620
0.880496 0.549421 0.190581 0.674428 0.308490 12.388798
0.836900 0.452377 0.069398 0.707505 0.084131 13.009166
0.891672 0.499882 0.197449 0.779925 0.338670 12.916531
1.000000 0.466052 0.000000 0.655396 0.277685 11.337596
0.842394 0.455382 0.130159 0.574306 0.337403 13.643574
0.956524 0.539717 0.113217 0.764405 0.323015 12.148214
0.922195 0.499881 0.167134 0.800074 0.326482 14.998768
0.858609 0.442223 0.079964 0.658667 0.248226 33.747536
0.914856 0.471057 0.189221 0.756602 0.300327 21.130598
0.809949 0.437085 0.135023 0.553559 0.313702 15.470709
0.872837 0.520264 0.127734 0.575854 0.145681 14.409995
0.940952 0.455639 0.135700 0.697411 0.241579 13.087754
0.833457 0.461583 0.142159 0.625747 0.130337 29.022561
0.797480 0.381239 0.095688 0.556197 0.336479 12.231526
0.842903 0.449147 0.173639 0.670509 0.124506 14.332265
0.840505 0.435232 0.244225 0.615748 0.352860 12.477755
0.796436 0.469006 0.206571 0.662764 0.209158 23.950679
0.766517 0.467253 0.193535 0.579773 0.133967 14.890079
0.890863 0.473312 0.155220 0.774263 0.303929 17.273431
0.872914 0.499644 0.065086 0.661542 0.235199 15.506668
0.808670 0.382552 0.122933 0.664600 0.214736 23.110660
0.949983 0.453702 0.037988 0.671255 0.210657 17.713427
0.912425 0.452983 0.078214 0.802858 0.247369 17.599730
0.831877 0.343485 0.171460 0.679498 0.246014 12.878731
0.973949 0.458138 0.085989 0.751561 0.222589 14.722146
0.758483 0.387825 0.170842 0.550717 0.169766 16.749269
0.803609 0.511940 0.166785 0.650816 0.127274 15.646024
0.846542 0.407203 0.142701 0.567807 0.254721 22.331341
0.828236 0.468410 0.113446 0.534531 0.138738 14.605761
0.832585 0.409959 0.142924 0.731214 0.105364 12.991957
0.884557 0.388627 0.038805 0.606929 0.320115 15.656178
0.866954 0.385825 0.061051 0.698086 0.327252 12.948600
0.900317 0.429671 0.000000 0.708892 0.180218 13.896704
0.889767 0.398131 0.095391 0.531738 0.262280 12.250841
0.858717 0.508768 0.186057 0.550151 0.315923 15.221200
