# Party-0 optima (Phase 1b)
# x0..x(D-1) party_fit f0 f1 consensus
0.776460 0.767647 0.852974 0.809787 0.767339 15.967829 15.967829 9.320684 9.320684
0.889340 0.437085 0.242541 0.711037 0.483300 10.341503 10.341503 9.479852 9.479852
0.662637 0.297360 0.303116 0.749691 0.131371 9.443644 9.443644 7.637189 7.637189
0.306551 0.350833 0.251063 0.831712 0.240059 9.320684 9.320684 9.320684 9.320684
0.551324 0.444176 0.357405 0.120816 0.825046 9.320684 9.320684 9.320684 9.320684
0.919684 0.078493 0.153543 0.737491 0.577419 9.320684 9.320684 6.835551 6.835551
0.256508 0.409881 0.030362 0.879838 0.814710 9.320684 9.320684 7.200357 7.200357
0.505745 0.550299 0.888962 0.677105 0.560037 9.320684 9.320684 9.320684 9.320684
