# gen=0 mediating population
# x0..x(D-1) f0 f1 consensus
0.200031 0.001683 0.780463 0.140591 0.398123 10.957353 1.247967 1.247967
0.395932 0.058840 0.593738 0.137152 0.352762 5.594595 0.179240 0.179240
0.388655 0.325932 0.011142 0.035621 0.572139 5.128073 2.448436 2.448436
0.105662 0.180663 0.998743 0.150496 0.298576 5.128073 0.173741 0.173741
0.499015 0.313058 0.018969 0.248367 0.158560 5.128073 2.448436 2.448436
0.259918 0.286430 0.984021 0.709358 0.205970 5.128073 0.173741 0.173741
0.326292 0.211936 0.278660 0.411592 0.880105 5.128073 2.448436 2.448436
0.480726 0.364883 0.017384 0.605908 0.954607 5.128073 2.448436 2.448436
0.182962 0.304609 0.204789 0.444350 0.185241 5.128073 4.611951 4.611951
0.060259 0.399804 0.328220 0.551131 0.239548 5.128073 4.380191 4.380191
0.707440 0.858537 0.593423 0.280457 0.433500 1.146242 3.763752 1.146242
0.661960 0.754618 0.555914 0.263211 0.710373 1.146242 3.763752 1.146242
0.991756 0.778687 0.306090 0.456671 0.286778 1.146242 3.763752 1.146242
0.994098 0.875569 0.969431 0.295907 0.598537 3.432548 3.763752 3.432548
0.080946 0.420095 0.471366 0.135638 0.307126 5.128073 2.448436 2.448436
0.518058 0.483400 0.346800 0.047154 0.250142 5.128073 2.448436 2.448436
0.191496 0.153146 0.492626 0.292470 0.291682 7.809185 0.173741 0.173741
0.130145 0.200743 0.554341 0.345861 0.318835 5.128073 0.173741 0.173741
0.453735 0.430110 0.686943 0.210524 0.415811 5.128073 0.173741 0.173741
0.430995 0.378150 0.668188 0.201901 0.554248 5.128073 0.173741 0.173741
0.595893 0.390185 0.543276 0.298631 0.342450 1.806805 0.173741 0.173741
0.597064 0.438626 0.874947 0.218249 0.498330 3.432548 0.173741 0.173741
0.140488 0.210889 0.625915 0.138115 0.352624 5.128073 0.173741 0.173741
0.359044 0.242542 0.563631 0.093872 0.324132 5.128073 0.173741 0.173741
0.289447 0.181725 0.399264 0.290751 0.269001 5.128073 2.448436 2.448436
0.228095 0.229322 0.460979 0.344141 0.296155 5.128073 2.448436 2.448436
0.551686 0.458689 0.593580 0.208804 0.393131 5.128073 0.173741 0.173741
0.528946 0.406729 0.574826 0.200181 0.531567 5.128073 0.173741 0.173741
0.693844 0.418763 0.449914 0.296911 0.319770 2.641641 0.301329 0.301329
0.695015 0.467205 0.781585 0.216529 0.475649 1.146242 0.180244 0.180244
0.238439 0.239467 0.532552 0.136395 0.329944 5.128073 0.173741 0.173741
0.456995 0.271120 0.470269 0.092153 0.301452 5.128073 2.448436 2.448436
0.285808 0.315271 0.107965 0.239985 0.378690 5.128073 2.448436 2.448436
0.224457 0.362868 0.169681 0.293376 0.405844 5.128073 2.448436 2.448436
0.548048 0.592234 0.302282 0.158039 0.502820 1.264175 2.448436 1.264175
0.525308 0.540275 0.283528 0.149416 0.641256 1.264175 2.448436 1.264175
0.690205 0.552309 0.158616 0.246146 0.429459 1.146242 0.180244 0.180244
0.691376 0.600750 0.490286 0.165764 0.585338 1.146242 0.180244 0.180244
0.234800 0.373013 0.241254 0.085629 0.439632 5.128073 2.448436 2.448436
0.453357 0.404666 0.178971 0.041387 0.411140 5.128073 2.448436 2.448436
0.144312 0.242636 0.601766 0.297423 0.241909 5.128073 0.173741 0.173741
0.082960 0.290233 0.663482 0.350813 0.269062 5.128073 0.173741 0.173741
0.406551 0.519600 0.796083 0.215476 0.366038 1.264175 0.173741 0.173741
0.383811 0.467640 0.777329 0.206854 0.504475 5.128073 0.173741 0.173741
0.548709 0.479675 0.652417 0.303583 0.292677 5.128073 0.173741 0.173741
0.549880 0.528116 0.984087 0.223201 0.448556 1.264175 0.173741 0.173741
0.093304 0.300379 0.735055 0.143067 0.302851 5.128073 0.173741 0.173741
0.311860 0.332032 0.672772 0.098825 0.274359 5.128073 0.173741 0.173741
0.340989 0.308833 0.111879 0.346358 0.171901 5.128073 2.448436 2.448436
0.279637 0.356431 0.173594 0.399749 0.199054 5.128073 3.459852 3.459852
0.603228 0.585797 0.306196 0.264412 0.296030 1.146242 2.448436 1.146242
0.580488 0.533838 0.287441 0.255789 0.434466 1.146242 2.448436 1.146242
0.745386 0.545872 0.162529 0.352519 0.222669 2.642340 0.180244 0.180244
0.746557 0.594313 0.494200 0.272137 0.378548 17.560002 3.445258 3.445258
0.289981 0.366576 0.245168 0.192003 0.232843 5.128073 4.361768 4.361768
0.508537 0.398229 0.182884 0.147761 0.204351 5.128073 2.448436 2.448436
0.221440 0.295520 0.594405 0.576854 0.195606 5.128073 0.173741 0.173741
0.160088 0.343117 0.656120 0.630245 0.222759 5.128073 0.173741 0.173741
0.483679 0.572484 0.788722 0.494908 0.319735 1.264175 0.173741 0.173741
0.460939 0.520524 0.769967 0.486285 0.458172 1.264175 0.173741 0.173741
0.625837 0.532558 0.645055 0.583014 0.246374 1.146242 0.173741 0.173741
0.627008 0.581000 0.976726 0.502633 0.402254 3.432548 0.173741 0.173741
0.170432 0.353262 0.727694 0.422498 0.256548 5.128073 0.173741 0.173741
0.388988 0.384915 0.665410 0.378256 0.228056 5.128073 0.173741 0.173741
0.254627 0.258273 0.241725 0.427971 0.532673 5.128073 2.448436 2.448436
0.193275 0.305870 0.303440 0.481361 0.559826 5.128073 2.448436 2.448436
0.516866 0.535236 0.436041 0.346025 0.656802 1.264175 2.448436 1.264175
0.494126 0.483277 0.417287 0.337402 0.795239 5.128073 2.448436 2.448436
0.659024 0.495311 0.292375 0.434131 0.583441 1.146242 0.180244 0.180244
0.660195 0.543752 0.624046 0.353750 0.739321 1.146242 0.180244 0.180244
0.203619 0.316015 0.375013 0.273615 0.593615 5.128073 2.448436 2.448436
0.422175 0.347668 0.312730 0.229373 0.565123 5.128073 2.448436 2.448436
0.331844 0.334746 0.111087 0.525129 0.569924 5.128073 2.448436 2.448436
0.270492 0.382343 0.172802 0.578520 0.597078 5.128073 2.448436 2.448436
0.594083 0.611710 0.305403 0.443183 0.694054 1.146242 2.448436 1.146242
0.571343 0.559750 0.286649 0.434560 0.832490 1.264175 2.448436 1.264175
0.736241 0.571785 0.161737 0.531290 0.620693 1.146242 0.180244 0.180244
0.737412 0.620226 0.493408 0.450908 0.776572 1.146242 0.180244 0.180244
0.280836 0.392489 0.244375 0.370773 0.630866 5.128073 2.448436 2.448436
0.499392 0.424142 0.182092 0.326531 0.602374 5.128073 2.448436 2.448436
0.103067 0.761362 0.128834 0.178864 0.449402 10.157207 1.383574 1.383574
0.263610 0.607645 0.257378 0.813756 0.249038 1.264175 2.448436 1.264175
0.210958 0.191314 0.194413 0.316206 0.672554 5.128073 2.448436 2.448436
0.948168 0.927674 0.955585 0.846720 0.418304 3.432548 0.611451 0.611451
0.918160 0.688341 0.638276 0.528487 0.749863 1.146242 0.180244 0.180244
0.587345 0.311656 0.534588 0.850026 0.694892 1.146242 0.173741 0.173741
0.457383 0.493148 0.615359 0.163533 0.931990 5.128073 0.173741 0.173741
0.505909 0.236091 0.853198 0.535920 0.633711 5.128073 0.173741 0.173741
0.144974 0.520035 0.661853 0.858356 0.583134 1.264175 0.173741 0.173741
0.387178 0.183174 0.159121 0.393671 0.842605 5.128073 2.448436 2.448436
0.490548 0.633699 0.852337 0.015969 0.647967 1.264175 0.173741 0.173741
0.462772 0.300507 0.041327 0.237093 0.276583 5.128073 2.613344 2.613344
0.675480 0.430858 0.839802 0.874323 0.052584 1.146242 0.180244 0.180244
0.958877 0.756274 0.544721 0.542283 0.200705 1.146242 3.763752 1.146242
0.247644 0.653113 0.094495 0.767040 0.356654 1.271467 2.448436 1.271467
0.872655 0.139003 0.337556 0.223827 0.054508 0.196914 0.200756 0.196914
0.189404 0.581779 0.038114 0.324369 0.198215 1.271467 2.448436 1.271467
0.039473 0.655571 0.466265 0.539546 0.090424 1.264175 2.448436 1.264175
0.017072 0.102127 0.801405 0.511036 0.285514 5.128073 0.173741 0.173741
0.410163 0.267833 0.476459 0.301722 0.704443 5.128073 2.448436 2.448436
0.275994 0.747596 0.404405 0.723519 0.215195 1.264175 0.783738 0.783738
0.422982 0.205460 0.860437 0.319821 0.397113 5.128073 0.173741 0.173741
0.853070 0.386483 0.637142 0.373282 0.255497 1.146242 0.180244 0.180244
0.293897 0.673274 0.219893 0.789553 0.562690 1.264175 2.448436 1.264175
0.554142 0.914515 0.544087 0.422655 0.623427 1.264175 0.783738 0.783738
0.261591 0.358413 0.224655 0.145154 0.153233 5.128073 2.448436 2.448436
0.451559 0.935430 0.242962 0.277983 0.245458 1.264175 0.783738 0.783738
0.034665 0.161983 0.446806 0.201860 0.228144 5.128073 2.448436 2.448436
0.778010 0.715439 0.645405 0.919291 0.569830 1.146242 0.180244 0.180244
0.782269 0.249207 0.273831 0.434506 0.559987 1.146242 0.180244 0.180244
0.480395 0.098936 0.024886 0.106813 0.693499 5.128073 2.448436 2.448436
0.834518 0.165401 0.477382 0.631173 0.037094 0.196914 0.180244 0.180244
0.143962 0.668955 0.983228 0.310153 0.862817 1.264175 0.173741 0.173741
0.935170 0.107459 0.236931 0.559811 0.264871 0.196914 0.180244 0.180244
0.668917 0.183600 0.380732 0.619700 0.159550 1.146242 0.180244 0.180244
0.848643 0.628123 0.873998 0.598082 0.252435 3.432548 0.180244 0.180244
0.960243 0.070888 0.925600 0.737191 0.627248 1.693754 0.557132 0.557132
0.514696 0.749201 0.888319 0.594685 0.762622 1.264175 0.783738 0.783738
0.526607 0.893925 0.723229 0.274311 0.476024 1.264175 0.783738 0.783738
0.737291 0.003156 0.125199 0.333610 0.796928 0.196914 0.180244 0.180244
0.268482 0.577223 0.695305 0.885958 0.091602 1.264175 0.173741 0.173741
0.885199 0.751403 0.641735 0.851050 0.286591 1.146242 0.611451 0.611451
0.649602 0.480020 0.978601 0.961738 0.960838 3.432548 0.557132 0.557132
0.624987 0.842047 0.896684 0.982016 0.368642 3.432548 0.783738 0.783738
0.242751 0.124494 0.174116 0.821788 0.273230 5.128073 2.448436 2.448436
0.436627 0.870763 0.490766 0.017956 0.167481 1.264175 0.783738 0.783738
0.671879 0.833788 0.147560 0.221316 0.406525 1.146242 0.273407 0.273407
0.203272 0.739300 0.620938 0.456936 0.818133 1.264175 0.783738 0.783738
0.426673 0.017610 0.927003 0.289465 0.896628 5.128073 0.173741 0.173741
0.999008 0.425581 0.769460 0.666209 0.789446 1.146242 0.180244 0.180244
0.428155 0.245939 0.354423 0.108003 0.264858 5.128073 2.448436 2.448436
0.547558 0.739606 0.491337 0.361657 0.800341 1.264175 0.783738 0.783738
0.697284 0.759292 0.131681 0.552410 0.052150 1.146242 0.273407 0.273407
0.096522 0.791998 0.554545 0.193595 0.796950 1.264175 0.783738 0.783738
0.504235 0.813439 0.871837 0.295236 0.756338 1.264175 0.783738 0.783738
0.563635 0.588889 0.823235 0.663081 0.160150 1.264175 0.173741 0.173741
0.434295 0.808750 0.303382 0.415376 0.245412 1.264175 0.783738 0.783738
0.787086 0.793473 0.879880 0.326479 0.995836 3.432548 3.763752 3.432548
0.488845 0.963917 0.764034 0.480811 0.858972 1.264175 0.783738 0.783738
0.048911 0.662926 0.039654 0.936811 0.562372 1.271467 2.448436 1.271467
0.660636 0.996811 0.702503 0.150911 0.650663 1.146242 3.763752 1.146242
0.261057 0.945502 0.638188 0.650667 0.050535 1.264175 0.783738 0.783738
0.963819 0.225084 0.487969 0.670854 0.257312 1.146242 0.180244 0.180244
0.528470 0.225285 0.958666 0.800377 0.626285 5.128073 0.173741 0.173741
0.072159 0.443956 0.783697 0.505705 0.923650 5.128073 0.173741 0.173741
0.219345 0.384918 0.563670 0.091051 0.792331 5.128073 0.173741 0.173741
0.261383 0.406308 0.421425 0.411583 0.668824 5.128073 2.448436 2.448436
0.260234 0.762186 0.657651 0.216226 0.350556 1.264175 0.783738 0.783738
0.841376 0.412724 0.885076 0.266270 0.823734 3.432548 0.180244 0.180244
0.545563 0.153469 0.246127 0.808505 0.675053 5.128073 2.448436 2.448436
0.745795 0.314533 0.225085 0.079057 0.031268 1.178162 0.186420 0.186420
0.430794 0.882744 0.391476 0.369698 0.593197 1.264175 0.783738 0.783738
0.708068 0.687092 0.874887 0.986869 0.958372 3.432548 0.180244 0.180244
0.445702 0.837655 0.952786 0.650106 0.394496 1.264175 0.783738 0.783738
0.558432 0.269266 0.057917 0.833373 0.360414 5.128073 2.448436 2.448436
0.578701 0.195057 0.716918 0.030402 0.333117 1.146242 0.173741 0.173741
0.834528 0.719773 0.549218 0.794215 0.890487 1.146242 0.180244 0.180244
0.140490 0.863311 0.795336 0.867067 0.639547 1.264175 0.783738 0.783738
0.292676 0.813921 0.915500 0.443609 0.897453 1.264175 0.783738 0.783738
0.696404 0.663492 0.101296 0.475617 0.164663 1.146242 0.180244 0.180244
0.300776 0.982539 0.751406 0.087686 0.779704 1.264175 0.783738 0.783738
0.823416 0.945400 0.679865 0.369901 0.209447 1.146242 3.763752 1.146242
0.444822 0.235734 0.194554 0.259678 0.604456 5.128073 2.448436 2.448436
0.981973 0.649897 0.485919 0.339644 0.622314 1.146242 0.180244 0.180244
0.951589 0.554476 0.229113 0.641795 0.454546 1.146242 0.180244 0.180244
0.249022 0.845773 0.866954 0.275839 0.506814 1.264175 0.783738 0.783738
0.449979 0.694105 0.976039 0.413917 0.454981 1.264175 0.173741 0.173741
0.822105 0.948505 0.217727 0.066081 0.088957 1.146242 3.763752 1.146242
0.063018 0.212184 0.570780 0.215687 0.053056 5.128073 0.173741 0.173741
0.943414 0.670025 0.112288 0.377650 0.755392 1.146242 0.180244 0.180244
0.290605 0.654412 0.649108 0.329492 0.592848 1.264175 0.173741 0.173741
0.142737 0.459198 0.370567 0.192415 0.776181 5.128073 2.448436 2.448436
0.028324 0.998104 0.456674 0.423510 0.983559 1.264175 0.783738 0.783738
0.332091 0.995235 0.127330 0.007182 0.100744 1.264175 1.383574 1.264175
0.028074 0.928365 0.761810 0.132606 0.748280 1.264175 0.783738 0.783738
0.237700 0.872102 0.235829 0.358728 0.170098 1.264175 0.783738 0.783738
0.394666 0.178076 0.550136 0.896552 0.834626 5.128073 0.173741 0.173741
0.309193 0.978874 0.181420 0.266928 0.331373 1.264175 1.383574 1.264175
0.572829 0.443657 0.261966 0.479081 0.305749 5.128073 2.448436 2.448436
0.493104 0.334530 0.151849 0.609548 0.686250 5.128073 2.448436 2.448436
0.869760 0.710119 0.748959 0.276039 0.548006 1.146242 0.180244 0.180244
0.933625 0.890880 0.103402 0.328843 0.406415 1.146242 0.321598 0.321598
0.047402 0.417705 0.716457 0.769999 0.016802 5.128073 0.173741 0.173741
0.531756 0.214658 0.887728 0.346355 0.709839 5.128073 0.173741 0.173741
0.739469 0.626406 0.391863 0.146057 0.332138 1.502781 0.180244 0.180244
0.244157 0.468675 0.257328 0.647434 0.647937 5.128073 2.448436 2.448436
0.649855 0.704405 0.471330 0.382020 0.107979 1.146242 0.180244 0.180244
0.120651 0.228619 0.360722 0.210591 0.718656 5.128073 2.448436 2.448436
0.174096 0.004389 0.661840 0.678241 0.221284 5.128073 0.173741 0.173741
0.252460 0.570818 0.154171 0.560995 0.258065 1.264175 2.448436 1.264175
0.412947 0.691560 0.081169 0.925451 0.991171 1.271467 2.448436 1.271467
0.637048 0.960054 0.466895 0.296798 0.677630 1.146242 0.783738 0.783738
0.394879 0.550394 0.918886 0.713283 0.054898 1.264175 0.173741 0.173741
0.967393 0.766178 0.187136 0.476887 0.611398 1.146242 0.273407 0.273407
0.130454 0.026080 0.017260 0.486023 0.855033 5.128073 2.448436 2.448436
0.592612 0.399697 0.189114 0.143939 0.236413 1.146242 2.448436 1.146242
0.586415 0.645728 0.578841 0.129340 0.251949 1.146242 0.173741 0.173741
0.565328 0.036739 0.526994 0.029778 0.211076 5.151672 0.173741 0.173741
0.248972 0.813276 0.869338 0.217739 0.977519 1.264175 0.783738 0.783738
0.699653 0.772184 0.358634 0.406212 0.943912 1.146242 3.763752 1.146242
0.682838 0.393620 0.272046 0.862371 0.778955 1.146242 0.180244 0.180244
0.155806 0.403131 0.326167 0.263565 0.089848 5.128073 2.922565 2.922565
0.252267 0.802425 0.922193 0.032987 0.564978 1.264175 0.783738 0.783738
0.427740 0.640143 0.817677 0.745248 0.299585 1.264175 0.173741 0.173741
0.805616 0.033704 0.812314 0.257386 0.560292 1.693754 0.180244 0.180244
0.221055 0.652851 0.620681 0.298563 0.901716 1.264175 0.173741 0.173741
0.819307 0.522865 0.501385 0.039681 0.211646 3.276000 0.730329 0.730329
0.355020 0.447700 0.568497 0.958342 0.339253 5.128073 0.173741 0.173741
0.937323 0.750594 0.164959 0.534086 0.653372 1.146242 0.273407 0.273407
0.632408 0.132242 0.004581 0.293803 0.933735 0.196914 2.448436 0.196914
0.646565 0.053856 0.229532 0.159534 0.769513 0.196914 0.180244 0.180244
0.998753 0.117625 0.130600 0.948994 0.656740 0.196914 0.180244 0.180244
0.580674 0.551476 0.970200 0.047272 0.752912 3.432548 0.173741 0.173741
0.737317 0.210112 0.621880 0.313182 0.811345 1.146242 0.180244 0.180244
0.678099 0.698143 0.690589 0.805441 0.450442 1.146242 0.180244 0.180244
0.680499 0.236112 0.761844 0.812132 0.316613 1.146242 0.180244 0.180244
0.441339 0.260621 0.760853 0.714202 0.070632 5.128073 0.173741 0.173741
0.345968 0.792571 0.625499 0.314102 0.647562 1.264175 0.783738 0.783738
0.981197 0.580899 0.464225 0.383320 0.680573 1.146242 0.180244 0.180244
0.622641 0.641500 0.319405 0.892007 0.513536 1.146242 2.448436 1.146242
0.702108 0.317949 0.419387 0.655467 0.246903 1.146242 0.180244 0.180244
0.067436 0.129776 0.832970 0.535049 0.468537 5.128073 0.173741 0.173741
0.866867 0.240171 0.193654 0.108878 0.971071 1.146242 0.180244 0.180244
0.165719 0.400849 0.023073 0.009451 0.579356 5.128073 2.448436 2.448436
0.747409 0.423552 0.826067 0.216353 0.394665 1.146242 0.180244 0.180244
0.821480 0.159001 0.164410 0.255275 0.074973 0.196914 0.180244 0.180244
0.867491 0.614397 0.988652 0.176783 0.846288 3.432548 0.557132 0.557132
0.150226 0.498154 0.007733 0.111394 0.882202 5.128073 2.448436 2.448436
0.309035 0.675242 0.598842 0.715190 0.686711 1.264175 0.173741 0.173741
0.883564 0.387328 0.861445 0.257592 0.996616 1.146242 0.180244 0.180244
0.446261 0.853679 0.471596 0.224606 0.097677 1.264175 0.783738 0.783738
0.772489 0.646416 0.824927 0.158404 0.640683 1.146242 0.180244 0.180244
0.496696 0.895142 0.323872 0.478655 0.379671 1.264175 0.783738 0.783738
0.805411 0.854289 0.388699 0.387510 0.248463 1.146242 3.763752 1.146242
0.523793 0.329627 0.441646 0.413198 0.760635 5.128073 2.448436 2.448436
0.591510 0.335331 0.176352 0.500701 0.892026 1.146242 2.448436 1.146242
0.628149 0.939298 0.083772 0.568744 0.841308 1.146242 1.383574 1.146242
0.414670 0.060040 0.949037 0.834200 0.681137 5.128073 0.173741 0.173741
0.553482 0.056793 0.176228 0.107157 0.428025 5.128073 2.448436 2.448436
0.414247 0.851160 0.100696 0.374398 0.218625 1.271467 1.925719 1.271467
0.006331 0.735585 0.102653 0.034977 0.591867 1.271467 1.383574 1.271467
0.824388 0.121939 0.305110 0.419190 0.754236 0.196914 0.180244 0.180244
0.692103 0.903117 0.638031 0.641532 0.545910 1.146242 0.611451 0.611451
0.545178 0.454205 0.589279 0.618936 0.186758 5.128073 0.173741 0.173741
0.592491 0.834041 0.431775 0.632074 0.524852 1.146242 0.783738 0.783738
0.623329 0.029629 0.843203 0.320783 0.871422 1.693754 0.173741 0.173741
0.921779 0.776887 0.445999 0.812690 0.143128 1.146242 0.611451 0.611451
0.399121 0.867854 0.915479 0.057793 0.037532 1.264175 0.783738 0.783738
0.841277 0.045464 0.582893 0.501360 0.100269 1.693754 0.180244 0.180244
0.701225 0.819024 0.825871 0.956544 0.119490 1.146242 0.611451 0.611451
0.101641 0.984583 0.463640 0.974768 0.997172 1.264175 0.783738 0.783738
0.398468 0.507333 0.528058 0.679113 0.050244 5.128073 0.173741 0.173741
0.185275 0.281205 0.164705 0.042914 0.688182 5.128073 2.448436 2.448436
0.106820 0.820144 0.944614 0.050940 0.527703 1.264175 0.783738 0.783738
0.040409 0.859461 0.243563 0.466986 0.308336 1.264175 0.783738 0.783738
0.831688 0.062051 0.778350 0.749112 0.807617 2.517920 0.180244 0.180244
0.076922 0.776306 0.605572 0.575192 0.443898 1.264175 0.783738 0.783738
0.705618 0.370196 0.941955 0.020348 0.294319 3.432548 0.584122 0.584122
0.579698 0.028445 0.012162 0.729412 0.119951 0.196914 2.448436 0.196914
0.101559 0.412904 0.062299 0.636552 0.091377 5.128073 2.553072 2.553072
0.670819 0.991580 0.476566 0.297579 0.947393 1.146242 3.763752 1.146242
0.509609 0.480581 0.432969 0.135613 0.519173 5.128073 2.448436 2.448436
0.807013 0.833383 0.530051 0.105284 0.423989 1.146242 3.763752 1.146242
0.934821 0.225775 0.799475 0.892887 0.211523 1.146242 0.180244 0.180244
0.335035 0.875845 0.442287 0.758982 0.655086 1.264175 0.783738 0.783738
0.636369 0.804574 0.659988 0.762444 0.181770 1.146242 0.783738 0.783738
0.017450 0.376229 0.794226 0.463098 0.279973 5.128073 0.173741 0.173741
0.895425 0.850398 0.912223 0.110706 0.353348 7.783164 3.763752 3.763752
0.254206 0.131963 0.798167 0.911798 0.251752 5.128073 0.173741 0.173741
0.214535 0.831402 0.025738 0.333654 0.607289 1.285477 1.383574 1.285477
0.053552 0.640369 0.680982 0.295394 0.951079 1.264175 0.173741 0.173741
0.870487 0.129398 0.429724 0.379654 0.206205 0.196914 0.180244 0.180244
0.678656 0.505492 0.395431 0.359577 0.406575 4.661169 0.796796 0.796796
0.010270 0.085375 0.475073 0.930069 0.065139 5.128073 2.448436 2.448436
0.959571 0.397388 0.166404 0.363997 0.181703 1.635579 0.180244 0.180244
0.730438 0.669056 0.330936 0.868604 0.820710 1.146242 0.180244 0.180244
0.348384 0.717712 0.158952 0.776084 0.994709 1.264175 1.383574 1.264175
0.317194 0.782804 0.592880 0.930281 0.131434 1.264175 0.783738 0.783738
0.283139 0.897206 0.881353 0.995886 0.747483 1.264175 0.783738 0.783738
0.994729 0.916845 0.396902 0.126053 0.787725 1.146242 3.763752 1.146242
0.721655 0.769366 0.820380 0.892026 0.872862 1.146242 0.611451 0.611451
0.822389 0.755667 0.230487 0.679498 0.328913 1.146242 0.611451 0.611451
0.534855 0.665061 0.898112 0.382033 0.673054 1.264175 0.173741 0.173741
0.761205 0.768398 0.988403 0.742563 0.892400 3.432548 0.611451 0.611451
0.989353 0.603618 0.474854 0.715128 0.632434 1.146242 0.180244 0.180244
0.289926 0.030257 0.584849 0.643431 0.442487 5.128073 0.173741 0.173741
0.207293 0.072427 0.804352 0.558657 0.385647 5.128073 0.173741 0.173741
0.845233 0.775151 0.376529 0.284029 0.051171 1.146242 3.763752 1.146242
0.692954 0.412740 0.142205 0.498624 0.467282 1.146242 0.180244 0.180244
0.535650 0.299565 0.813893 0.935094 0.177405 5.128073 0.173741 0.173741
0.284101 0.315309 0.918791 0.870977 0.532544 5.128073 0.173741 0.173741
0.630601 0.315783 0.902612 0.106238 0.407752 3.432548 0.173741 0.173741
0.890966 0.551686 0.074764 0.784771 0.170515 1.146242 0.180244 0.180244
0.857979 0.743253 0.571056 0.820806 0.061293 1.146242 0.611451 0.611451
0.005722 0.086670 0.411587 0.857709 0.504820 5.128073 2.448436 2.448436
0.213669 0.788441 0.156849 0.140206 0.014244 1.264175 1.383574 1.264175
0.581490 0.193108 0.375675 0.726990 0.641468 1.146242 2.448436 1.146242
0.375757 0.781917 0.460676 0.947061 0.943913 1.264175 0.783738 0.783738
0.490460 0.574784 0.499769 0.257174 0.670753 1.264175 0.173741 0.173741
0.523349 0.607183 0.325462 0.699712 0.015826 1.264175 2.448436 1.264175
