# Consensus Archive (v3 basin-tagged)
# x0..x(D-1) f0 f1 consensus
0.292385 0.620855 0.335534 0.786062 0.335987 7.385668 7.009124 7.009124
0.666122 0.749995 0.700785 0.750785 0.132393 5.396736 5.221558 5.221558
0.725959 0.770356 0.747988 0.733846 0.198589 6.268222 8.897748 6.268222
0.648016 0.743760 0.763615 0.677161 0.185366 5.587743 7.080817 5.587743
0.313601 0.310188 0.281970 0.233817 0.616871 15.075289 11.888537 11.888537
0.348638 0.288227 0.291871 0.233817 0.616871 34.960878 34.680682 34.680682
0.423615 0.270892 0.204288 0.263108 0.746752 6.091982 5.465274 5.465274
0.905481 0.185128 0.755974 0.751096 0.427674 13.673275 7.602457 7.602457
0.112763 0.317528 0.623757 0.807915 0.158537 14.987708 6.663923 6.663923
0.358707 0.236110 0.260811 0.226368 0.737224 19.671758 19.475523 19.475523
0.254200 0.281560 0.260763 0.236118 0.723039 19.131888 17.858731 17.858731
0.563256 0.759408 0.720382 0.718464 0.250097 5.809389 8.364802 5.809389
0.604064 0.751235 0.664603 0.722914 0.248943 6.034725 7.906585 6.034725
0.114045 0.358758 0.658598 0.738437 0.186793 16.205065 14.476894 14.476894
0.316560 0.210382 0.307152 0.258794 0.596236 6.609596 6.189427 6.189427
0.107238 0.360582 0.533990 0.774161 0.232055 6.081189 6.964157 6.081189
0.389207 0.247642 0.292298 0.206444 0.683170 7.673433 7.506176 7.506176
0.137442 0.310300 0.647596 0.820334 0.194363 36.102748 31.516501 31.516501
0.369373 0.251083 0.300028 0.233034 0.706352 35.747253 33.772740 33.772740
0.290691 0.297691 0.282792 0.229002 0.571563 10.818014 10.347178 10.347178
0.664150 0.680844 0.762402 0.792817 0.219610 37.646803 30.553843 30.553843
0.186571 0.334341 0.605086 0.769228 0.197515 10.150052 8.139793 8.139793
0.288656 0.627224 0.368273 0.798082 0.279510 6.910248 12.154631 6.910248
0.320940 0.166847 0.263507 0.247423 0.683353 8.817348 5.886376 5.886376
0.145748 0.271918 0.569197 0.832580 0.243897 11.049057 6.525164 6.525164
0.636624 0.758174 0.734655 0.720927 0.227516 19.555207 24.739641 19.555207
0.051302 0.369875 0.651278 0.805344 0.137328 8.151557 6.906783 6.906783
0.291484 0.268607 0.248793 0.213562 0.714302 11.479797 11.142366 11.142366
0.346747 0.257823 0.299931 0.234373 0.556126 11.097668 11.705474 11.097668
0.338744 0.664106 0.318017 0.890789 0.323994 33.098222 32.864585 32.864585
0.349400 0.678611 0.314995 0.767300 0.333415 7.010268 8.076954 7.010268
0.321806 0.642655 0.288143 0.848946 0.309257 12.191728 13.334221 12.191728
0.300118 0.616758 0.351659 0.854623 0.237125 9.582285 10.003877 9.582285
0.360469 0.268583 0.252316 0.228663 0.687354 17.039229 17.315959 17.039229
0.320340 0.237472 0.303492 0.247253 0.662435 27.534693 28.287134 27.534693
0.336942 0.285153 0.295169 0.252864 0.670854 77.069024 76.049926 76.049926
0.338470 0.252888 0.293526 0.256211 0.696794 68.612090 67.097027 67.097027
0.298183 0.678090 0.334434 0.877909 0.327891 77.893505 77.610421 77.610421
0.125740 0.366142 0.658817 0.822413 0.240977 89.559624 89.502359 89.502359
0.655710 0.761010 0.768224 0.794417 0.247719 89.490246 89.327713 89.327713
0.336602 0.286950 0.293856 0.257275 0.742756 89.630653 89.593294 89.593294
0.301526 0.293807 0.295851 0.257556 0.741106 79.495560 79.164902 79.164902
0.303505 0.679405 0.369193 0.884178 0.323100 89.636735 89.626110 89.626110
0.334166 0.290046 0.288836 0.255908 0.547112 38.940420 36.819848 36.819848
0.337149 0.291164 0.291846 0.258680 0.634333 65.487416 64.724391 64.724391
0.920082 0.200517 0.751904 0.769963 0.411616 49.291237 53.595811 49.291237
0.328009 0.671746 0.367547 0.824171 0.284350 29.539191 30.649097 29.539191
0.294282 0.679347 0.372325 0.842525 0.327281 75.069430 75.671973 75.069430
0.099570 0.372518 0.658809 0.825716 0.214339 64.473708 57.086335 57.086335
0.120947 0.355904 0.656669 0.831948 0.234445 86.167554 85.020724 85.020724
0.134040 0.370681 0.603491 0.829352 0.238987 62.552072 62.670513 62.552072
0.337033 0.237899 0.296079 0.258357 0.723177 64.460087 66.594194 64.460087
0.657756 0.758215 0.767742 0.763516 0.233990 73.385495 73.141886 73.141886
0.412238 0.286637 0.297761 0.246873 0.733769 47.340877 44.765871 44.765871
0.657035 0.692157 0.718032 0.793387 0.243855 35.923415 35.798424 35.798424
0.398596 0.281143 0.300442 0.257019 0.543424 17.182577 16.501693 16.501693
0.126146 0.361799 0.644585 0.824256 0.111111 15.768455 14.154946 14.154946
0.719482 0.255303 0.356652 0.126495 0.605273 64.703183 67.294034 64.703183
0.111441 0.356358 0.657952 0.753719 0.234915 44.879804 47.349526 44.879804
0.329631 0.673526 0.369120 0.795544 0.310652 25.036260 28.410823 25.036260
0.074977 0.364576 0.655708 0.828065 0.239270 71.493623 71.072460 71.072460
0.333268 0.233497 0.296218 0.256329 0.576673 30.588351 24.964670 24.964670
0.304204 0.115390 0.172043 0.865156 0.084905 10.795306 15.501473 10.795306
0.646772 0.760075 0.722313 0.796630 0.240226 72.435067 70.961032 70.961032
0.445655 0.285883 0.299510 0.254149 0.717788 26.922256 27.739843 26.922256
0.348444 0.295989 0.288150 0.252827 0.421079 9.450607 8.147026 8.147026
0.236377 0.681793 0.330695 0.884796 0.327372 40.209329 37.127969 37.127969
0.346371 0.663792 0.348066 0.886661 0.325875 55.324980 55.290971 55.290971
0.315585 0.294637 0.296595 0.259536 0.578607 38.306172 36.886268 36.886268
0.347270 0.288879 0.232747 0.254101 0.548020 17.135563 15.501978 15.501978
0.408355 0.686981 0.365752 0.767507 0.323417 6.565755 6.528207 6.528207
0.248598 0.657280 0.166560 0.622134 0.833535 35.178768 54.524714 35.178768
0.652359 0.702573 0.683826 0.735136 0.239563 11.005781 10.914009 10.914009
0.711429 0.766763 0.661293 0.782153 0.224622 12.900264 13.445931 12.900264
0.377216 0.158540 0.287887 0.253766 0.698718 7.121584 7.611139 7.121584
0.126296 0.364903 0.618958 0.714912 0.241410 25.849177 26.892445 25.849177
0.656200 0.711680 0.768964 0.798090 0.229178 62.449723 62.338854 62.338854
0.332277 0.184985 0.293201 0.251535 0.644741 17.434365 15.648740 15.648740
0.338211 0.259233 0.294302 0.253579 0.450225 11.578813 10.270396 10.270396
0.691171 0.649278 0.772026 0.780991 0.196665 10.443354 8.328178 8.328178
0.138133 0.345093 0.655375 0.753266 0.181808 25.554489 22.610897 22.610897
