# gen=200 mediating population
# x0..x(D-1) f0 f1 consensus
0.858053 0.444799 0.763660 0.135977 1.000000 10.296323 10.203337 10.203337
0.710842 0.425396 0.819502 0.080940 0.818626 12.244081 10.203337 10.203337
0.658753 0.471470 0.855440 0.245994 0.793538 16.229380 10.203337 10.203337
0.796771 0.467713 0.650511 0.198632 1.000000 10.809795 10.203337 10.203337
0.708516 0.491529 0.771258 0.217842 0.919738 14.448351 10.203337 10.203337
0.616951 0.431187 0.947700 0.176180 0.544833 10.900332 10.203337 10.203337
0.762482 0.478291 0.851042 0.000000 0.620672 10.788121 10.203337 10.203337
0.596185 0.494101 0.822006 0.150435 0.799778 10.351237 10.203337 10.203337
0.832642 0.460019 0.884627 0.149654 0.715495 12.275115 10.203337 10.203337
0.933086 0.640421 0.203823 0.392275 0.183421 1.364499 4.712013 1.364499
0.823444 0.466579 0.868546 0.171658 0.535542 11.832680 10.203337 10.203337
0.752026 0.426880 0.937708 0.179504 0.999814 10.361819 10.203337 10.203337
0.602267 0.428821 0.735785 0.248953 0.815502 12.548578 10.203337 10.203337
0.659544 0.485413 0.781691 0.103853 0.634537 11.570819 10.203337 10.203337
0.774438 0.478967 0.810145 0.067276 0.727674 13.404028 10.203337 10.203337
0.909087 0.417841 0.775327 0.132565 0.629994 10.661137 10.203337 10.203337
0.211684 0.950191 0.142058 0.611682 0.669354 7.844976 7.821461 7.821461
0.666243 0.455303 0.878096 0.148402 0.437759 11.116607 10.203337 10.203337
0.826665 0.420514 1.000000 0.179536 0.813471 10.211138 10.203337 10.203337
0.882027 0.440044 0.752346 0.053551 0.728816 10.296952 10.203337 10.203337
0.247228 0.137238 0.932891 0.620780 0.185358 5.994030 14.716077 5.994030
0.645159 0.443899 0.733335 0.217752 0.576484 13.401621 10.203337 10.203337
0.615914 0.412080 1.000000 0.218414 0.674464 10.645509 10.203337 10.203337
0.879552 0.521642 0.692145 0.446491 0.517096 8.523101 5.800530 5.800530
0.033385 0.854677 0.085742 0.169029 0.132832 7.844976 7.821461 7.821461
0.000000 0.916285 0.325583 1.000000 0.043997 7.844976 7.821461 7.821461
0.716040 0.471193 0.746536 0.136710 0.486512 11.302029 10.203337 10.203337
0.472583 0.073476 0.962780 0.921324 0.926109 8.523101 10.187519 8.523101
0.754230 0.427504 0.966917 0.120301 0.698366 12.892647 10.203337 10.203337
0.406364 0.746960 0.126181 0.282961 0.342244 15.066771 7.821461 7.821461
0.686776 0.416755 0.641744 0.004718 0.949007 8.523101 10.203337 8.523101
0.813421 0.355173 0.674218 0.000000 0.602862 8.523101 7.617747 7.617747
1.000000 0.170561 1.000000 0.297312 0.261676 8.523101 2.849299 2.849299
0.821109 0.503578 0.714419 0.222048 0.627941 10.755182 10.203337 10.203337
0.713947 0.424084 0.741103 0.189978 0.384061 10.246866 10.203337 10.203337
0.024615 0.868410 0.979956 0.736711 0.567654 2.797420 1.996009 1.996009
0.670003 0.456275 0.657606 0.191790 0.953193 10.583281 10.203337 10.203337
0.987632 0.414800 0.537142 0.208385 0.181277 8.523101 10.203337 8.523101
0.810080 0.460322 0.729208 0.227819 0.437267 10.871005 10.203337 10.203337
0.134675 0.895607 0.510253 0.137675 0.513032 7.844976 9.352353 7.844976
0.613012 0.345468 0.693198 0.159709 0.166132 8.523101 7.617747 7.617747
0.107364 0.145230 0.885566 1.000000 1.000000 5.994030 10.187519 5.994030
0.887413 0.355576 0.140813 0.938336 0.396933 4.135904 7.617747 4.135904
0.734996 0.445491 0.615386 0.199780 0.770651 11.414118 10.203337 10.203337
0.586201 0.288747 0.820616 0.197045 0.863401 8.523101 2.849299 2.849299
0.688741 0.460976 0.889139 0.186198 0.676874 16.194335 10.203337 10.203337
0.690598 0.488354 0.620162 0.190417 0.623774 10.504747 10.203337 10.203337
0.760606 0.444448 0.703679 0.115778 0.632842 12.379139 10.203337 10.203337
0.627507 0.124891 0.739257 0.799312 0.615776 8.523101 7.788254 7.788254
0.515863 0.228389 0.956811 0.705289 0.998186 8.535351 2.849299 2.849299
0.914673 0.047879 0.761498 0.482892 0.086491 8.523101 7.617747 7.617747
0.732744 0.483211 0.787925 0.102232 1.000000 10.647358 10.203337 10.203337
0.565353 0.445190 0.738271 0.214958 0.673250 10.340242 10.203337 10.203337
0.229478 0.534010 0.753661 0.634225 0.196081 2.797420 10.187519 2.797420
0.170052 0.024555 0.484781 0.384986 0.887686 5.994030 1.231976 1.231976
0.612122 0.467602 0.758943 0.000000 0.285063 8.523101 10.203337 8.523101
0.849322 0.501244 0.675154 0.154625 0.838672 10.578503 10.203337 10.203337
0.832332 0.418560 0.902211 0.250721 0.798199 15.300501 10.203337 10.203337
0.795942 0.440318 0.900766 0.065299 0.899090 10.251357 10.203337 10.203337
0.765919 0.416571 0.785798 0.179509 0.747684 22.704902 10.203337 10.203337
0.341223 0.062953 0.925196 0.947970 1.000000 5.994030 10.187519 5.994030
0.803960 0.445306 0.777824 0.251207 1.000000 14.299033 10.203337 10.203337
0.811671 0.283682 0.812267 0.499249 0.211568 8.523101 2.849299 2.849299
0.130551 0.000000 0.645747 0.394036 0.125442 5.994030 10.187519 5.994030
0.500653 0.114795 0.610300 0.567127 0.242921 8.523101 10.187519 8.523101
0.374392 0.041584 0.409944 0.630803 0.430286 5.994030 3.663462 3.663462
0.974191 0.517610 0.955163 0.014573 0.328193 8.523101 10.203337 8.523101
0.981425 0.458670 0.680127 0.249002 0.703061 8.687706 10.203337 8.687706
0.594465 0.451834 0.850509 0.215857 0.895291 11.129350 10.203337 10.203337
0.601093 0.125921 0.794217 0.596826 0.603102 8.523101 7.617747 7.617747
0.359953 0.284479 0.548037 0.005788 0.555271 5.994030 10.187519 5.994030
0.759621 0.433451 0.749081 0.124437 0.892752 12.834712 10.203337 10.203337
0.969331 0.510406 0.598658 0.082333 0.900570 8.523101 10.203337 8.523101
0.904026 0.418832 0.649579 0.000000 0.898302 8.567347 10.203337 8.567347
0.246744 0.765486 0.101352 1.000000 0.551820 7.844976 7.821461 7.821461
1.000000 0.282788 0.731323 0.204084 0.615489 8.523101 7.617747 7.617747
0.415306 0.969514 0.087807 0.265517 0.046568 7.844976 7.821461 7.821461
0.148624 0.826961 0.061028 0.338377 0.274467 8.401670 7.821461 7.821461
0.888331 0.251181 0.071240 0.535975 0.117108 4.135904 7.617747 4.135904
0.566437 0.180370 0.653217 0.258669 0.230351 8.523101 7.617747 7.617747
0.158738 0.884526 0.169449 0.478360 0.114447 7.844976 7.821461 7.821461
0.178122 0.711562 0.605055 0.577561 0.711145 7.421945 7.821461 7.421945
0.272375 0.827478 0.248590 0.286491 0.259998 9.147308 12.128155 9.147308
0.211570 0.248789 0.975930 0.644821 0.599070 5.994030 10.187519 5.994030
0.600167 0.436188 0.261593 0.962264 0.611441 4.135904 4.712013 4.135904
0.562997 0.493559 0.218119 0.951167 0.484006 4.135904 4.777463 4.135904
0.566365 0.285220 0.524042 0.287673 0.162364 8.523101 7.617747 7.617747
0.829564 0.342175 0.437006 0.448066 0.045055 8.523101 7.617747 7.617747
0.894886 0.101686 1.000000 0.000000 0.935857 8.523101 2.849299 2.849299
0.501730 0.391697 0.950574 0.362583 0.642999 8.842118 10.187519 8.842118
0.871006 0.088428 0.786713 0.806551 0.739908 8.523101 7.617747 7.617747
0.249683 0.988438 0.316578 0.065299 0.462834 7.844976 16.710085 7.844976
1.000000 0.172667 0.252292 0.234927 0.568721 4.135904 7.617747 4.135904
0.800517 0.758865 0.810795 0.517132 0.428256 33.458892 45.316651 33.458892
0.500052 0.422481 0.744448 0.444639 0.910106 9.315689 10.187519 9.315689
1.000000 0.000000 0.716733 0.356993 0.170402 8.523101 7.617747 7.617747
0.598068 0.487714 0.891613 0.814415 0.931093 8.523101 5.325201 5.325201
0.355324 0.313276 0.822427 0.448966 0.852170 2.797420 10.187519 2.797420
0.409943 0.709915 0.351234 0.843414 0.887084 7.844976 7.821461 7.821461
0.087079 0.858143 0.495846 0.890749 0.084437 7.844976 7.821461 7.821461
0.510831 0.508847 0.611743 0.009837 0.479313 8.523101 10.203337 8.523101
0.843720 0.438364 0.855585 0.054613 0.562465 10.371614 10.203337 10.203337
0.284802 0.658890 0.372145 0.995058 0.003491 7.844976 7.821461 7.821461
0.873378 0.424471 0.724161 0.232055 0.872513 13.478950 10.203337 10.203337
0.285065 0.785918 0.584431 0.435868 0.571877 18.023999 7.821461 7.821461
0.521930 0.226747 0.521154 0.054342 0.553343 8.523101 7.617747 7.617747
0.386612 0.650837 0.318872 0.122620 0.569828 7.844976 7.821461 7.821461
0.011812 0.874242 0.139356 0.864286 0.621375 7.844976 7.821461 7.821461
1.000000 0.000000 0.456409 0.781710 1.000000 8.523101 7.617747 7.617747
1.000000 0.000000 0.447509 0.922746 0.324341 8.523101 7.617747 7.617747
0.679222 0.477898 0.728326 0.237317 0.693358 18.326923 10.203337 10.203337
0.677305 0.255359 0.437696 0.877246 0.647823 8.523101 13.792597 8.523101
0.151592 0.838008 0.255961 0.263233 0.291659 7.872726 17.407092 7.872726
0.397170 1.000000 0.156539 0.931881 0.503750 7.844976 7.821461 7.821461
0.890862 0.514671 0.893382 0.006102 0.883276 8.665934 10.203337 8.665934
0.119827 0.737945 0.028188 1.000000 0.859099 7.844976 7.821461 7.821461
0.397513 0.133785 0.931440 0.000000 0.583602 5.994030 10.187519 5.994030
0.452136 0.484254 0.785353 0.476351 0.802538 8.659161 10.187519 8.659161
0.431664 0.624871 0.329479 0.600657 0.836882 7.844976 7.821461 7.821461
0.139134 0.795779 0.108288 0.142503 0.765162 7.844976 7.821461 7.821461
0.759561 0.430395 0.596782 0.478128 0.753249 12.050696 5.325201 5.325201
0.653753 0.230044 0.472314 0.754539 0.676446 8.523101 15.259880 8.523101
0.598950 0.482847 0.636233 0.252263 0.769660 9.992649 10.203337 9.992649
0.827204 0.441382 0.815416 0.087062 0.350707 9.351837 10.203337 9.351837
0.822514 0.319219 0.784460 0.475547 0.409094 10.738528 7.617747 7.617747
0.818986 0.509693 0.692972 0.000000 0.790865 9.499666 10.203337 9.499666
0.797991 0.436492 0.963616 0.170683 0.598531 11.660074 10.203337 10.203337
0.498107 0.478446 1.000000 0.006916 0.699172 8.530534 10.187519 8.530534
0.075202 1.000000 0.000000 0.343741 0.151453 7.844976 7.821461 7.821461
0.963973 0.014958 0.938111 0.112538 0.916813 8.523101 2.849299 2.849299
0.900402 0.419605 0.847318 0.197761 0.934865 10.600818 10.203337 10.203337
0.319541 0.734275 0.492606 0.312686 0.914769 7.844976 7.821461 7.821461
0.569972 0.440511 0.856441 0.230929 0.637010 11.559006 10.203337 10.203337
0.351331 0.780827 0.164147 0.547948 0.413855 37.608928 7.821461 7.821461
0.874301 0.758570 0.844284 0.487317 0.326902 29.822897 25.138209 25.138209
0.935162 0.295489 0.792949 0.000000 1.000000 8.523101 7.617747 7.617747
0.599632 0.396201 0.441071 0.141375 0.928453 8.523101 7.617747 7.617747
0.294175 0.879317 0.281508 0.304220 0.365925 12.717432 12.251130 12.251130
0.368140 0.612029 0.135695 0.519982 0.815303 7.844976 7.821461 7.821461
0.688219 0.495572 0.615779 0.123568 0.468706 8.686637 10.203337 8.686637
0.679161 0.269113 0.821644 0.169209 0.676780 8.561813 2.849299 2.849299
0.093881 0.831135 0.202540 0.687360 0.909285 7.844976 7.821461 7.821461
0.319962 0.740380 0.297886 0.484846 0.271983 7.884020 7.821461 7.821461
0.500471 0.290567 0.921458 0.766064 0.551972 8.531357 10.187519 8.531357
0.854791 0.000000 0.529246 1.000000 0.840901 8.523101 8.202656 8.202656
0.745614 0.107047 0.563584 0.624771 0.641907 8.523101 14.678480 8.523101
0.124001 0.653053 0.245767 0.829691 0.609085 7.844976 7.821461 7.821461
0.889934 0.350522 0.807253 0.734058 0.758710 8.695868 2.849299 2.849299
0.204921 0.075826 0.683204 0.328980 0.800255 5.994030 10.187519 5.994030
1.000000 0.000000 0.317435 0.375788 0.212783 4.135904 7.617747 4.135904
0.890336 0.456929 0.607625 0.000000 0.396469 8.523101 10.203337 8.523101
0.731160 0.098512 0.246542 0.051896 0.948178 4.135904 7.617747 4.135904
0.698856 0.000071 0.636109 0.551744 0.687308 8.523101 7.717232 7.717232
0.190787 0.903752 0.526288 0.563769 0.900923 5.430429 7.821461 5.430429
0.227554 0.739092 0.350128 0.483216 0.532975 8.514842 7.821461 7.821461
0.144256 0.529882 0.587561 0.792587 0.036065 2.797420 10.187519 2.797420
1.000000 0.088570 0.554510 0.481132 0.615982 8.523101 7.617747 7.617747
0.605742 0.412386 0.981283 0.000000 0.745046 8.653760 10.203337 8.653760
0.791152 0.420319 0.954352 0.132866 0.444731 10.476058 10.203337 10.203337
0.018873 0.676851 0.411487 0.909508 0.040110 7.844976 7.821461 7.821461
0.403656 0.670669 0.494166 0.355448 0.716398 7.844976 7.821461 7.821461
0.695267 0.000000 0.730711 0.334853 0.943635 8.523101 7.617747 7.617747
0.282185 0.875195 0.146433 0.028191 0.185347 7.844976 8.222781 7.844976
0.927994 0.000000 0.754903 0.000000 0.485470 8.523101 7.617747 7.617747
0.795022 0.278195 0.301704 0.311877 0.507800 4.226512 7.617747 4.226512
0.271486 0.843463 0.361289 0.010325 0.602169 7.844976 8.829698 7.844976
0.118406 0.995833 0.216022 0.708506 0.598100 7.844976 7.821461 7.821461
0.921988 0.208898 0.910276 0.447815 0.824724 8.523101 2.849299 2.849299
0.913674 0.473501 0.792251 0.580991 0.574665 8.523101 5.970241 5.970241
0.381871 0.623401 0.103913 0.377272 0.994169 7.844976 7.821461 7.821461
0.796859 0.906671 0.377627 0.150075 0.472739 1.364499 4.719359 1.364499
0.729522 0.433940 0.911949 0.221762 0.871095 14.858347 10.203337 10.203337
0.329200 0.936391 0.375249 0.031800 0.547612 7.844976 9.262695 7.844976
0.922208 0.429732 0.943105 0.116809 0.615173 8.960381 10.203337 8.960381
0.333610 0.690171 0.492998 0.924309 1.000000 7.844976 7.821461 7.821461
0.553613 0.351116 0.688025 0.351100 1.000000 8.523101 7.617747 7.617747
0.942434 0.030734 0.661761 0.512746 0.236034 8.523101 7.617747 7.617747
0.973479 0.460269 0.801443 0.017022 0.887418 8.536335 10.203337 8.536335
0.993965 0.668669 0.746607 0.584597 0.541947 1.382431 5.325201 1.382431
0.131236 0.152019 0.015282 0.184293 0.988065 5.994030 1.231976 1.231976
0.801374 0.716362 0.838562 0.626283 0.379241 47.769592 44.942610 44.942610
0.249673 0.444798 0.224344 0.717378 0.291885 7.844976 1.250784 1.250784
0.563759 0.521348 0.593625 0.149459 0.810986 8.678356 10.203337 8.678356
0.596351 0.018842 0.565313 0.552271 0.572138 8.523101 7.733869 7.733869
0.406073 0.663754 0.394556 0.792828 0.658234 7.844976 7.821461 7.821461
0.267056 0.933417 0.303956 0.330587 0.497789 10.855054 10.614728 10.614728
0.656451 0.097417 0.872860 0.929835 0.997295 8.523101 2.849299 2.849299
0.969721 0.138156 0.731588 0.000000 0.389709 8.523101 7.617747 7.617747
0.833871 0.739144 0.143150 0.601955 0.769527 14.278003 21.331149 14.278003
0.209158 0.288671 0.860671 0.784808 0.494015 5.994030 10.187519 5.994030
0.200552 0.781447 0.554279 0.511141 0.532127 5.824137 7.821461 5.824137
0.664495 0.204475 0.916361 0.000000 0.731144 8.523101 2.849299 2.849299
0.406364 0.746960 0.126181 0.282961 0.342244 15.066771 7.821461 7.821461
0.000000 1.000000 0.000000 0.204312 0.467315 7.844976 7.821461 7.821461
0.957028 0.330884 0.486665 0.292747 0.193923 8.523101 7.617747 7.617747
0.196726 1.000000 0.000000 0.411042 0.191436 8.032078 7.821461 7.821461
0.123002 0.857869 0.256986 0.410489 0.360267 8.124046 14.242184 8.124046
0.526961 0.503550 1.000000 0.000000 0.430851 8.523101 10.203337 8.523101
0.000000 0.921981 0.173078 0.560420 0.568747 7.844976 7.821461 7.821461
0.484228 0.455365 0.859832 0.309075 0.898938 8.883911 10.187519 8.883911
0.073354 0.479550 0.894932 0.330534 0.580260 2.797420 10.187519 2.797420
0.555988 0.415016 0.603325 0.281884 1.000000 8.523101 5.325201 5.325201
0.890053 0.099738 0.679644 0.124871 0.727740 8.523101 7.617747 7.617747
0.838885 0.240220 0.862375 0.258174 0.593860 8.523101 4.133753 4.133753
0.325839 0.991824 0.847642 0.721860 0.586050 2.983420 1.996009 1.996009
0.463362 0.000000 0.818762 0.083003 0.916757 8.523101 10.187519 8.523101
0.823042 0.682662 0.819166 0.617710 0.203310 11.122014 22.012095 11.122014
0.666891 0.437534 0.616657 0.253260 0.859514 10.859475 10.203337 10.203337
0.759560 0.496031 0.803249 0.000000 0.935323 9.711992 10.203337 9.711992
0.757853 0.080468 0.191444 0.374557 0.402156 4.203110 7.617747 4.203110
0.994189 0.507752 0.495611 0.211450 0.000000 8.523101 10.203337 8.523101
0.829409 0.353568 0.685935 0.299110 0.079529 8.523101 7.617747 7.617747
0.615081 0.358138 0.651978 0.075525 0.778016 8.523101 7.617747 7.617747
0.972007 0.405192 0.728940 0.276155 0.055921 8.523101 7.617747 7.617747
0.439454 0.744814 0.231139 0.418843 0.193273 7.973969 7.821461 7.821461
0.816817 0.274480 0.335242 0.924779 0.122428 4.135904 7.617747 4.135904
0.815403 0.286540 0.626533 0.369654 0.682647 8.523101 7.617747 7.617747
0.740552 0.361713 0.530719 0.017847 1.000000 8.523101 7.617747 7.617747
0.894622 0.462686 0.914355 0.125909 1.000000 8.615448 10.203337 8.615448
0.705168 0.074161 0.795279 0.433845 0.245609 8.523101 7.617747 7.617747
0.870408 0.167527 0.505367 0.592975 0.602812 8.523101 10.103319 8.523101
1.000000 0.000000 0.790104 0.414060 0.635348 8.523101 7.617747 7.617747
0.895626 0.352332 0.797401 0.223394 0.589007 10.949574 7.617747 7.617747
0.575207 0.212718 0.797386 0.918088 0.697154 8.523101 7.622427 7.622427
0.670468 0.160608 0.795108 0.219695 0.698053 8.523101 7.617747 7.617747
0.540035 0.427717 0.705868 0.188709 0.544454 8.523101 10.203337 8.523101
0.497410 0.439119 0.820044 0.162857 0.362568 8.523101 10.187519 8.523101
0.179252 0.090837 0.289594 0.303935 0.411034 6.204745 1.268870 1.268870
1.000000 0.000000 0.492068 0.406184 1.000000 8.523101 7.617747 7.617747
0.401447 0.664126 0.391848 0.381057 0.527262 7.844976 7.821461 7.821461
0.652415 0.231745 0.657702 0.776388 0.340888 8.523553 7.617747 7.617747
0.672384 0.829378 0.762953 0.745541 0.123169 1.362984 5.340417 1.362984
0.102339 0.816498 0.020515 0.446306 0.012281 7.844976 7.821461 7.821461
0.987632 0.414800 0.537142 0.208385 0.181277 8.523101 10.203337 8.523101
0.138256 0.823677 0.238980 0.746903 0.624807 7.844976 7.821461 7.821461
0.229993 0.044448 0.642015 0.831578 0.160143 5.994030 10.187519 5.994030
0.827068 0.722276 0.175020 0.125781 0.106896 1.364499 4.712013 1.364499
0.070300 0.808818 0.309562 0.990726 0.004058 7.844976 7.821461 7.821461
0.060941 0.455543 0.490309 0.826816 0.355851 7.844976 1.231976 1.231976
0.158550 0.537911 0.840618 0.424130 0.451613 2.797420 10.187519 2.797420
0.732477 0.507046 0.903132 0.176321 0.517781 9.191636 10.203337 9.191636
0.730711 0.194151 0.275161 0.074648 0.663779 4.135904 7.617747 4.135904
0.753043 0.341812 0.851718 0.251383 0.956092 12.357643 2.849299 2.849299
0.506394 0.432148 0.710243 0.241889 1.000000 8.523101 10.203337 8.523101
0.765073 0.639079 0.512504 0.972475 0.079344 1.362984 5.325201 1.362984
0.923163 0.217265 0.357560 0.172696 0.789384 4.135904 7.617747 4.135904
0.699173 0.521377 0.646404 0.112354 0.796121 10.205143 10.203337 10.203337
0.545113 0.111189 0.785431 0.000000 0.536431 8.523101 7.617747 7.617747
0.686020 0.086491 1.000000 0.270830 1.000000 8.523101 2.849299 2.849299
0.111583 0.765277 0.213033 0.268962 0.115570 7.844976 8.378969 7.844976
0.064807 0.894520 0.511355 0.138974 0.411641 7.844976 8.085797 7.844976
0.649997 0.378195 0.410628 0.991201 0.239171 4.135904 7.617747 4.135904
0.920688 0.488740 0.639093 0.000000 0.128500 8.523101 10.203337 8.523101
0.696282 0.479126 1.000000 0.000000 0.420789 8.670417 10.203337 8.670417
0.408173 0.745761 1.000000 0.289436 0.756381 2.797420 1.996009 1.996009
0.631176 0.434288 1.000000 0.057684 0.963756 8.659583 10.203337 8.659583
0.180880 0.655366 0.439696 0.708705 0.430919 7.844976 7.821461 7.821461
0.578370 0.103017 0.859324 0.935363 0.624071 8.523101 2.849299 2.849299
1.000000 0.199943 0.938843 0.126074 0.073375 8.523101 2.849299 2.849299
0.205422 0.919473 0.216033 0.330623 0.379317 11.600712 11.192747 11.192747
0.811949 0.178357 0.989455 0.944162 0.378419 8.523101 2.849299 2.849299
0.173560 0.932661 0.348932 0.330332 0.569744 7.844976 15.925441 7.844976
0.589672 0.116380 0.121474 0.510275 0.374527 4.371578 7.617747 4.371578
0.403708 0.791583 0.030205 0.345958 0.638240 7.844976 7.821461 7.821461
0.225559 0.930963 0.442967 0.814700 0.528988 7.844976 7.821461 7.821461
0.582195 0.046593 0.531458 0.655183 0.097099 8.523101 7.617747 7.617747
0.655685 0.411490 0.680439 0.309373 0.995584 11.107333 7.617747 7.617747
0.698092 0.078353 0.450674 0.667064 0.763099 8.523101 19.706092 8.523101
0.249822 0.288388 0.953009 0.551110 0.748361 5.994030 10.187519 5.994030
0.052552 1.000000 0.396441 0.849732 0.200343 7.844976 7.821461 7.821461
0.662227 0.284579 0.674435 0.267552 0.728972 8.537320 7.617747 7.617747
0.690683 0.081654 0.717920 0.794028 0.962400 8.523101 8.627120 8.523101
0.000000 0.912207 0.364149 0.249281 0.256331 7.844976 8.076014 7.844976
0.401467 0.939450 0.021592 0.293297 0.715412 7.844976 7.821461 7.821461
0.991939 0.006910 0.563058 0.303382 0.475057 8.523101 7.617747 7.617747
0.407522 0.866961 0.486931 0.871248 0.000000 7.844976 7.821461 7.821461
0.753511 0.133582 0.505135 0.570137 0.489434 8.523101 9.641188 8.523101
0.864232 0.226157 0.621970 0.256202 0.196770 8.523101 7.617747 7.617747
0.843675 0.173420 0.490342 0.733554 0.506843 8.523101 10.225686 8.523101
0.495102 0.297366 1.000000 0.528825 0.576264 8.523101 10.187519 8.523101
0.225699 0.860797 0.299574 0.487037 0.426543 10.523564 10.390430 10.390430
0.501215 0.000000 0.895787 0.499275 0.531248 8.523101 10.187519 8.523101
0.826468 0.425326 0.861302 0.183601 0.514552 14.280083 10.203337 10.203337
0.601093 0.452976 0.916810 0.596826 0.742284 8.802991 5.325201 5.325201
0.151012 0.638557 0.088702 0.505859 0.159354 7.844976 7.821461 7.821461
0.618102 0.280003 0.687909 0.211503 1.000000 8.523101 7.617747 7.617747
0.644654 0.110169 0.896210 0.127398 0.270704 8.523101 2.849299 2.849299
0.625414 0.441740 0.786400 0.251966 0.357084 9.538159 10.203337 9.538159
0.025172 0.291582 0.976614 0.159311 0.519172 5.994030 10.187519 5.994030
0.762145 0.503370 0.927489 0.000000 0.968062 8.807627 10.203337 8.807627
0.876538 0.416756 0.286185 0.311075 0.045861 4.135904 4.712013 4.135904
0.796048 0.250116 0.756537 0.114771 0.658308 8.523101 7.617747 7.617747
0.470164 0.258187 0.758811 0.313980 0.802640 8.523101 10.187519 8.523101
0.795508 0.306479 0.477915 0.677029 0.585583 8.523101 7.714953 7.714953
0.090367 0.844097 0.119850 0.656382 0.738649 7.844976 7.821461 7.821461
0.386668 0.789419 0.601373 0.144086 0.768024 11.129715 7.821461 7.821461
0.882211 0.460831 0.805052 0.095040 0.867317 10.551264 10.203337 10.203337
0.984996 0.047099 0.538196 0.714089 0.341612 8.523101 7.617747 7.617747
0.481089 0.115635 0.845145 0.306390 0.732536 8.523101 10.187519 8.523101
0.852678 0.151643 0.961981 0.884886 0.063049 8.523101 2.849299 2.849299
