# gen=400 mediating population
# x0..x(D-1) f0 f1 consensus
0.137774 0.070652 0.033237 77.619682 75.785949 75.785949
0.395781 0.826189 0.742810 79.016503 81.930176 79.016503
0.193752 0.909453 0.548481 26.053191 27.762812 26.053191
0.386258 0.700824 0.714743 26.053191 26.053191 26.053191
0.672220 0.727503 0.284588 87.533617 89.322926 87.533617
0.125129 0.284941 0.000000 26.053191 26.053191 26.053191
0.052223 0.546116 0.607176 26.053191 26.053191 26.053191
0.247643 0.120656 0.686835 26.053191 26.053191 26.053191
0.245449 0.075850 0.868700 29.174084 28.874169 28.874169
0.738972 0.631949 0.223717 26.053191 27.260233 26.053191
0.787483 0.012972 0.934000 26.053191 26.053191 26.053191
0.023635 0.376070 0.725684 26.053191 26.053191 26.053191
0.628496 0.497857 0.671540 26.053191 26.053191 26.053191
0.391240 0.053449 0.361206 26.053191 26.053191 26.053191
0.233895 0.984312 0.087522 26.053191 26.053191 26.053191
0.328454 0.815435 0.146390 82.282780 84.434411 82.282780
0.418688 0.740195 0.384810 26.560592 26.053191 26.053191
0.658595 0.327535 0.464863 26.053191 29.040187 26.053191
0.454342 0.695448 0.004766 26.053191 26.053191 26.053191
0.498550 0.984550 0.167650 26.053191 26.053191 26.053191
0.081793 0.938136 0.193265 26.053191 26.053191 26.053191
0.106644 0.022538 0.864531 26.053191 26.053191 26.053191
0.231048 0.165194 0.065637 26.053191 26.053191 26.053191
0.747384 0.772274 0.695454 26.053191 26.053191 26.053191
0.381222 0.399435 0.028577 26.053191 26.053191 26.053191
0.432763 0.854565 0.428651 26.053191 26.053191 26.053191
0.269897 0.762143 0.635191 26.053191 26.053191 26.053191
0.092486 0.262499 0.293570 26.053191 26.053191 26.053191
0.205308 0.399463 0.515577 26.053191 26.053191 26.053191
0.962436 0.676468 0.805004 26.053191 26.053191 26.053191
0.213728 0.246381 0.469330 26.053191 26.053191 26.053191
0.230097 0.013800 0.585067 26.053191 26.053191 26.053191
0.476716 0.001153 0.960509 26.053191 26.053191 26.053191
0.315825 0.958117 0.308059 26.053191 26.053191 26.053191
0.493707 0.882226 0.997412 26.053191 26.053191 26.053191
0.265310 0.274841 0.992721 26.053191 26.053191 26.053191
0.941509 0.436924 0.970444 26.053191 26.053191 26.053191
0.759811 0.629764 0.350695 28.639588 28.029139 28.029139
0.985357 0.767844 0.437543 26.053191 26.053191 26.053191
0.777965 0.433260 0.398982 26.053191 26.053191 26.053191
0.653800 0.378679 0.777674 26.053191 26.053191 26.053191
0.501576 0.662279 0.939510 26.053191 26.053191 26.053191
0.800948 0.205310 0.189671 26.053191 26.053191 26.053191
0.006313 0.465838 0.440018 26.053191 26.053191 26.053191
0.818073 0.007776 0.057594 26.053191 26.053191 26.053191
0.318512 0.358072 0.250991 26.053191 26.053191 26.053191
0.077671 0.317171 0.458233 26.053191 26.053191 26.053191
0.474092 0.392467 0.808748 28.245666 26.053191 26.053191
0.199654 0.518006 0.593317 26.053191 26.053191 26.053191
0.204639 0.061018 0.233933 26.053191 26.053191 26.053191
0.799222 0.109632 0.802680 26.053191 26.053191 26.053191
0.285637 0.286688 0.078168 26.053191 26.053191 26.053191
0.535897 0.972965 0.299028 26.053191 26.053191 26.053191
0.853492 0.234739 0.895830 26.053191 55.236873 26.053191
0.649334 0.697059 0.605487 26.053191 26.053191 26.053191
0.884694 0.108853 0.067499 88.850186 83.874873 83.874873
0.244383 0.130209 0.505880 26.053191 26.053191 26.053191
0.797807 0.342988 0.595774 26.053191 26.053191 26.053191
0.734791 0.635809 0.102903 26.053191 26.053191 26.053191
0.753021 0.821712 0.988831 26.053191 26.053191 26.053191
0.998169 0.669581 0.631761 26.053191 26.053191 26.053191
0.380649 0.163846 0.575919 26.053191 26.053191 26.053191
0.601703 0.891966 0.498469 26.053191 33.182069 26.053191
0.366723 0.219261 0.725046 26.053191 26.053191 26.053191
0.405223 0.987031 0.413238 26.053191 26.053191 26.053191
0.908688 0.524637 0.107209 26.053191 33.275133 26.053191
0.257246 0.784751 0.404327 26.053191 26.053191 26.053191
0.337435 0.805173 0.877745 26.053191 30.169408 26.053191
0.160321 0.007944 0.342903 26.053191 26.053191 26.053191
0.643457 0.838801 0.337413 26.053191 44.781020 26.053191
0.065854 0.140754 0.975930 26.053191 26.053191 26.053191
0.168826 0.725009 0.792189 26.053191 26.053191 26.053191
0.203525 1.000000 1.000000 26.053191 26.053191 26.053191
0.035246 0.614998 0.427704 26.053191 26.053191 26.053191
0.442375 0.658528 0.277784 26.053191 26.053191 26.053191
0.284083 0.688809 1.000000 26.053191 26.053191 26.053191
0.649022 0.516046 0.371850 26.053191 26.053191 26.053191
0.818177 0.396957 0.815596 88.160743 86.204645 86.204645
0.618713 0.735507 0.934379 26.053191 26.053191 26.053191
0.046325 0.000000 0.237562 27.448581 26.053191 26.053191
0.784952 0.814839 0.423149 26.053191 26.053191 26.053191
0.857583 0.693927 0.826244 26.053191 26.053191 26.053191
0.610438 0.933518 0.711093 27.068665 26.053191 26.053191
0.758763 0.462500 0.143919 26.053191 26.053191 26.053191
0.646551 0.403977 0.930681 26.053191 26.053191 26.053191
0.898728 0.757756 0.641646 82.123972 80.741112 80.741112
0.372177 0.219820 0.904876 26.053191 26.053191 26.053191
0.564826 0.423099 0.197079 26.053191 26.053191 26.053191
0.757982 0.308217 0.358125 26.053191 26.053191 26.053191
0.662852 0.497532 0.498972 26.053191 26.053191 26.053191
0.381288 0.137826 0.011600 26.053191 26.053191 26.053191
0.111401 0.377527 0.399813 26.053191 26.053191 26.053191
0.516897 0.638727 0.585248 26.053191 26.053191 26.053191
0.983073 0.059839 0.163838 26.053191 26.053191 26.053191
0.460969 0.491873 0.568386 89.414513 88.383118 88.383118
0.481605 0.143926 0.824172 26.053191 26.053191 26.053191
0.290037 0.443865 0.705118 50.679805 26.053191 26.053191
0.184428 0.376979 0.888812 26.053191 26.053191 26.053191
0.817439 0.862060 0.860474 26.053191 26.053191 26.053191
0.631603 0.640353 0.427745 26.053191 26.053191 26.053191
0.119538 0.163942 0.698184 26.053191 26.053191 26.053191
0.669550 0.029048 0.423551 26.053191 26.053191 26.053191
0.152595 0.668693 0.181655 26.053191 26.053191 26.053191
0.331861 0.598176 0.295846 26.053191 26.053191 26.053191
0.673020 0.307881 0.604162 26.053191 26.053191 26.053191
0.259015 0.419813 0.096065 26.053191 26.053191 26.053191
0.297503 0.947289 0.757625 26.053191 26.053191 26.053191
0.729927 0.273958 0.069437 26.053191 26.053191 26.053191
0.166319 0.335840 0.615523 26.053191 26.053191 26.053191
0.923035 0.294414 0.000000 26.053191 26.053191 26.053191
0.783673 0.001662 0.643107 26.053191 26.053191 26.053191
0.614440 0.998566 0.934811 26.053191 26.053191 26.053191
0.443313 0.039636 0.657168 26.053191 26.053191 26.053191
0.319243 0.824229 0.000000 30.122090 27.977087 27.977087
0.253287 0.232550 0.844743 26.053191 26.053191 26.053191
0.591475 0.019615 0.098415 26.053191 26.053191 26.053191
0.668886 0.013476 0.571971 26.053191 26.053191 26.053191
0.867473 0.478080 0.511116 26.053191 26.053191 26.053191
0.054545 0.174659 0.527147 78.071837 88.446404 78.071837
0.181473 0.627740 0.047952 26.053191 26.053191 26.053191
0.747924 0.303308 0.981492 26.053191 26.053191 26.053191
0.390335 1.000000 0.108853 26.053191 27.201137 26.053191
0.627059 0.182577 0.747446 26.053191 26.053191 26.053191
0.595006 0.276086 0.087152 26.053191 26.053191 26.053191
0.235274 0.215519 0.609042 26.053191 26.053191 26.053191
0.416060 0.601039 0.094389 26.053191 26.053191 26.053191
0.856278 0.061967 0.276106 26.053191 26.053191 26.053191
0.899531 0.916788 0.701749 46.460674 26.053191 26.053191
0.336794 0.357849 0.602933 46.667286 26.053191 26.053191
0.694028 0.700120 0.007383 26.053191 26.053191 26.053191
0.678381 0.549590 0.014842 26.053191 26.053191 26.053191
0.539897 0.031877 0.327492 26.053191 26.053191 26.053191
0.178121 0.626871 0.950004 26.053191 26.053191 26.053191
0.155097 0.967963 0.721662 26.053191 26.053191 26.053191
0.997965 0.498995 0.728810 26.053191 26.053191 26.053191
1.000000 0.371138 0.695199 26.053191 26.053191 26.053191
0.158647 0.615744 0.760585 26.053191 27.417665 26.053191
0.433278 0.901539 0.830234 26.053191 26.053191 26.053191
0.072256 0.288604 0.131572 26.053191 26.053191 26.053191
0.534596 0.895428 0.036982 26.053191 26.053191 26.053191
0.066065 0.021567 0.480083 26.053191 26.053191 26.053191
0.531052 0.596741 0.030424 26.053191 26.053191 26.053191
0.693035 0.190341 0.314548 26.053191 36.095761 26.053191
1.000000 0.663847 1.000000 26.053191 26.053191 26.053191
0.805532 0.393932 0.370314 26.053191 23.201923 23.201923
0.537893 0.057274 0.577255 26.053191 26.053191 26.053191
0.765499 0.169382 0.542046 58.245820 60.949922 58.245820
0.781200 0.564305 0.917523 26.053191 26.053191 26.053191
0.908663 0.968075 0.137419 25.361931 22.649759 22.649759
0.508619 0.416926 0.089049 26.053191 26.053191 26.053191
0.548633 0.937088 0.794741 26.053191 26.053191 26.053191
0.732805 0.079408 0.217742 80.605558 79.402044 79.402044
0.777750 0.857094 0.150839 26.053191 26.053191 26.053191
0.982970 0.338455 0.266425 26.053191 26.053191 26.053191
0.393584 0.647375 0.597015 26.053191 26.053191 26.053191
0.838342 0.482104 0.702913 26.053191 26.053191 26.053191
0.035067 0.893052 0.546664 26.053191 26.053191 26.053191
0.893705 0.258298 0.031087 26.053191 26.053191 26.053191
0.337323 0.466982 0.424444 26.053191 26.053191 26.053191
0.896285 0.821046 0.104792 26.053191 22.649759 22.649759
0.934856 0.861362 0.926614 26.053191 26.053191 26.053191
0.114699 0.490071 0.567408 26.053191 26.053191 26.053191
0.631376 0.238547 0.939447 26.053191 26.053191 26.053191
0.200015 0.860312 0.188929 26.520421 26.053191 26.053191
0.205795 0.479919 0.378227 26.053191 26.053191 26.053191
0.363099 0.681440 0.479956 26.053191 26.053191 26.053191
0.262096 0.470332 0.754485 29.823645 26.053191 26.053191
0.385478 0.930767 0.000000 26.053191 26.728403 26.053191
0.211036 0.856014 0.053689 26.053191 26.053191 26.053191
0.034046 0.200477 0.038664 26.053191 26.053191 26.053191
0.463769 0.146511 0.280447 26.053191 26.053191 26.053191
0.023400 0.088139 0.157579 26.053191 26.053191 26.053191
0.535989 0.183136 0.475537 26.053191 26.053191 26.053191
0.037907 0.241136 0.417071 26.053191 26.053191 26.053191
0.640565 0.073039 0.869765 26.053191 26.053191 26.053191
0.792763 0.842801 0.664076 26.053191 26.053191 26.053191
0.150957 0.833673 0.886058 26.053191 26.053191 26.053191
0.667992 0.290669 0.703565 26.053191 26.053191 26.053191
0.539249 0.934569 0.601344 26.053191 26.053191 26.053191
0.092943 0.015329 0.738913 26.053191 26.053191 26.053191
0.549329 0.511571 0.858086 26.053191 26.053191 26.053191
0.146878 0.403652 0.141946 26.053191 26.053191 26.053191
0.944823 0.303077 0.136812 26.053191 26.053191 26.053191
0.107380 0.816347 0.426760 26.053191 26.053191 26.053191
0.780696 0.655399 0.639372 26.053191 26.053191 26.053191
0.882499 0.676480 0.515420 34.672434 38.759582 34.672434
0.372483 0.813136 0.567618 26.053191 26.053191 26.053191
0.636444 0.799764 0.848450 26.053191 26.053191 26.053191
0.276436 0.792950 0.772939 26.053191 26.053191 26.053191
0.473814 0.407759 0.278109 26.053191 26.053191 26.053191
0.114543 0.727503 0.551660 85.023886 86.021106 85.023886
0.923220 0.594190 0.296389 26.053191 32.855691 26.053191
0.873219 0.753603 0.984883 26.053191 26.053191 26.053191
0.105147 0.575815 0.339154 26.053191 26.053191 26.053191
0.200915 0.618225 0.398044 26.053191 26.053191 26.053191
1.000000 0.387463 0.876400 26.053191 26.053191 26.053191
0.479340 0.137557 0.090514 76.010390 71.628583 71.628583
0.744298 0.157306 0.952075 26.053191 26.053191 26.053191
0.730024 0.437148 0.806148 26.053191 26.053191 26.053191
0.189126 0.950854 0.888487 26.053191 26.053191 26.053191
0.810606 0.190542 0.694271 26.053191 26.053191 26.053191
0.442028 0.418786 0.428523 26.053191 26.053191 26.053191
0.867440 0.642257 0.188784 26.053191 23.201923 23.201923
0.499653 0.335758 0.963530 26.053191 26.053191 26.053191
0.599438 0.129448 0.259042 26.053191 26.053191 26.053191
0.259770 0.726021 0.087323 26.053191 29.962338 26.053191
1.000000 0.529084 0.455189 26.053191 26.053191 26.053191
0.750017 0.994878 0.578123 19.627380 26.053191 19.627380
0.793933 0.494071 0.000000 26.053191 26.053191 26.053191
0.934558 0.835646 0.792334 29.015047 26.053191 26.053191
0.077447 0.767281 0.219463 26.053191 26.053191 26.053191
0.206947 0.230843 0.491181 26.053191 26.053191 26.053191
0.246879 0.184164 0.235311 26.053191 26.053191 26.053191
0.193961 0.676168 0.478154 26.053191 26.053191 26.053191
0.413912 0.332763 0.513489 81.333982 80.507542 80.507542
0.734307 0.609605 0.744655 26.053191 26.053191 26.053191
0.231123 0.722774 0.281213 26.053191 26.053191 26.053191
0.654093 0.492894 0.441726 26.053191 26.053191 26.053191
0.844362 0.370256 0.931201 58.277006 41.132540 41.132540
0.660210 0.806606 0.148462 26.053191 26.053191 26.053191
0.567216 0.769211 0.201306 20.426835 32.201027 20.426835
0.510659 0.832954 0.182632 26.053191 26.053191 26.053191
0.262019 0.357123 0.645030 31.996803 26.053191 26.053191
0.347275 0.974017 0.537178 26.053191 26.053191 26.053191
0.054196 0.702801 0.356489 26.053191 26.053191 26.053191
0.021843 0.167901 0.677359 26.053191 26.053191 26.053191
0.232357 0.326798 0.081947 26.053191 26.053191 26.053191
0.190405 0.487925 0.764806 24.936533 26.053191 24.936533
0.724214 0.822475 0.521534 26.053191 26.053191 26.053191
0.301656 0.069704 0.876503 64.918395 75.803679 64.918395
0.827364 0.763643 0.420531 26.053191 22.649759 22.649759
0.252818 0.653017 0.733659 26.053191 26.053191 26.053191
0.610127 0.852665 0.669039 76.995953 69.858513 69.858513
0.108847 0.764004 0.017674 26.053191 26.053191 26.053191
0.950964 0.638182 0.030099 26.053191 23.201923 23.201923
0.506736 0.978817 0.183773 26.053191 26.053191 26.053191
0.948431 0.645476 0.873006 26.053191 26.053191 26.053191
0.027534 0.569999 0.433829 26.053191 26.053191 26.053191
0.007919 0.760719 0.609058 26.053191 26.053191 26.053191
0.098484 0.238353 0.911180 26.053191 26.053191 26.053191
0.568530 0.057444 0.023281 26.053191 26.053191 26.053191
0.629963 0.521500 0.171443 26.053191 26.053191 26.053191
0.534830 0.718490 0.215051 26.053191 26.053191 26.053191
0.469978 0.473958 0.557782 68.094868 51.292641 51.292641
0.578434 0.212589 0.120373 26.053191 26.053191 26.053191
0.575766 0.615855 0.563035 26.053191 26.053191 26.053191
0.825105 0.341524 0.148128 26.053191 26.053191 26.053191
0.206625 0.144811 0.846870 26.053191 26.053191 26.053191
0.446630 0.273460 0.460821 26.053191 26.053191 26.053191
0.767557 0.204000 0.879194 26.053191 26.181875 26.053191
0.363184 0.961640 0.999655 26.053191 26.053191 26.053191
0.356649 0.011550 0.681360 26.053191 26.053191 26.053191
0.973838 0.501875 0.505954 26.053191 26.053191 26.053191
0.236129 0.756490 0.979592 26.053191 26.053191 26.053191
0.000000 0.417715 0.571819 26.053191 26.053191 26.053191
0.694848 0.844944 0.030308 26.053191 26.053191 26.053191
0.817896 0.685910 0.046114 26.053191 23.201923 23.201923
0.495221 0.011449 0.124744 26.053191 26.053191 26.053191
0.012966 0.000000 0.593828 26.053191 26.053191 26.053191
0.181064 0.561785 0.003012 26.053191 15.294895 15.294895
0.602351 0.653139 0.814066 26.053191 26.053191 26.053191
0.266025 0.705544 0.851710 26.053191 26.053191 26.053191
0.205435 0.844177 0.361334 26.053191 26.053191 26.053191
0.533682 0.796912 0.047266 26.053191 26.053191 26.053191
0.360623 0.319652 0.140315 26.053191 26.053191 26.053191
0.358056 0.775211 0.661387 26.053191 26.053191 26.053191
0.645842 0.636650 0.294969 26.053191 26.053191 26.053191
0.976217 0.873286 0.338494 25.361931 22.649759 22.649759
0.725916 0.435895 0.437582 26.053191 26.053191 26.053191
0.115357 0.991867 0.313924 26.053191 26.053191 26.053191
0.782076 0.669666 0.979029 26.053191 26.053191 26.053191
0.050605 0.423815 0.037956 26.053191 26.053191 26.053191
0.067942 0.708034 0.555560 26.053191 26.053191 26.053191
0.425694 0.548374 0.419056 41.537040 39.723311 39.723311
0.291877 0.145056 0.474134 26.053191 26.053191 26.053191
0.035696 0.497880 0.963457 41.057109 26.053191 26.053191
0.993942 0.774771 0.091799 26.053191 22.649759 22.649759
0.356319 0.612065 0.019272 26.053191 26.053191 26.053191
0.418688 0.740195 0.384810 26.560592 26.053191 26.053191
0.203431 0.044005 0.199527 26.053191 26.053191 26.053191
0.008722 0.511105 0.761196 26.779532 26.053191 26.053191
0.693035 0.190341 0.314548 26.053191 36.095761 26.053191
0.425766 0.670297 0.555515 26.053191 26.053191 26.053191
0.968264 0.575751 0.348658 26.053191 39.075093 26.053191
0.445999 0.503514 0.575549 87.122696 74.202438 74.202438
0.434898 0.120293 0.109441 29.706536 55.079174 29.706536
0.490412 0.315548 0.988088 26.053191 26.053191 26.053191
0.772648 0.110090 0.542008 26.053191 56.748444 26.053191
0.711458 0.356961 0.268139 26.053191 26.053191 26.053191
0.129421 0.946128 0.441410 26.053191 27.091193 26.053191
0.498316 0.332874 0.626227 59.872297 67.993562 59.872297
0.485088 0.176044 0.646908 26.053191 26.053191 26.053191
0.327287 0.842757 0.194807 47.617149 79.335526 47.617149
0.333533 0.755966 0.019775 26.053191 31.951586 26.053191
0.419027 0.895095 0.788595 26.740709 29.270627 26.740709
0.876566 0.841195 0.501088 26.053191 26.053191 26.053191
0.889424 0.528374 0.859718 26.053191 26.053191 26.053191
0.889764 0.635068 0.526558 27.385016 26.053191 26.053191
0.924947 0.368365 0.459139 26.053191 26.053191 26.053191
0.699203 0.183280 0.626595 26.053191 26.053191 26.053191
