# gen=10 CA size=57
# x0..x(D-1) consensus
0.643834 0.698185 0.361772 16.500444
0.580132 0.643238 0.357597 29.636309
0.683528 0.202955 0.329531 11.434070
0.641074 0.155242 0.441497 11.110851
0.611983 0.670711 0.359684 24.197167
0.586763 0.579374 0.408295 17.514711
0.533775 0.662134 0.466704 59.676543
0.653479 0.607603 0.440026 14.998341
0.725829 0.641654 0.456873 19.904568
0.553630 0.576260 0.356381 9.417018
0.549159 0.669901 0.431721 53.395400
0.667501 0.597931 0.405696 5.586037
0.458395 0.653249 0.388168 8.646429
0.433175 0.561912 0.436778 7.266420
0.596551 0.154451 0.391512 6.070491
0.646067 0.221630 0.275343 9.701467
0.602508 0.197140 0.340740 10.056527
0.491360 0.709205 0.418739 29.722187
0.659449 0.239911 0.442466 19.811996
0.574991 0.710868 0.265344 7.364517
0.468508 0.597170 0.449456 8.916248
0.557748 0.716513 0.354241 24.128509
0.745456 0.221584 0.474078 24.271853
0.374914 0.680851 0.478465 16.530581
0.667336 0.217161 0.484321 55.697472
0.514095 0.178153 0.406361 6.198232
0.700842 0.687288 0.423274 23.022272
0.589406 0.628873 0.426487 26.473809
0.523781 0.219337 0.450296 21.844647
0.660414 0.645614 0.339672 10.635464
0.697762 0.564319 0.484330 9.967279
0.506385 0.222837 0.292883 5.292439
0.620739 0.720672 0.353128 13.006511
0.527209 0.225342 0.393758 16.188703
0.353260 0.648647 0.431155 6.090230
0.682189 0.168306 0.498330 18.981760
0.763464 0.202379 0.441497 8.877196
0.608094 0.133292 0.502193 7.284265
0.683806 0.658861 0.478256 35.890086
0.602883 0.104647 0.521673 5.672250
0.439809 0.627183 0.475777 21.179240
0.569957 0.116291 0.519212 6.365931
0.664337 0.694840 0.428204 29.595939
0.603464 0.584024 0.365429 5.606175
0.809802 0.663681 0.418153 5.954867
0.499466 0.617733 0.370865 8.210252
0.506707 0.583320 0.430929 10.126069
0.422284 0.195570 0.459234 5.389670
0.505576 0.664390 0.456663 52.501077
0.683728 0.620070 0.438238 17.077090
0.557236 0.712813 0.434293 72.429042
0.656782 0.195483 0.527864 57.477616
0.735894 0.677006 0.477061 9.178819
0.623848 0.648102 0.343285 7.158445
0.526218 0.173340 0.546106 12.423149
0.521646 0.659068 0.303209 8.153820
0.689632 0.228304 0.504336 62.361027
