# gen=300 party=1
# sp x0..x(D-1) party_fit
0 0.970003 0.978696 0.983027 0.000838 0.840909 0.762332 0.033851 0.568075 0.428647 0.287004 40.606162
1 0.462700 0.276415 0.002162 0.919497 0.348942 0.781921 0.419132 0.487048 0.395000 0.023455 39.863767
2 0.274921 0.540152 0.011246 0.421435 0.080061 0.708495 0.896307 0.168164 0.721465 0.345507 39.863767
3 0.994330 0.045473 0.931630 0.361068 0.790516 0.448543 0.823351 0.352973 0.605525 0.531372 38.217272
4 0.715580 0.132954 0.949278 0.110012 0.810051 0.703061 0.410189 0.178707 0.485871 0.648022 38.217272
5 0.511717 0.416724 0.990287 0.382367 0.587726 0.965261 0.707797 0.452990 0.014695 0.485939 38.217272
6 0.452673 0.942869 0.432742 0.382452 0.622395 0.260871 0.693035 0.190341 0.314548 0.228105 34.102137
7 0.089947 0.932117 0.082237 0.270209 0.623548 0.391004 0.585029 0.866644 0.332284 0.936538 34.102137
