# Consensus Archive (v3 basin-tagged)
# x0..x(D-1) f0 f1 consensus
0.403181 0.621117 0.940332 0.753794 0.669172 66.470782 56.075563 56.075563
0.131538 0.674148 0.127001 0.208387 0.736155 67.071090 62.122125 62.122125
0.254466 0.911678 0.817351 0.652520 0.593276 64.748190 60.178642 60.178642
0.117777 0.611309 0.841471 0.992995 0.426005 60.321980 60.178642 60.178642
0.449267 0.822886 0.619777 0.305961 0.616029 60.321980 55.332729 55.332729
0.265493 0.917076 0.692336 0.363031 0.416237 60.321980 60.178642 60.178642
0.204826 0.654999 0.882396 0.764641 0.112466 60.321980 60.178642 60.178642
0.306764 0.711751 0.928280 0.252143 0.212331 60.321980 60.178642 60.178642
0.199756 0.672300 0.157367 0.245104 0.656958 64.718796 64.858203 64.718796
0.724248 0.742885 0.848395 0.255592 0.617357 59.405389 61.964021 59.405389
0.164069 0.688026 0.119551 0.228240 0.651889 65.913283 65.929571 65.913283
0.574597 0.827108 0.966247 0.913124 0.459832 62.287694 63.086053 62.287694
0.140373 0.931530 0.278685 0.713035 0.730815 54.764947 60.425404 54.764947
0.262009 0.987294 0.332575 0.761414 0.597266 54.764947 60.178642 54.764947
0.066027 0.656975 0.448189 0.262859 0.435529 54.764947 60.178642 54.764947
0.302626 0.501870 0.671747 0.989865 0.856222 60.321980 60.178642 60.178642
0.163015 0.558642 0.013211 0.320951 0.582798 65.594766 64.796563 64.796563
0.178015 0.657221 0.190899 0.243769 0.636934 64.432053 63.355249 63.355249
0.180281 0.689412 0.120563 0.331210 0.703945 64.859237 65.105650 64.859237
0.161729 0.494214 0.007409 0.288309 0.871621 68.576614 62.965187 62.965187
0.129055 0.698279 0.134763 0.208720 0.712195 64.422230 64.139157 64.139157
0.221108 0.567891 0.010826 0.264882 0.739747 66.865063 66.578906 66.578906
0.171556 0.664044 0.076398 0.211635 0.616029 64.990375 62.787090 62.787090
0.601358 0.865599 0.924384 1.000000 0.657661 62.013588 62.258445 62.013588
0.172905 0.487186 0.007338 0.301599 0.842634 69.119612 63.619836 63.619836
0.242299 0.654999 0.111961 0.278285 0.614170 63.408811 62.162669 62.162669
0.187818 0.683649 0.096695 0.271991 0.697832 64.846573 65.136799 64.846573
0.091281 0.649045 0.010417 0.338736 0.729097 62.645364 63.407969 62.645364
0.128869 0.702216 0.089955 0.262859 0.691090 64.019205 63.624516 63.624516
0.150535 0.711056 0.126671 0.250683 0.767027 62.760040 65.828877 62.760040
0.226690 0.649955 0.175794 0.205691 0.632014 63.397993 62.843863 62.843863
0.238685 0.655148 0.134487 0.148382 0.804931 62.125477 62.265661 62.125477
0.160323 0.678939 0.128172 0.358728 0.738961 65.255636 63.500176 63.500176
0.149889 0.573901 0.006971 0.289457 0.701125 68.672003 63.629830 63.629830
0.175036 0.699388 0.170059 0.209136 0.682420 62.911816 68.578522 62.911816
0.243288 0.532994 0.007785 0.305937 0.790590 65.863484 63.967630 63.967630
0.200622 0.648992 0.151609 0.273324 0.769632 66.907986 63.113887 63.113887
0.213245 0.558417 0.011984 0.301127 0.756300 67.548811 68.112266 67.548811
0.130655 0.588097 0.018101 0.447280 0.690675 65.539236 62.562235 62.562235
0.199359 0.647299 0.238358 0.324696 0.729850 63.133032 62.836351 62.836351
0.144252 0.523154 0.009572 0.343789 0.895733 66.689822 66.217657 66.217657
0.186782 0.663929 0.186009 0.248652 0.776640 64.518783 64.182908 64.182908
0.199614 0.671858 0.154990 0.368204 0.780945 63.630531 63.726873 63.630531
0.155047 0.588949 0.013236 0.317818 0.703315 67.402520 67.278631 67.278631
0.191896 0.673800 0.158600 0.216977 0.744826 64.973140 65.152419 64.973140
0.258531 0.684703 0.122534 0.330132 0.747083 62.486824 63.005994 62.486824
0.136721 0.675100 0.080262 0.228020 0.663793 66.173732 62.230583 62.230583
0.186902 0.681470 0.089661 0.391002 0.710071 63.343725 63.251571 63.251571
0.172820 0.681039 0.124989 0.272224 0.633094 65.444517 65.463403 65.444517
0.150053 0.522235 0.011790 0.414482 0.698493 69.822028 71.255490 69.822028
0.185699 0.500403 0.009990 0.429149 0.744017 67.300338 70.956989 67.300338
0.196083 0.683344 0.110775 0.234479 0.770438 64.888269 64.950117 64.888269
0.244128 0.525575 0.015438 0.285497 0.731850 67.658816 61.989658 61.989658
0.156856 0.657125 0.259624 0.248652 0.761530 62.028317 62.189294 62.028317
0.175046 0.691188 0.113328 0.336600 0.678048 64.991215 65.101218 64.991215
0.184891 0.553100 0.017308 0.407204 0.710741 67.840392 65.349200 65.349200
0.197024 0.677546 0.216954 0.216953 0.771607 62.128781 66.262414 62.128781
0.186025 0.685908 0.113350 0.289675 0.721279 65.330046 65.178395 65.178395
0.208506 0.665427 0.169471 0.290937 0.781581 64.212284 64.351576 64.212284
0.203425 0.709060 0.124775 0.277587 0.720291 62.551243 67.302565 62.551243
0.583333 0.839001 0.952493 0.904869 0.570028 63.995821 64.059010 63.995821
0.106832 0.698783 0.184300 0.176300 0.733079 62.493967 62.629199 62.493967
0.238514 0.637638 0.139799 0.315279 0.695734 66.888464 62.068192 62.068192
0.252313 0.637638 0.209303 0.228122 0.724438 62.402621 62.300034 62.300034
0.186138 0.645196 0.217174 0.353159 0.820074 63.118832 62.058090 62.058090
0.159015 0.684937 0.108243 0.222586 0.837802 64.274698 63.008937 63.008937
0.166511 0.680608 0.143950 0.184347 0.652025 65.584685 65.629361 65.584685
0.155090 0.525209 0.010624 0.330138 0.933079 65.590445 65.947501 65.590445
0.192893 0.672145 0.158394 0.269155 0.739516 65.128370 65.077691 65.077691
0.146546 0.679409 0.217474 0.185113 0.729103 63.012128 63.930433 63.012128
0.166245 0.709072 0.118968 0.339867 0.599512 62.084878 64.997861 62.084878
0.601331 0.823883 0.832899 0.931018 0.646825 63.441458 63.053752 63.053752
0.220056 0.660716 0.104887 0.245961 0.822347 65.305522 62.831002 62.831002
0.239085 0.532841 0.008470 0.445385 0.649486 62.526232 65.368660 62.526232
0.167421 0.686121 0.134549 0.289705 0.690562 65.463069 65.425692 65.425692
0.231311 0.584234 0.014784 0.382935 0.890244 61.966191 67.742855 61.966191
0.246875 0.670849 0.136927 0.245469 0.711952 64.698309 63.268571 63.268571
0.129753 0.544144 0.011604 0.387013 0.767332 69.253431 70.000626 69.253431
0.193636 0.572827 0.019619 0.506913 0.711316 63.680228 63.663297 63.663297
0.173432 0.686707 0.108362 0.213122 0.693282 65.675298 65.692673 65.675298
0.238928 0.664401 0.154865 0.379095 0.677463 62.870371 62.521425 62.521425
0.196178 0.647653 0.011343 0.221157 0.676099 62.681389 62.947303 62.681389
0.176783 0.519257 0.009515 0.335410 0.825577 69.467218 69.807066 69.467218
0.174830 0.683771 0.124604 0.242658 0.663691 66.095879 65.965408 65.965408
0.154409 0.698567 0.111916 0.349135 0.703133 64.384614 64.662506 64.384614
0.582326 0.835682 0.887024 0.910202 0.565373 64.330203 64.280532 64.280532
0.164310 0.685387 0.117831 0.193582 0.810584 64.426899 63.674024 63.674024
0.179472 0.684254 0.130913 0.290020 0.773185 64.483457 64.549227 64.483457
0.570595 0.847514 0.922553 0.922640 0.540847 64.230653 64.225010 64.225010
0.155366 0.665275 0.148213 0.373151 0.813654 64.491684 62.218861 62.218861
0.165108 0.688907 0.079801 0.178552 0.679978 63.753858 64.814826 63.753858
0.128032 0.563369 0.011973 0.393883 0.708421 68.281982 69.394164 68.281982
0.235031 0.651698 0.193225 0.232955 0.753128 63.546626 63.217344 63.217344
0.219930 0.661629 0.156956 0.211663 0.769313 64.478642 63.583722 63.583722
0.246331 0.659720 0.158395 0.375718 0.752157 63.354166 62.685479 62.685479
0.179653 0.532330 0.009487 0.251959 0.831737 68.395911 65.769682 65.769682
0.181551 0.680390 0.156671 0.345255 0.681354 64.644065 64.391669 64.391669
0.179086 0.488562 0.010038 0.218812 0.845222 68.607701 63.026088 63.026088
0.110209 0.709239 0.070902 0.185118 0.791134 62.094084 62.208222 62.094084
0.179805 0.678924 0.150865 0.287298 0.706133 65.339380 65.320767 65.320767
0.132177 0.694041 0.114131 0.233333 0.728499 65.278187 63.731894 63.731894
0.199997 0.547062 0.017696 0.462852 0.723436 66.136644 66.683560 66.136644
0.226323 0.625239 0.006853 0.289457 0.673038 62.766657 63.790625 62.766657
0.185777 0.677141 0.150410 0.188593 0.715677 65.221734 65.253337 65.221734
0.202322 0.512167 0.007868 0.375608 0.844043 66.116504 68.015838 66.116504
0.206819 0.656628 0.113867 0.299882 0.793277 66.465105 62.940516 62.940516
0.159951 0.652331 0.197692 0.325605 0.680569 65.498132 62.177428 62.177428
0.171520 0.682189 0.166331 0.300712 0.647255 63.946908 64.938421 63.946908
0.195141 0.684409 0.124466 0.355609 0.699606 64.752194 64.743067 64.743067
0.177826 0.685791 0.118881 0.285908 0.656960 65.831108 65.816781 65.816781
0.238573 0.661951 0.090185 0.300204 0.747943 64.094131 62.522794 62.522794
0.198285 0.660184 0.106205 0.209436 0.616540 65.480713 63.174652 63.174652
0.117777 0.679650 0.159070 0.353598 0.708158 65.158705 62.068644 62.068644
0.206221 0.677801 0.146446 0.217671 0.689473 65.148892 65.086674 65.086674
0.177183 0.701983 0.135910 0.363883 0.794124 62.113380 64.617684 62.113380
0.205655 0.642409 0.160353 0.403528 0.752577 65.672007 62.095779 62.095779
0.214448 0.650431 0.125664 0.334064 0.769080 66.598325 62.856359 62.856359
0.195283 0.514657 0.009386 0.336232 0.820952 69.158363 70.064392 69.158363
0.179317 0.668475 0.068873 0.238110 0.720599 64.866219 63.316941 63.316941
0.199579 0.680268 0.103881 0.118840 0.759030 62.843905 63.759304 62.843905
0.218793 0.694744 0.117304 0.376190 0.667859 62.651204 64.274417 62.651204
0.166365 0.680352 0.131768 0.248616 0.633733 65.572343 65.413132 65.413132
0.159205 0.687957 0.130033 0.265151 0.689317 65.592862 65.407641 65.407641
0.151914 0.513670 0.010438 0.317153 0.968638 64.487226 63.987792 63.987792
0.142229 0.540721 0.014283 0.442154 0.702609 68.617828 69.510790 68.617828
0.247785 0.637881 0.147280 0.231634 0.748379 65.684464 61.972043 61.972043
0.218275 0.684883 0.161961 0.364521 0.707263 63.001934 64.724680 63.001934
0.557082 0.866253 0.935987 0.976024 0.471660 62.326630 63.021470 62.326630
0.229640 0.650981 0.190601 0.337033 0.715635 63.986022 62.874688 62.874688
0.170226 0.680200 0.146355 0.205742 0.673746 65.753254 65.856368 65.753254
0.165271 0.520340 0.012859 0.392082 0.838501 66.734471 70.098305 66.734471
0.592224 0.898854 0.885943 0.958941 0.637220 62.435635 64.143268 62.435635
0.183110 0.674753 0.106377 0.391768 0.847516 63.248358 62.358491 62.358491
0.114985 0.484454 0.012794 0.494470 0.808485 63.590195 65.771023 63.590195
0.170130 0.690127 0.106793 0.197399 0.724890 65.164680 65.416468 65.164680
0.179248 0.673677 0.170802 0.271803 0.664817 64.860450 65.027582 64.860450
0.155109 0.510529 0.005236 0.390976 0.676522 69.733648 62.426607 62.426607
0.204877 0.660934 0.197879 0.298806 0.747824 64.089545 64.276844 64.089545
0.149625 0.522392 0.011800 0.376713 0.766393 70.235258 70.149731 70.149731
0.141120 0.506059 0.006396 0.425356 0.743949 67.905979 64.018581 64.018581
0.234627 0.660381 0.064153 0.313030 0.700995 63.205357 62.144814 62.144814
0.174968 0.682059 0.120557 0.314913 0.622161 64.756916 64.745082 64.745082
0.090654 0.533924 0.011179 0.415432 0.707188 69.103528 63.870985 63.870985
0.121534 0.698800 0.122775 0.280070 0.697450 64.946728 63.506227 63.506227
0.215637 0.637192 0.179555 0.304916 0.842962 64.583674 62.170349 62.170349
0.186368 0.698666 0.146029 0.155105 0.695059 62.721174 67.119980 62.721174
0.160669 0.695326 0.157074 0.168553 0.617127 62.426398 66.019941 62.426398
0.153795 0.693712 0.119916 0.295049 0.700978 65.123758 65.091420 65.091420
0.176935 0.655812 0.130830 0.237521 0.762134 67.846606 62.707133 62.707133
0.214453 0.651371 0.137739 0.302414 0.699681 67.584304 63.118698 63.118698
0.186944 0.672443 0.120023 0.229410 0.584326 64.130263 64.087657 64.087657
0.199467 0.667058 0.063954 0.221299 0.625825 63.357199 63.016030 63.016030
0.176483 0.678991 0.144270 0.232329 0.688183 65.844357 65.799407 65.799407
0.120850 0.499172 0.014264 0.455324 0.792538 65.874413 65.857502 65.857502
0.179501 0.513412 0.012707 0.255565 1.000000 62.224908 62.178787 62.178787
0.155252 0.551098 0.009751 0.417307 0.900522 63.280390 71.226345 63.280390
0.173360 0.520640 0.012009 0.392036 0.711865 70.579040 70.223433 70.223433
0.243325 0.651357 0.144773 0.205812 0.754780 64.361750 62.488611 62.488611
0.177202 0.665077 0.215989 0.384417 0.741557 62.870593 62.707777 62.707777
0.231988 0.668608 0.143632 0.222087 0.621886 63.203643 63.556356 63.203643
0.191900 0.668790 0.163924 0.325275 0.824237 63.475569 63.432359 63.432359
0.182815 0.652807 0.130950 0.365399 0.692883 67.972549 62.543039 62.543039
0.584315 0.846330 0.894800 0.914764 0.594357 64.180379 64.156530 64.156530
0.167355 0.670493 0.119551 0.415085 0.838213 63.481323 62.044651 62.044651
0.117101 0.632942 0.014110 0.309714 0.719990 64.638750 64.571059 64.571059
0.186766 0.684678 0.120126 0.289053 0.676009 65.752104 65.739893 65.739893
0.136531 0.672300 0.149065 0.280987 0.581832 64.450530 62.169587 62.169587
0.188903 0.575326 0.010763 0.270560 0.726272 67.813863 66.322719 66.322719
0.164674 0.582947 0.006610 0.409908 0.719205 65.046436 69.609157 65.046436
0.176567 0.662271 0.089523 0.271035 0.790237 65.956975 62.477718 62.477718
0.137451 0.683225 0.082471 0.199648 0.615943 64.911203 62.686687 62.686687
0.123610 0.539693 0.011130 0.291606 0.870403 69.489851 64.452447 64.452447
0.110914 0.699691 0.128480 0.275970 0.789308 63.703678 62.750659 62.750659
0.177583 0.682680 0.129632 0.194528 0.702231 65.507064 65.563135 65.507064
0.204453 0.689636 0.109829 0.261247 0.869142 62.417154 63.795984 62.417154
0.170018 0.651823 0.188390 0.205525 0.782101 65.685126 62.257080 62.257080
0.189520 0.676893 0.120901 0.264190 0.559698 62.692561 63.690652 62.692561
0.169324 0.684271 0.123910 0.200429 0.665871 65.894097 65.781407 65.781407
0.204275 0.630218 0.217174 0.257199 0.748255 65.839031 62.098166 62.098166
0.192548 0.681740 0.123637 0.231386 0.731188 65.331615 65.305716 65.305716
0.205292 0.583689 0.012126 0.283777 0.697545 66.790449 67.102864 66.790449
0.151730 0.683578 0.155058 0.109018 0.730138 63.237093 63.985006 63.237093
0.186218 0.684979 0.164062 0.224669 0.831805 62.678301 64.706604 62.678301
0.163231 0.686470 0.140720 0.334394 0.622059 63.823472 64.280163 63.823472
0.204841 0.670096 0.208273 0.333366 0.783156 62.240525 64.194953 62.240525
0.185455 0.672688 0.162022 0.247961 0.716838 65.462770 65.400589 65.400589
0.182594 0.687660 0.118361 0.359258 0.766299 63.938569 64.043782 63.938569
0.204722 0.677953 0.120811 0.343009 0.604415 62.960603 63.363590 62.960603
0.188566 0.677815 0.133352 0.192430 0.780777 64.836767 64.656023 64.656023
0.113009 0.541973 0.010947 0.449859 0.682417 68.407874 68.674128 68.407874
0.180400 0.682740 0.130814 0.269839 0.690608 65.732823 65.705663 65.705663
0.193463 0.677415 0.145242 0.326871 0.722666 64.894747 64.896139 64.894747
0.164429 0.665833 0.253500 0.266906 0.735426 62.042858 63.213667 62.042858
0.160404 0.703325 0.104172 0.252143 0.606477 62.868474 65.962631 62.868474
0.197753 0.577946 0.008192 0.349351 0.615532 63.617077 64.928696 63.617077
0.167862 0.678141 0.160871 0.194923 0.796081 64.176243 64.016821 64.016821
0.186393 0.684255 0.112277 0.323781 0.738912 65.049698 64.490368 64.490368
0.593401 0.871912 0.897141 0.920933 0.673794 63.537894 63.563365 63.537894
0.193921 0.691282 0.184013 0.262872 0.765891 62.353236 66.799193 62.353236
0.187586 0.683726 0.116187 0.256792 0.715852 65.602339 65.492142 65.492142
