# gen=200 mediating population
# x0..x(D-1) f0 f1 consensus
0.348766 0.340639 0.258871 0.427608 0.295864 5.128073 14.727077 5.128073
0.526221 0.300725 0.285669 0.481183 0.157481 5.128073 10.592132 5.128073
0.278433 0.242019 0.203396 0.546364 0.184400 5.128073 6.338587 5.128073
0.421003 0.205617 0.292246 0.345269 0.032933 5.128073 5.367372 5.128073
0.464776 0.266630 0.312510 0.483280 0.000000 5.128073 9.785333 5.128073
0.568355 0.245529 0.312479 0.424556 0.291419 5.128073 6.237578 5.128073
0.498046 0.126249 0.290749 0.607037 0.244468 5.128073 5.362845 5.128073
0.259703 0.294890 0.297414 0.256929 0.220450 5.128073 7.077852 5.128073
0.403786 0.412192 0.280484 0.509558 0.221273 5.128073 10.230515 5.128073
0.329138 0.397862 0.269841 0.536598 0.000000 5.128073 7.474052 5.128073
0.208904 0.406145 0.329880 0.585155 0.225410 5.128073 5.202449 5.128073
0.340955 0.317171 0.181824 0.636562 0.000000 5.128073 9.812994 5.128073
0.421249 0.222956 0.296419 0.613937 0.000000 5.128073 12.774924 5.128073
0.535110 0.292831 0.287073 0.538695 0.263112 5.128073 10.432911 5.128073
0.367525 0.155718 0.329284 0.330509 0.154591 5.415096 5.509413 5.415096
0.362257 0.391099 0.182582 0.448346 0.115105 5.128073 6.616883 5.128073
0.501021 0.295455 0.261929 0.655214 0.172259 5.128073 13.374861 5.128073
0.297739 0.304425 0.314821 0.438634 0.129676 5.128073 11.450170 5.128073
0.299947 0.110775 0.299276 0.571777 0.000000 5.128073 6.537762 5.128073
0.186322 0.341802 0.274154 0.663021 0.000000 5.128073 5.975015 5.128073
1.000000 1.000000 1.000000 0.322167 1.000000 3.432548 3.763752 3.432548
0.697434 0.864226 1.000000 0.000000 0.278971 3.432548 3.763752 3.432548
0.383428 0.127699 0.869958 0.260330 0.455915 29.425775 7.679596 7.679596
0.253591 0.000000 0.232384 0.624835 0.210882 5.128073 3.555963 3.555963
0.418819 0.314214 0.309280 0.662561 0.307195 5.128073 41.358477 5.128073
0.259305 0.159057 0.320486 0.377207 0.299382 5.128073 6.854861 5.128073
0.433969 0.446941 0.438966 0.658708 0.491787 5.128073 2.448436 2.448436
0.310069 0.278523 0.306339 0.533700 0.054778 5.128073 7.898475 5.128073
0.937900 0.866256 0.943136 0.319840 0.000000 3.432548 3.763752 3.432548
0.705604 0.931435 0.252292 0.427117 0.620352 1.146242 3.763752 1.146242
0.544147 0.373012 0.245171 0.349220 0.000000 5.128073 5.488933 5.128073
0.420510 0.090220 0.277293 0.467557 0.088701 5.128073 5.188799 5.128073
0.077444 0.000000 0.151570 0.389583 0.000000 5.128073 2.561502 2.561502
0.355789 0.328729 0.331175 0.312351 0.173086 5.128073 6.616700 5.128073
0.480760 0.357702 0.195730 0.493521 0.315718 5.128073 7.118246 5.128073
0.403715 0.277296 0.182379 0.526861 0.131993 5.128073 8.437784 5.128073
0.331808 0.131644 0.343705 0.546953 0.220684 5.128073 5.440714 5.128073
0.591485 0.961551 0.012161 0.991163 0.620393 1.146242 1.383574 1.146242
0.498268 0.245679 0.286662 0.295721 0.167178 5.128073 5.234437 5.128073
0.713495 0.756948 1.000000 0.154356 0.821842 3.432548 3.763752 3.432548
0.450094 0.323316 0.284140 0.367380 0.219283 5.128073 6.495738 5.128073
0.417752 0.347348 0.178001 0.385903 0.000989 5.128073 5.253487 5.128073
0.240659 0.350830 0.317774 0.359742 0.275668 5.128073 12.597840 5.128073
0.354303 0.201573 0.341564 0.633635 0.281735 5.128073 16.290725 5.128073
0.831768 0.765395 0.977140 0.181944 0.441560 3.432548 3.763752 3.432548
0.455937 0.372738 0.118935 0.657088 0.387253 5.128073 2.448436 2.448436
0.841109 0.771469 1.000000 0.361350 0.722850 3.432548 3.763752 3.432548
0.423434 0.351034 0.164616 0.636789 0.122234 5.128073 11.560330 5.128073
0.180588 0.213526 0.303640 0.650988 0.243864 5.128073 9.259279 5.128073
1.000000 1.000000 1.000000 0.000000 0.510160 3.432548 3.763752 3.432548
0.466741 0.377235 0.195326 0.614856 0.000000 5.128073 8.044905 5.128073
0.887960 0.971439 0.893844 0.208300 1.000000 3.432548 3.763752 3.432548
0.564217 0.191209 0.330779 0.537051 0.150791 5.128073 5.891806 5.128073
0.163198 0.000000 0.191636 0.463734 0.045300 5.128073 2.508273 2.508273
0.293239 0.306562 0.207190 0.637724 0.292360 5.128073 10.040313 5.128073
0.818188 0.534824 0.382780 0.334767 0.400185 44.009455 24.363424 24.363424
0.700816 1.000000 0.971305 0.326178 0.226649 3.432548 3.763752 3.432548
0.570385 0.300725 0.289329 0.575559 0.000000 5.128073 5.128952 5.128073
0.341683 0.306907 0.151716 0.323016 0.301340 5.128073 7.276985 5.128073
0.840395 1.000000 1.000000 0.171038 0.103731 3.432548 3.763752 3.432548
0.476530 0.209776 0.120353 0.639218 0.252934 5.128073 5.286128 5.128073
0.920036 0.853964 1.000000 0.000000 1.000000 3.432548 3.763752 3.432548
0.893906 0.927878 1.000000 0.128461 0.634058 3.432548 3.763752 3.432548
0.853381 0.790645 1.000000 0.361263 0.375314 3.432548 3.763752 3.432548
0.000000 0.341322 0.307395 0.005902 0.162311 5.128073 2.477826 2.477826
0.924899 0.879049 0.980650 0.309298 1.000000 3.432548 3.763752 3.432548
0.156878 0.291266 0.196556 0.661018 0.273261 5.128073 5.602836 5.128073
0.151012 0.638557 0.088702 0.505859 0.159354 1.271467 2.448436 1.271467
1.000000 0.905720 0.936011 0.293000 0.602472 3.827721 3.763752 3.763752
0.378828 0.365434 0.340844 0.584744 0.122234 5.128073 22.837647 5.128073
0.389355 0.195111 0.083518 0.192502 0.047555 5.128073 2.448941 2.448941
0.856207 0.564786 0.556723 0.155903 0.414015 35.216728 22.972589 22.972589
0.433976 0.348542 0.246796 0.231787 0.161353 5.128073 5.231990 5.128073
0.494285 0.387834 0.333493 0.410018 0.117851 5.128073 6.504378 5.128073
0.425286 0.276726 0.184994 0.383925 0.155935 5.128073 5.967032 5.128073
0.392989 0.257891 0.263684 0.580182 0.226799 5.128073 19.171026 5.128073
0.175119 0.176967 0.324888 0.411620 0.155826 5.128073 4.648174 4.648174
0.343900 0.231940 0.214673 0.265901 0.236809 5.128073 3.752600 3.752600
0.072798 0.000000 0.000000 0.286166 0.000000 5.128073 2.448436 2.448436
0.315751 0.265473 0.204491 1.000000 0.634508 5.128073 2.448436 2.448436
0.804800 0.576100 0.554607 0.295073 0.084072 14.826681 7.564819 7.564819
0.743235 0.958962 0.960470 0.190390 0.003743 3.432548 3.763752 3.432548
0.197729 0.000000 0.331188 0.623759 0.094017 5.128073 3.362656 3.362656
0.376033 0.383035 0.323725 0.641357 0.000000 5.128073 25.425207 5.128073
0.139602 0.388401 0.291709 0.511930 0.110619 5.128073 5.479994 5.128073
0.491867 0.091360 0.163836 0.658299 0.000000 5.128073 3.176170 3.176170
0.275751 0.349370 0.181824 0.588465 0.110636 5.128073 6.598927 5.128073
0.321745 0.296496 0.312591 0.284314 0.000000 5.128073 6.220055 5.128073
0.027345 0.137682 0.863141 0.325636 0.559200 41.149185 13.166445 13.166445
0.107359 0.000000 0.000000 0.828738 0.106379 5.128073 2.448436 2.448436
1.000000 1.000000 1.000000 0.000000 0.816185 3.432548 3.763752 3.432548
0.532670 0.222814 0.146639 0.457952 0.132543 5.128073 2.846380 2.846380
0.011861 0.477960 0.478036 0.154358 0.389916 5.128073 2.448436 2.448436
0.661034 0.862814 1.000000 0.040833 0.000000 3.432548 3.763752 3.432548
0.493799 0.363942 0.428371 0.147189 0.038152 5.128073 2.448436 2.448436
0.000000 0.000000 0.000000 0.793840 0.009481 5.128073 2.448436 2.448436
0.252366 0.000000 0.059367 0.698587 0.741667 5.128073 2.448436 2.448436
1.000000 0.763105 1.000000 0.000000 0.781609 3.432548 3.763752 3.432548
0.287581 0.161008 0.373524 0.761966 0.371742 5.128073 2.448436 2.448436
0.496930 0.236311 0.263756 0.658973 0.290653 5.128073 11.562942 5.128073
0.466645 0.371468 0.000000 0.317407 0.170717 5.128073 2.448436 2.448436
0.059045 0.313658 0.446909 0.688252 0.803959 5.128073 2.448436 2.448436
0.804876 0.551097 0.546841 0.330127 0.319554 51.812004 39.224588 39.224588
0.375458 0.294514 0.192740 0.041886 0.290126 5.128073 2.834857 2.834857
0.982033 1.000000 1.000000 0.000000 0.368834 3.432548 3.763752 3.432548
0.038341 0.000000 0.278576 0.529555 0.000000 5.128073 2.517077 2.517077
0.181155 0.134705 0.285812 0.543190 0.063550 5.128073 5.167442 5.128073
0.857046 0.836835 0.885566 0.394166 0.351204 3.432548 3.763752 3.432548
0.267032 0.390446 0.337031 0.651718 0.132312 5.128073 12.059353 5.128073
0.753100 0.839405 0.910835 0.025120 1.000000 3.432548 3.763752 3.432548
0.250896 0.133956 0.269766 0.603832 0.311651 5.128073 5.375897 5.128073
0.242486 0.129847 0.873279 0.306364 0.474436 65.171272 46.557514 46.557514
0.000000 0.297200 0.255417 0.248981 0.249897 5.128073 2.555632 2.555632
0.362849 0.671145 0.215558 0.234924 0.958114 1.264175 2.448436 1.264175
0.221474 0.205553 0.296589 0.992110 0.602472 5.128073 2.448436 2.448436
0.404542 0.092682 0.308398 0.628676 0.000000 5.128073 7.595390 5.128073
0.445147 0.342131 0.294798 0.194810 0.304053 5.128073 8.656389 5.128073
0.527038 0.218930 0.251002 0.539685 0.068890 5.128073 5.244972 5.128073
1.000000 1.000000 1.000000 0.000000 0.676503 3.432548 3.763752 3.432548
1.000000 1.000000 1.000000 0.001488 1.000000 3.432548 3.763752 3.432548
1.000000 1.000000 0.975566 0.289073 0.000000 3.432548 3.763752 3.432548
0.302001 0.112196 0.417072 0.482590 0.319782 5.128073 2.448436 2.448436
0.000000 0.000000 0.000000 0.652400 0.344677 5.128073 2.448436 2.448436
0.075272 0.150573 0.136670 0.598852 0.671853 5.128073 2.448436 2.448436
0.564658 0.400637 0.242115 0.619636 0.088927 5.128073 6.707585 5.128073
0.265122 0.192789 0.257838 0.659787 0.163252 5.128073 6.982648 5.128073
0.211570 0.248789 0.975930 0.644821 0.599070 5.128073 0.173741 0.173741
0.799324 1.000000 0.932881 0.141987 0.545646 3.432548 3.763752 3.432548
0.019861 0.368592 0.259911 0.413451 0.241831 5.128073 3.527509 3.527509
0.872548 1.000000 1.000000 0.340190 0.508168 3.432548 3.763752 3.432548
0.976089 0.924521 0.999070 0.490131 0.833604 3.432548 3.763752 3.432548
0.220097 0.246081 0.397908 0.497245 0.169497 5.128073 2.448436 2.448436
0.172420 0.000000 0.341015 0.206904 0.252783 5.128073 2.449454 2.449454
0.128558 0.008360 0.041752 0.357941 0.332402 5.128073 2.448436 2.448436
0.835598 0.768197 0.984498 0.094123 0.546407 3.432548 3.763752 3.432548
0.138350 0.333263 0.294733 0.563237 0.296937 5.128073 8.977808 5.128073
0.877161 1.000000 0.882301 0.482823 0.294440 3.432548 3.763752 3.432548
0.497099 0.004584 0.315892 0.567327 0.010936 5.128073 3.373687 3.373687
0.644234 0.781739 0.931694 0.277193 0.696311 3.432548 3.763752 3.432548
0.242420 0.236572 0.208859 0.629338 0.000000 5.128073 5.142365 5.128073
0.252366 0.829854 0.089714 0.660984 0.741667 8.690974 1.383574 1.383574
0.658205 0.804047 1.000000 0.172311 0.638151 3.432548 3.763752 3.432548
0.488270 0.399710 0.239714 0.587865 0.241437 5.128073 8.849167 5.128073
0.269646 0.421389 0.244356 0.137266 0.397905 5.128073 2.448436 2.448436
0.780354 0.810801 1.000000 0.550149 0.114257 3.432548 3.763752 3.432548
1.000000 1.000000 1.000000 0.355795 0.806939 3.432548 3.763752 3.432548
0.325433 0.111905 0.194203 0.844681 0.182488 5.128073 2.448436 2.448436
0.831479 0.942414 0.909911 0.085680 0.726282 3.432548 3.763752 3.432548
0.404541 0.244552 0.152134 0.574607 0.316521 5.128073 8.006471 5.128073
0.529701 0.316596 0.199052 0.356037 0.279998 5.128073 5.453956 5.128073
0.655156 0.793819 0.877525 0.041369 0.678377 3.432548 3.763752 3.432548
1.000000 1.000000 1.000000 0.151302 0.426474 3.432548 3.763752 3.432548
0.683584 0.884436 0.928795 0.022137 0.550438 7.192553 3.763752 3.763752
0.182425 0.210042 0.263025 0.474607 0.269073 5.128073 5.155875 5.128073
0.299382 0.909872 0.048475 0.778205 0.000000 1.271467 1.383574 1.271467
0.804876 0.540154 0.530061 0.029760 0.389353 14.612260 7.417684 7.417684
0.336527 0.088443 0.167878 0.498983 0.000000 5.128073 3.949547 3.949547
0.830629 1.000000 0.915305 0.422612 0.207697 3.432548 3.763752 3.432548
0.169060 0.146358 0.868902 0.188484 0.340690 33.681045 8.082216 8.082216
0.257517 0.214056 0.170430 0.599197 0.491787 5.128073 2.448436 2.448436
0.716644 0.932659 0.914642 0.072317 0.184765 3.432548 3.763752 3.432548
0.116200 0.312728 0.193554 0.066610 0.150693 5.128073 2.531351 2.531351
0.521431 0.000000 0.088293 0.390681 0.340294 5.128073 2.448436 2.448436
0.293883 0.194575 0.152776 0.640058 0.277816 5.128073 7.657921 5.128073
0.827602 0.571128 0.408019 0.237561 0.175778 15.265189 7.365368 7.365368
0.923793 1.000000 0.969841 0.508696 0.483786 3.432548 3.763752 3.432548
0.945906 0.875139 1.000000 0.000000 0.677902 3.432548 3.763752 3.432548
0.905993 1.000000 1.000000 0.018898 0.103755 3.432548 3.763752 3.432548
0.517706 0.364820 0.312570 0.140861 0.925535 5.128073 2.448436 2.448436
0.119143 0.000000 0.351992 0.596074 0.008078 5.128073 2.465330 2.465330
0.530926 0.210610 0.214592 0.660984 0.417086 5.128073 2.448436 2.448436
0.400326 0.288845 0.000000 0.577190 0.077117 5.128073 2.448436 2.448436
0.286234 0.184684 0.026503 0.224031 0.084343 5.128073 2.539954 2.539954
0.249354 0.127699 0.866001 0.176184 0.550456 44.722371 24.370799 24.370799
0.353083 0.225009 0.232556 0.193938 0.133797 5.128073 3.839905 3.839905
0.310079 0.000000 0.000000 0.718440 0.000000 5.128073 2.448436 2.448436
0.898445 0.781595 0.929890 0.277674 0.889598 3.432548 3.763752 3.432548
0.236688 0.310901 0.220372 0.495358 0.300954 5.128073 5.680811 5.128073
0.977605 0.865532 0.888269 0.227548 0.334650 3.702863 3.763752 3.702863
0.376007 0.468619 0.089714 0.660984 0.301206 5.128073 2.448436 2.448436
0.940543 1.000000 1.000000 0.104020 0.718166 3.432548 3.763752 3.432548
0.480580 0.042689 0.377405 0.429020 0.936433 5.128073 2.448436 2.448436
0.545332 0.182406 0.162564 0.667367 0.151734 5.128073 3.247227 3.247227
0.406073 0.663754 0.394556 0.792828 0.658234 1.264175 2.448436 1.264175
0.476100 0.360643 0.220233 0.867120 0.518312 5.128073 2.448436 2.448436
0.156279 0.041525 0.879477 0.319249 0.464734 36.938315 16.217578 16.217578
0.809394 0.840651 0.901808 0.533737 0.999967 3.432548 3.763752 3.432548
0.152474 0.403677 0.077268 0.227210 0.000000 5.128073 2.448436 2.448436
0.160671 0.027577 0.306942 0.085221 0.196037 5.128073 2.448436 2.448436
0.131014 0.072031 0.093879 0.254774 0.261674 5.128073 2.448436 2.448436
0.325839 0.991824 0.847642 0.721860 0.586050 1.264175 0.783738 0.783738
0.967199 0.853342 0.923549 0.354936 0.442208 13.865687 3.763752 3.763752
0.112940 0.000000 0.000000 0.921766 0.196129 5.128073 2.448436 2.448436
0.170052 0.024555 0.484781 0.384986 0.887686 5.128073 2.448436 2.448436
0.078749 0.112774 0.823497 0.342701 0.442142 28.720730 5.361761 5.361761
0.560714 0.362376 0.000000 0.924932 0.231636 5.128073 2.448436 2.448436
1.000000 0.903856 0.913243 0.392395 0.138367 3.432548 3.763752 3.432548
0.404241 0.000000 0.000000 1.000000 0.000000 5.128073 2.448436 2.448436
1.000000 1.000000 1.000000 0.351363 0.513819 3.432548 3.763752 3.432548
0.225559 0.930963 0.442967 0.814700 0.528988 1.264175 0.783738 0.783738
0.885867 0.743602 0.998334 0.089489 0.791737 3.432548 3.763752 3.432548
0.934070 0.839634 1.000000 0.000000 0.474890 3.432548 3.763752 3.432548
0.825809 0.328756 0.545358 0.260507 0.408674 13.561280 7.221663 7.221663
0.561690 0.401659 0.306774 0.452212 0.255752 5.128073 7.659752 5.128073
0.289560 0.219721 0.219570 0.853365 0.231236 5.128073 2.448436 2.448436
0.578370 0.103017 0.859324 0.935363 0.624071 1.693754 0.173741 0.173741
0.962272 1.000000 0.884741 0.365380 0.000000 3.432548 3.763752 3.432548
0.249673 0.444798 0.224344 0.717378 0.291885 5.128073 2.448436 2.448436
0.424871 0.183012 0.341082 0.495466 0.313923 5.128073 5.527297 5.128073
0.380681 0.141730 0.342191 0.727511 0.572996 5.128073 2.448436 2.448436
0.845867 0.806112 0.874641 0.133994 0.838264 3.432548 3.763752 3.432548
1.000000 1.000000 0.998321 0.507580 0.000000 3.432548 3.763752 3.432548
0.736127 0.878644 0.986648 0.000000 0.132478 3.432548 3.763752 3.432548
0.052666 0.223185 0.425737 0.726867 0.492320 5.128073 2.448436 2.448436
0.672384 0.829378 0.762953 0.745541 0.123169 1.146242 0.611451 0.611451
0.567587 0.242603 0.304822 0.215347 0.089821 5.128073 2.533110 2.533110
0.740585 0.755452 0.337792 0.309906 0.816017 1.146242 3.763752 1.146242
0.517777 0.296297 0.137720 0.586976 0.194135 5.128073 5.740504 5.128073
0.598068 0.487714 0.891613 0.814415 0.931093 3.432548 0.173741 0.173741
0.000000 0.319605 0.389329 0.064158 0.264693 5.128073 2.448436 2.448436
1.000000 1.000000 1.000000 0.231444 0.275589 3.432548 3.763752 3.432548
0.855689 0.943069 0.989941 0.253982 0.608243 3.432548 3.763752 3.432548
0.566082 0.171394 0.192462 0.357511 0.107567 5.128073 2.931424 2.931424
1.000000 1.000000 0.906909 0.527935 0.100659 3.432548 3.763752 3.432548
0.323182 0.360990 0.181615 0.286750 0.174841 5.128073 5.901375 5.128073
0.410188 0.361918 0.338103 0.497830 0.316983 5.128073 7.997327 5.128073
0.858231 0.985775 0.949133 0.085205 1.000000 3.432548 3.763752 3.432548
0.073354 0.479550 0.894932 0.330534 0.580260 5.128073 0.173741 0.173741
0.224822 0.399477 0.329773 0.550260 0.000000 5.128073 5.394299 5.128073
0.284666 0.000000 0.000000 0.936557 0.162370 5.128073 2.448436 2.448436
0.866570 0.812337 1.000000 0.000000 0.057726 3.432548 3.763752 3.432548
0.708093 0.986226 0.913707 0.000000 0.469352 3.432548 3.763752 3.432548
0.459186 0.344288 0.380512 0.225102 0.208578 5.128073 2.448436 2.448436
0.282212 0.107759 0.346790 0.829344 0.654450 5.128073 2.448436 2.448436
0.181108 0.133295 0.194081 0.557252 0.229523 5.128073 4.155916 4.155916
0.140185 0.039989 0.000000 0.746459 0.816017 5.128073 2.448436 2.448436
0.514534 0.188099 0.044463 0.791195 0.101398 5.128073 2.448436 2.448436
0.070300 0.808818 0.309562 0.990726 0.004058 1.264175 0.783738 0.783738
0.209158 0.288671 0.860671 0.784808 0.494015 5.128073 0.173741 0.173741
0.167693 0.000000 0.870157 0.143078 0.530582 12.175679 6.615164 6.615164
0.227554 0.739092 0.350128 0.483216 0.532975 1.264175 0.783738 0.783738
0.091030 0.157961 0.009980 0.872448 0.588980 5.128073 2.448436 2.448436
0.198708 0.268823 0.265108 0.312440 0.054159 5.128073 3.459321 3.459321
0.500653 0.114795 0.610300 0.567127 0.242921 5.128073 0.173741 0.173741
1.000000 1.000000 0.905427 0.209686 0.867847 3.432548 3.763752 3.432548
0.510080 0.245107 0.337792 0.317273 0.303559 5.128073 5.612719 5.128073
0.292402 0.312719 0.328705 0.158514 0.015753 5.128073 3.068538 3.068538
0.536284 0.322058 0.206253 0.296569 0.111828 5.128073 3.105474 3.105474
0.448433 0.397323 0.273156 0.193887 0.000000 5.128073 4.316357 4.316357
0.196701 0.139768 0.780869 0.201125 0.467157 47.422699 6.649779 6.649779
0.158550 0.537911 0.840618 0.424130 0.451613 1.264175 0.173741 0.173741
1.000000 0.971327 0.889421 0.350210 0.252686 3.432548 3.763752 3.432548
0.678253 0.824959 0.704999 0.283839 0.428733 1.146242 3.763752 1.146242
0.204921 0.075826 0.683204 0.328980 0.800255 5.128073 0.173741 0.173741
0.269603 0.000000 0.000000 0.053933 0.000000 5.128073 2.448436 2.448436
0.060941 0.455543 0.490309 0.826816 0.355851 5.128073 0.173741 0.173741
0.864232 0.226157 0.621970 0.256202 0.196770 1.146242 0.180244 0.180244
0.401467 0.939450 0.021592 0.293297 0.715412 1.272614 1.383574 1.272614
0.485673 0.109282 0.277132 0.471879 0.263112 5.128073 5.926729 5.128073
0.439430 0.405108 0.337792 0.535818 0.000000 5.128073 5.181354 5.128073
0.913674 0.473501 0.792251 0.580991 0.574665 1.146242 0.180244 0.180244
0.235201 0.000000 0.155950 0.592707 0.000000 5.128073 2.839646 2.839646
0.124001 0.653053 0.245767 0.829691 0.609085 1.264175 2.448436 1.264175
0.107556 0.461363 0.185741 0.425878 0.876573 5.128073 2.448436 2.448436
0.731160 0.098512 0.246542 0.051896 0.948178 0.196914 0.180244 0.180244
0.307092 0.237448 0.179938 0.489272 0.000000 5.128073 4.343388 4.343388
1.000000 0.892782 0.972625 0.186588 0.752532 3.432548 3.763752 3.432548
0.751900 0.809442 1.000000 0.000000 0.598361 3.432548 3.763752 3.432548
0.963973 0.014958 0.938111 0.112538 0.916813 1.693754 0.557132 0.557132
0.369187 0.434455 0.438677 0.138941 0.009399 5.128073 2.448436 2.448436
0.179252 0.090837 0.289594 0.303935 0.411034 5.128073 2.448436 2.448436
0.085139 0.000000 0.000000 0.487924 0.000000 5.128073 2.448436 2.448436
0.024615 0.868410 0.979956 0.736711 0.567654 1.264175 0.783738 0.783738
0.000000 0.394264 0.228821 0.136363 0.208992 5.128073 2.532847 2.532847
1.000000 0.909872 1.000000 0.170131 0.891452 3.432548 3.763752 3.432548
1.000000 0.834831 0.883105 0.265218 0.513814 3.751509 3.763752 3.751509
0.187140 0.324908 0.155996 0.164358 0.298719 5.128073 2.677207 2.677207
0.774541 0.791541 0.949841 0.303357 0.447992 3.432548 3.763752 3.432548
0.926654 0.766305 1.000000 0.045133 0.628081 3.432548 3.763752 3.432548
0.699967 0.898782 0.903060 0.213671 0.469762 6.065194 3.763752 3.763752
0.829648 0.442624 0.507336 0.288912 0.394050 28.334392 26.299320 26.299320
0.352397 0.494923 0.164080 0.655407 0.567603 5.128073 2.448436 2.448436
0.175551 0.061879 0.000000 0.558555 0.510802 5.128073 2.448436 2.448436
0.381871 0.623401 0.103913 0.377272 0.994169 1.271467 2.448436 1.271467
0.826378 0.393075 0.515567 0.214176 0.307056 13.359237 8.146026 8.146026
0.257995 0.392798 0.341524 0.491206 0.285144 5.128073 8.681362 5.128073
0.182049 0.161415 0.810719 0.311953 0.584108 29.452326 5.105480 5.105480
0.277095 0.238854 0.304329 0.428317 0.000000 5.128073 5.043912 5.043912
0.104165 0.263405 0.228909 0.585217 0.111857 5.128073 3.839628 3.839628
0.536436 0.000000 0.156954 0.433150 0.250186 5.128073 2.670018 2.670018
0.368989 0.141011 0.150540 0.635323 0.154714 5.128073 3.976992 3.976992
0.251292 0.583062 0.203005 0.373370 0.944418 1.264175 2.448436 1.264175
0.888331 0.251181 0.071240 0.535975 0.117108 1.146242 0.180244 0.180244
0.000000 0.042752 0.250042 0.197428 0.760779 5.128073 2.448436 2.448436
0.030673 0.252918 0.398991 0.490205 0.200351 5.128073 2.448436 2.448436
0.757853 0.080468 0.191444 0.374557 0.402156 0.196914 0.180244 0.180244
0.549922 0.972227 0.000000 0.045773 0.203075 1.271467 1.383574 1.271467
0.077890 0.000000 0.294343 0.553369 0.129155 5.128073 2.707947 2.707947
0.476210 0.215482 0.221757 0.683170 0.062889 5.128073 2.448436 2.448436
0.840196 0.561002 0.488664 0.191860 0.279979 19.760907 9.346560 9.346560
