# gen=10 mediating population
# x0..x(D-1) f0 f1 consensus
0.839591 0.884309 1.000000 2.901349 2.307569 2.307569
1.000000 1.000000 1.000000 2.901349 2.307569 2.307569
0.000000 0.845649 0.233773 0.904408 3.159535 0.904408
0.676502 1.000000 0.885737 2.901349 2.307569 2.307569
0.906326 0.336450 0.345282 1.039835 0.828888 0.828888
0.859449 0.227868 0.288790 1.039835 0.828888 0.828888
0.952968 1.000000 0.741994 2.901349 2.307569 2.307569
0.310921 0.847786 0.883749 0.930352 2.762915 0.930352
0.811334 0.882440 0.361894 8.060184 0.534106 0.534106
0.709477 0.000000 0.422542 4.366990 2.722036 2.722036
1.000000 0.913235 0.599902 2.901349 2.307569 2.307569
0.707943 0.723098 0.402464 0.455185 0.158786 0.158786
0.728350 0.947436 1.000000 2.901349 2.307569 2.307569
0.030494 0.851357 0.510140 0.904408 3.159535 0.904408
0.749525 1.000000 0.707298 2.901349 2.307569 2.307569
0.852986 1.000000 0.595924 2.901349 2.307569 2.307569
0.640549 0.623444 0.258287 0.911207 2.722036 0.911207
1.000000 0.074984 0.056765 1.039835 0.828888 0.828888
0.971155 0.795491 0.248918 0.455185 0.158786 0.158786
0.658350 0.612652 0.421418 0.911207 2.722036 0.911207
0.000000 1.000000 0.164968 0.904408 3.159535 0.904408
0.698296 0.139376 0.196552 1.039835 2.722036 1.039835
0.050306 0.573873 0.246718 0.904408 3.159535 0.904408
0.155305 0.569686 0.350335 0.904408 3.159535 0.904408
0.308941 0.106150 0.382591 0.487561 0.458077 0.458077
0.390397 0.000000 0.361605 0.487561 0.458077 0.458077
0.981135 0.356115 0.570753 0.122806 0.026814 0.026814
0.575597 0.456559 0.044438 0.911207 2.722036 0.911207
0.997092 1.000000 0.859194 2.901349 2.307569 2.307569
0.026094 0.360511 0.763840 0.183399 0.249983 0.183399
0.135374 0.997600 0.377851 0.904408 3.159535 0.904408
0.950264 0.818502 0.712652 2.901349 2.307569 2.307569
0.844964 0.880703 0.541759 2.901349 2.307569 2.307569
0.956093 0.833062 1.000000 2.901349 2.307569 2.307569
0.000000 1.000000 0.357142 0.904408 3.159535 0.904408
1.000000 1.000000 1.000000 2.901349 2.307569 2.307569
0.705439 0.606219 0.544804 0.140095 0.311490 0.140095
0.509543 1.000000 0.149901 5.031260 0.772570 0.772570
0.746220 0.959020 0.657170 2.901349 2.307569 2.307569
0.976518 0.018592 0.873098 4.366990 0.026814 0.026814
0.212038 0.663625 0.838734 0.930352 0.020200 0.020200
0.000000 0.650433 0.136869 0.904408 3.159535 0.904408
0.629023 0.876831 0.372885 0.455185 0.594242 0.455185
0.404976 0.899767 0.787495 0.930352 2.762915 0.930352
0.468494 0.583555 0.248244 5.031260 0.387676 0.387676
0.958030 0.751327 0.934169 2.901349 0.079020 0.079020
0.860187 0.727078 0.370550 0.455185 0.158786 0.158786
0.534782 0.320870 0.664691 1.052066 0.095128 0.095128
1.000000 0.995474 0.707816 2.901349 2.307569 2.307569
0.315835 0.995854 0.339128 0.137274 0.772570 0.137274
0.666667 0.820789 0.571179 2.901349 2.307569 2.307569
0.850421 0.153094 0.851645 0.122806 0.026814 0.026814
0.993789 0.476144 0.743356 0.140095 0.368558 0.140095
0.473401 0.794609 0.374470 5.031260 0.772570 0.772570
0.488047 0.210937 0.750137 1.052066 0.458077 0.458077
0.819890 0.518588 0.876798 0.140095 0.368558 0.140095
0.721704 0.259210 0.041461 1.039835 2.722036 1.039835
0.467418 0.887542 0.024005 5.031260 3.696322 3.696322
0.638170 0.019822 0.127297 1.039835 2.722036 1.039835
0.755356 0.855936 0.805969 2.901349 2.307569 2.307569
0.438809 0.189520 0.227849 0.487561 0.392169 0.392169
1.000000 0.554761 0.351357 0.911207 0.828888 0.828888
0.332627 0.209610 0.877971 0.924847 0.458077 0.458077
0.292838 0.561802 0.076123 0.676263 0.387676 0.387676
0.255929 0.816779 0.054052 0.137274 0.772570 0.137274
0.597511 0.393363 0.202862 3.414387 2.722036 2.722036
0.944231 0.222540 0.124329 1.039835 0.828888 0.828888
0.351470 0.403164 0.277428 0.487561 0.087352 0.087352
0.910286 1.000000 0.974170 2.901349 2.307569 2.307569
0.374964 1.000000 0.941501 0.930352 2.762915 0.930352
0.140399 0.443445 0.679913 0.904408 0.095128 0.095128
0.658393 1.000000 0.841008 2.901349 2.307569 2.307569
0.564005 0.546526 0.172334 0.911207 2.722036 0.911207
0.257051 0.322285 0.753068 0.183399 0.095128 0.095128
0.000000 1.000000 0.504652 0.904408 3.159535 0.904408
0.640384 0.057570 0.000000 1.039835 2.722036 1.039835
1.000000 1.000000 0.845839 2.901349 2.307569 2.307569
0.083296 0.461240 0.800237 0.005103 0.095128 0.005103
0.734844 1.000000 0.729130 2.901349 2.307569 2.307569
0.353962 0.904523 0.583776 0.137274 0.772570 0.137274
0.409301 0.121378 0.617675 0.924847 0.458077 0.458077
0.852471 0.822118 0.886730 2.901349 2.307569 2.307569
0.872892 1.000000 0.716833 2.901349 2.307569 2.307569
0.857574 1.000000 0.000000 0.455185 0.534106 0.455185
0.646373 0.115264 0.324967 1.039835 2.722036 1.039835
0.445996 0.909255 0.316757 0.137274 0.772570 0.137274
0.152047 0.642308 0.592379 0.904408 3.159535 0.904408
0.000000 0.709954 0.098346 0.904408 3.159535 0.904408
1.000000 1.000000 1.000000 2.901349 2.307569 2.307569
0.381060 0.891401 0.248532 26.515241 45.801822 26.515241
0.864830 0.000000 0.011283 1.039835 0.828888 0.828888
0.443783 0.783354 0.591122 0.137274 0.772570 0.137274
0.797072 1.000000 1.000000 2.901349 2.307569 2.307569
0.762163 0.359790 0.315870 1.039835 2.722036 1.039835
0.864202 0.578910 0.411404 0.911207 0.828888 0.828888
0.015991 0.851357 0.651723 1.345872 3.159535 1.345872
0.919194 0.281113 0.609103 0.122806 0.026814 0.026814
0.547358 0.250156 0.366083 0.466114 2.722036 0.466114
0.899430 0.547471 0.184468 0.911207 0.828888 0.828888
0.329485 0.672878 0.537256 0.137274 0.387676 0.137274
1.000000 0.925041 0.702923 2.901349 2.307569 2.307569
0.572358 0.901833 0.951564 2.901349 0.506643 0.506643
0.746220 0.883527 0.657170 7.735657 4.099440 4.099440
0.873132 0.911027 0.971386 2.901349 2.307569 2.307569
0.155381 0.769021 0.188013 0.904408 3.159535 0.904408
1.000000 1.000000 0.817898 2.901349 2.307569 2.307569
1.000000 0.000000 0.190014 1.039835 0.828888 0.828888
0.036038 0.580294 0.505522 0.904408 3.159535 0.904408
0.594820 0.399897 0.643851 0.140095 0.311490 0.140095
0.594754 0.571936 0.744407 0.140095 0.311490 0.140095
0.090184 0.971942 0.916699 0.007665 0.020200 0.007665
0.420920 0.419864 0.796800 1.550349 0.095128 0.095128
0.911333 0.427918 0.406945 0.911207 0.828888 0.828888
0.907055 0.743555 0.133937 0.455185 0.158786 0.158786
0.578026 0.000277 0.578092 1.052066 0.311490 0.311490
0.423205 0.871459 0.702736 0.930352 0.772570 0.772570
1.000000 1.000000 1.000000 2.901349 2.307569 2.307569
0.310531 0.714700 0.176479 0.137274 0.387676 0.137274
0.784282 0.500263 0.059795 0.911207 0.828888 0.828888
0.722477 1.000000 0.562815 2.901349 2.307569 2.307569
1.000000 0.236138 0.214672 1.039835 0.828888 0.828888
0.177410 0.963894 0.421665 0.137274 3.159535 0.137274
0.508757 0.595499 0.650503 0.012504 0.387676 0.012504
0.946182 0.941393 0.497985 2.901349 0.534106 0.534106
0.943537 0.046167 0.088294 1.039835 0.828888 0.828888
1.000000 0.855099 0.969600 2.901349 2.307569 2.307569
1.000000 1.000000 0.630974 2.901349 2.307569 2.307569
0.670913 0.198208 0.493936 0.122806 0.311490 0.122806
1.000000 0.361459 0.060855 1.039835 0.828888 0.828888
0.583324 0.802276 0.796049 2.901349 5.727658 2.901349
0.593666 0.000000 0.000000 1.039835 2.722036 1.039835
1.000000 0.838278 0.648627 2.901349 2.307569 2.307569
0.723559 1.000000 0.714110 2.901349 2.307569 2.307569
0.178861 1.000000 0.713933 0.930352 3.159535 0.930352
0.077210 0.894810 0.948742 0.005103 0.020200 0.005103
0.402462 0.154108 0.874111 0.924847 0.458077 0.458077
0.410533 0.195917 0.718338 0.924847 0.458077 0.458077
0.656562 0.198741 0.750794 0.122806 0.311490 0.122806
1.000000 0.891527 1.000000 2.901349 2.307569 2.307569
0.614382 0.802129 0.269270 0.455185 0.594242 0.455185
0.744024 0.605469 0.692967 0.140095 0.368558 0.140095
0.165633 0.693530 0.681820 0.930352 3.159535 0.930352
0.249402 0.197538 0.170645 0.487561 0.087352 0.087352
0.661008 0.278460 0.213033 1.039835 8.871007 1.039835
0.377733 0.750230 0.913547 0.930352 2.762915 0.930352
0.625229 0.182718 0.588232 0.122806 0.311490 0.122806
0.855398 0.185615 0.377328 1.039835 0.828888 0.828888
0.979242 0.054428 0.510473 4.366990 0.026814 0.026814
0.488159 0.963466 0.316753 5.031260 0.772570 0.772570
0.675561 0.252169 0.000000 1.039835 2.722036 1.039835
0.779495 0.518248 0.148677 0.911207 0.828888 0.828888
0.523901 0.192979 0.947889 1.052066 0.458077 0.458077
0.223210 0.120395 0.568427 0.183399 0.458077 0.183399
0.955205 0.471416 0.011459 0.911207 0.828888 0.828888
0.809640 1.000000 1.000000 2.901349 2.307569 2.307569
0.997175 0.547226 0.269982 0.911207 0.828888 0.828888
1.000000 1.000000 1.000000 2.901349 2.307569 2.307569
0.669496 1.000000 0.990638 2.901349 2.307569 2.307569
0.733950 0.580918 0.091459 0.911207 2.722036 0.911207
0.444095 0.028749 0.542731 0.924847 0.458077 0.458077
0.532701 0.125061 0.653807 1.052066 0.458077 0.458077
0.972598 0.334898 0.385336 1.039835 0.828888 0.828888
0.358768 0.699781 0.616777 0.137274 0.387676 0.137274
0.657252 0.047324 0.824901 4.366990 0.311490 0.311490
0.691837 0.639832 0.011418 0.911207 2.722036 0.911207
1.000000 1.000000 0.771781 2.901349 2.307569 2.307569
0.489133 0.984314 0.586852 0.012504 0.772570 0.012504
0.446284 0.498174 0.749497 0.001538 0.300494 0.001538
0.340791 0.985284 0.823815 0.930352 2.762915 0.930352
1.000000 1.000000 1.000000 2.901349 2.307569 2.307569
0.598850 0.072243 0.118139 1.039835 2.722036 1.039835
0.108459 0.589233 0.454939 0.904408 3.159535 0.904408
0.085796 0.117207 0.984775 0.183399 0.458077 0.183399
0.569517 0.791645 0.505607 2.901349 0.594242 0.594242
0.648602 0.415128 0.684089 0.140095 0.311490 0.140095
0.035444 0.577479 0.329219 0.904408 3.159535 0.904408
0.000000 0.609140 0.000000 0.904408 3.159535 0.904408
0.278941 0.979194 0.288443 0.137274 0.772570 0.137274
0.109225 0.753235 0.437902 0.904408 3.159535 0.904408
0.950430 0.406363 0.953284 0.140095 0.026814 0.026814
0.573451 0.816753 0.469089 2.901349 0.594242 0.594242
0.977585 0.973002 0.591728 2.901349 2.307569 2.307569
0.463810 0.682738 0.447954 5.031260 0.387676 0.387676
0.890969 0.914775 1.000000 2.901349 2.307569 2.307569
0.277050 0.222811 0.503355 0.924847 0.458077 0.458077
0.723559 1.000000 0.559808 2.901349 2.307569 2.307569
0.062780 0.940885 0.721236 0.005103 3.159535 0.005103
0.880211 0.886164 0.672227 2.901349 2.307569 2.307569
0.743162 0.837656 1.000000 2.901349 2.307569 2.307569
0.505733 0.809274 0.112284 5.031260 0.772570 0.772570
1.000000 1.000000 0.994944 2.901349 2.307569 2.307569
0.920500 0.205642 0.645504 0.122806 0.026814 0.026814
0.903362 0.886960 0.873008 2.901349 2.307569 2.307569
0.135873 0.103035 0.850022 0.183399 0.458077 0.183399
0.444492 0.155633 0.360988 0.487561 0.458077 0.458077
0.175612 0.828687 0.532707 0.137274 3.159535 0.137274
0.000000 0.436483 0.890953 0.183399 0.249983 0.183399
0.690586 0.772643 0.998964 2.901349 0.079020 0.079020
0.546069 0.464478 0.448026 0.911207 2.722036 0.911207
0.945222 0.998229 0.199255 0.455185 0.534106 0.455185
0.924987 0.287150 0.059726 1.039835 0.828888 0.828888
0.472137 0.034631 0.025212 0.466114 0.392169 0.392169
0.979915 1.000000 1.000000 2.901349 2.307569 2.307569
0.488281 1.000000 0.061715 5.031260 0.772570 0.772570
0.447750 0.174786 0.642669 0.924847 0.458077 0.458077
1.000000 1.000000 1.000000 2.901349 2.307569 2.307569
0.477580 0.694837 0.289057 5.031260 0.387676 0.387676
0.305636 0.203503 0.357233 0.487561 0.458077 0.458077
0.574194 0.614848 0.394442 0.911207 2.722036 0.911207
0.674815 0.610056 0.261342 0.911207 2.722036 0.911207
1.000000 0.731068 0.631571 2.901349 0.296288 0.296288
0.730558 0.607746 0.816627 0.140095 0.368558 0.140095
1.000000 0.849014 1.000000 2.901349 2.307569 2.307569
0.443546 0.719631 0.776226 0.930352 2.762915 0.930352
0.689783 0.927874 0.746904 2.901349 2.307569 2.307569
0.425380 0.171211 0.086778 0.487561 0.392169 0.392169
0.808309 0.903298 0.112297 0.455185 0.534106 0.455185
0.574956 0.640868 0.654202 0.140095 0.311490 0.140095
0.692321 0.468726 0.219416 24.167934 16.726962 16.726962
0.632252 0.000000 0.123169 1.039835 2.722036 1.039835
0.669583 0.439335 0.835747 0.140095 0.311490 0.140095
0.570579 0.322007 0.344272 0.466114 2.722036 0.466114
1.000000 1.000000 1.000000 2.901349 2.307569 2.307569
0.143110 0.500900 0.295962 0.904408 3.159535 0.904408
0.629110 0.188383 0.820491 0.122806 0.311490 0.122806
0.132129 0.676004 0.281213 0.904408 3.159535 0.904408
0.085857 0.367129 0.472627 0.183399 0.095128 0.095128
0.897332 0.312337 0.579957 0.122806 0.026814 0.026814
0.762907 0.359823 0.337783 1.039835 2.722036 1.039835
0.848787 0.806804 0.847382 2.901349 0.079020 0.079020
0.872563 0.380607 0.692690 0.122806 0.026814 0.026814
1.000000 1.000000 0.998844 2.901349 2.307569 2.307569
0.863646 0.000362 0.684099 4.366990 0.026814 0.026814
0.709538 0.550050 0.633042 0.140095 0.311490 0.140095
0.286874 0.664843 0.736654 0.930352 0.300494 0.300494
0.342337 0.770097 0.921355 0.930352 2.762915 0.930352
0.259776 0.912539 0.719810 0.930352 0.772570 0.772570
0.958128 0.991867 0.955469 2.901349 2.307569 2.307569
0.644919 0.220527 0.001015 1.039835 2.722036 1.039835
0.857788 1.000000 0.741994 2.901349 2.307569 2.307569
0.010471 0.585681 0.966186 0.005103 0.020200 0.005103
0.978318 0.560738 0.129564 0.911207 0.828888 0.828888
0.929887 0.278153 0.427703 0.122806 0.828888 0.122806
1.000000 1.000000 1.000000 2.901349 2.307569 2.307569
0.694996 0.827027 0.550532 2.901349 2.307569 2.307569
0.867660 0.095436 0.795034 4.366990 0.026814 0.026814
0.843886 1.000000 1.000000 2.901349 2.307569 2.307569
0.629607 0.567192 0.925911 0.140095 0.311490 0.140095
0.758773 0.086222 0.437849 4.366990 2.722036 2.722036
0.325053 0.246725 0.825162 0.924847 0.095128 0.095128
0.218624 0.115883 0.937352 0.183399 0.458077 0.183399
0.574965 0.254791 0.724078 1.052066 0.311490 0.311490
0.083046 0.871023 0.317190 2.771830 3.159535 2.771830
0.757673 0.908194 0.281299 0.455185 0.534106 0.455185
0.052326 0.030744 0.376943 2.609217 0.249983 0.249983
0.724933 0.981733 0.901610 2.901349 2.307569 2.307569
0.931653 0.882989 0.764628 2.901349 2.307569 2.307569
0.604140 0.881461 0.850343 2.901349 0.506643 0.506643
0.635247 0.264434 0.473390 0.122806 0.311490 0.122806
0.188562 0.146567 0.721689 0.183399 0.458077 0.183399
0.713815 0.482963 0.486527 0.140095 0.311490 0.140095
1.000000 1.000000 1.000000 2.901349 2.307569 2.307569
0.506503 0.218110 0.842145 1.052066 0.458077 0.458077
0.765495 0.289761 0.406436 0.122806 2.722036 0.122806
0.233721 0.472282 0.370878 0.676263 0.387676 0.387676
1.000000 1.000000 0.784210 2.901349 2.307569 2.307569
1.000000 1.000000 1.000000 2.901349 2.307569 2.307569
0.856667 0.947562 0.969573 2.901349 2.307569 2.307569
0.000664 0.844691 0.349398 0.904408 3.159535 0.904408
0.030494 0.851357 0.510140 0.904408 3.159535 0.904408
0.744654 0.568623 0.708497 0.140095 0.368558 0.140095
0.874679 0.985951 0.609489 2.901349 2.307569 2.307569
0.550795 0.651449 0.156517 0.911207 0.594242 0.594242
0.699833 0.007284 0.309211 1.039835 2.722036 1.039835
0.873706 0.990947 0.427662 0.455185 0.534106 0.455185
0.430569 0.593705 0.183058 0.676263 0.387676 0.387676
0.692147 0.861788 0.017410 0.455185 0.534106 0.455185
0.594721 0.064489 0.406662 4.366990 2.722036 2.722036
0.241039 0.441669 0.614037 0.676263 0.095128 0.095128
1.000000 0.612274 0.478315 0.140095 0.368558 0.140095
0.663443 0.980463 0.746270 2.901349 2.307569 2.307569
1.000000 1.000000 1.000000 2.901349 2.307569 2.307569
0.611299 0.752200 0.092773 0.455185 0.594242 0.455185
0.690774 1.000000 0.943770 2.901349 2.307569 2.307569
1.000000 1.000000 0.415934 0.455185 0.534106 0.455185
0.130076 0.951201 0.309113 0.904408 3.159535 0.904408
0.918589 0.828535 0.748252 2.901349 2.307569 2.307569
0.872697 0.059248 0.919076 4.366990 0.026814 0.026814
0.631084 0.712123 0.795671 2.901349 0.506643 0.506643
0.384708 0.942853 0.150674 0.137274 0.772570 0.137274
0.767605 0.575209 0.834280 0.140095 0.368558 0.140095
0.756465 0.474303 0.443204 0.911207 2.722036 0.911207
0.872740 0.409519 0.883263 0.140095 0.026814 0.026814
0.757873 0.854497 0.501831 2.901349 0.534106 0.534106
0.985496 0.501983 0.809865 0.140095 0.368558 0.140095
0.421396 0.465304 0.166313 0.676263 0.392169 0.392169
1.000000 0.981922 1.000000 2.901349 2.307569 2.307569
0.973370 0.564672 0.635080 0.140095 0.368558 0.140095
0.241241 0.406035 0.342235 0.487561 0.087352 0.087352
0.242728 0.065325 0.835455 0.183399 0.458077 0.183399
