# gen=100 party=0
# sp x0..x(D-1) party_fit
0 0.869149 0.932207 0.451800 0.339697 0.949047 36.592080
1 0.622809 0.914293 0.653515 0.709144 0.599883 36.592080
2 0.517070 0.573963 0.616877 0.217232 0.491611 36.592080
3 0.602409 0.633620 0.302436 0.575540 0.549101 36.592080
4 0.902159 0.683167 0.007808 0.730672 0.664299 36.592080
5 0.890946 0.698331 0.530120 0.280226 0.784675 36.592080
6 0.822393 0.655627 0.150088 0.480359 0.812509 36.592080
7 0.912371 0.538570 0.586579 0.913623 0.933410 36.592080
