# gen=100 mediating population
# x0..x(D-1) f0 f1 consensus
0.276846 0.911329 0.935661 0.786492 0.090036 3.015891 2.875448 2.875448
0.590362 0.196153 0.180979 0.614292 0.403749 1.058182 1.171066 1.058182
0.626702 0.685505 0.616089 0.903883 0.362407 10.032087 3.953395 3.953395
0.248482 0.265989 0.727863 0.226040 0.271397 8.765270 3.424348 3.424348
0.229449 0.147500 0.822587 0.247662 0.160557 6.197746 16.128161 6.197746
0.274174 0.968367 0.799961 0.802359 0.099209 4.116172 3.918431 3.918431
0.418637 0.399525 0.490807 0.305290 0.175494 2.859987 2.795352 2.795352
0.193476 0.406309 0.815845 0.252782 0.511362 2.859987 3.099242 2.859987
0.400396 0.659154 0.312590 0.615010 0.186464 4.132809 3.703635 3.703635
0.000000 0.065844 0.912506 0.367509 0.337116 2.859987 2.795352 2.795352
0.188744 0.602238 0.083582 0.801525 0.929009 0.810220 1.273799 0.810220
0.115957 0.323672 0.802488 0.224210 0.310510 3.692279 5.754077 3.692279
0.061116 0.887541 0.824557 0.685722 0.069264 51.211754 36.945851 36.945851
0.090566 0.036937 0.637650 0.320821 0.025260 2.859987 3.464105 2.859987
0.000000 0.213926 0.669336 0.081638 0.510399 2.859987 2.795352 2.795352
0.105767 0.364002 0.701239 0.320467 0.000000 2.859987 3.258829 2.859987
0.000000 0.094951 1.000000 0.000000 0.805908 2.859987 2.795352 2.795352
0.368580 0.000000 1.000000 0.000000 0.930174 2.859987 2.795352 2.795352
0.201600 0.165100 0.837503 0.170037 0.460716 3.506420 2.796323 2.796323
0.224590 0.094676 0.905794 0.067276 0.698339 2.859987 2.795352 2.795352
0.805067 0.750389 0.720291 0.960614 0.846515 1.204065 3.549275 1.204065
0.123111 0.395622 0.780830 0.052579 0.359853 2.859987 2.795352 2.795352
0.018703 0.225792 0.839484 0.368029 0.155934 3.736758 2.810869 2.810869
0.363061 0.795082 0.143520 0.622215 0.166073 12.822632 10.601076 10.601076
0.412723 0.138201 0.119107 0.645528 0.615847 20.355673 16.594278 16.594278
0.439903 0.347743 1.000000 0.000000 1.000000 2.859987 2.795352 2.795352
0.119810 0.245771 0.582816 0.274630 0.930767 2.859987 2.795352 2.795352
0.000000 0.051822 0.724270 0.133579 1.000000 2.859987 2.795352 2.795352
0.252394 0.265724 0.865917 0.306207 0.082516 3.105041 3.066870 3.066870
0.006441 0.161526 0.886846 0.373598 0.911718 2.859987 2.795352 2.795352
0.000000 0.000000 0.660053 0.193571 0.405131 2.859987 2.795352 2.795352
0.457354 0.739229 0.243302 0.690366 0.085473 12.466631 9.389534 9.389534
0.152276 0.000000 0.892901 0.041607 1.000000 2.859987 2.795352 2.795352
0.000000 0.279456 0.517113 0.137082 0.341946 2.859987 2.795352 2.795352
0.490499 0.810098 0.241110 0.650670 0.199299 3.236163 4.426249 3.236163
0.168401 0.068105 0.879558 0.323137 0.781073 2.859987 2.795352 2.795352
0.135751 0.956641 0.752692 0.801864 0.107842 17.269340 12.036547 12.036547
0.035310 0.181882 0.886402 0.000000 0.000000 2.859987 2.795352 2.795352
0.000000 0.073423 0.653096 0.257833 0.665014 2.859987 2.795352 2.795352
0.435434 0.542479 0.102844 0.788035 0.687850 0.645028 1.273799 0.645028
0.201210 0.385726 0.660857 0.264863 0.594820 2.859987 2.795352 2.795352
0.000000 0.000000 1.000000 0.037455 1.000000 2.859987 2.795352 2.795352
0.449790 0.486773 0.783191 0.226119 0.334981 2.859987 2.795352 2.795352
0.425904 0.098400 0.871372 0.064699 0.256702 2.859987 2.795352 2.795352
0.263326 0.430261 1.000000 0.229569 0.308969 2.859987 2.800406 2.800406
0.195419 0.443577 0.771557 0.162570 0.039396 2.859987 3.241680 2.859987
0.204162 0.631817 0.471467 0.581672 0.886255 0.810220 1.273799 0.810220
0.224493 0.710774 0.294060 0.598548 0.089054 5.784467 4.115255 4.115255
0.000000 0.108393 1.000000 0.000000 0.000000 2.859987 2.795352 2.795352
0.269923 0.000000 0.693131 0.161926 0.132195 2.859987 2.795352 2.795352
0.363830 0.005167 0.495336 0.362017 0.133337 2.859987 2.795352 2.795352
0.117085 0.485299 0.818559 0.322794 0.129434 2.859987 2.795352 2.795352
0.255497 0.000000 0.801790 0.000000 0.105866 2.859987 2.795352 2.795352
0.360692 0.805700 0.079217 0.826807 0.113699 3.236163 3.445782 3.236163
0.497048 0.000000 1.000000 0.213504 0.270516 2.859987 2.795352 2.795352
0.378679 0.430022 0.781538 0.092938 0.935802 2.859987 2.795352 2.795352
0.074474 0.482276 1.000000 0.061060 0.356246 2.859987 2.795352 2.795352
0.000000 0.369766 0.601166 0.000000 0.698743 2.859987 2.795352 2.795352
0.222603 0.234926 0.731802 0.125681 0.764706 2.859987 2.795352 2.795352
0.263784 0.275091 0.826153 0.095800 0.244831 3.170581 2.839000 2.839000
0.162375 0.143333 0.939905 0.194494 0.120746 2.859987 2.795352 2.795352
0.145905 0.000000 0.887059 0.000000 0.372726 2.859987 2.795352 2.795352
0.337355 0.403180 0.594075 0.192249 0.313653 2.859987 2.795352 2.795352
0.088853 0.949321 0.784103 0.460945 0.081694 3.484206 2.238902 2.238902
0.193476 0.406309 0.829051 0.135410 0.470990 2.859987 2.826454 2.826454
0.173938 0.505719 0.964611 0.284957 0.559971 2.859987 2.795352 2.795352
0.318015 0.691801 0.699173 0.314825 0.862085 24.551961 14.619828 14.619828
0.208469 0.000000 0.808672 0.257640 0.251057 2.859987 3.903133 2.859987
0.343973 0.405644 0.546318 0.074802 0.069175 2.859987 2.795352 2.795352
0.038841 0.055582 0.695044 0.370947 0.329904 3.152381 3.663031 3.152381
0.214886 0.950905 0.823395 0.665687 0.143777 9.225176 8.876165 8.876165
0.462488 0.046249 0.106627 0.608208 0.671967 6.190963 12.400874 6.190963
0.187150 0.332338 1.000000 0.000000 0.000000 2.859987 2.795352 2.795352
0.413415 0.207773 0.754919 0.000000 0.660562 2.859987 2.795352 2.795352
0.000000 0.000000 1.000000 0.000000 0.266859 2.859987 2.795352 2.795352
0.436732 0.298351 0.601570 0.043313 0.353130 2.859987 2.795352 2.795352
0.410599 0.282654 1.000000 0.000000 0.000000 2.859987 2.795352 2.795352
0.408036 0.071782 0.135682 0.881776 0.681440 5.380717 11.668091 5.380717
0.281494 0.000000 1.000000 0.137813 0.919070 2.859987 2.795352 2.795352
0.345286 0.119874 0.481921 0.117752 0.917217 2.859987 2.795352 2.795352
0.242395 0.711662 0.216933 0.765790 0.105100 14.632155 11.622361 11.622361
0.198214 0.172756 0.572108 0.000000 0.754613 2.859987 2.795352 2.795352
0.412853 0.448415 0.630586 0.341142 0.636047 2.859987 2.795352 2.795352
0.110227 0.181785 0.679329 0.637402 0.930174 1.023299 3.707310 1.023299
0.177470 0.481041 0.893994 0.135317 0.016725 2.859987 2.795352 2.795352
0.000000 0.231571 0.478005 0.000000 0.332801 2.859987 2.795352 2.795352
0.156260 0.322062 0.803823 0.000000 0.161960 2.859987 2.795352 2.795352
0.082557 0.000000 1.000000 0.000000 0.676630 2.859987 2.795352 2.795352
0.386134 0.346010 0.771495 0.089138 0.265068 2.859987 2.795352 2.795352
0.029120 0.164621 0.797883 0.367235 0.313650 7.099956 3.088336 3.088336
0.140848 0.336920 0.721682 0.299741 0.238646 4.095920 4.131694 4.095920
0.051169 0.061029 0.935500 0.091444 0.000000 2.859987 2.795352 2.795352
0.242961 0.294260 1.000000 0.003717 0.779049 2.859987 2.795352 2.795352
0.224798 0.891445 0.128740 0.733276 0.149789 3.236163 3.506321 3.236163
0.157502 0.217544 0.731497 0.254031 0.025260 15.512438 20.005517 15.512438
0.318658 0.780383 0.285810 0.702054 0.000000 10.392521 7.271115 7.271115
0.332561 0.240340 0.319975 0.278169 0.576227 16.136575 9.122953 9.122953
0.042391 0.319530 0.718184 0.250713 0.059067 3.035961 5.042541 3.035961
0.146753 0.000000 1.000000 0.000000 0.861199 2.859987 2.795352 2.795352
0.255422 0.158487 0.810060 0.342135 0.802840 2.859987 2.795352 2.795352
0.285527 0.621184 0.278841 0.568379 0.128979 5.060462 3.582931 3.582931
0.179391 0.145499 0.539064 0.309204 0.544113 2.859987 2.795352 2.795352
0.000000 0.000000 0.826658 0.093930 0.000000 2.859987 2.795352 2.795352
0.244168 0.294789 0.778762 0.177304 0.637212 2.859987 2.906611 2.859987
0.113821 0.283716 0.660960 0.100474 0.675614 2.859987 2.795352 2.795352
0.066524 0.057081 1.000000 0.249838 0.656391 2.859987 2.795352 2.795352
0.652087 0.602820 0.491640 0.752497 0.385270 4.476362 1.363765 1.363765
0.256627 0.426945 0.970864 0.391352 0.348706 2.859987 2.795352 2.795352
0.000000 0.000000 0.690161 0.000000 0.307308 2.859987 2.795352 2.795352
0.000000 0.307635 1.000000 0.055736 0.407938 2.859987 2.795352 2.795352
0.072764 0.850677 0.959741 0.868147 0.000000 3.248030 2.845214 2.845214
0.144262 0.480131 0.997364 0.004905 0.445954 2.859987 2.795352 2.795352
0.349241 0.000000 0.550893 0.000000 0.025350 2.859987 2.795352 2.795352
0.389940 0.835915 0.206815 0.812099 0.054775 3.694676 5.488483 3.694676
0.112593 0.093817 0.964947 0.307344 0.000000 2.859987 2.795352 2.795352
0.305588 0.219338 0.678588 0.295732 0.124199 2.859987 2.795352 2.795352
0.091323 0.000000 0.720332 0.281658 0.355951 2.859987 3.709807 2.859987
0.126173 0.071510 0.965079 0.000000 0.050224 2.859987 2.795352 2.795352
0.179878 0.760048 0.868672 0.674181 0.726138 0.914273 2.946179 0.914273
0.257473 0.973881 0.777022 0.968628 0.769736 0.914273 1.434372 0.914273
0.265845 0.125394 0.095892 0.593960 0.582281 1.415348 1.292531 1.292531
0.301646 0.147739 0.990921 0.000000 0.014617 2.859987 2.795352 2.795352
0.000000 0.293750 0.615273 0.306520 0.433135 2.859987 2.903905 2.859987
0.028359 0.134371 0.800707 0.067241 0.990062 2.859987 2.795352 2.795352
0.317472 0.047727 0.774527 0.277911 0.669752 2.859987 2.795352 2.795352
0.278596 0.296188 0.994380 0.284543 0.744800 2.859987 2.795352 2.795352
0.369791 0.249586 0.184203 0.227480 0.522930 5.200275 3.261283 3.261283
0.179969 0.473500 0.521198 0.323396 0.733123 2.859987 2.795352 2.795352
0.000000 0.000000 0.598238 0.000000 0.161683 2.859987 2.795352 2.795352
0.268002 0.133975 0.906581 0.270065 0.281761 2.859987 4.435862 2.859987
0.228211 0.158897 0.921518 0.388031 0.849180 2.859987 2.795352 2.795352
0.288979 0.934022 0.726443 0.959949 0.063769 2.767340 1.880345 1.880345
0.283283 0.816739 0.267548 0.734857 0.134031 35.267214 36.403216 35.267214
0.105369 0.048046 0.845377 0.376596 0.326508 2.963907 2.895955 2.895955
0.230132 0.000000 0.738462 0.000000 0.000000 2.859987 2.795352 2.795352
0.239468 0.227608 0.871672 0.177304 0.323574 4.169089 4.235979 4.169089
0.335041 0.309721 0.580535 0.150801 0.548514 2.859987 2.795352 2.795352
0.000000 0.000000 0.824447 0.000000 0.118615 2.859987 2.795352 2.795352
0.804968 0.613080 0.516530 0.919570 0.336293 11.770240 4.837012 4.837012
0.032070 0.000000 1.000000 0.000000 0.424590 2.859987 2.795352 2.795352
0.183145 0.000000 0.508704 0.102682 0.634203 2.859987 2.795352 2.795352
0.361867 0.250927 0.753190 0.160490 0.639387 2.859987 2.795352 2.795352
0.385533 0.000000 0.620160 0.000000 0.781991 2.859987 2.795352 2.795352
0.147735 0.000000 0.923651 0.083629 0.113329 2.859987 2.795352 2.795352
0.182100 0.659632 0.338120 0.721663 0.120237 3.236163 2.838669 2.838669
0.081274 0.154746 0.354910 0.672174 0.521366 0.645028 1.292531 0.645028
0.158780 0.386798 0.918092 0.236812 0.286767 2.859987 2.892620 2.859987
0.110261 0.828838 0.481921 0.962858 0.354997 3.236163 1.818423 1.818423
0.404508 0.480759 0.907092 0.283632 0.217135 2.859987 2.795352 2.795352
0.115774 0.138984 0.780317 0.339914 0.000000 5.024878 5.262955 5.024878
0.495572 0.064910 0.865739 0.000000 0.161487 2.859987 2.795352 2.795352
0.000000 0.118047 0.586869 0.333150 0.922344 2.859987 2.795352 2.795352
0.062482 0.174571 0.859653 0.191224 0.000000 2.859987 2.795352 2.795352
0.133296 0.425115 0.994316 0.166575 0.542487 2.859987 2.795352 2.795352
0.000000 0.114061 0.888243 0.279716 0.201991 3.306520 2.795352 2.795352
0.321197 0.691855 0.305180 0.775677 0.049058 7.645291 6.685502 6.685502
0.296295 0.144024 0.764931 0.249033 0.000000 3.236683 3.119953 3.119953
0.418637 0.261181 0.649277 0.229336 0.000000 2.859987 2.795352 2.795352
0.000000 0.000000 0.574088 0.000000 0.828304 2.859987 2.795352 2.795352
0.106406 0.000000 0.975112 0.371015 0.636683 2.859987 2.795352 2.795352
0.279634 0.074841 0.998010 0.000000 0.524218 2.859987 2.795352 2.795352
0.298511 0.781117 0.220725 0.511007 0.135551 7.500257 5.949762 5.949762
0.000000 0.888771 0.842304 0.537366 0.134462 5.032229 4.015964 4.015964
0.039017 0.472761 0.749734 0.000000 0.000000 2.859987 2.795352 2.795352
0.000000 0.000000 0.519215 0.187859 0.000000 2.859987 2.795352 2.795352
0.126173 0.632747 0.997451 0.678303 0.059153 2.767340 1.872665 1.872665
0.353707 0.755343 0.133065 0.735711 0.149203 26.243369 22.328245 22.328245
0.034082 0.203185 0.839047 0.340811 0.500778 3.339314 2.849546 2.849546
0.212706 0.455353 0.721611 0.199560 0.324997 2.859987 2.809466 2.809466
0.196850 0.316839 0.768782 0.565149 0.090018 57.050342 59.661783 57.050342
0.573417 0.515789 0.092971 0.308380 0.592363 0.929852 2.703928 0.929852
0.054033 0.293433 0.857606 0.343137 0.651810 2.859987 2.795352 2.795352
0.227379 0.467269 0.560019 0.028314 0.672914 2.859987 2.795352 2.795352
0.000000 0.000000 0.888459 0.261622 0.837116 2.859987 2.795352 2.795352
0.305723 0.116953 0.998513 0.354269 0.027354 2.859987 2.795352 2.795352
0.029751 0.234547 0.867183 0.000000 0.166010 2.859987 2.795352 2.795352
0.324316 0.789644 0.139682 0.718250 0.000066 7.991844 4.727071 4.727071
0.900247 0.253490 0.406217 0.240327 0.605948 1.410516 2.703928 1.410516
0.149989 0.083847 0.637080 0.283850 0.159519 3.013001 3.192440 3.013001
0.352535 0.100739 0.549940 0.000000 0.670595 2.859987 2.795352 2.795352
0.111276 0.181785 0.784800 0.312003 0.393523 9.489940 8.096238 8.096238
0.405529 0.020083 0.105763 0.772990 0.715370 12.849744 17.443358 12.849744
1.000000 0.811858 0.714684 0.116320 0.604670 1.251089 3.113191 1.251089
0.170760 0.258078 0.764918 0.215473 0.429362 5.210122 7.479975 5.210122
0.263229 0.314555 0.639750 0.089133 0.042197 2.859987 2.795352 2.795352
0.318506 0.901884 0.116687 0.634118 0.239688 3.236163 1.818423 1.818423
0.289668 0.245392 0.832517 0.330197 0.257629 2.859987 2.798531 2.798531
0.171799 0.788871 0.932938 0.770777 0.054116 3.078698 2.982451 2.982451
0.223464 0.744149 0.166490 0.786325 0.000000 4.738279 3.134114 3.134114
0.017305 0.000000 0.638947 0.386282 0.196943 2.859987 2.863550 2.859987
0.120201 0.366548 0.523730 0.311220 0.048830 2.859987 2.795352 2.795352
0.351168 0.132834 0.712257 0.126129 0.390862 2.859987 2.795352 2.795352
0.147950 0.000000 0.670080 0.096658 0.670158 2.859987 2.795352 2.795352
0.373754 0.738603 0.273349 0.740119 0.151520 52.963344 52.769034 52.769034
0.176407 0.266626 0.922660 0.290551 0.187628 2.980629 3.050225 2.980629
0.100124 0.117631 0.811795 0.497219 0.086551 1.450177 1.866341 1.450177
0.330194 0.126760 1.000000 0.000000 1.000000 2.859987 2.795352 2.795352
0.237610 0.405752 0.615064 0.570063 0.097986 7.100977 9.597655 7.100977
0.000000 0.000000 0.806175 0.238094 0.226565 2.859987 2.795352 2.795352
0.037570 0.185063 1.000000 0.022873 0.500646 2.859987 2.795352 2.795352
0.162013 0.107063 0.864827 0.101970 0.194603 2.868696 2.795352 2.795352
0.103444 0.112598 0.815955 0.375280 0.518967 3.000236 2.976863 2.976863
0.685179 0.635274 0.792122 0.893490 0.361155 9.512121 10.167237 9.512121
0.011584 0.431480 0.870500 0.101993 0.041107 2.859987 2.795352 2.795352
0.369502 0.403570 0.769583 0.549422 0.049428 2.931637 4.375732 2.931637
0.249679 0.000000 0.666305 0.000000 0.207618 2.859987 2.795352 2.795352
0.042219 0.304933 0.628467 0.022260 0.413321 2.859987 2.795352 2.795352
0.370068 0.016443 0.688477 0.000000 0.248918 2.859987 2.795352 2.795352
0.086177 0.000000 0.975846 0.233454 0.825471 2.859987 2.795352 2.795352
0.294136 0.263677 0.130438 0.880696 0.704763 1.182677 2.973994 1.182677
0.332751 0.226109 0.895808 0.190161 0.601525 2.859987 2.949667 2.859987
0.144469 1.000000 0.825732 0.725975 0.051265 13.165983 12.608050 12.608050
0.185126 0.558887 0.366054 0.689320 0.000000 3.236163 1.831368 1.831368
0.650388 0.608195 0.643576 0.843004 0.272133 9.371703 4.018671 4.018671
0.036851 0.950313 0.724898 0.703691 0.000000 5.574038 3.081550 3.081550
0.106690 0.967930 0.890130 0.825612 0.000000 6.256795 4.905013 4.905013
0.000000 0.298831 0.784839 0.355413 0.003700 2.859987 2.795857 2.795857
0.009808 0.250757 0.708800 0.000163 0.000000 2.859987 2.795352 2.795352
0.000000 0.842037 0.680602 0.700485 0.132470 3.119000 3.242992 3.119000
0.205897 0.351697 0.783720 0.426917 0.000000 8.461319 8.404013 8.404013
0.550571 0.349854 0.291296 0.523484 0.546398 2.196264 0.645028 0.645028
0.133296 0.366092 1.000000 0.000000 0.162157 2.859987 2.795352 2.795352
0.000000 0.015462 1.000000 0.205328 0.490862 2.859987 2.795352 2.795352
0.116328 0.862323 0.798714 0.602905 0.186896 7.819097 5.084219 5.084219
0.157502 0.378081 0.916501 0.134485 0.744819 2.859987 2.795352 2.795352
0.474881 0.664088 0.333788 0.744551 0.123464 3.457771 3.590541 3.457771
0.367806 0.254104 0.540722 0.263442 0.692259 2.859987 2.795352 2.795352
0.032587 0.189272 0.690854 0.364940 0.416407 3.430271 3.204860 3.204860
0.367363 0.906225 0.329032 0.644463 0.126279 3.236163 2.965396 2.965396
0.402207 0.730756 0.948903 0.489046 0.136195 2.767340 1.872665 1.872665
0.102025 0.887222 0.937355 0.726726 0.094022 14.196602 11.102199 11.102199
0.047053 0.354811 0.721803 0.615385 0.097544 5.263078 9.693614 5.263078
0.284082 0.064854 0.972897 0.523064 0.909081 1.023299 2.698922 1.023299
0.035454 0.286202 1.000000 0.214911 0.286767 2.859987 2.795352 2.795352
0.024887 0.334086 0.919637 0.287392 0.366026 2.859987 2.795352 2.795352
0.286063 0.192288 0.890489 0.306905 0.520222 2.859987 2.845087 2.845087
0.225084 0.855298 0.332747 0.799356 0.189892 3.236163 3.178655 3.178655
0.497048 0.028674 0.653315 0.377409 1.000000 2.859987 2.795352 2.795352
0.168758 0.311149 0.811855 0.368870 0.557451 2.859987 2.795352 2.795352
0.342589 0.616269 0.833995 0.825157 0.000000 2.767340 1.872665 1.872665
0.000000 0.887877 0.841123 0.785502 0.107303 17.393346 11.044467 11.044467
0.793919 0.159872 0.793453 0.160673 0.661860 3.669292 2.937865 2.937865
0.148759 0.309801 1.000000 0.264299 0.797353 2.859987 2.795352 2.795352
0.093948 0.420588 0.656319 0.248443 0.497552 2.859987 2.802412 2.802412
0.067192 0.374393 0.764446 0.501019 0.096213 18.255184 21.409710 18.255184
0.769555 0.633722 0.661560 0.905621 0.355613 68.941981 61.147436 61.147436
0.498320 0.297691 0.889588 0.203098 0.929244 2.859987 2.795352 2.795352
0.243467 0.337929 0.536865 0.242644 0.710380 2.859987 2.795352 2.795352
0.350437 0.661509 0.156818 0.801702 0.043093 4.596489 3.777635 3.777635
0.052200 0.000000 0.891685 0.191007 0.000000 2.859987 2.795352 2.795352
0.290419 0.230815 0.985035 0.117577 0.448982 2.859987 2.795352 2.795352
0.426999 0.451712 0.671164 0.097181 0.439927 2.859987 2.795352 2.795352
0.157502 0.919666 0.111083 0.829770 0.323962 3.236163 1.818423 1.818423
0.193559 0.405064 0.716031 0.941586 0.513627 1.015197 2.698922 1.015197
0.041359 0.429503 0.632344 0.921454 0.385124 1.015197 1.467231 1.015197
0.339212 0.708043 0.226049 0.555925 0.000000 4.827740 3.056890 3.056890
0.070883 0.371852 1.000000 0.169730 0.879916 2.859987 2.795352 2.795352
0.134264 0.178017 0.966158 0.151707 0.504807 2.859987 2.795352 2.795352
0.223817 0.149607 0.341837 0.894302 0.362083 0.881069 1.292531 0.881069
0.196522 0.334970 0.679517 0.538126 0.000000 13.996851 13.474947 13.474947
0.224307 0.253164 0.877995 0.723766 0.745422 1.023299 2.708812 1.023299
0.942090 0.036809 0.258473 0.733554 0.517396 2.196264 0.645028 0.645028
0.360205 0.089871 0.819276 0.105394 0.659997 2.859987 2.795352 2.795352
0.149329 0.209416 0.880933 0.257237 0.424138 4.332942 3.369145 3.369145
0.435711 0.224035 0.679590 0.000000 0.277429 2.859987 2.795352 2.795352
0.315093 0.306055 0.716230 0.099998 0.524661 2.859987 2.795352 2.795352
0.262465 0.161758 0.793897 0.175585 0.726327 2.859987 2.806087 2.806087
0.519146 0.935091 0.099469 0.335754 0.348867 0.929111 0.996357 0.929111
0.190080 0.228269 0.813987 0.000000 0.875564 2.859987 2.795352 2.795352
0.225344 0.383182 0.898422 0.368389 0.814981 2.859987 2.795352 2.795352
0.000000 0.705310 1.000000 0.529968 0.000866 2.767340 1.872665 1.872665
0.468506 0.121105 0.101346 0.752638 0.790685 8.241965 4.999849 4.999849
0.336383 0.141684 0.121335 0.803688 0.660025 10.762213 21.136474 10.762213
0.437208 0.319649 1.000000 0.062666 0.162267 2.859987 2.795352 2.795352
0.000000 0.112068 0.914090 0.196195 0.349275 2.859987 2.795352 2.795352
0.000000 0.137150 0.608865 0.307951 0.149145 2.871903 3.996306 2.871903
0.205251 0.720020 0.220904 0.662547 0.166074 9.926655 8.115345 8.115345
0.041260 0.181362 0.979540 0.135930 1.000000 2.859987 2.795352 2.795352
0.052563 0.489773 0.624714 0.248773 0.184186 2.859987 2.795352 2.795352
0.423758 0.227608 0.958343 0.130340 0.788661 2.859987 2.795352 2.795352
0.318357 0.061490 0.504926 0.378892 0.441676 2.859987 2.795352 2.795352
0.000000 0.335343 0.764483 0.507328 0.000000 3.602882 3.937578 3.602882
0.426593 0.391230 0.662930 0.258613 0.534097 2.859987 2.795352 2.795352
0.308891 0.297867 0.932413 0.195689 0.000000 2.865968 2.971758 2.865968
0.215871 0.390616 0.838266 0.298528 0.000000 2.859987 2.956540 2.859987
0.131140 0.258194 0.745372 0.000000 0.456076 2.859987 2.795352 2.795352
0.307889 0.303473 0.713747 0.239049 0.447638 2.859987 2.795352 2.795352
0.140411 0.770718 0.322275 0.744342 0.183929 3.630839 3.587854 3.587854
0.153574 0.225812 0.778727 0.248131 0.209298 69.039703 61.873900 61.873900
0.490499 0.864068 0.143909 0.586906 0.202123 3.236163 2.300922 2.300922
0.171934 0.478445 0.785505 0.563410 0.107283 4.726210 12.731947 4.726210
0.232650 0.678964 0.643295 0.354545 0.696173 3.331860 12.618705 3.331860
0.666385 0.602749 0.657948 0.829154 0.415805 11.423621 7.426427 7.426427
0.820907 0.694594 0.686147 0.919885 0.267246 10.013198 4.935016 4.935016
0.946289 0.816416 0.796054 0.183859 0.738826 5.537585 4.005018 4.005018
0.227153 0.069597 0.639673 0.355822 0.717218 2.859987 2.795352 2.795352
0.926019 0.855139 0.825978 0.110060 0.891182 19.770715 7.393592 7.393592
0.168394 0.307128 0.764987 0.172170 0.117283 4.394046 4.635592 4.394046
0.005154 0.208537 0.686015 0.293348 0.283898 3.889490 5.904022 3.889490
0.138729 0.109243 0.765212 0.328781 0.201676 6.505321 10.239921 6.505321
