# gen=300 mediating population
# x0..x(D-1) f0 f1 consensus
0.523046 0.000000 0.681932 0.293140 0.317115 0.606937 0.719340 0.173356 1.000000 0.465280 49.379257 50.965626 49.379257
0.520623 0.000000 0.788036 0.268022 0.245153 1.000000 0.515877 0.155165 0.896091 0.439781 49.379257 50.965626 49.379257
0.527921 0.000000 0.914022 0.360980 0.496143 1.000000 0.289287 0.127870 0.225398 0.592359 49.379224 50.966741 49.379224
0.528345 0.486710 0.859492 0.184951 0.284495 0.544402 0.610359 0.963763 0.587469 0.201779 49.379224 49.926021 49.379224
0.516005 0.339491 0.665406 0.401819 0.465880 0.181838 0.315829 0.614114 0.616392 0.329368 49.379224 50.965626 49.379224
0.508411 0.000000 0.658483 0.297484 0.386189 0.641532 0.881929 0.417716 0.984707 0.677536 49.379876 50.965626 49.379876
0.519736 0.140541 0.770129 0.272143 0.219173 0.419758 0.615076 0.189318 1.000000 0.854197 49.379224 50.965626 49.379224
0.526717 0.349751 0.598649 0.204140 0.390150 0.871772 0.656893 0.569899 0.832530 0.373971 49.379225 50.965626 49.379225
0.520620 0.000000 0.516331 0.298804 0.244897 0.763235 0.601596 0.738940 0.963525 0.924527 49.379224 50.965626 49.379224
0.519921 0.000000 0.587726 0.356138 0.268623 1.000000 0.476150 0.620362 0.873303 0.920192 49.379245 50.965626 49.379245
0.532914 0.062435 0.996716 0.168596 0.984604 0.157569 0.601092 0.059059 0.890006 0.140829 49.379224 50.965626 49.379224
0.525459 0.251986 0.451963 0.000000 0.572672 0.000000 0.983831 0.210599 0.923781 0.427912 49.379224 50.965626 49.379224
0.513027 0.319488 1.000000 0.000000 0.822894 0.552915 0.549020 0.640927 0.000000 0.242200 49.379224 50.965626 49.379224
0.502706 0.022643 0.546195 0.356743 0.163814 0.661218 0.622256 0.714640 0.831760 0.888505 49.379312 50.965626 49.379312
0.520700 0.000000 0.642825 0.402271 0.069207 0.780367 0.476150 0.405910 0.873303 0.715497 49.379236 50.965626 49.379236
0.514310 0.000000 0.749191 0.330608 0.195810 0.917508 0.434910 0.387813 0.800844 0.741334 49.379253 50.965626 49.379253
0.517442 0.050766 0.918130 0.032617 0.407725 0.812046 0.558948 0.590678 0.000000 0.010020 49.379224 50.965626 49.379224
0.508267 0.166302 0.661408 0.149095 0.725333 0.896394 0.649155 0.172332 0.597827 0.923292 49.379224 50.965626 49.379224
0.518550 0.000000 0.823361 0.147829 0.360866 0.515065 0.748556 0.359246 0.000000 0.010020 49.379224 50.965626 49.379224
0.514340 0.073769 0.620751 0.302481 0.207136 0.689854 0.672229 0.547486 0.990651 0.703416 49.379961 50.965626 49.379961
0.507780 0.052707 0.706025 0.336488 0.341605 0.680602 0.772073 0.344958 1.000000 0.453425 49.381182 50.965626 49.381182
0.504094 0.068597 0.604259 0.312770 0.351863 0.573547 0.763800 0.402134 0.844707 0.843905 49.379257 50.972124 49.379257
0.526061 0.171403 0.890932 0.245056 0.638332 0.633719 1.000000 0.000000 0.047404 0.512458 49.379224 50.965626 49.379224
0.140347 0.117076 0.934361 0.501754 0.942152 0.195676 0.653446 0.216165 0.194223 0.873170 49.379224 50.788621 49.379224
0.521483 0.141435 0.827629 0.078683 1.000000 0.188583 0.921338 0.275447 0.000000 0.000000 49.379224 50.965626 49.379224
0.522960 0.067961 0.841537 0.053171 0.292175 0.772189 0.391590 0.751481 0.459408 0.061672 49.379224 50.965626 49.379224
0.511485 0.203141 0.461062 0.152347 0.357381 0.229332 0.688963 0.822698 0.907065 0.406372 49.379224 50.965626 49.379224
0.520474 0.165143 0.995974 0.125321 0.987240 0.939411 1.000000 0.071972 0.217697 0.794345 49.379224 50.965626 49.379224
0.524163 0.193007 0.437629 0.286849 0.505075 0.239460 0.516014 0.479958 0.758272 0.761920 49.379224 50.965626 49.379224
0.505453 0.187281 0.900302 0.153236 0.093859 0.016378 1.000000 0.571097 1.000000 0.347223 49.379224 50.965626 49.379224
0.516841 0.396756 0.751854 0.328672 0.723239 0.000000 0.566626 1.000000 0.875278 0.259845 49.379224 50.965626 49.379224
0.510698 0.211092 0.649464 0.424311 0.683604 0.533531 0.803977 0.481031 0.247644 0.526102 49.379224 51.047618 49.379224
0.519043 0.051757 0.738171 0.076618 0.335695 0.969053 0.813196 0.814255 0.458553 0.000000 49.379224 50.965626 49.379224
0.532953 0.120671 0.543663 0.184636 0.870485 0.874644 0.458001 0.788785 0.422458 1.000000 49.379224 50.965626 49.379224
0.502622 0.368302 0.463524 0.000000 0.664038 0.536070 1.000000 0.518268 0.752778 0.389467 49.379224 50.965626 49.379224
0.526890 0.462118 0.730151 0.184101 0.573192 0.272417 1.000000 0.580855 0.314882 0.000000 49.379224 49.926021 49.379224
0.524503 0.428681 0.857211 0.000000 0.298180 0.000000 1.000000 0.237157 0.230346 0.438934 49.379224 50.965626 49.379224
0.526589 0.123613 0.673424 0.357555 0.429455 0.711553 0.809168 0.334398 0.012570 0.484719 49.379224 51.131736 49.379224
0.514899 0.140426 0.600426 0.137003 1.000000 0.392125 1.000000 0.000000 0.246211 1.000000 49.379224 50.965626 49.379224
0.528180 0.000000 0.560631 0.168822 0.167971 1.000000 0.472776 0.297316 0.670653 0.821203 49.379224 50.965626 49.379224
0.504298 0.193875 0.730739 0.355573 0.936121 0.768625 0.000000 0.578278 0.000000 0.829588 49.379224 50.965626 49.379224
0.522390 0.169349 0.469257 0.279514 0.184470 0.622994 0.494779 1.000000 0.000000 0.314243 49.379224 50.965626 49.379224
0.528883 0.000000 0.426775 0.412443 0.509970 1.000000 0.592555 0.850527 1.000000 1.000000 49.379224 50.965626 49.379224
0.509068 0.232252 1.000000 0.173914 0.502047 0.100714 0.566192 0.230885 0.176706 0.349646 49.379224 50.965626 49.379224
0.521786 0.421617 0.426351 0.045013 0.263238 0.372199 0.882774 0.504674 0.689620 0.029072 49.379224 50.965626 49.379224
0.508412 0.324529 1.000000 0.054054 0.558782 0.000000 0.774745 1.000000 0.365731 0.365220 49.379224 50.965626 49.379224
0.501970 0.120854 0.734951 0.113914 0.519192 0.107486 0.870322 0.847367 0.059339 0.614316 49.379224 50.965626 49.379224
0.516725 0.204420 0.768223 0.121144 0.747745 0.287113 0.411352 0.287780 0.773817 0.274886 49.379224 50.965626 49.379224
0.511485 0.190719 0.441856 0.418765 0.266273 0.317798 1.000000 0.234270 0.480452 0.441186 49.379224 50.965626 49.379224
0.512426 0.370292 1.000000 0.256761 0.394163 0.710297 0.491332 0.143285 0.910357 0.108664 49.379224 50.965626 49.379224
0.510765 0.381955 0.917812 0.323882 0.463356 0.887383 0.698532 0.762663 0.134515 0.755971 49.379224 50.965626 49.379224
0.516725 0.265105 0.774901 0.189411 0.683412 0.293798 0.425359 0.287780 0.936625 0.339744 49.379224 50.965626 49.379224
0.530123 0.300294 0.488514 0.171005 0.997310 0.425693 0.000000 0.819515 0.408698 0.945071 49.379224 50.965626 49.379224
0.532725 0.418801 0.675772 0.207589 0.765610 0.764075 0.555712 0.817967 0.296823 0.548786 49.379224 50.965626 49.379224
0.512010 0.305197 0.857028 0.182623 0.660060 0.335581 0.832690 1.000000 0.027497 0.000000 49.379224 50.965626 49.379224
0.532145 0.000000 1.000000 0.000000 1.000000 0.414873 1.000000 0.619080 0.095771 0.985710 49.379224 50.965626 49.379224
0.504446 0.134110 1.000000 0.000000 0.045374 0.722840 0.641666 0.326195 0.000000 0.798762 49.379224 50.965626 49.379224
0.512023 0.492418 0.918130 0.058069 0.546707 0.732631 0.739044 0.205585 0.529215 0.246549 49.379224 49.926021 49.379224
0.526627 0.000000 0.644419 0.000000 0.522012 0.960864 0.813196 0.628772 0.458553 0.000000 49.379224 50.965626 49.379224
0.523619 0.123494 0.779262 0.279153 0.172423 0.000000 0.499586 0.468581 0.630710 0.309597 49.379224 50.965626 49.379224
0.505143 0.000000 0.530250 0.265111 0.949980 0.753659 0.735301 0.000000 0.297922 1.000000 49.379224 50.965626 49.379224
0.520758 0.070391 0.933355 0.000000 0.654067 0.226334 1.000000 0.105175 0.000000 0.489769 49.379224 50.965626 49.379224
0.511589 0.309196 0.875360 0.203868 0.518335 0.629522 0.671794 0.603669 0.000000 0.363525 49.379224 50.965626 49.379224
0.502474 0.110024 0.734369 0.000000 0.274790 0.787383 0.262240 0.613432 0.947529 0.964056 49.379224 50.965626 49.379224
0.534943 0.283378 0.834117 0.342457 1.000000 0.632660 0.236122 0.333047 0.922018 0.372594 49.379224 50.965626 49.379224
0.516272 0.382002 0.781619 0.338554 0.379414 0.353286 0.401576 0.869512 1.000000 0.587398 49.379224 50.965626 49.379224
0.533498 0.477003 1.000000 0.203559 0.776626 0.169434 0.303411 0.155063 0.459217 0.000000 49.379224 49.926021 49.379224
0.518243 0.367963 1.000000 0.371734 0.559538 0.000000 0.500000 1.000000 0.000000 0.000000 49.379224 50.965626 49.379224
0.517836 0.178088 1.000000 0.143376 0.512680 0.607297 0.914405 0.073748 0.031430 0.294345 49.379224 50.965626 49.379224
0.515866 0.389289 0.791226 0.000000 0.481355 0.513491 0.714580 0.000000 0.000000 0.506144 49.379224 50.965626 49.379224
0.000000 0.212628 0.809677 0.504393 0.000000 0.207346 0.000000 0.278838 0.420563 0.000000 49.379224 50.788621 49.379224
0.526332 0.000000 0.392650 0.141613 0.052246 0.639036 0.414113 0.400190 0.968200 0.900242 49.379224 50.965626 49.379224
0.534217 0.467387 1.000000 0.000000 0.110345 0.063739 0.804131 0.506047 0.633566 0.000000 49.379224 49.926021 49.379224
0.519250 0.386906 0.977384 0.000000 0.500799 0.040721 0.943236 1.000000 0.172795 0.150878 49.379224 50.965626 49.379224
0.506986 0.341436 0.457180 0.251340 0.660718 0.426165 0.716767 0.322884 0.555095 0.675356 49.379224 50.965626 49.379224
0.518798 0.075978 0.718521 0.048733 0.693549 1.000000 0.840153 0.752182 0.353954 1.000000 49.379224 50.965626 49.379224
0.205987 0.000000 0.684539 0.500800 0.947341 0.707959 0.842437 0.048415 0.964351 0.397735 49.379224 50.788621 49.379224
0.505541 0.028582 0.996753 0.000000 0.973960 0.811094 0.000000 0.000000 0.221466 1.000000 49.379224 50.965626 49.379224
0.517602 0.278328 0.509219 0.316263 0.728837 0.579405 0.209507 0.713430 0.193103 0.779613 49.379224 50.965626 49.379224
0.515082 0.230990 0.462943 0.131316 0.571989 0.007763 0.858436 0.044348 0.970928 0.886374 49.379224 50.965626 49.379224
0.521548 0.420406 0.938233 0.143808 0.822956 0.899545 0.864879 0.330428 0.785585 1.000000 49.379224 50.965626 49.379224
0.517160 0.323882 0.460917 0.347885 0.638723 0.540445 0.885089 0.000000 0.455709 1.000000 49.379224 50.965626 49.379224
0.506577 0.408872 0.848987 0.000000 0.360091 0.426267 0.619615 0.731193 0.260725 0.456948 49.379224 50.965626 49.379224
0.529498 0.282308 0.443977 0.273182 0.923148 0.749139 0.592470 0.005321 0.153638 0.585907 49.379224 50.965626 49.379224
0.521828 0.292742 0.869699 0.039163 0.531025 0.377701 0.717595 0.141677 0.561024 0.707445 49.379224 50.965626 49.379224
0.526977 0.051249 0.659210 0.376505 0.500370 1.000000 0.651013 0.606398 1.000000 1.000000 49.379224 50.965626 49.379224
0.508450 0.000000 1.000000 0.000000 0.209553 0.331324 0.345166 0.688685 0.000000 0.041440 49.379224 50.965626 49.379224
0.524074 0.268554 0.606895 0.243405 0.931348 0.756062 0.196648 0.447550 0.338377 0.937112 49.379224 50.965626 49.379224
0.000000 0.304208 0.830921 0.504393 0.000000 0.418201 0.074072 0.560784 0.254520 0.000000 49.379224 50.788621 49.379224
0.514279 0.175618 0.806860 0.148997 0.285128 0.433551 1.000000 0.520719 1.000000 0.622891 49.379224 50.965626 49.379224
0.533837 0.370476 0.832786 0.085265 0.664825 0.383639 1.000000 0.736212 0.034370 0.000000 49.379224 50.965626 49.379224
0.507853 0.476366 0.826506 0.205528 0.573948 0.311787 0.793500 0.673059 0.295580 0.482756 49.379224 49.926021 49.379224
0.520861 0.231256 0.747103 0.397919 0.833293 1.000000 0.295009 0.000000 0.009463 0.785733 49.379224 50.965626 49.379224
0.526050 0.216996 0.575673 0.300983 0.499507 0.512124 0.173189 0.288790 0.379390 0.688516 49.379224 50.965626 49.379224
0.533179 0.000000 0.952433 0.112527 0.609702 1.000000 0.639269 0.000000 0.821119 0.518057 49.379224 50.965626 49.379224
0.530327 0.458708 0.543066 0.337146 0.000000 0.664067 0.339621 0.312088 0.158482 0.497259 49.379224 50.965626 49.379224
0.518534 0.016535 0.919731 0.366363 0.662806 1.000000 0.597337 0.427032 0.558619 1.000000 49.379224 50.965626 49.379224
0.533547 0.442138 0.743597 0.111248 0.512885 0.424253 0.738336 0.225038 0.868913 0.460276 49.379224 50.965626 49.379224
0.523348 0.249311 0.885425 0.291177 0.745623 0.852106 0.194923 0.451022 0.378012 0.257352 49.379224 50.965626 49.379224
0.508911 0.230231 0.906562 0.239213 0.283589 0.392700 1.000000 0.674903 0.669662 0.654026 49.379224 50.965626 49.379224
0.508295 0.237312 0.860272 0.328796 0.798273 0.937408 0.210254 0.673563 0.304905 0.937660 49.379224 50.965626 49.379224
0.520438 0.494992 1.000000 0.332858 0.050293 0.000000 0.300922 0.362097 0.215490 0.000000 49.379224 49.926021 49.379224
0.521928 0.338109 0.771827 0.250947 0.708210 0.653917 0.406174 0.761518 0.915107 0.713590 49.379224 50.965626 49.379224
0.526162 0.050391 0.552216 0.237996 0.682218 0.588383 0.247808 0.884835 0.079544 0.644235 49.379224 50.965626 49.379224
0.526606 0.203830 0.575481 0.312099 0.381975 0.672216 0.424716 0.181773 0.008197 0.698245 49.379224 50.965626 49.379224
0.520781 0.264475 0.877574 0.000000 0.407685 0.307636 0.956005 0.330356 0.746199 0.114641 49.379224 50.965626 49.379224
0.522638 0.170589 0.457606 0.000000 0.571989 0.200200 0.884108 0.352311 1.000000 0.680179 49.379224 50.965626 49.379224
0.522631 0.487517 0.787550 0.494295 0.242279 0.454039 0.899071 0.922461 0.534780 0.035820 49.379224 50.042958 49.379224
0.511742 0.421135 0.485382 0.099208 0.346110 0.236619 1.000000 0.481602 1.000000 0.621679 49.379224 50.965626 49.379224
0.530769 0.419648 0.429180 0.270078 0.623621 0.455737 0.156728 0.000000 0.301709 0.163376 49.379224 50.965626 49.379224
0.511098 0.302773 0.857095 0.309197 0.706186 0.767722 0.000000 0.000000 0.709715 0.645846 49.379224 50.965626 49.379224
0.524138 0.390925 0.921597 0.000000 0.348889 0.000000 0.841455 0.126009 0.113539 0.513102 49.379224 50.965626 49.379224
0.516703 0.160498 1.000000 0.144951 0.307131 0.502262 0.464235 0.442714 0.338368 0.017696 49.379224 50.965626 49.379224
0.530576 0.415639 0.507368 0.228758 0.121814 0.814769 0.000000 0.000000 0.579923 0.132339 49.379224 50.965626 49.379224
0.522514 0.378844 0.896871 0.285518 0.560089 0.000000 0.795411 1.000000 0.557620 0.000000 49.379224 50.965626 49.379224
0.517112 0.000000 0.935902 0.000000 1.000000 0.451327 0.964139 0.463996 0.000000 0.879246 49.379224 50.965626 49.379224
0.533777 0.068294 0.672019 0.101171 0.677563 0.914700 0.448917 0.320967 0.989864 0.061407 49.379224 50.965626 49.379224
0.519673 0.318146 0.678987 0.000000 0.741271 0.000000 0.870842 0.287676 0.267458 0.000000 49.379224 50.965626 49.379224
0.519655 0.258493 0.995150 0.000000 1.000000 0.897635 0.709804 0.344306 0.530947 0.432127 49.379224 50.965626 49.379224
0.517847 0.339647 0.942920 0.266823 0.000000 0.232872 0.534011 0.473366 0.589489 0.004231 49.379224 50.965626 49.379224
0.531301 0.310627 0.420693 0.384431 0.565087 0.403829 0.392053 0.000000 0.274187 0.776374 49.379224 50.965626 49.379224
0.509790 0.077618 0.718439 0.245056 0.373787 0.317798 0.589875 0.502791 0.000000 0.020039 49.379224 50.965626 49.379224
0.504535 0.345469 0.443414 0.097238 0.566115 0.912158 1.000000 0.624634 0.256237 0.237575 49.379224 50.965626 49.379224
0.513079 0.000000 0.396659 0.000000 0.634353 0.478218 0.164592 0.909999 0.000000 0.368222 49.379224 50.965626 49.379224
0.531429 0.458278 0.604966 0.389548 0.000000 0.178805 0.165084 0.856573 0.721474 0.737415 49.379224 50.965626 49.379224
0.521110 0.269289 0.885425 0.180941 0.992979 0.696983 0.059243 0.749716 0.506081 0.439962 49.379224 50.965626 49.379224
0.509102 0.117569 0.693066 0.002328 0.269900 0.000000 0.812065 0.467997 0.505247 0.702602 49.379224 50.965626 49.379224
0.446734 0.077717 0.725798 0.500202 0.829339 0.842501 0.856867 0.483913 0.318411 0.818558 49.379224 50.788621 49.379224
0.528664 0.430784 0.721769 0.108739 0.270408 0.000000 0.000000 0.468873 0.308685 0.154688 49.379224 50.965626 49.379224
0.509985 0.045515 0.430400 0.191864 0.687380 1.000000 0.129240 0.705366 0.192816 0.164756 49.379224 50.965626 49.379224
0.530033 0.489741 0.700321 0.345644 0.943485 0.824139 0.769178 0.558867 0.350301 0.818824 49.379224 49.926021 49.379224
0.508373 0.262151 0.523469 0.232052 0.414641 0.352634 1.000000 0.567826 0.212425 0.179111 49.379224 50.965626 49.379224
0.503894 0.435548 1.000000 0.060969 0.492690 0.455645 1.000000 1.000000 1.000000 0.756614 49.379224 50.965626 49.379224
0.512640 0.220355 0.986990 0.000000 0.667281 0.184715 0.991982 0.481059 0.428894 0.877056 49.379224 50.965626 49.379224
0.515042 0.158665 1.000000 0.053643 0.087874 0.201565 0.296755 0.810129 0.775545 0.421811 49.379224 50.965626 49.379224
0.519855 0.000000 0.829732 0.372834 0.764135 0.563896 0.269097 0.615154 0.443604 0.373220 49.379224 50.965626 49.379224
0.519542 0.156609 0.514231 0.201574 0.897897 0.718895 0.570565 0.000000 0.000000 0.627408 49.379224 50.965626 49.379224
0.384426 0.000000 0.724961 0.495097 0.802850 0.824704 0.362036 0.866686 0.285919 1.000000 49.379224 50.788621 49.379224
0.522340 0.304337 0.710277 0.000000 0.608590 0.243431 0.830140 0.436108 0.999598 0.279325 49.379224 50.965626 49.379224
0.531238 0.102498 0.792571 0.155402 0.810729 1.000000 0.397248 0.132320 1.000000 1.000000 49.379224 50.965626 49.379224
0.512887 0.259768 1.000000 0.274526 0.064071 0.310246 0.567560 0.402612 0.109594 0.000000 49.379224 50.965626 49.379224
0.040881 0.254590 0.597828 0.497766 0.033088 0.081715 0.111933 0.446787 0.662836 0.262318 49.379224 50.788621 49.379224
0.531718 0.219165 0.826500 0.174142 0.746859 0.305505 0.000000 0.858680 0.167210 0.177358 49.379224 50.965626 49.379224
0.520300 0.008765 0.697973 0.000000 0.501906 0.663883 0.005927 0.483671 0.000000 0.000000 49.379224 50.965626 49.379224
0.517435 0.000000 0.552439 0.167325 0.944249 1.000000 0.726141 0.528605 0.039955 0.892004 49.379224 50.966227 49.379224
0.506493 0.467356 1.000000 0.359914 0.469588 0.825137 0.768899 0.155844 0.000000 0.142005 49.379224 49.926021 49.379224
0.523548 0.222439 0.734841 0.416987 0.793318 0.743706 0.013992 0.737472 0.080748 0.559484 49.379224 50.965626 49.379224
0.508629 0.183691 0.653434 0.000000 0.983833 1.000000 0.851092 0.297767 0.419669 0.624412 49.379224 50.965626 49.379224
0.533044 0.226864 0.583046 0.232997 0.409284 0.881579 1.000000 0.328426 0.987366 0.197458 49.379224 50.965626 49.379224
0.476325 0.000000 0.577702 0.495097 1.000000 1.000000 0.288071 0.348024 0.000000 1.000000 49.379224 50.788621 49.379224
0.532206 0.045701 0.642817 0.000000 0.654873 1.000000 0.380246 0.388760 1.000000 0.000000 49.379224 50.965626 49.379224
0.446734 0.000000 0.520704 0.500202 1.000000 0.739164 0.453662 0.379239 0.000000 1.000000 49.379224 50.788621 49.379224
0.530562 0.283697 0.480769 0.266055 0.165798 0.000000 0.849373 0.580360 0.951798 0.000000 49.379224 50.965626 49.379224
0.506144 0.076795 1.000000 0.114667 0.345633 0.761750 0.749109 0.000000 0.049900 0.430265 49.379224 50.965626 49.379224
0.535020 0.000000 0.465136 0.264746 0.521819 0.534905 0.325591 0.740202 0.890044 0.736811 49.379224 50.965626 49.379224
0.915601 0.023521 0.943198 0.106572 0.497997 0.684825 0.162518 0.659686 0.327374 0.019120 41.461942 50.965626 41.461942
0.521749 0.378920 0.859252 0.250947 0.398364 1.000000 0.877624 0.885704 0.722711 0.563224 49.379224 50.965626 49.379224
0.526053 0.312482 0.503404 0.393309 0.368721 0.291631 0.583745 0.436880 0.705941 0.533371 49.379224 50.965626 49.379224
0.532748 0.121122 0.563214 0.083664 1.000000 1.000000 0.936424 0.000000 0.000000 0.640648 49.379224 50.965626 49.379224
0.513124 0.488775 1.000000 0.000000 0.832009 0.640553 0.941911 0.377087 0.864613 0.568885 49.379224 49.926021 49.379224
0.511099 0.424470 0.834874 0.000000 0.152613 0.207931 0.518005 0.238949 0.526096 0.734934 49.379224 50.965626 49.379224
0.510331 0.102457 0.462287 0.251949 0.000000 0.076885 0.026770 0.453169 0.840065 0.812651 49.379224 50.965626 49.379224
0.526744 0.337709 0.994608 0.107869 0.395030 1.000000 0.555085 0.683896 0.000000 0.612036 49.379224 50.965626 49.379224
0.519153 0.497773 0.605530 0.000000 0.578657 0.218594 0.694139 0.262059 0.079292 0.473985 49.379224 49.926021 49.379224
0.513344 0.199565 0.637397 0.161705 0.693245 0.000000 0.930821 0.868568 0.170141 0.823957 49.379224 50.965626 49.379224
0.514647 0.423076 0.682273 0.220957 0.688551 0.489262 0.269562 0.000000 0.709715 0.896016 49.379224 50.965626 49.379224
0.519900 0.225175 0.636376 0.300800 0.880209 1.000000 0.000000 0.891325 0.164203 0.000000 49.379224 50.965626 49.379224
0.527165 0.067576 0.921406 0.052312 0.805190 0.788359 0.477026 0.711398 0.000000 0.688948 49.379224 50.965626 49.379224
0.513359 0.401988 0.613515 0.000000 0.581193 0.411866 0.953843 0.053425 0.206379 0.888264 49.379224 50.965626 49.379224
0.535789 0.000000 1.000000 0.020586 1.000000 1.000000 0.584114 0.811514 0.000000 0.210319 49.379224 50.965626 49.379224
0.524111 0.265983 0.438618 0.000000 0.385788 0.766379 0.000000 0.360373 0.410810 0.373546 49.379224 50.965626 49.379224
0.525949 0.483567 0.629161 0.275410 0.539440 0.360920 0.417982 0.383717 0.559971 0.436979 49.379224 49.926021 49.379224
0.520413 0.290862 0.791226 0.156385 0.252327 0.756914 0.393985 0.000000 0.000000 0.221702 49.379224 50.965626 49.379224
0.083093 0.033740 0.642723 0.495675 0.213585 0.086766 0.887323 0.521067 1.000000 0.325312 49.379224 50.788621 49.379224
0.507543 0.000000 0.675873 0.356244 0.755099 1.000000 0.000000 0.252151 0.810380 0.349752 49.379224 50.965626 49.379224
0.506540 0.403024 0.745488 0.186364 0.310700 0.405784 0.881515 0.729863 0.404898 0.230339 49.379224 50.965626 49.379224
0.506084 0.165647 0.785042 0.142377 0.440005 0.338893 1.000000 0.757092 0.000000 0.000000 49.379224 50.965626 49.379224
0.943237 0.941483 0.683167 0.549646 0.718187 0.454341 0.559859 0.952647 0.293389 0.255783 45.674464 50.042958 45.674464
0.531048 0.343825 0.507690 0.217533 0.910087 0.000000 0.666005 0.301111 1.000000 0.000000 49.379224 50.965626 49.379224
0.051720 0.301596 1.000000 0.505264 0.430369 0.265741 0.363103 0.729532 0.543186 0.164263 49.379224 50.788621 49.379224
0.518525 0.000000 0.506812 0.000000 1.000000 0.072959 0.298413 0.397404 0.508948 0.580499 49.379224 50.965626 49.379224
0.074279 0.155676 0.958115 0.498323 0.994734 0.528125 0.831525 0.273230 0.880172 0.291465 49.379224 50.788621 49.379224
0.005326 0.000000 0.821724 0.496695 0.796126 0.412128 0.524696 1.000000 1.000000 0.694065 49.379224 50.788621 49.379224
0.507758 0.228294 0.718815 0.298406 0.258388 0.745311 0.597633 0.305733 1.000000 0.489624 49.379367 50.965626 49.379367
0.528345 0.493661 0.670307 0.035630 0.259516 0.593962 0.470156 0.836163 0.954544 0.000000 49.379224 49.926021 49.379224
0.528345 0.483525 0.859492 0.152507 0.284495 0.502049 0.898978 1.000000 0.588047 0.373946 49.379224 49.926021 49.379224
0.518306 0.452921 0.699415 0.182935 0.716843 0.461557 0.521592 0.432549 0.557269 0.034849 49.379224 50.965626 49.379224
0.516480 0.279492 0.604438 0.311404 0.204674 0.996557 1.000000 0.000000 0.894243 0.506888 49.379224 50.965626 49.379224
0.530187 0.119004 0.831559 0.308955 0.636807 0.228255 0.000000 1.000000 0.396598 0.642846 49.379224 50.965626 49.379224
0.502889 0.000000 1.000000 0.000000 0.761160 0.511610 0.977575 0.565390 0.072302 0.378281 49.379224 50.965626 49.379224
0.504938 0.000000 0.931681 0.000000 0.259724 0.433321 0.705150 0.254042 0.340693 0.167949 49.379224 50.965626 49.379224
0.531718 0.177800 0.647377 0.132215 0.909374 0.484710 0.247808 0.856389 0.069555 0.644235 49.379224 50.965626 49.379224
0.219961 0.046645 0.821724 0.498450 0.628544 0.526953 0.770239 0.615931 0.561468 0.575923 49.379224 50.805346 49.379224
0.512017 0.019926 0.654270 0.000000 0.960488 0.675393 1.000000 0.000000 0.000000 1.000000 49.379224 50.965626 49.379224
0.507203 0.384344 0.670907 0.000000 0.461738 0.714508 0.728340 0.533293 1.000000 0.189805 49.379224 50.965626 49.379224
0.508021 0.335723 0.780631 0.205789 0.000000 0.132899 0.497559 0.615927 0.437999 0.214976 49.379224 50.965626 49.379224
0.510871 0.370827 1.000000 0.000000 0.810852 0.879641 0.706843 0.118400 0.814417 0.664310 49.379224 50.965626 49.379224
0.524945 0.182272 0.918130 0.014078 0.274492 0.647557 0.531305 0.669251 0.509599 0.000000 49.379224 50.965626 49.379224
0.502901 0.375403 0.743384 0.148997 0.429770 0.764036 0.938387 0.559799 0.864250 0.470950 49.379224 50.965626 49.379224
0.512760 0.000000 0.654947 0.000000 0.577406 0.204961 0.287421 0.673265 0.095794 0.000000 49.379224 50.965626 49.379224
0.524188 0.478058 0.825463 0.334885 0.663929 0.000000 0.204670 0.000000 1.000000 0.000000 49.379224 49.926021 49.379224
0.527964 0.190977 1.000000 0.063264 0.565474 0.220132 0.300521 0.135209 0.233588 0.000000 49.379224 50.965626 49.379224
0.514723 0.113534 1.000000 0.316437 0.654873 0.309939 0.760714 0.701174 0.813453 1.000000 49.379224 50.965626 49.379224
0.512784 0.100045 0.979455 0.176582 0.105156 0.822674 0.439041 0.100756 0.157937 0.262957 49.379224 50.965626 49.379224
0.505524 0.000000 0.896529 0.000000 0.706836 0.189355 0.275248 0.048443 0.289849 0.000000 49.379224 50.965626 49.379224
0.532337 0.361508 1.000000 0.137901 0.779335 0.268033 0.017903 0.641937 0.021650 0.000000 49.379224 50.965626 49.379224
0.512689 0.000000 0.626148 0.321753 0.588384 0.911958 0.272920 0.461613 0.947843 0.210785 49.379224 50.965626 49.379224
0.530434 0.076719 0.792571 0.168105 0.487696 1.000000 0.720907 0.000000 0.939393 0.814292 49.379224 50.965626 49.379224
0.521436 0.208907 0.582798 0.258877 0.342409 0.398739 0.927229 0.215987 0.389051 0.388264 49.379224 51.063412 49.379224
0.524232 0.250459 0.778083 0.042968 0.569721 0.759396 0.321949 0.384935 0.000000 0.000000 49.379224 50.965626 49.379224
0.509618 0.125631 0.538691 0.072857 0.892858 0.020808 0.888578 0.103065 0.574057 1.000000 49.379224 50.965626 49.379224
0.503508 0.000000 0.405673 0.421642 0.648292 0.376425 0.567340 0.718146 1.000000 0.515599 49.379224 50.965626 49.379224
0.535214 0.385228 0.752094 0.258438 0.479742 0.196639 0.681058 0.515165 0.552462 0.384584 49.379224 50.965626 49.379224
0.078659 0.006079 0.865374 0.498323 1.000000 0.499248 1.000000 0.332377 0.702141 0.430049 49.379224 50.788621 49.379224
0.517334 0.000000 1.000000 0.179189 0.507847 0.393911 0.566466 0.677310 0.000000 0.007510 49.379224 50.965626 49.379224
0.530377 0.408662 0.861969 0.383731 0.000000 0.247989 0.310855 0.479159 0.449045 0.000000 49.379224 50.965626 49.379224
0.529785 0.195786 1.000000 0.247244 1.000000 1.000000 0.674933 0.047702 0.322604 1.000000 49.379224 50.965626 49.379224
0.528368 0.000000 0.452847 0.234035 0.889046 1.000000 0.492985 0.000000 0.168357 0.577341 49.379224 50.965626 49.379224
0.520578 0.478530 1.000000 0.313733 0.866805 0.221389 0.450492 0.388628 0.649814 0.000000 49.379224 49.926021 49.379224
0.160189 0.351251 1.000000 0.501170 0.054431 0.724529 0.170193 0.000000 0.524486 0.481141 49.379224 50.788621 49.379224
0.517595 0.302143 0.527475 0.086673 0.322008 0.317798 0.163462 0.405351 0.347110 0.097009 49.379224 50.965626 49.379224
0.514228 0.009166 0.410522 0.418810 0.422068 0.320019 0.756652 0.213880 0.973921 0.579848 49.379224 50.965626 49.379224
0.513513 0.000000 0.801688 0.126978 0.544432 0.385019 0.321661 0.914398 0.000000 0.000000 49.379224 50.965626 49.379224
0.503618 0.117414 1.000000 0.000000 0.042319 0.266018 0.983171 0.671542 0.941572 1.000000 49.379224 50.965626 49.379224
0.534141 0.114862 0.878944 0.235002 0.753908 0.500456 0.154719 1.000000 0.582587 0.743736 49.379224 50.965626 49.379224
0.377540 0.000000 0.612926 0.504312 0.408587 0.117315 0.326464 0.375460 0.448836 0.038087 49.379224 50.822267 49.379224
0.521393 0.000000 1.000000 0.314046 0.167345 0.006625 0.800673 0.288395 0.815462 0.567385 49.379224 50.965626 49.379224
0.526101 0.377960 1.000000 0.072639 0.575220 0.317485 0.875791 0.501742 0.193893 0.210356 49.379224 50.965626 49.379224
0.501872 0.307639 0.871227 0.103036 0.259655 0.617440 0.948121 0.619368 0.291032 0.234934 49.379224 50.965626 49.379224
0.505293 0.384520 0.702626 0.416349 0.406178 0.000000 0.651624 0.883248 0.585746 0.428350 49.379224 50.965626 49.379224
0.524883 0.000000 0.899174 0.155290 0.503651 0.992475 0.166753 0.000000 0.996256 0.654326 49.379224 50.965626 49.379224
0.530212 0.000000 0.780938 0.131054 0.637817 1.000000 0.632453 0.271170 0.975067 0.787287 49.379224 50.965626 49.379224
0.521932 0.414267 0.471863 0.273089 0.747572 0.957027 0.603196 0.286432 0.536223 0.556480 49.379224 50.965626 49.379224
0.504350 0.107074 1.000000 0.328796 0.485101 0.570417 0.201840 0.941541 0.407645 1.000000 49.379224 50.965626 49.379224
0.524014 0.491189 1.000000 0.035630 0.249708 0.694470 0.477036 1.000000 1.000000 0.000000 49.379224 49.926021 49.379224
0.510298 0.201665 0.623634 0.269626 0.361090 0.257367 0.054967 0.404652 0.665154 0.272539 49.379224 50.965626 49.379224
0.526266 0.198416 0.715344 0.176966 0.925442 1.000000 0.470507 0.303155 0.618378 1.000000 49.379224 50.965626 49.379224
0.514560 0.158570 0.867421 0.217765 1.000000 0.540973 0.000000 0.187426 0.685339 1.000000 49.379224 50.965626 49.379224
0.519658 0.008926 0.994411 0.069787 0.375632 0.779629 0.602174 0.000000 0.780313 0.181791 49.379224 50.965626 49.379224
0.509229 0.177235 1.000000 0.146535 0.799104 0.324243 0.000000 0.019996 0.491091 0.832972 49.379224 50.965626 49.379224
0.509970 0.320034 0.962059 0.272133 0.478538 1.000000 0.198380 0.000000 0.728098 0.498470 49.379224 50.965626 49.379224
0.519970 0.213614 0.592215 0.349605 0.153285 0.000000 0.000000 0.938358 0.485114 0.086961 49.379224 50.965626 49.379224
0.301050 0.178707 1.000000 0.500536 0.932908 0.936751 0.398582 0.516905 0.100052 0.638985 49.379224 50.788621 49.379224
0.533639 0.062414 0.512346 0.126668 0.000000 1.000000 0.130799 0.541125 0.681171 0.400242 49.379224 50.965626 49.379224
0.516029 0.221976 0.966149 0.193052 0.889785 0.656771 0.072960 0.793355 0.014506 0.691942 49.379224 50.965626 49.379224
0.523514 0.011659 1.000000 0.038533 0.623340 0.450582 0.680621 0.975115 0.115785 0.318942 49.379224 50.965626 49.379224
0.502119 0.169272 1.000000 0.241989 0.202099 0.761750 0.609511 0.007340 0.257703 0.232461 49.379224 50.965626 49.379224
0.522952 0.200834 0.416148 0.287851 0.397271 0.571366 0.844032 0.269926 0.916749 1.000000 49.379224 50.965626 49.379224
0.514520 0.128574 1.000000 0.000000 0.982738 0.843082 0.922339 0.103982 0.153153 1.000000 49.379224 50.965626 49.379224
0.525255 0.075286 0.534818 0.065849 1.000000 0.908952 1.000000 0.514186 0.000000 1.000000 49.379224 50.965626 49.379224
0.518597 0.491899 0.910113 0.377277 0.048709 0.285980 0.655542 1.000000 0.450601 0.000000 49.379224 49.926021 49.379224
0.511903 0.279814 0.657010 0.180430 0.568910 0.118500 0.900772 0.660680 0.339325 0.832805 49.379224 50.965626 49.379224
0.517910 0.227543 1.000000 0.220472 0.327809 0.781551 0.796478 0.882417 0.204370 0.426052 49.379224 50.965626 49.379224
0.517445 0.227408 0.435682 0.194502 0.564462 0.716836 0.632100 0.514157 0.571804 0.428142 49.379224 51.142732 49.379224
0.055136 0.161825 0.978938 0.498781 0.880542 0.649305 0.318345 0.641211 0.649706 0.662147 49.379224 50.788621 49.379224
0.500996 0.320058 0.911946 0.252649 0.533932 1.000000 0.428390 0.564515 0.275053 0.369689 49.379224 50.965626 49.379224
0.507354 0.303737 1.000000 0.057336 0.561932 0.483763 1.000000 0.015454 0.389128 0.420189 49.379224 50.965626 49.379224
0.513059 0.425418 1.000000 0.000000 0.639300 0.745677 0.817580 0.000000 0.582064 0.469867 49.379224 50.965626 49.379224
0.513272 0.250859 0.716137 0.249984 0.621925 0.565914 0.501265 0.400685 0.561024 0.585046 49.379224 51.062952 49.379224
0.519137 0.370655 0.401778 0.000000 0.157197 0.885348 0.468002 0.780806 1.000000 0.443187 49.379224 50.965626 49.379224
0.517762 0.346081 1.000000 0.304956 0.881954 0.551869 0.536386 0.927992 0.000000 0.583627 49.379224 50.965626 49.379224
0.514150 0.443832 0.833767 0.180422 0.305592 0.269517 0.773744 0.406867 0.734150 0.641724 49.379224 50.965626 49.379224
0.511485 0.201338 0.432901 0.257933 0.358746 0.221294 0.984362 0.249720 1.000000 0.569358 49.379224 50.965626 49.379224
0.523534 0.308089 1.000000 0.194695 0.875210 0.368044 0.718083 1.000000 0.000000 0.978424 49.379224 50.965626 49.379224
0.518132 0.196880 0.539413 0.424104 0.188124 0.000000 0.000000 0.852661 0.786877 0.093963 49.379224 50.965626 49.379224
0.526942 0.398537 0.451944 0.303184 0.721049 0.000000 0.455969 0.363730 0.895925 0.204919 49.379224 50.965626 49.379224
0.530769 0.419648 0.425443 0.309883 0.433289 0.312886 0.431645 0.000000 0.475273 0.409631 49.379224 50.965626 49.379224
0.514996 0.215301 0.565527 0.166744 0.742976 1.000000 0.523368 0.580054 0.523930 1.000000 49.379224 50.966460 49.379224
0.502645 0.205676 1.000000 0.357516 0.766474 0.836943 0.000000 1.000000 0.438193 0.838777 49.379224 50.965626 49.379224
0.441303 0.188465 0.729330 0.500897 0.345297 0.144165 0.252184 0.634430 0.473774 0.348411 49.379224 51.251773 49.379224
0.529059 0.490003 0.882136 0.501746 0.590461 0.262591 0.988232 0.624565 0.612804 0.702627 49.379224 50.042958 49.379224
0.520934 0.029823 0.884019 0.061452 0.353869 0.445439 0.000000 0.693591 0.145971 0.341124 49.379224 50.965626 49.379224
0.396420 0.338921 0.672568 0.502036 0.095821 0.690760 0.641132 0.705510 0.743585 0.750819 49.379224 50.788621 49.379224
0.533657 0.461839 0.560618 0.113597 0.600090 0.535736 0.497099 0.926611 0.141633 0.443850 49.379224 49.926021 49.379224
0.524623 0.000000 1.000000 0.000000 0.450811 1.000000 0.642144 0.241836 0.748911 0.446219 49.379224 50.965626 49.379224
0.514823 0.000000 0.882395 0.000000 0.399872 0.575052 0.000000 0.229595 0.256704 0.549311 49.379224 50.965626 49.379224
0.528362 0.210719 0.400943 0.284244 0.302510 0.973909 0.563835 0.411170 0.833696 0.367656 49.379224 50.965650 49.379224
0.508985 0.102070 0.478584 0.000000 0.632196 0.128683 0.482601 0.049395 0.804460 0.925144 49.379224 50.965626 49.379224
0.523370 0.477003 0.993645 0.265758 0.697779 0.212498 0.115878 0.091303 0.809620 0.000000 49.379224 49.926021 49.379224
0.531589 0.375569 0.782400 0.158105 0.538954 0.174424 0.962011 0.720278 0.207817 0.663033 49.379224 50.965626 49.379224
0.515035 0.228916 0.511597 0.030992 0.640749 0.000000 0.298433 0.398849 0.538745 0.740540 49.379224 50.965626 49.379224
0.526038 0.351269 0.748522 0.311608 0.409222 0.078949 0.331023 0.663704 0.566100 0.008506 49.379224 50.965626 49.379224
0.516005 0.480997 0.889763 0.293069 0.634121 0.026298 0.276219 0.337759 0.958919 0.290357 49.379224 49.926021 49.379224
0.513656 0.102710 0.542790 0.000000 0.305839 0.663883 0.162477 0.483671 0.266527 0.019701 49.379224 50.965626 49.379224
0.512182 0.211092 0.735211 0.415047 0.669547 0.533531 0.807385 0.345446 0.170670 0.391487 49.379224 51.001225 49.379224
0.518253 0.209094 0.516119 0.179876 0.000000 0.353326 0.798368 0.545962 0.693949 0.276450 49.379224 50.965626 49.379224
0.525993 0.387250 0.972306 0.134647 0.362252 0.073547 0.727132 0.494559 0.074400 0.054614 49.379224 50.965626 49.379224
0.513949 0.482348 0.669328 0.264360 0.580168 1.000000 1.000000 0.000000 0.100244 0.193753 49.379224 49.926021 49.379224
0.502878 0.000000 0.403895 0.315934 0.386600 0.898739 0.571265 0.278964 0.055495 0.660159 49.379224 50.965626 49.379224
0.516861 0.298385 0.889139 0.239969 0.474048 0.509809 0.152393 0.937436 0.592791 0.000000 49.379224 50.965626 49.379224
0.508267 0.051562 0.656518 0.228682 0.744228 1.000000 0.648302 0.312045 0.010894 1.000000 49.379224 50.971044 49.379224
0.515328 0.232816 0.495829 0.115781 0.587796 0.696509 0.814373 0.551449 0.407484 0.843778 49.379224 51.035799 49.379224
0.513059 0.408006 0.938233 0.068818 0.875494 1.000000 0.791773 0.233249 0.730883 0.882589 49.379224 50.965626 49.379224
0.526942 0.302054 0.485078 0.306155 0.649753 0.192659 0.453755 0.334829 0.667834 0.000000 49.379224 50.965626 49.379224
0.529679 0.462118 0.839682 0.128867 0.754284 0.272417 0.975831 0.600263 0.000000 0.000000 49.379224 49.926021 49.379224
0.503168 0.402852 0.748027 0.119040 0.379974 0.389371 0.989567 0.982584 0.454095 0.278471 49.379224 50.965626 49.379224
0.523454 0.000000 0.780571 0.000000 0.890993 0.788359 0.505732 0.384932 0.096537 1.000000 49.379224 50.965626 49.379224
0.524483 0.100234 0.906150 0.079402 0.583394 0.782791 0.764276 0.475115 0.152159 0.415818 49.379224 50.965626 49.379224
0.515633 0.264777 0.836718 0.186052 0.540748 0.665142 0.600781 0.580160 0.637711 0.000000 49.379224 50.965626 49.379224
0.513674 0.302819 0.628431 0.318000 0.597830 0.272963 0.636296 0.558498 0.613312 0.487406 49.379224 50.965626 49.379224
