# gen=50 mediating population
# x0..x(D-1) f0 f1 consensus
0.346404 0.948596 84.361907 79.894123 79.894123
0.295078 0.111705 53.109090 7.881579 7.881579
0.597736 0.165271 0.160336 5.837474 0.160336
1.000000 0.426825 4.034755 5.548862 4.034755
0.978555 0.219737 5.555448 5.548862 5.548862
0.015194 0.646279 0.006960 0.196040 0.006960
0.748793 0.636851 1.345262 0.700517 0.700517
0.622365 0.966674 67.627131 30.255663 30.255663
0.165267 0.582139 0.015881 0.006960 0.006960
0.222871 0.230991 0.282010 1.197715 0.282010
0.850448 0.225034 5.555448 5.548862 5.548862
0.688365 0.318135 4.034755 5.548862 4.034755
0.618277 0.443268 4.034755 5.548862 4.034755
0.159837 0.601650 0.015881 0.006960 0.006960
0.881990 0.020279 48.404868 88.464158 48.404868
0.877722 0.000381 3.854572 16.231737 3.854572
0.611447 0.094477 5.555448 6.626362 5.555448
0.343186 0.459392 0.015881 0.006960 0.006960
0.894694 0.569576 4.034755 4.923347 4.034755
0.727482 0.137421 5.555448 5.548862 5.548862
1.000000 0.100405 5.555448 6.626362 5.555448
0.294503 0.753463 0.015881 0.256145 0.015881
0.064362 0.249745 1.558626 1.197715 1.197715
0.985448 0.235553 5.555448 5.548862 5.548862
0.123678 0.533211 0.045380 0.006960 0.006960
0.911943 0.997011 1.345262 0.317179 0.317179
0.775012 0.397566 67.677780 86.239921 67.677780
0.295078 0.111705 53.109090 7.881579 7.881579
0.308225 0.618473 0.015881 0.006960 0.006960
0.625349 0.044577 3.854572 6.626362 3.854572
0.670612 0.944130 89.371216 86.385487 86.385487
0.660911 0.294716 4.034755 5.548862 4.034755
0.751318 0.208410 51.776149 5.548862 5.548862
0.496146 0.925119 0.012237 0.757142 0.012237
0.301547 0.122954 8.265317 83.433119 8.265317
0.083823 0.233192 1.558626 1.197715 1.197715
0.026025 0.826122 0.006960 0.015730 0.006960
0.969031 0.420637 4.034755 5.548862 4.034755
0.611938 0.359182 4.034755 5.548862 4.034755
0.690617 0.126905 5.555448 5.548862 5.548862
0.878245 0.089826 5.555448 6.626362 5.555448
0.934806 0.299482 4.034755 5.548862 4.034755
0.412185 0.313102 0.282010 1.197715 0.282010
0.580894 0.040936 0.160336 7.584232 0.160336
0.943996 0.237045 4.034755 5.548862 4.034755
0.948145 0.431663 4.034755 5.548862 4.034755
0.710868 0.921336 35.980251 23.880379 23.880379
0.146926 0.709995 0.015881 0.015730 0.015730
0.915837 0.771612 1.345262 26.374820 1.345262
0.577017 0.889573 1.345262 0.853914 0.853914
0.674064 0.234563 5.555448 5.548862 5.548862
1.000000 0.079965 5.555448 6.626362 5.555448
0.740175 0.028358 7.644367 6.626362 6.626362
0.373324 0.990762 1.028035 0.757142 0.757142
0.232440 0.529657 0.015881 0.006960 0.006960
0.633042 0.097128 5.555448 6.626362 5.555448
0.384675 0.404428 0.015881 0.006960 0.006960
0.431115 0.789288 0.012237 0.256145 0.012237
0.695136 0.846281 1.345262 0.853914 0.853914
0.895754 0.018917 53.411293 20.304915 20.304915
0.768703 0.384220 39.277154 22.725003 22.725003
0.957572 0.279802 4.034755 5.548862 4.034755
0.356093 0.142421 1.299764 1.197715 1.197715
0.718905 0.000000 3.854572 6.626362 3.854572
0.832453 0.138504 5.555448 5.548862 5.548862
0.845162 0.276898 4.034755 5.548862 4.034755
0.134193 0.782380 0.006960 0.015730 0.006960
0.218949 0.772947 0.015881 0.256145 0.015881
0.052871 0.152110 1.558626 1.197715 1.197715
0.682410 0.670154 1.345262 0.984291 0.984291
0.167170 0.981990 1.028035 0.012179 0.012179
0.126420 0.463962 0.045380 0.006960 0.006960
0.960110 0.319357 4.034755 5.548862 4.034755
0.585789 0.273293 4.034755 5.837474 4.034755
0.775656 0.053089 3.854572 6.626362 3.854572
0.844423 0.088571 5.555448 6.626362 5.555448
0.801610 0.209838 5.555448 5.548862 5.548862
0.747751 0.037180 3.854572 6.626362 3.854572
0.993140 0.006936 17.173955 6.626362 6.626362
0.325541 0.642155 0.015881 0.006960 0.006960
0.714266 0.086508 5.555448 6.626362 5.555448
0.073032 0.301377 1.558626 1.197715 1.197715
0.605607 0.278589 4.034755 5.548862 4.034755
0.155441 0.036169 1.299764 1.197715 1.197715
0.948260 0.184702 5.555448 5.548862 5.548862
0.800254 0.178659 5.555448 5.548862 5.548862
1.000000 0.000000 3.854572 6.626362 3.854572
0.375825 0.936199 41.351348 63.457970 41.351348
0.785272 0.328264 27.294193 5.548862 5.548862
0.982381 0.738793 1.345262 0.317179 0.317179
0.955786 0.406320 4.034755 5.548862 4.034755
0.095446 0.182328 1.558626 1.197715 1.197715
0.652958 0.703015 1.345262 0.700517 0.700517
0.100470 0.161649 1.558626 1.197715 1.197715
0.803042 0.022492 15.954655 6.626362 6.626362
0.827767 0.371039 4.034755 5.548862 4.034755
0.921253 0.100839 5.555448 6.626362 5.555448
0.584886 0.968035 1.345262 0.853914 0.853914
0.060084 0.096727 1.558626 1.197715 1.197715
0.729678 0.781610 1.345262 0.853914 0.853914
0.975530 0.530724 4.034755 0.013612 0.013612
0.163717 0.155441 1.299764 1.197715 1.197715
0.024908 0.152282 85.609628 73.056716 73.056716
0.244672 0.759141 0.015881 0.256145 0.015881
0.021313 0.668955 0.006960 0.196040 0.006960
0.883620 0.015647 37.693462 57.738196 37.693462
0.642764 0.954699 64.478058 31.674498 31.674498
0.883416 0.947519 1.345262 0.317179 0.317179
0.011590 0.817665 0.006960 0.015730 0.006960
0.958552 0.747027 1.345262 0.317179 0.317179
0.562022 0.574436 4.034755 0.700517 0.700517
0.159222 0.574630 0.015881 0.006960 0.006960
0.768703 0.384220 39.277154 22.725003 22.725003
0.233797 0.928135 1.028035 0.757142 0.757142
0.628683 0.218421 5.555448 5.548862 5.548862
0.607508 0.069506 0.160336 6.626362 0.160336
0.053954 0.999671 0.006960 0.012179 0.006960
0.870123 0.815331 1.345262 0.317179 0.317179
0.822351 0.785512 1.345262 0.317179 0.317179
0.741391 0.031322 12.217445 6.626362 6.626362
0.552573 0.390663 4.034755 5.837474 4.034755
0.417474 0.030889 1.299764 1.197715 1.197715
0.891982 0.094715 5.555448 6.626362 5.555448
0.885230 0.234158 5.555448 5.548862 5.548862
0.565046 0.105633 8.643541 5.837474 5.837474
0.855185 0.999947 1.345262 0.317179 0.317179
0.093252 0.042327 1.558626 1.197715 1.197715
0.863755 0.500942 4.034755 0.013612 0.013612
0.982211 0.850626 1.345262 0.317179 0.317179
0.349129 0.000000 1.299764 1.197715 1.197715
0.714733 0.099057 5.555448 6.626362 5.555448
0.583537 0.349664 4.034755 5.837474 4.034755
0.973880 0.302694 4.034755 5.548862 4.034755
0.008520 0.103524 1.558626 0.196040 0.196040
0.059140 0.277056 1.558626 1.197715 1.197715
0.840010 0.584160 4.034755 0.013612 0.013612
0.956386 0.154069 5.555448 5.548862 5.548862
0.701626 0.927937 65.680510 43.103758 43.103758
0.974761 0.625444 1.345262 0.013612 0.013612
0.652426 0.377263 4.034755 5.548862 4.034755
0.135357 0.533536 0.045380 0.006960 0.006960
0.159035 0.978666 1.028035 0.012179 0.012179
1.000000 0.099009 5.555448 6.626362 5.555448
0.442759 0.994167 0.012237 0.757142 0.012237
0.803382 0.028142 14.994466 6.626362 6.626362
0.056757 0.328388 1.558626 1.197715 1.197715
0.332502 0.764266 0.015881 57.089516 0.015881
0.869258 0.018246 76.237667 51.127498 51.127498
0.840003 0.421156 4.034755 15.663292 4.034755
0.853333 0.232985 5.555448 5.548862 5.548862
0.591620 0.760589 1.345262 0.853914 0.853914
0.238839 0.034537 1.299764 1.197715 1.197715
0.834222 0.083317 5.555448 6.626362 5.555448
0.748472 0.853991 1.345262 0.853914 0.853914
1.000000 0.093695 5.555448 6.626362 5.555448
0.491401 0.076268 0.160336 1.197715 0.160336
0.356838 0.311284 0.282010 1.197715 0.282010
0.833936 0.646806 1.345262 0.013612 0.013612
0.311965 0.021121 1.299764 1.197715 1.197715
0.634947 0.198966 5.555448 5.548862 5.548862
0.972280 0.984879 1.345262 0.317179 0.317179
0.119874 0.619159 0.006960 0.006960 0.006960
0.936409 0.234828 5.555448 5.548862 5.548862
0.357538 0.693644 0.015881 0.256145 0.015881
0.329603 0.266246 0.282010 1.197715 0.282010
0.567288 0.000945 0.160336 5.837474 0.160336
0.609615 0.263728 4.034755 5.548862 4.034755
0.718407 0.031115 6.451259 6.626362 6.451259
0.181552 0.155959 1.299764 1.197715 1.197715
0.882578 0.019757 61.939282 85.764320 61.939282
1.000000 0.108214 5.555448 5.548862 5.548862
1.000000 0.422376 4.034755 5.548862 4.034755
0.661954 0.139306 5.555448 5.548862 5.548862
0.770407 0.393631 74.667666 78.959971 74.667666
0.001733 0.011026 1.558626 0.196040 0.196040
0.336492 0.300500 0.282010 1.197715 0.282010
0.336185 0.715492 0.015881 0.256145 0.015881
0.678708 0.597293 4.034755 1.399713 1.399713
0.048330 0.319756 1.558626 1.197715 1.197715
0.036897 0.285399 1.558626 0.196040 0.196040
0.683850 0.490167 4.034755 0.700517 0.700517
0.887094 0.224531 5.555448 5.548862 5.548862
0.590267 0.847717 1.345262 0.853914 0.853914
0.690744 0.000000 3.854572 6.626362 3.854572
1.000000 0.110351 5.555448 5.548862 5.548862
0.462175 0.511354 0.012237 0.006960 0.006960
0.525054 0.483620 0.929405 0.006960 0.006960
0.359086 0.028038 1.299764 1.197715 1.197715
0.895891 0.015024 45.631906 12.395857 12.395857
0.287107 0.150000 9.634249 4.769396 4.769396
1.000000 0.095523 5.555448 6.626362 5.555448
0.067327 0.165394 1.558626 1.197715 1.197715
0.078449 0.411465 0.045380 0.006960 0.006960
0.646861 0.160148 5.555448 5.548862 5.548862
0.429680 0.557823 0.015881 0.006960 0.006960
0.616619 0.369453 4.034755 5.548862 4.034755
0.358026 0.023297 1.299764 1.197715 1.197715
0.554164 0.726191 1.345262 0.700517 0.700517
0.787254 0.123122 5.555448 5.548862 5.548862
0.242840 0.070710 1.299764 1.197715 1.197715
0.688929 0.535176 4.034755 28.824141 4.034755
1.000000 0.362099 4.034755 5.548862 4.034755
0.764288 0.412877 32.001735 5.934900 5.934900
0.723753 0.796672 1.345262 0.853914 0.853914
0.879017 0.017989 86.598055 89.428940 86.598055
0.754107 0.657682 1.345262 0.700517 0.700517
0.188166 0.091067 1.299764 1.197715 1.197715
0.861424 0.101871 5.555448 5.548862 5.548862
0.642463 0.183542 23.189638 5.548862 5.548862
0.245476 0.546562 0.015881 1.056117 0.015881
0.653663 0.090065 5.555448 6.626362 5.555448
0.913945 0.049647 3.854572 22.605744 3.854572
0.821986 0.201424 5.555448 5.548862 5.548862
0.034075 0.247146 1.558626 0.196040 0.196040
0.327854 0.906824 1.028035 0.757142 0.757142
0.630611 0.792457 1.345262 0.853914 0.853914
0.099824 0.729084 8.705346 0.253749 0.253749
0.632489 0.369241 4.034755 5.548862 4.034755
0.691541 0.202641 5.555448 5.548862 5.548862
0.703958 0.725925 1.345262 0.700517 0.700517
0.721832 0.711158 1.345262 0.700517 0.700517
0.087029 0.111812 1.558626 1.197715 1.197715
0.797163 0.643498 1.345262 0.013612 0.013612
0.245629 0.850551 0.015881 0.757142 0.015881
0.792308 0.214836 11.881417 5.548862 5.548862
0.645699 0.234819 5.555448 5.548862 5.548862
0.692784 0.580981 4.034755 14.467292 4.034755
0.403433 0.003165 1.299764 1.197715 1.197715
0.670612 0.944130 89.371216 86.385487 86.385487
0.775397 0.396154 65.227132 77.350020 65.227132
0.934418 0.210538 5.555448 5.548862 5.548862
0.249793 0.597305 0.015881 0.041402 0.015881
0.631556 0.098875 5.555448 6.626362 5.555448
0.908942 0.696940 1.345262 0.013612 0.013612
0.546254 0.393999 4.034755 5.837474 4.034755
0.015678 0.020199 1.558626 0.196040 0.196040
0.506956 0.749682 0.012237 0.256145 0.012237
0.981606 0.012532 8.778872 6.626362 6.626362
0.963486 0.342386 4.034755 5.548862 4.034755
0.725294 0.100240 5.555448 6.626362 5.555448
0.120731 0.047910 1.558626 1.197715 1.197715
0.237542 0.449853 71.148780 70.927011 70.927011
0.861927 0.118101 5.555448 5.548862 5.548862
0.031742 0.507639 0.045380 0.196040 0.045380
0.293327 0.029291 1.299764 1.197715 1.197715
0.787239 0.891925 9.523066 0.853914 0.853914
0.497817 0.770892 0.012237 0.256145 0.012237
0.201388 0.992446 1.028035 0.012179 0.012179
0.383979 0.900262 1.028035 0.757142 0.757142
1.000000 0.008149 16.279244 6.626362 6.626362
0.467634 0.292853 12.772773 1.197715 1.197715
0.465474 0.659220 33.246007 0.006960 0.006960
0.855355 0.086287 5.555448 6.626362 5.555448
1.000000 0.151821 5.555448 5.548862 5.548862
0.650394 0.086143 5.555448 6.626362 5.555448
0.830427 0.827243 1.345262 0.317179 0.317179
0.764189 0.208778 28.403854 5.548862 5.548862
0.093542 0.680521 0.006960 0.006960 0.006960
0.953880 0.650724 1.345262 0.013612 0.013612
0.300877 0.298268 0.282010 1.197715 0.282010
1.000000 0.010253 9.328248 6.626362 6.626362
0.897680 0.333776 4.034755 5.548862 4.034755
0.167792 0.071076 1.299764 1.197715 1.197715
0.955957 0.443963 4.034755 5.548862 4.034755
0.014182 0.568218 0.045380 0.196040 0.045380
0.867205 0.002386 3.854572 61.672705 3.854572
0.450151 0.893356 0.012237 1.839797 0.012237
0.673277 0.486834 4.034755 0.700517 0.700517
0.981759 0.181386 5.555448 5.548862 5.548862
0.722288 0.905831 1.345262 0.853914 0.853914
0.486884 0.711804 0.012237 0.256145 0.012237
0.413272 0.463265 0.015881 0.006960 0.006960
0.959550 0.419666 4.034755 5.548862 4.034755
0.172645 0.143880 1.299764 1.197715 1.197715
0.376227 0.918483 1.028035 0.757142 0.757142
1.000000 0.809125 1.345262 5.003341 1.345262
0.776276 0.402913 43.441393 80.057940 43.441393
0.879009 0.015925 35.567346 83.092024 35.567346
0.679456 0.102620 5.555448 5.548862 5.548862
0.434047 0.311540 0.929405 1.197715 0.929405
0.730543 0.752441 1.345262 0.853914 0.853914
1.000000 0.208839 5.555448 5.548862 5.548862
0.132758 0.438033 0.045380 0.006960 0.006960
0.447878 0.188825 0.160336 1.197715 0.160336
0.315585 0.498683 0.015881 0.006960 0.006960
0.668295 0.095856 5.555448 6.626362 5.555448
0.328125 0.620056 0.015881 0.006960 0.006960
0.075447 0.736851 0.006960 0.015730 0.006960
0.778542 0.369862 65.157244 5.548862 5.548862
0.295078 0.117426 74.052130 36.932318 36.932318
0.591624 0.276742 4.034755 5.837474 4.034755
0.851548 0.572795 4.034755 0.304987 0.304987
0.315939 0.021278 1.299764 1.197715 1.197715
1.000000 0.098845 5.555448 6.626362 5.555448
0.833225 0.076047 5.555448 6.626362 5.555448
0.484386 0.822183 0.012237 0.256145 0.012237
0.832043 0.253410 4.034755 5.548862 4.034755
0.596531 0.026265 0.160336 5.837474 0.160336
0.282887 0.165648 0.452092 1.197715 0.452092
0.793797 0.898012 1.345262 0.853914 0.853914
