# Consensus Archive (v3 basin-tagged)
# x0..x(D-1) f0 f1 consensus
0.036656 0.048863 0.878937 0.586743 0.806198 0.709758 0.242683 0.239248 0.758174 0.566571 4.780904 2.745493 2.745493
0.195775 0.117338 0.908875 0.065998 0.389383 0.769038 0.253612 0.172532 0.484667 0.576366 4.780904 2.745493 2.745493
0.280997 0.123816 0.829817 0.629391 0.265073 0.918614 0.230822 0.846178 0.644742 0.711806 4.780904 5.128451 4.780904
0.829293 0.423093 0.048301 0.932271 0.672710 0.519840 0.914156 0.517647 0.448863 0.660452 4.435858 3.285740 3.285740
0.552910 0.599369 0.058961 0.564326 0.064576 0.355948 0.995146 0.304990 0.719773 0.079481 4.135780 3.285740 3.285740
0.582917 0.537390 0.017410 0.249236 0.552083 0.515483 0.702541 0.526866 0.328668 0.737748 4.135780 3.285740 3.285740
0.414822 0.518664 0.024473 0.726757 0.080162 0.179927 0.053308 0.404142 0.922964 0.462350 4.135780 1.491544 1.491544
0.341881 0.071812 0.812755 0.882746 0.359582 0.161936 0.109564 0.652148 0.057716 0.443721 2.431737 5.128451 2.431737
0.147518 0.097778 0.554349 0.910253 0.956350 0.346185 0.221988 0.324606 0.497365 0.485511 2.431737 5.128451 2.431737
0.310930 0.068979 0.751213 0.670753 0.201929 0.574578 0.897516 0.501972 0.482971 0.288188 5.182085 5.141403 5.141403
0.721738 0.899618 0.972758 0.662374 0.942937 0.515754 0.346494 0.647273 0.555112 0.197846 3.437456 4.217552 3.437456
0.544814 0.816389 0.131442 0.568801 0.919501 0.279089 0.019043 0.710182 0.035261 0.747777 3.437456 3.285740 3.285740
0.830069 0.570492 0.322109 0.509515 0.181957 0.120593 0.874891 0.857330 0.355108 0.672573 3.437456 3.285740 3.285740
0.946359 0.292414 0.025595 0.130572 0.504828 0.383096 0.652197 0.842799 0.363244 0.002605 4.434719 3.285740 3.285740
0.313822 0.054680 0.763964 0.673277 0.122710 0.586256 0.993700 0.583748 0.546690 0.326359 5.139079 5.128510 5.128510
0.323724 0.070284 0.805750 0.667938 0.132579 0.575047 0.954222 0.524627 0.506778 0.346210 5.345171 5.128488 5.128488
0.299037 0.064185 0.774489 0.640248 0.172902 0.619012 0.956214 0.480901 0.518496 0.364138 5.143094 5.129746 5.129746
0.288078 0.055622 0.760401 0.677320 0.212272 0.628635 1.000000 0.578528 0.532378 0.255494 5.145511 5.129583 5.129583
0.304556 0.050785 0.790226 0.675019 0.205046 0.515912 0.920650 0.509094 0.543212 0.311529 5.160566 5.128938 5.128938
0.312991 0.062325 0.789393 0.667828 0.153045 0.622032 0.946572 0.542593 0.562738 0.261952 5.329184 5.130038 5.130038
0.294954 0.058703 0.815616 0.645302 0.173025 0.623301 0.951587 0.542057 0.601686 0.356471 5.135902 5.128457 5.128457
0.322092 0.089374 0.739845 0.670123 0.228272 0.633833 0.992806 0.578232 0.507901 0.218045 5.261602 5.128485 5.128485
0.316986 0.072968 0.771560 0.678423 0.133639 0.630066 1.000000 0.509094 0.556077 0.307157 5.251523 5.130957 5.130957
0.318186 0.083438 0.758181 0.668450 0.218055 0.660552 0.954579 0.608442 0.614936 0.227287 5.139308 5.128638 5.128638
0.318824 0.083398 0.769284 0.667391 0.176124 0.637944 0.952941 0.561742 0.623246 0.219850 5.317051 5.128460 5.128460
0.306533 0.062686 0.754471 0.675652 0.169319 0.630351 0.969166 0.518524 0.533482 0.294730 5.148330 5.138900 5.138900
0.328364 0.069631 0.740822 0.671983 0.116788 0.622389 1.000000 0.584671 0.609534 0.312853 5.161002 5.128887 5.128887
0.308606 0.068899 0.761803 0.667949 0.195219 0.650809 0.928069 0.571644 0.615523 0.184993 5.131550 5.129521 5.129521
0.331048 0.065926 0.759254 0.674557 0.194174 0.579500 0.990129 0.503552 0.473908 0.350202 5.152015 5.132086 5.132086
0.309329 0.068292 0.756731 0.680172 0.199416 0.616387 0.944955 0.597425 0.591461 0.227533 5.225220 5.129883 5.129883
0.311825 0.065183 0.777988 0.667543 0.210188 0.592554 0.920301 0.483135 0.444070 0.320827 5.149857 5.135191 5.135191
0.295723 0.079075 0.793560 0.676962 0.143462 0.542509 0.892095 0.623652 0.576477 0.276606 5.235682 5.128500 5.128500
0.314315 0.059029 0.770052 0.675370 0.164181 0.582984 0.963572 0.494459 0.568404 0.259642 5.228359 5.131435 5.131435
0.310021 0.073009 0.753990 0.658742 0.275811 0.607465 0.947479 0.557835 0.422737 0.332016 5.178974 5.129698 5.129698
0.317995 0.063944 0.764725 0.668151 0.158358 0.610933 1.000000 0.512455 0.518944 0.285012 5.358695 5.130360 5.130360
0.320728 0.069780 0.765130 0.670891 0.171901 0.630117 1.000000 0.603350 0.556118 0.311895 5.301147 5.128691 5.128691
0.303404 0.068282 0.757401 0.679605 0.122615 0.608486 0.914770 0.532287 0.526402 0.224251 5.149899 5.138688 5.138688
0.310450 0.054439 0.767146 0.672813 0.134162 0.578964 0.932762 0.534029 0.492351 0.272744 5.139221 5.130898 5.130898
0.318603 0.078896 0.770625 0.663888 0.156399 0.527741 1.000000 0.524035 0.530957 0.402063 5.317252 5.128482 5.128482
0.296126 0.074599 0.794085 0.672207 0.151447 0.596516 0.918893 0.581958 0.566871 0.291577 5.238794 5.129558 5.129558
0.312920 0.070416 0.768682 0.660895 0.188504 0.562119 0.889747 0.457476 0.485427 0.274827 5.188327 5.131465 5.131465
0.307448 0.074123 0.764630 0.673439 0.205897 0.596091 0.932978 0.595054 0.495441 0.347780 5.159307 5.131431 5.131431
0.310055 0.081259 0.786311 0.662330 0.182658 0.613446 0.911189 0.517962 0.478721 0.324584 5.130927 5.128912 5.128912
0.309019 0.065271 0.765064 0.667560 0.224698 0.586388 1.000000 0.603219 0.543060 0.415077 5.255737 5.128485 5.128485
0.299784 0.076625 0.772471 0.677708 0.103460 0.575125 0.897574 0.576837 0.563954 0.229750 5.240440 5.129999 5.129999
0.306411 0.075377 0.748614 0.674593 0.193735 0.552757 0.904031 0.527573 0.489718 0.259643 5.273213 5.133752 5.133752
0.311213 0.069298 0.777007 0.667850 0.196719 0.600044 0.990308 0.618536 0.536822 0.425459 5.168244 5.128506 5.128506
0.317576 0.073739 0.765917 0.657122 0.126468 0.687758 0.980586 0.539075 0.565201 0.293699 5.130788 5.130718 5.130718
0.325820 0.057365 0.798825 0.674767 0.156965 0.540962 0.973516 0.498510 0.513941 0.358863 5.218933 5.129115 5.129115
0.316150 0.061184 0.810187 0.644492 0.259557 0.639862 0.941496 0.492879 0.445596 0.332021 5.134065 5.129167 5.129167
0.318195 0.072096 0.773271 0.678073 0.193079 0.649900 0.988762 0.599792 0.553488 0.294082 5.220647 5.129438 5.129438
0.304714 0.076475 0.759115 0.676817 0.175949 0.524091 0.866128 0.546810 0.461669 0.274784 5.167990 5.131821 5.131821
0.312202 0.067280 0.754700 0.665828 0.109853 0.616669 1.000000 0.554030 0.627749 0.306550 5.182359 5.128715 5.128715
0.328029 0.080865 0.734696 0.679390 0.136444 0.591301 0.961658 0.570358 0.605260 0.226530 5.184736 5.128887 5.128887
0.320873 0.079955 0.768882 0.678781 0.121962 0.551428 0.967802 0.556986 0.483773 0.293958 5.169366 5.128559 5.128559
0.317085 0.072986 0.773563 0.675794 0.192514 0.609465 0.990513 0.581097 0.522145 0.408860 5.144587 5.129832 5.129832
0.304074 0.076781 0.726057 0.678068 0.159571 0.660467 0.978039 0.603303 0.529697 0.182403 5.147001 5.132041 5.132041
0.308450 0.072201 0.781066 0.668287 0.148540 0.561478 0.925419 0.537331 0.459397 0.241270 5.362104 5.128591 5.128591
0.307608 0.071017 0.740090 0.659226 0.240203 0.623125 0.935951 0.539867 0.443276 0.237543 5.221882 5.129726 5.129726
0.368959 0.111273 0.684162 0.661936 0.853280 0.346664 0.661274 0.447748 0.931132 0.963273 4.780904 5.128451 4.780904
0.309733 0.085964 0.758302 0.680870 0.165162 0.542630 0.880782 0.579610 0.640484 0.283803 5.169593 5.130787 5.130787
0.311817 0.065722 0.765560 0.679808 0.206030 0.634398 0.993771 0.499108 0.523556 0.280811 5.136663 5.136161 5.136161
0.312931 0.069496 0.738711 0.677062 0.171089 0.572236 0.936501 0.618417 0.598337 0.349736 5.182342 5.129051 5.129051
0.307249 0.088453 0.762981 0.668347 0.195575 0.656546 0.920689 0.613969 0.637583 0.178165 5.144297 5.128523 5.128523
0.313941 0.061843 0.794362 0.657010 0.115793 0.555161 0.916194 0.492277 0.568179 0.348972 5.260159 5.129059 5.129059
0.315401 0.070148 0.782936 0.667195 0.146133 0.579120 0.985247 0.567718 0.517862 0.435477 5.161214 5.129024 5.129024
0.308294 0.072593 0.758962 0.672923 0.288129 0.557948 0.971464 0.553067 0.495478 0.385761 5.147089 5.130518 5.130518
0.318921 0.065618 0.759921 0.680627 0.158940 0.558997 0.975028 0.538666 0.521640 0.349022 5.297214 5.131346 5.131346
0.324204 0.072592 0.800122 0.671900 0.197314 0.609171 1.000000 0.508685 0.481011 0.376677 5.286860 5.128958 5.128958
0.302613 0.056844 0.776518 0.672175 0.231664 0.610806 0.947495 0.588837 0.493351 0.272085 5.176393 5.129001 5.129001
0.306914 0.059962 0.794113 0.658896 0.198297 0.594294 0.944578 0.479368 0.506070 0.377494 5.134288 5.131728 5.131728
0.305360 0.065698 0.781126 0.677374 0.222907 0.537623 0.911662 0.498163 0.525821 0.304306 5.138490 5.132768 5.132768
0.314885 0.061322 0.797511 0.665690 0.233417 0.618769 0.974650 0.561846 0.511278 0.351322 5.213692 5.129074 5.129074
0.309939 0.082934 0.736564 0.673586 0.204785 0.611219 0.920808 0.580578 0.515392 0.159740 5.186928 5.128622 5.128622
0.316576 0.073471 0.764720 0.678039 0.249364 0.545654 0.944124 0.557522 0.553015 0.392488 5.131853 5.131561 5.131561
0.299370 0.069224 0.785040 0.667837 0.103105 0.573229 0.957472 0.556115 0.643278 0.280525 5.216181 5.128470 5.128470
0.320529 0.072367 0.732776 0.678747 0.192598 0.528845 0.977388 0.488863 0.535682 0.316089 5.137003 5.132050 5.132050
0.307116 0.080875 0.785895 0.654008 0.105178 0.493710 0.817433 0.517420 0.547798 0.361692 5.137854 5.128512 5.128512
0.300627 0.074522 0.783278 0.679365 0.196086 0.506449 0.877539 0.562110 0.597431 0.306935 5.267332 5.129322 5.129322
0.304644 0.068947 0.783794 0.666784 0.183511 0.616638 0.995424 0.560531 0.543230 0.321308 5.372418 5.129231 5.129231
0.321793 0.076826 0.792350 0.652298 0.181201 0.619810 0.948729 0.545814 0.511361 0.342374 5.349386 5.128644 5.128644
0.301145 0.067993 0.763683 0.667656 0.215177 0.686636 0.987963 0.572567 0.517770 0.263702 5.132404 5.132351 5.132351
0.324660 0.075057 0.793792 0.663569 0.247893 0.593642 1.000000 0.524063 0.440220 0.342479 5.315533 5.128521 5.128521
0.316068 0.074315 0.760047 0.678668 0.125475 0.603767 0.961918 0.567562 0.604656 0.348260 5.134589 5.131576 5.131576
0.316786 0.069228 0.753789 0.667589 0.196443 0.640835 0.955977 0.548860 0.514818 0.306978 5.197440 5.135276 5.135276
0.298929 0.080970 0.776805 0.669006 0.195611 0.618739 0.919303 0.567520 0.514550 0.241285 5.294045 5.129924 5.129924
0.321648 0.074456 0.778146 0.662740 0.160118 0.646278 1.000000 0.468632 0.517288 0.325963 5.198434 5.128660 5.128660
0.307734 0.068173 0.775665 0.679189 0.136500 0.566732 0.911674 0.527346 0.592492 0.328028 5.141467 5.133760 5.133760
0.304876 0.073240 0.797154 0.661363 0.150927 0.523365 0.874857 0.508679 0.549222 0.307548 5.435670 5.128489 5.128489
0.314615 0.080038 0.759733 0.663835 0.124963 0.574623 0.982097 0.485245 0.508545 0.330402 5.184979 5.128595 5.128595
0.290389 0.076555 0.791070 0.667001 0.132981 0.548947 0.949983 0.567986 0.474007 0.305116 5.173465 5.128549 5.128549
0.311463 0.059272 0.758507 0.679289 0.186022 0.619564 0.951389 0.532864 0.504788 0.302244 5.152344 5.139567 5.139567
0.307347 0.074680 0.733230 0.668517 0.221376 0.671821 0.991275 0.554469 0.511279 0.259179 5.141004 5.135324 5.135324
0.305150 0.067467 0.751669 0.678251 0.177592 0.548028 0.878323 0.542686 0.489986 0.287485 5.175934 5.137421 5.137421
0.300796 0.073475 0.743611 0.676162 0.169678 0.624486 0.945523 0.517346 0.539709 0.255892 5.154550 5.143839 5.143839
0.311373 0.067531 0.733345 0.679151 0.201385 0.602291 0.933712 0.572563 0.511729 0.298730 5.157920 5.140034 5.140034
0.305322 0.072230 0.751875 0.674750 0.184710 0.580725 0.965373 0.533878 0.502963 0.360275 5.165457 5.134563 5.134563
0.310959 0.070316 0.750814 0.674399 0.157917 0.602679 0.904347 0.519228 0.514591 0.266935 5.165231 5.143838 5.143838
0.304495 0.070927 0.736434 0.677553 0.175339 0.642364 0.969181 0.545016 0.566536 0.231864 5.170328 5.138912 5.138912
0.310238 0.069309 0.734989 0.677691 0.189757 0.632360 0.966630 0.530806 0.564291 0.251277 5.141811 5.141297 5.141297
0.294335 0.077781 0.745010 0.675323 0.127652 0.598077 0.909005 0.572645 0.582815 0.239832 5.184615 5.134988 5.134988
0.308192 0.068468 0.754551 0.679033 0.174401 0.659234 0.961911 0.537873 0.490118 0.238773 5.151979 5.139721 5.139721
0.315102 0.073561 0.746294 0.677511 0.191983 0.617517 0.933168 0.573908 0.600049 0.231636 5.210306 5.133216 5.133216
0.297179 0.073926 0.762483 0.645851 0.167765 0.610328 0.916636 0.463044 0.509176 0.305374 5.138572 5.131637 5.131637
0.311218 0.076342 0.739474 0.674791 0.222612 0.611322 0.919739 0.549316 0.464079 0.259938 5.144544 5.139329 5.139329
0.296148 0.066320 0.744632 0.664469 0.255193 0.609466 0.920878 0.536810 0.460809 0.288175 5.151012 5.136618 5.136618
0.297337 0.071106 0.769661 0.674289 0.214702 0.562868 0.896451 0.521297 0.510983 0.301205 5.152180 5.136978 5.136978
0.300500 0.065533 0.745246 0.677242 0.174724 0.636443 0.974584 0.561820 0.514268 0.278970 5.143117 5.136360 5.136360
0.303892 0.063466 0.755801 0.676236 0.170668 0.607314 0.900132 0.562535 0.537146 0.263642 5.147645 5.139045 5.139045
0.303214 0.076148 0.762575 0.674935 0.173517 0.666287 0.924415 0.591096 0.606674 0.165376 5.144437 5.131909 5.131909
0.308366 0.079814 0.738580 0.678003 0.188808 0.647419 0.987684 0.584697 0.541649 0.298293 5.135000 5.133861 5.133861
0.320828 0.068420 0.775971 0.674931 0.233210 0.587832 0.955279 0.522503 0.514431 0.382658 5.135113 5.133993 5.133993
0.297804 0.083600 0.763040 0.670893 0.168402 0.536661 0.871922 0.556899 0.587378 0.325438 5.143981 5.132074 5.132074
0.304894 0.071662 0.736625 0.673711 0.198073 0.602861 0.970539 0.536476 0.517402 0.320834 5.155814 5.137354 5.137354
0.301185 0.064654 0.770426 0.680060 0.158862 0.533548 0.949017 0.493544 0.504667 0.341715 5.146904 5.132386 5.132386
0.300720 0.069963 0.764536 0.681064 0.238181 0.618252 0.967802 0.572158 0.486781 0.325605 5.145119 5.133450 5.133450
0.320007 0.066410 0.789562 0.680486 0.116099 0.557213 0.917895 0.526280 0.586852 0.351736 5.138487 5.130922 5.130922
0.305428 0.074601 0.759353 0.671189 0.177468 0.606718 0.940245 0.600823 0.587316 0.344518 5.157977 5.130798 5.130798
0.303998 0.067462 0.752150 0.680740 0.208026 0.647477 0.957700 0.561336 0.468394 0.257981 5.153439 5.138692 5.138692
0.313914 0.063383 0.769025 0.678136 0.178667 0.612512 0.984274 0.509918 0.519872 0.356590 5.143897 5.134926 5.134926
0.300936 0.068109 0.772425 0.676808 0.218593 0.583538 0.896276 0.554718 0.502268 0.264555 5.219336 5.134772 5.134772
0.320681 0.072847 0.742190 0.678375 0.125654 0.609123 0.987569 0.562020 0.621434 0.317931 5.144855 5.131148 5.131148
0.311383 0.069821 0.729802 0.679179 0.129052 0.608163 0.960143 0.536505 0.580703 0.224282 5.175453 5.136208 5.136208
0.319838 0.071940 0.765732 0.670366 0.139373 0.637295 0.970191 0.550033 0.595990 0.323527 5.163396 5.131569 5.131569
0.312018 0.063883 0.781287 0.679661 0.184307 0.609230 0.966779 0.552763 0.489936 0.344776 5.188732 5.131986 5.131986
0.316301 0.072726 0.768702 0.656072 0.169843 0.669051 0.998301 0.480279 0.525522 0.331819 5.141125 5.131167 5.131167
0.309825 0.064594 0.765194 0.675785 0.203928 0.635587 0.938843 0.535151 0.521066 0.289083 5.139001 5.140471 5.139001
0.311544 0.075537 0.753777 0.676042 0.201739 0.644069 0.933380 0.607606 0.617986 0.222611 5.141011 5.130600 5.130600
0.312693 0.077776 0.733010 0.680404 0.203447 0.614938 0.945924 0.564378 0.508854 0.160275 5.132785 5.131910 5.131910
0.295469 0.066852 0.773336 0.680490 0.171920 0.591842 0.962388 0.507905 0.511613 0.310237 5.158018 5.135086 5.135086
0.302746 0.070271 0.749563 0.677150 0.172566 0.554286 0.924397 0.547237 0.446730 0.271158 5.188276 5.132180 5.132180
0.311751 0.077559 0.744473 0.678801 0.147456 0.561826 0.978082 0.546065 0.501584 0.316946 5.177936 5.131006 5.131006
0.285398 0.074005 0.749034 0.679288 0.150852 0.557279 0.935080 0.555766 0.505975 0.270458 5.143818 5.132759 5.132759
0.304014 0.083762 0.764110 0.671284 0.199515 0.650330 0.930536 0.585635 0.622098 0.163978 5.137624 5.128930 5.128930
0.307329 0.064532 0.758892 0.675069 0.227829 0.610920 0.997633 0.519292 0.441262 0.331734 5.148420 5.133758 5.133758
0.329399 0.070977 0.777311 0.676620 0.133994 0.581393 0.944545 0.561910 0.594280 0.362500 5.131008 5.130313 5.130313
0.301730 0.083606 0.778387 0.680034 0.143773 0.574378 0.894408 0.615876 0.609504 0.322353 5.135965 5.129917 5.129917
0.305582 0.065201 0.774318 0.676173 0.169657 0.566557 0.855438 0.523271 0.546096 0.265703 5.138913 5.138555 5.138555
0.323740 0.067441 0.763877 0.668234 0.132254 0.586614 0.950390 0.508641 0.533014 0.346950 5.151791 5.132992 5.132992
0.312594 0.067836 0.753919 0.672353 0.213412 0.604032 0.996104 0.593406 0.520229 0.419845 5.141328 5.129707 5.129707
0.303137 0.067430 0.747583 0.676968 0.204532 0.648307 0.963980 0.554572 0.516807 0.241390 5.204044 5.138244 5.138244
0.322847 0.074896 0.786628 0.673181 0.163824 0.533290 0.971837 0.521540 0.519068 0.453699 5.134172 5.129204 5.129204
0.302916 0.074661 0.766174 0.680928 0.131383 0.595703 0.911992 0.590682 0.619763 0.284053 5.156094 5.132181 5.132181
0.305375 0.070789 0.794059 0.670276 0.198512 0.615004 0.937083 0.527555 0.583598 0.327979 5.137515 5.131848 5.131848
0.321716 0.066496 0.781099 0.640311 0.093782 0.466057 0.944168 0.555978 0.727616 0.294193 5.216652 5.128451 5.128451
0.288328 0.082610 0.736459 0.638883 0.216617 0.540741 1.000000 0.628449 0.598678 0.401740 5.206943 5.128451 5.128451
0.311240 0.067788 0.768429 0.620034 0.239003 0.477451 0.997285 0.671603 0.594126 0.344259 5.983798 5.128451 5.128451
0.309971 0.080536 0.687476 0.606326 0.199938 0.470562 0.928047 0.694326 0.504393 0.172228 5.542391 5.128451 5.128451
0.306527 0.082084 0.815220 0.619939 0.008395 0.447748 0.819584 0.554856 0.663884 0.285567 5.272772 5.128451 5.128451
0.309684 0.052469 0.726729 0.624414 0.217682 0.564729 0.982612 0.481032 0.495534 0.222359 5.195870 5.128451 5.128451
0.317977 0.050052 0.837706 0.632409 0.121090 0.428633 0.893561 0.548508 0.663469 0.283766 5.174642 5.128451 5.128451
0.289485 0.096776 0.834503 0.598486 0.066654 0.424866 0.763408 0.452273 0.550627 0.235684 5.321000 5.128451 5.128451
0.312810 0.081169 0.810569 0.596280 0.132924 0.395065 0.808278 0.617598 0.575620 0.168801 5.611499 5.128451 5.128451
0.313224 0.059082 0.766917 0.644904 0.222645 0.545532 0.961395 0.593409 0.561208 0.236210 5.553443 5.128451 5.128451
0.320867 0.076534 0.798033 0.630274 0.056329 0.510934 1.000000 0.508747 0.574361 0.387309 5.287297 5.128451 5.128451
0.341717 0.093488 0.827805 0.601430 0.175299 0.520246 1.000000 0.527885 0.573500 0.408069 6.061676 5.128451 5.128451
0.306098 0.082201 0.688566 0.637610 0.258694 0.467114 0.963327 0.618159 0.502247 0.335073 5.329043 5.128451 5.128451
0.320274 0.093220 0.736912 0.628794 0.209702 0.398364 0.940015 0.590035 0.607332 0.280143 5.395986 5.128451 5.128451
0.312436 0.074087 0.749666 0.638498 0.132823 0.486004 1.000000 0.739692 0.663887 0.408303 5.209360 5.128451 5.128451
0.314502 0.050072 0.832547 0.646165 0.102793 0.417680 0.978969 0.509347 0.621855 0.353877 5.159025 5.128451 5.128451
0.354950 0.088326 0.791592 0.614274 0.195629 0.485033 0.989064 0.593426 0.642317 0.443721 5.394303 5.128451 5.128451
0.324021 0.057554 0.828904 0.603896 0.223450 0.485590 1.000000 0.637608 0.663186 0.493849 5.156071 5.128451 5.128451
0.325433 0.108127 0.750846 0.626225 0.197424 0.595682 0.970153 0.656630 0.537517 0.160803 5.454971 5.128451 5.128451
0.311089 0.090733 0.774782 0.621851 0.125020 0.616549 0.913681 0.569291 0.747036 0.216923 5.233483 5.128451 5.128451
0.335154 0.088952 0.864028 0.598410 0.108811 0.541870 0.876822 0.512295 0.592237 0.132084 5.184064 5.128451 5.128451
0.316447 0.058616 0.828852 0.632453 0.243328 0.549731 0.961989 0.492654 0.604036 0.423363 5.157090 5.128451 5.128451
0.299112 0.088172 0.743262 0.601146 0.309632 0.605932 1.000000 0.780069 0.565643 0.358701 5.179480 5.128451 5.128451
0.301492 0.091221 0.721907 0.602872 0.267851 0.491848 0.862998 0.653688 0.472275 0.292006 6.056428 5.128451 5.128451
0.322556 0.091870 0.850993 0.606021 0.143903 0.461250 0.845795 0.564835 0.694435 0.234936 5.577941 5.128451 5.128451
0.337911 0.075813 0.757845 0.653779 0.166266 0.583637 0.992308 0.609682 0.640602 0.250463 5.323692 5.128451 5.128451
0.308053 0.058534 0.846243 0.604133 0.088029 0.413257 0.894280 0.509022 0.564820 0.370936 5.505328 5.128451 5.128451
0.335264 0.036969 0.772584 0.610554 0.199938 0.561014 1.000000 0.638122 0.594788 0.272790 5.285818 5.128451 5.128451
0.320768 0.103317 0.690651 0.615340 0.207283 0.592688 1.000000 0.578664 0.456127 0.144781 5.153203 5.128451 5.128451
0.287428 0.056773 0.715772 0.622090 0.314383 0.437645 0.893032 0.575294 0.458745 0.259914 5.373073 5.128451 5.128451
0.316090 0.085493 0.787570 0.597055 0.226119 0.373803 0.904912 0.770222 0.679072 0.257655 5.214053 5.128451 5.128451
0.285047 0.056998 0.752441 0.613241 0.307739 0.462831 0.958136 0.746120 0.597029 0.255020 5.245057 5.128451 5.128451
0.333135 0.106720 0.718056 0.614818 0.266468 0.573021 0.897400 0.553866 0.424603 0.204421 5.243623 5.128451 5.128451
0.355748 0.096161 0.719223 0.606617 0.295515 0.597609 1.000000 0.690459 0.585057 0.297125 5.180293 5.128451 5.128451
0.341842 0.089396 0.789514 0.626480 0.097607 0.341536 0.907438 0.586301 0.665575 0.397411 5.132899 5.128451 5.128451
0.306895 0.068167 0.718934 0.594919 0.216081 0.507163 0.977407 0.840246 0.607651 0.391844 5.229866 5.128451 5.128451
0.293155 0.047833 0.775490 0.638103 0.099303 0.474066 0.945157 0.564382 0.566179 0.268601 5.309766 5.128451 5.128451
0.315768 0.111059 0.801855 0.606751 0.059262 0.549462 0.865602 0.703640 0.713998 0.189806 5.171711 5.128451 5.128451
0.346929 0.060882 0.780426 0.624907 0.232501 0.523979 1.000000 0.430778 0.469774 0.213243 5.157084 5.128451 5.128451
0.319640 0.082858 0.680950 0.612946 0.239956 0.605282 0.943222 0.751605 0.619938 0.164007 5.299028 5.128451 5.128451
0.269457 0.057228 0.801605 0.601146 0.195605 0.356807 0.877094 0.582212 0.530948 0.270071 5.402386 5.128451 5.128451
0.296457 0.065213 0.737397 0.617691 0.329718 0.503784 0.945563 0.600617 0.451530 0.380330 5.630176 5.128451 5.128451
0.284887 0.065658 0.782827 0.601047 0.076445 0.563187 0.786017 0.655189 0.667662 0.238262 5.247917 5.128451 5.128451
0.302234 0.071997 0.689785 0.623678 0.253936 0.593072 0.962942 0.649976 0.529766 0.049570 5.165707 5.128451 5.128451
0.286103 0.095059 0.769207 0.616659 0.225104 0.478368 0.988798 0.628623 0.557237 0.451983 5.162401 5.128451 5.128451
0.325237 0.072266 0.772535 0.637896 0.146734 0.402003 0.943401 0.660166 0.611653 0.399141 5.420342 5.128451 5.128451
0.264935 0.088660 0.736931 0.633588 0.180739 0.530036 0.931347 0.610422 0.612308 0.289003 5.142826 5.128451 5.128451
0.308080 0.088635 0.755813 0.605428 0.290092 0.662036 1.000000 0.543597 0.387925 0.125055 5.185957 5.128451 5.128451
0.277091 0.061443 0.760493 0.648320 0.205378 0.538721 1.000000 0.622109 0.524789 0.352966 5.230205 5.128451 5.128451
0.336891 0.110783 0.742900 0.615224 0.208331 0.701764 1.000000 0.568879 0.594147 0.172769 5.259013 5.128451 5.128451
0.324006 0.055836 0.724215 0.605081 0.312770 0.552033 0.961536 0.656983 0.533813 0.190512 5.655301 5.128451 5.128451
0.326468 0.068544 0.854659 0.623546 0.086567 0.478631 0.912465 0.472787 0.678405 0.346475 5.339562 5.128451 5.128451
0.335942 0.077964 0.809729 0.643690 0.208940 0.374285 0.936096 0.627084 0.585827 0.386787 5.302440 5.128451 5.128451
0.339305 0.080174 0.698925 0.599519 0.299188 0.511205 1.000000 0.687263 0.491851 0.277977 5.604971 5.128451 5.128451
0.336206 0.101751 0.776115 0.623801 0.306915 0.569315 0.997377 0.689533 0.592811 0.228011 5.156553 5.128451 5.128451
0.299927 0.078533 0.705508 0.647450 0.214367 0.544735 0.927971 0.694395 0.625043 0.231898 5.486298 5.128451 5.128451
