# Party-0 optima (Phase 1b)
# x0..x(D-1) party_fit f0 f1 consensus
0.530106 0.289734 0.939895 0.070513 0.904450 0.961375 0.064909 0.115999 0.337022 0.232021 1.205982 1.205982 0.138919 0.138919
0.344573 0.017052 0.842120 0.141508 0.065991 0.392856 0.344591 0.472294 0.225733 0.444100 1.205982 1.205982 0.164378 0.164378
0.198796 0.026204 0.823010 0.829391 0.621986 0.500383 0.882141 0.180008 0.346350 0.685448 1.032554 1.032554 0.164378 0.164378
0.015772 0.055601 0.802285 0.759422 0.313558 0.618008 0.855987 0.018343 0.596956 0.732512 1.032554 1.032554 0.164378 0.164378
0.515863 0.228389 0.956811 0.705289 0.998186 0.179952 0.809125 0.060530 0.005527 0.780889 1.032554 1.032554 0.164378 0.164378
0.401601 0.099819 0.858839 0.656905 0.010153 0.035610 0.216313 0.705133 0.462171 0.809590 1.032554 1.032554 0.164378 0.164378
0.361449 0.281879 0.963634 0.837059 0.610129 0.997270 0.555018 0.235605 0.665586 0.370625 1.032554 1.032554 0.164378 0.164378
0.120299 0.139240 0.177404 0.585694 0.798259 0.567391 0.695707 0.900083 0.724493 0.927729 0.425828 0.425828 0.164378 0.164378
