# Party-0 optima (Phase 1b)
# x0..x(D-1) party_fit f0 f1 consensus
0.753817 0.030517 0.716391 37.896250 37.896250 36.624952 36.624952
0.671733 0.254964 0.612437 31.453975 31.453975 38.256889 31.453975
0.426809 0.814974 0.655302 29.335617 29.335617 5.136589 5.136589
0.342616 0.582355 0.698695 28.795159 28.795159 24.631897 24.631897
0.025662 0.507500 0.791534 25.675126 25.675126 21.904930 21.904930
0.601093 0.831469 0.236392 23.128338 23.128338 44.505378 23.128338
0.964972 0.608570 0.336224 21.191977 21.191977 1.368864 1.368864
0.627262 0.242759 0.521969 16.093137 16.093137 23.373094 16.093137
