# Final mediating pop (post Phase 4)
# x0..x(D-1) f0 f1 consensus
0.807440 0.819389 0.108404 0.644750 0.384831 0.658585 0.334991 0.657586 0.298869 0.166855 55.026040 55.168247 55.026040
0.808816 0.830136 0.093732 0.641460 0.437011 0.642399 0.261812 0.656570 0.350509 0.168286 55.060500 55.048484 55.048484
0.807619 0.841813 0.113470 0.644898 0.435718 0.674217 0.272123 0.658139 0.324256 0.179560 54.922593 54.927179 54.922593
0.806325 0.806296 0.103742 0.667086 0.470716 0.668258 0.303095 0.656030 0.335924 0.170034 55.373449 55.327731 55.327731
0.789655 0.795094 0.115487 0.658016 0.464654 0.641416 0.324363 0.660416 0.355854 0.203291 55.165188 54.975909 54.975909
0.811644 0.811519 0.090759 0.634638 0.395997 0.636717 0.329126 0.668880 0.310323 0.183890 55.221032 55.351936 55.221032
0.814913 0.847460 0.090364 0.639713 0.458436 0.668481 0.285494 0.649106 0.321661 0.153469 55.073077 55.163333 55.073077
0.791674 0.813306 0.096306 0.620062 0.430756 0.669351 0.333103 0.655004 0.335637 0.160355 55.204166 55.251581 55.204166
0.806950 0.809375 0.087880 0.628144 0.398097 0.645037 0.323909 0.650467 0.324366 0.149344 55.204006 55.185146 55.185146
0.807185 0.819667 0.099839 0.650757 0.386551 0.651383 0.331789 0.658591 0.303907 0.145155 55.133329 55.135236 55.133329
0.799488 0.843925 0.094033 0.637289 0.450491 0.675190 0.327021 0.661408 0.312781 0.181390 55.247528 55.429223 55.247528
0.815909 0.845365 0.091263 0.648931 0.442672 0.670572 0.269249 0.646295 0.353057 0.169628 54.727015 54.905258 54.727015
0.812349 0.827110 0.110264 0.638063 0.426666 0.675483 0.312816 0.663264 0.303890 0.204373 55.183501 55.149781 55.149781
0.795209 0.825298 0.092907 0.656477 0.460249 0.657634 0.359625 0.663870 0.352347 0.168496 55.412603 55.356233 55.356233
0.793081 0.824723 0.094654 0.640332 0.418102 0.651621 0.376244 0.669429 0.337363 0.189351 54.923460 54.994716 54.923460
0.791837 0.826246 0.112057 0.650972 0.425750 0.673131 0.344438 0.641615 0.343206 0.153729 54.914273 55.221949 54.914273
0.797992 0.808275 0.093468 0.627015 0.364659 0.629321 0.343785 0.666611 0.313958 0.169161 54.701826 54.627979 54.627979
0.795271 0.815977 0.106979 0.635387 0.387724 0.686880 0.275756 0.667066 0.304669 0.190404 55.029943 54.939817 54.939817
0.790038 0.847129 0.089525 0.649977 0.398157 0.674148 0.310091 0.662952 0.337860 0.155502 54.884379 54.779594 54.779594
0.812837 0.836471 0.106250 0.640024 0.463990 0.695278 0.304707 0.648344 0.336376 0.193137 54.781719 55.595721 54.781719
0.801951 0.808933 0.108260 0.659644 0.499313 0.692090 0.335857 0.666365 0.321003 0.158723 54.520941 54.577081 54.520941
0.808244 0.833590 0.103040 0.635020 0.390243 0.641302 0.316431 0.642295 0.321563 0.182654 55.020241 55.242802 55.020241
0.790624 0.828350 0.089995 0.644601 0.478027 0.660142 0.373873 0.664343 0.356837 0.179711 55.051904 55.119308 55.051904
0.798943 0.804351 0.117199 0.642674 0.458309 0.668255 0.330004 0.649364 0.336829 0.180115 55.223134 55.233016 55.223134
0.805733 0.836155 0.090744 0.626658 0.433516 0.653942 0.283014 0.672168 0.319346 0.203866 55.132277 55.648835 55.132277
0.793448 0.822797 0.090354 0.640101 0.475054 0.691352 0.290232 0.676119 0.347920 0.246137 54.506194 54.627028 54.506194
0.809987 0.823447 0.101933 0.645071 0.401417 0.675936 0.284993 0.649974 0.299202 0.165436 55.329454 55.367286 55.329454
0.813661 0.840894 0.086725 0.622009 0.425482 0.623455 0.320510 0.644372 0.338457 0.197684 55.039508 55.043017 55.039508
0.791107 0.810008 0.098453 0.610926 0.366281 0.596067 0.272433 0.679227 0.317247 0.197676 54.466526 54.510704 54.466526
0.807875 0.797942 0.106691 0.639310 0.423803 0.624138 0.284006 0.668652 0.320430 0.173719 55.047450 55.239378 55.047450
0.798392 0.814517 0.126978 0.657893 0.463672 0.674354 0.357956 0.632917 0.376314 0.224495 54.475766 54.746175 54.475766
0.805664 0.840048 0.104443 0.642337 0.434522 0.657851 0.315235 0.641337 0.317313 0.154858 55.416983 55.372945 55.372945
0.811730 0.823072 0.101435 0.648165 0.424199 0.641985 0.333980 0.632956 0.310478 0.126382 55.514925 55.605689 55.514925
0.803238 0.829199 0.108588 0.660038 0.485059 0.687469 0.331394 0.649572 0.345754 0.200378 55.418681 55.463264 55.418681
0.813378 0.834832 0.088869 0.615758 0.476339 0.643199 0.344857 0.646647 0.330236 0.200734 54.717338 54.808433 54.717338
0.787394 0.829530 0.075039 0.632950 0.446348 0.627152 0.314822 0.686673 0.338600 0.191443 55.005357 54.900671 54.900671
0.807264 0.823657 0.110567 0.663224 0.476815 0.681926 0.355182 0.663997 0.334974 0.191946 55.183238 55.332260 55.183238
0.798920 0.817700 0.118241 0.659096 0.458004 0.670100 0.327128 0.656579 0.355897 0.212302 55.149206 55.606931 55.149206
0.798191 0.815767 0.110954 0.665760 0.475309 0.674354 0.323724 0.658219 0.350281 0.196412 55.449480 55.467360 55.449480
0.802045 0.810759 0.103667 0.659457 0.416505 0.663479 0.370279 0.661309 0.331894 0.165678 55.111237 55.197349 55.111237
0.798207 0.823208 0.101311 0.651216 0.410902 0.658810 0.362810 0.681654 0.336402 0.204567 54.837997 55.217261 54.837997
0.807815 0.826842 0.115225 0.669863 0.413249 0.717295 0.284917 0.641546 0.329282 0.189010 54.783022 54.968293 54.783022
0.805071 0.835154 0.107979 0.663869 0.466677 0.667044 0.369593 0.664118 0.336548 0.192555 55.006237 55.142331 55.006237
0.819556 0.815633 0.117959 0.627316 0.436831 0.697324 0.369790 0.618616 0.300198 0.156130 54.137089 54.130987 54.130987
0.805264 0.823705 0.095691 0.624613 0.411740 0.629958 0.309098 0.657268 0.301664 0.151086 55.497869 55.615580 55.497869
0.806654 0.808881 0.111911 0.642035 0.401237 0.637119 0.356043 0.636900 0.348159 0.201254 54.672816 54.667659 54.667659
0.797279 0.783497 0.115994 0.653656 0.398987 0.649232 0.293602 0.658617 0.342677 0.182742 55.045362 55.109924 55.045362
0.796099 0.800940 0.112987 0.662100 0.432762 0.657240 0.301761 0.673602 0.361395 0.236073 54.802451 54.823932 54.802451
0.784750 0.803763 0.105798 0.652225 0.401573 0.642770 0.313497 0.682075 0.350898 0.180493 55.069819 55.082092 55.069819
0.817299 0.812052 0.103895 0.647550 0.381874 0.694322 0.303645 0.665892 0.303284 0.203149 54.837392 54.990526 54.837392
0.826991 0.812770 0.095578 0.623623 0.438262 0.635623 0.311223 0.667004 0.285448 0.183040 54.894730 54.954027 54.894730
0.799226 0.827489 0.084707 0.619325 0.412274 0.648355 0.352248 0.650830 0.332879 0.159903 54.899113 54.969867 54.899113
0.792791 0.829266 0.104720 0.664395 0.467118 0.678098 0.329005 0.656324 0.358439 0.174270 55.183747 55.218628 55.183747
0.796722 0.813674 0.108319 0.654585 0.419327 0.671481 0.348096 0.663031 0.324356 0.162759 55.152699 55.072477 55.072477
0.833205 0.816645 0.067322 0.656349 0.452275 0.632237 0.311192 0.641775 0.376194 0.176395 54.949467 54.979680 54.949467
0.810769 0.829391 0.094503 0.639056 0.440161 0.659536 0.312550 0.664991 0.315413 0.187280 55.703380 55.961639 55.703380
0.812920 0.837759 0.091025 0.617373 0.422066 0.620043 0.272357 0.676841 0.326917 0.225997 54.364549 54.670360 54.364549
0.815539 0.816573 0.101273 0.629419 0.411959 0.649490 0.311391 0.661760 0.294399 0.182427 55.331602 55.345720 55.331602
0.806987 0.833432 0.089478 0.635476 0.462245 0.654853 0.362225 0.633983 0.346260 0.157436 55.260574 55.281295 55.260574
0.816599 0.847761 0.081240 0.667327 0.493125 0.663334 0.342180 0.672755 0.346344 0.172469 55.074856 55.320432 55.074856
0.801011 0.794152 0.117884 0.671092 0.427961 0.658571 0.302922 0.679629 0.344258 0.200460 54.995594 55.242552 54.995594
0.804335 0.813170 0.102543 0.640132 0.397233 0.610509 0.323626 0.668929 0.293783 0.124112 54.661999 54.681826 54.661999
0.799809 0.802690 0.116020 0.677958 0.449281 0.671339 0.346120 0.665832 0.370919 0.208787 54.819868 54.732442 54.732442
0.823527 0.828126 0.110940 0.659788 0.386951 0.640982 0.313840 0.630697 0.295674 0.114588 54.710716 54.690079 54.690079
0.807889 0.828712 0.096686 0.651423 0.453548 0.662016 0.295685 0.648062 0.343913 0.169947 55.529830 55.344880 55.344880
0.804739 0.830399 0.092980 0.649947 0.447037 0.667705 0.304651 0.656352 0.343765 0.203235 55.460470 55.410895 55.410895
0.792574 0.817853 0.093002 0.640776 0.404468 0.659002 0.345437 0.686567 0.331826 0.206033 55.050999 55.183642 55.050999
0.805862 0.824122 0.083945 0.664089 0.432041 0.668932 0.374502 0.684500 0.343894 0.180657 54.921148 54.946130 54.921148
0.802890 0.821150 0.106440 0.607552 0.421533 0.653542 0.361418 0.615652 0.313959 0.139543 54.753338 54.694933 54.694933
0.815468 0.830416 0.085942 0.669064 0.492010 0.662589 0.347828 0.656513 0.367304 0.182860 55.160986 55.279221 55.160986
0.807686 0.805082 0.113966 0.688677 0.436348 0.707931 0.316524 0.637897 0.336795 0.147467 54.463190 54.512975 54.463190
0.809070 0.816752 0.094750 0.635395 0.385469 0.641005 0.341896 0.660922 0.290246 0.155414 55.065712 55.180460 55.065712
0.813460 0.822038 0.082753 0.662072 0.450404 0.670427 0.336351 0.665034 0.319200 0.147771 55.291929 55.425909 55.291929
0.804524 0.820232 0.097101 0.646738 0.409475 0.651194 0.291748 0.666232 0.323343 0.174296 55.650950 55.916327 55.650950
0.778546 0.809686 0.114070 0.625054 0.388691 0.628777 0.322512 0.659952 0.373500 0.229591 54.369542 54.470879 54.369542
0.797674 0.820608 0.107334 0.654878 0.399190 0.650405 0.339007 0.699774 0.330501 0.225993 54.729336 54.725605 54.725605
0.805800 0.822388 0.091513 0.627530 0.432451 0.623270 0.306205 0.663818 0.304772 0.139085 55.190613 55.531819 55.190613
0.811575 0.793214 0.101820 0.658730 0.424504 0.689501 0.353602 0.684532 0.321111 0.213568 54.809902 54.858910 54.809902
0.791543 0.847461 0.086391 0.630222 0.409073 0.626973 0.284617 0.699759 0.321420 0.194255 54.806271 54.571870 54.571870
0.810520 0.861055 0.088621 0.631172 0.449735 0.629874 0.277095 0.670814 0.328899 0.167474 54.975976 54.928101 54.928101
0.823218 0.814563 0.081749 0.664141 0.456906 0.622963 0.319369 0.665947 0.363161 0.193463 54.788672 54.881901 54.788672
0.813995 0.807449 0.082549 0.669697 0.465676 0.683727 0.346963 0.669115 0.318824 0.148940 55.033551 54.926152 54.926152
0.785193 0.850816 0.099843 0.600024 0.465554 0.621949 0.364610 0.654751 0.336312 0.227159 54.100631 54.563739 54.100631
0.804566 0.821450 0.103313 0.629654 0.425096 0.657603 0.312223 0.642871 0.325096 0.170420 55.563353 55.433227 55.433227
0.797503 0.815207 0.105202 0.647768 0.483109 0.633964 0.365266 0.658548 0.367942 0.241880 54.382758 54.356629 54.356629
0.802551 0.839869 0.084049 0.634206 0.477214 0.658131 0.328899 0.658242 0.344269 0.174760 55.364751 55.585950 55.364751
0.796110 0.827455 0.114030 0.649141 0.481642 0.676720 0.338704 0.673973 0.319689 0.179843 54.999220 55.198330 54.999220
0.806984 0.833667 0.095020 0.645574 0.399768 0.677191 0.280523 0.661000 0.324346 0.200270 55.161836 55.493679 55.161836
0.800657 0.832795 0.100376 0.630680 0.454644 0.659354 0.288475 0.657119 0.333460 0.158917 55.169125 55.342933 55.169125
0.823962 0.814369 0.105532 0.654372 0.443269 0.692868 0.303870 0.683529 0.305664 0.230268 54.650959 54.604404 54.604404
0.813148 0.807803 0.100761 0.675628 0.516077 0.694007 0.343397 0.633867 0.362316 0.157871 54.637761 54.604010 54.604010
0.798050 0.810476 0.111188 0.638526 0.412331 0.648497 0.274617 0.660275 0.331113 0.181109 55.505786 55.439101 55.439101
0.804028 0.829046 0.092477 0.634781 0.453596 0.654554 0.344302 0.647302 0.335818 0.179549 55.649300 55.553981 55.553981
0.789583 0.802578 0.119061 0.646836 0.421528 0.684815 0.369620 0.679991 0.343069 0.236091 54.542553 54.738350 54.542553
0.805573 0.821492 0.092501 0.651925 0.454254 0.658577 0.313774 0.658630 0.343528 0.188550 55.746366 55.816017 55.746366
0.790746 0.809129 0.108885 0.650201 0.432875 0.650049 0.322115 0.658475 0.346826 0.156180 55.226890 55.288964 55.226890
0.796345 0.802755 0.105849 0.655028 0.446355 0.658700 0.302265 0.659294 0.348075 0.190554 55.549233 55.396233 55.396233
0.800863 0.825605 0.111366 0.655251 0.421638 0.634030 0.297195 0.692734 0.319151 0.190024 55.012193 55.177430 55.012193
0.788874 0.820625 0.110906 0.621022 0.435059 0.647071 0.311789 0.663617 0.337322 0.241011 54.879361 54.853072 54.853072
0.799438 0.827995 0.103505 0.633142 0.413250 0.667870 0.294293 0.655267 0.317496 0.177153 55.629120 55.547108 55.547108
0.804724 0.832809 0.101542 0.666155 0.440324 0.668749 0.349114 0.622667 0.368871 0.156249 54.760718 54.566589 54.566589
0.812525 0.826652 0.088471 0.666754 0.443636 0.672624 0.381776 0.656601 0.351365 0.168158 54.819439 54.856372 54.819439
0.795281 0.850894 0.076250 0.661768 0.458401 0.628347 0.340267 0.684544 0.383863 0.160955 54.397946 54.588258 54.397946
0.798793 0.829701 0.083147 0.613435 0.435662 0.645799 0.313980 0.659978 0.327608 0.164662 55.393822 55.356824 55.356824
0.816490 0.859808 0.108765 0.663909 0.424723 0.629293 0.345322 0.671786 0.307195 0.150950 54.177998 54.798133 54.177998
0.820848 0.821670 0.110759 0.645610 0.516181 0.670434 0.343358 0.663731 0.305768 0.193305 54.354877 54.391309 54.354877
0.797037 0.817615 0.101242 0.663749 0.467461 0.676858 0.383460 0.680454 0.352435 0.202979 54.771985 55.270431 54.771985
0.811857 0.820054 0.117259 0.660339 0.409630 0.656938 0.331262 0.629608 0.311648 0.132024 55.011488 55.292818 55.011488
0.820422 0.819937 0.111155 0.650200 0.430066 0.696875 0.287467 0.645348 0.314127 0.193624 55.155942 55.146801 55.146801
0.806179 0.840548 0.093627 0.603073 0.470734 0.593391 0.319359 0.668411 0.316258 0.216045 54.204007 54.233754 54.204007
0.808713 0.812316 0.091412 0.649048 0.427478 0.647749 0.332386 0.662453 0.337510 0.189521 55.569595 55.456049 55.456049
0.811540 0.801593 0.105786 0.662239 0.381864 0.685948 0.332630 0.668823 0.324108 0.197860 54.876147 55.020665 54.876147
0.783957 0.793343 0.105593 0.645366 0.374382 0.608018 0.325268 0.670037 0.361132 0.169695 54.205272 54.384671 54.205272
0.787308 0.816869 0.107349 0.629239 0.429858 0.590758 0.356639 0.677221 0.332156 0.216643 54.317053 54.287042 54.287042
0.816524 0.807219 0.106809 0.668015 0.428221 0.696283 0.299870 0.632816 0.354480 0.178504 54.688662 55.025584 54.688662
0.811899 0.829418 0.107135 0.653577 0.514835 0.666784 0.330128 0.649703 0.329967 0.162354 54.848645 54.813509 54.813509
0.796528 0.803676 0.096591 0.640454 0.439451 0.658872 0.257413 0.679251 0.345307 0.239467 54.673324 54.690439 54.673324
0.822764 0.819652 0.094077 0.643374 0.412333 0.629647 0.332367 0.622698 0.350202 0.167548 54.830231 54.966488 54.830231
0.799600 0.828916 0.091203 0.637173 0.425469 0.643259 0.330653 0.673609 0.318565 0.180724 55.547231 55.594894 55.547231
0.806108 0.831797 0.102253 0.653080 0.458612 0.648656 0.346480 0.646759 0.322016 0.153118 55.654731 55.481511 55.481511
0.687960 0.732864 0.027088 0.480135 0.464912 0.636732 0.168843 0.429713 0.197267 0.305602 51.391319 51.344299 51.344299
0.794839 0.733387 0.081830 0.474427 0.493876 0.721257 0.188403 0.547530 0.448855 0.158722 51.073748 51.344299 51.073748
0.736290 0.862273 0.135732 0.476726 0.454353 0.637933 0.346108 0.537972 0.292299 0.465055 51.535505 51.344299 51.344299
0.040684 0.572752 0.070088 0.744242 0.549499 0.953843 0.503402 0.857861 0.662698 0.623050 46.254762 37.490970 37.490970
0.725920 0.841843 0.102821 0.481237 0.265851 0.518248 0.253724 0.511253 0.202964 0.401341 51.422309 51.344299 51.344299
0.783549 0.704349 0.035294 0.421334 0.356275 0.653819 0.293591 0.284248 0.239798 0.178675 51.132601 51.344668 51.132601
0.747071 0.793423 0.104908 0.419082 0.472160 0.682459 0.350862 0.530388 0.323022 0.277267 51.507196 51.348536 51.348536
0.804325 0.841832 0.061260 0.395844 0.457950 0.634787 0.287300 0.486608 0.261554 0.219403 51.326594 51.355340 51.326594
0.810395 0.907445 0.095702 0.660247 0.415727 0.632931 0.312318 0.832642 0.329441 0.223243 51.773961 53.343048 51.773961
0.815501 0.843394 0.171769 0.564365 0.362786 0.705164 0.367943 0.595146 0.263299 0.221410 51.515923 51.668067 51.515923
0.743455 0.741111 0.086934 0.478784 0.317725 0.700221 0.231291 0.657473 0.316148 0.243998 51.316400 51.344299 51.316400
0.854139 0.828765 0.107041 0.631032 0.372113 0.773891 0.270981 0.595397 0.411999 0.262277 52.260411 52.303868 52.260411
0.791114 0.812540 0.063490 0.460680 0.481790 0.581714 0.349844 0.352122 0.491988 0.304284 51.431067 51.344299 51.344299
0.743675 0.774325 0.023640 0.177010 0.093971 0.863136 0.308649 0.223542 0.809866 0.866920 50.740949 51.344299 50.740949
0.750485 0.823004 0.159315 0.573321 0.475939 0.688109 0.288059 0.673853 0.358232 0.159170 51.823264 51.304791 51.304791
0.802434 0.843704 0.068431 0.476281 0.401974 0.532677 0.346428 0.456906 0.271999 0.419776 51.567113 51.344299 51.344299
0.814361 0.866616 0.079497 0.433971 0.424855 0.645420 0.395315 0.584549 0.241996 0.235312 51.385280 51.349693 51.349693
0.804237 0.800788 0.023185 0.472687 0.436479 0.598372 0.399065 0.584531 0.251506 0.000000 51.106407 51.346130 51.106407
0.851513 0.748862 0.037020 0.452570 0.384037 0.747588 0.394295 0.505608 0.275544 0.161457 51.365391 51.344299 51.344299
0.811683 0.817576 0.120110 0.480299 0.541222 0.805665 0.205911 0.512106 0.219037 0.306482 51.149066 51.344299 51.149066
0.788127 0.840752 0.107432 0.658560 0.429501 0.704564 0.396191 0.799556 0.283059 0.187076 52.146025 53.348748 52.146025
0.758369 0.678085 0.092432 0.456346 0.420755 0.693583 0.259522 0.465349 0.075650 0.343037 51.122423 51.344299 51.122423
0.777798 0.828107 0.089546 0.458678 0.351712 0.670162 0.205091 0.649438 0.267119 0.236601 51.549282 51.344299 51.344299
0.797249 0.678930 0.057896 0.474517 0.392517 0.599885 0.254035 0.529667 0.225737 0.231840 51.706456 51.344976 51.344976
0.756623 0.816402 0.050645 0.603088 0.398975 0.795685 0.426172 0.607877 0.335018 0.185953 52.344569 48.835151 48.835151
0.777200 0.812533 0.070889 0.459412 0.471613 0.589370 0.290235 0.616108 0.324041 0.370231 51.714437 51.344299 51.344299
0.796042 0.627504 0.117602 0.416287 0.305494 0.592026 0.290701 0.494419 0.167373 0.479948 50.867899 51.344299 50.867899
0.713360 0.802252 0.101169 0.449611 0.333088 0.534895 0.314638 0.564750 0.374220 0.352506 51.688363 51.344299 51.344299
0.788011 0.771187 0.059934 0.466761 0.558587 0.652992 0.298294 0.315341 0.189869 0.288366 51.328027 51.344299 51.328027
0.758640 0.883732 0.132117 0.419447 0.471307 0.826306 0.485151 0.517926 0.368068 0.319390 50.770636 51.344299 50.770636
0.870064 0.969406 0.664895 0.343106 0.482422 0.219152 0.722958 0.790323 0.709885 0.995885 0.000463 0.010217 0.000463
0.769521 0.738989 0.151089 0.469209 0.430087 0.721630 0.480203 0.435013 0.275700 0.343793 51.368769 51.344299 51.344299
0.749575 0.082002 0.218004 0.777795 0.948917 0.609251 0.417019 0.847126 0.312650 0.260394 48.197223 45.428363 45.428363
0.727991 0.794349 0.130412 0.473228 0.459518 0.523179 0.167163 0.566254 0.319624 0.209278 51.372082 51.345465 51.345465
0.824019 0.906045 0.078675 0.474764 0.491632 0.636123 0.267044 0.725478 0.257439 0.380862 51.068737 51.344299 51.068737
0.377687 0.279338 0.219051 0.954307 0.205351 0.713142 0.649534 0.198855 0.069152 0.175053 44.439320 39.050585 39.050585
0.803830 0.897599 0.142738 0.738086 0.439408 0.648952 0.392479 0.703880 0.458816 0.030571 51.238089 49.672446 49.672446
0.831532 0.739046 0.110588 0.453463 0.422673 0.690077 0.232149 0.549607 0.137603 0.352366 51.226584 51.344797 51.226584
0.793321 0.792615 0.054605 0.476187 0.494842 0.550230 0.434556 0.595529 0.224528 0.099158 51.494649 51.352189 51.352189
0.704853 0.702909 0.111548 0.451282 0.379794 0.630411 0.331838 0.536743 0.294679 0.222437 51.667656 51.345657 51.345657
0.827415 0.670467 0.855610 0.281016 0.453768 0.641911 0.437667 0.959524 0.282252 0.466391 0.000463 0.010217 0.000463
0.737224 0.645859 0.105840 0.469404 0.408559 0.664415 0.248047 0.477606 0.338439 0.255615 51.383063 51.344563 51.344563
0.760964 0.775360 0.079990 0.478390 0.193085 0.572823 0.278004 0.378945 0.314063 0.239784 51.301391 51.344299 51.301391
0.175316 0.262655 0.932374 0.128831 0.838237 0.070092 0.431676 0.664358 0.158135 0.990701 41.057098 45.113570 41.057098
0.833440 0.841181 0.165570 0.689250 0.501982 0.690282 0.228359 0.829212 0.480124 0.414101 50.814537 51.196297 50.814537
0.829188 0.795433 0.140675 0.714274 0.304313 0.608545 0.398815 0.788626 0.339050 0.248540 51.362965 51.573486 51.362965
0.747307 0.674900 0.103642 0.447592 0.294991 0.671378 0.321611 0.493701 0.113253 0.276493 51.224281 51.344299 51.224281
0.665902 0.501214 0.564104 0.873644 0.455466 0.211681 0.753453 0.235575 0.830220 0.858022 50.652966 38.530522 38.530522
0.743719 0.821883 0.071511 0.461999 0.462155 0.684077 0.285789 0.455776 0.116046 0.406824 51.204279 51.344299 51.204279
0.753695 0.743104 0.075571 0.455905 0.441101 0.778489 0.246391 0.638147 0.323263 0.348341 51.288161 51.344299 51.288161
0.654969 0.727815 0.080613 0.458844 0.493380 0.664833 0.199778 0.461033 0.326628 0.352963 51.362362 51.344299 51.344299
0.868514 0.748233 0.105563 0.458950 0.479845 0.638518 0.375822 0.448602 0.327877 0.000000 50.904302 51.344299 50.904302
0.788814 0.740872 0.084527 0.463412 0.546058 0.619947 0.104432 0.475201 0.284336 0.164832 51.108839 51.344299 51.108839
0.813048 0.806811 0.068479 0.468160 0.380343 0.638207 0.358026 0.574345 0.393599 0.261667 51.870592 51.344299 51.344299
0.826391 0.785838 0.042769 0.459450 0.479432 0.693727 0.320653 0.368027 0.217417 0.374200 51.510192 51.344299 51.344299
0.789383 0.814380 0.077400 0.398765 0.422318 0.639762 0.203731 0.718877 0.263938 0.237546 50.963066 51.344299 50.963066
0.741725 0.740847 0.031129 0.424686 0.300328 0.624534 0.287335 0.370559 0.109858 0.378400 51.049361 51.344299 51.049361
0.357498 0.108153 0.527766 0.362328 0.453254 0.249349 0.588377 0.477089 0.767250 0.438934 41.057098 45.113570 41.057098
0.751494 0.696954 0.088726 0.466802 0.445078 0.522159 0.376680 0.539015 0.217319 0.260925 51.585455 51.344299 51.344299
0.960605 0.517892 0.313439 0.651220 0.287753 0.786566 0.228750 0.272090 0.775436 0.952864 50.740949 46.127878 46.127878
0.833258 0.844495 0.108813 0.729447 0.372994 0.774063 0.380163 0.731219 0.407338 0.218741 51.660114 51.779175 51.660114
0.762539 0.732524 0.094851 0.470812 0.410314 0.586117 0.406574 0.478082 0.141483 0.245913 51.742119 51.344559 51.344559
0.721539 0.728446 0.107757 0.457563 0.312931 0.671421 0.285840 0.256369 0.456560 0.328767 51.269615 51.344299 51.269615
0.837750 0.893962 0.079346 0.627648 0.545120 0.612264 0.677379 0.791548 0.385830 0.096499 50.740949 47.857346 47.857346
0.797598 0.764548 0.071726 0.476497 0.438850 0.715342 0.519047 0.426029 0.281593 0.131581 51.345115 51.344417 51.344417
0.791328 0.690090 0.118063 0.443172 0.402844 0.710784 0.348006 0.328268 0.211717 0.282317 51.265402 51.344692 51.265402
0.797458 0.868584 0.110902 0.420115 0.537545 0.584110 0.227214 0.584455 0.366437 0.134842 51.023546 51.344457 51.023546
0.785253 0.822302 0.103830 0.609684 0.453383 0.671374 0.223773 0.775968 0.337953 0.288068 52.129449 53.019707 52.129449
0.811537 0.768531 0.134927 0.628383 0.485780 0.619448 0.382667 0.689282 0.332050 0.213808 52.555568 53.653681 52.555568
0.760656 0.786369 0.076974 0.545699 0.362611 0.584783 0.368796 0.678008 0.244268 0.227576 53.097156 48.688270 48.688270
0.797018 0.790325 0.116519 0.724939 0.444193 0.610742 0.276185 0.819453 0.404646 0.115664 51.497254 51.396335 51.396335
0.717787 0.844290 0.060472 0.404422 0.409913 0.609345 0.339936 0.375476 0.322473 0.291363 51.193133 51.344299 51.193133
0.810684 0.824185 0.079359 0.547731 0.451497 0.698678 0.369444 0.677877 0.352121 0.156697 52.346777 56.360639 52.346777
0.803399 0.792911 0.092946 0.461590 0.512799 0.530965 0.382208 0.566808 0.350608 0.386137 51.434296 51.344299 51.344299
0.793701 0.793224 0.056247 0.448068 0.359265 0.567553 0.269252 0.372139 0.293143 0.256413 51.805382 51.344394 51.344394
0.688044 0.834815 0.057127 0.420705 0.448905 0.638188 0.196293 0.449598 0.234054 0.385687 51.097657 51.344299 51.097657
0.737662 0.702338 0.064618 0.467192 0.336378 0.631300 0.318948 0.579369 0.194554 0.158194 51.388788 51.344299 51.344299
0.793875 0.805622 0.057027 0.480560 0.389367 0.540709 0.541812 0.457681 0.103810 0.291361 51.042315 51.344299 51.042315
0.726929 0.873108 0.096565 0.460660 0.394913 0.714727 0.268975 0.530546 0.416340 0.332597 51.553676 51.344299 51.344299
0.827342 0.840882 0.140905 0.608432 0.410402 0.652737 0.252044 0.652612 0.250913 0.197127 53.042830 52.023839 52.023839
0.778294 0.703563 0.063280 0.364311 0.443268 0.640335 0.300779 0.431587 0.269554 0.273255 51.016068 51.387926 51.016068
0.874259 0.883981 0.105234 0.724662 0.453953 0.677674 0.249619 0.757562 0.336212 0.130513 51.780279 51.537839 51.537839
0.792054 0.801729 0.135572 0.652043 0.402570 0.714219 0.292751 0.742005 0.411413 0.313555 51.782182 57.637362 51.782182
0.667669 0.762509 0.117653 0.443582 0.427468 0.613914 0.272676 0.528552 0.415105 0.376415 51.496180 51.344299 51.344299
0.806953 0.662648 0.084033 0.265905 0.489711 0.564063 0.607662 0.308187 0.216317 0.276841 50.740949 51.459312 50.740949
0.711647 0.717644 0.064143 0.480794 0.292897 0.678038 0.165949 0.359924 0.355730 0.286375 51.529175 51.344299 51.344299
0.785025 0.764148 0.072127 0.499381 0.560721 0.892307 0.258966 0.746494 0.394314 0.185687 50.798576 47.735961 47.735961
0.795807 0.774746 0.070630 0.423159 0.453467 0.605664 0.414379 0.545486 0.245867 0.315222 51.427456 51.344299 51.344299
0.810638 0.761096 0.070300 0.447517 0.456649 0.794526 0.389302 0.358778 0.303477 0.301120 51.287044 51.344299 51.287044
0.839721 0.812859 0.111282 0.739828 0.451261 0.691195 0.239521 0.792959 0.490994 0.314189 51.172352 51.422346 51.172352
0.869788 0.823147 0.119555 0.699202 0.476544 0.744094 0.374986 0.635331 0.439908 0.106893 51.476004 53.231322 51.476004
0.792512 0.741267 0.117787 0.636526 0.434381 0.728688 0.231982 0.661891 0.435808 0.161513 51.555004 52.240059 51.555004
0.734766 0.757079 0.036302 0.460551 0.282051 0.548807 0.161275 0.391858 0.405303 0.060750 50.918529 51.344299 50.918529
0.746521 0.712375 0.082905 0.469530 0.380170 0.644581 0.282848 0.629225 0.148704 0.243407 51.489888 51.344299 51.344299
0.840524 0.929408 0.055360 0.450123 0.403636 0.628228 0.410941 0.492175 0.377819 0.220462 50.950713 51.344299 50.950713
0.818451 0.812071 0.103406 0.644936 0.379176 0.659846 0.338801 0.655307 0.290851 0.167907 54.946571 54.775024 54.775024
0.773510 0.780226 0.145608 0.440653 0.422072 0.739738 0.255850 0.629645 0.293617 0.218448 51.158704 51.346454 51.158704
0.777204 0.732606 0.104533 0.475209 0.438560 0.562678 0.476414 0.511088 0.173758 0.426167 51.352448 51.344299 51.344299
0.788725 0.501216 0.000000 0.168372 0.106511 0.891034 0.442792 0.138570 0.772425 0.821493 50.740949 51.344299 50.740949
0.870525 0.887310 0.038517 0.708370 0.556959 0.637339 0.121820 0.922802 0.405551 0.131709 50.795274 47.604394 47.604394
0.711303 0.799951 0.027287 0.474516 0.438595 0.691309 0.148856 0.673528 0.133880 0.026609 50.896992 51.344299 50.896992
0.745112 0.705232 0.056846 0.382535 0.337917 0.535566 0.245178 0.499114 0.412791 0.278236 50.883592 51.350110 50.883592
0.420529 0.816605 0.461187 0.895922 0.458407 0.080100 0.866512 0.971070 0.212291 0.500666 45.559390 40.545473 40.545473
0.776321 0.796891 0.075252 0.567437 0.422421 0.641692 0.375083 0.732181 0.279794 0.146249 52.423434 52.307313 52.307313
0.821093 0.889452 0.092700 0.588199 0.511462 0.574933 0.369050 0.608526 0.456821 0.196369 51.891028 51.782296 51.782296
0.740231 0.790695 0.070897 0.472540 0.370729 0.499023 0.338870 0.468433 0.291914 0.111535 51.662734 51.344299 51.344299
0.891742 0.797572 0.072481 0.474358 0.388669 0.696805 0.317912 0.346303 0.391623 0.208867 51.246048 51.344299 51.246048
0.750693 0.740066 0.067186 0.342442 0.501224 0.729644 0.346210 0.370211 0.294036 0.455980 50.854824 51.344299 50.854824
0.835087 0.828319 0.126408 0.673319 0.583631 0.739145 0.362098 0.651955 0.538110 0.262251 51.212341 51.511778 51.212341
0.777450 0.825803 0.117523 0.684466 0.415736 0.714435 0.379417 0.748138 0.441046 0.148312 51.697688 57.866014 51.697688
0.670834 0.657874 0.166842 0.333242 0.919974 0.389778 0.442183 0.522812 0.469246 0.095111 50.740949 51.348625 50.740949
0.730240 0.782255 0.021981 0.380820 0.274913 0.682207 0.296965 0.372190 0.388876 0.245859 50.964791 51.344544 50.964791
0.778646 0.759376 0.169165 0.603144 0.535870 0.615646 0.351744 0.748723 0.331396 0.104260 51.049667 51.199262 51.049667
0.794566 0.792099 0.138644 0.425075 0.411784 0.804964 0.223530 0.635227 0.394123 0.224010 50.905366 51.344299 50.905366
0.794703 0.893913 0.080564 0.627145 0.403399 0.642064 0.386783 0.738145 0.361576 0.272484 52.192879 52.848413 52.192879
0.836905 0.832176 0.020372 0.450069 0.482914 0.525905 0.369263 0.583029 0.363404 0.082434 50.974677 51.350889 50.974677
0.732574 0.821759 0.062724 0.453535 0.398030 0.588474 0.375917 0.509604 0.266364 0.040615 51.373325 51.346108 51.346108
0.819147 0.892553 0.118214 0.612729 0.421303 0.599358 0.329958 0.688382 0.275389 0.016775 51.760093 52.263709 51.760093
0.844247 0.825517 0.097845 0.744914 0.460735 0.672103 0.401487 0.787549 0.429472 0.132738 51.374283 52.019369 51.374283
0.719679 0.740425 0.066372 0.449316 0.462437 0.705238 0.240341 0.716973 0.304201 0.123259 50.995432 51.344299 50.995432
0.001563 0.593212 0.695631 0.044483 0.171826 0.667755 0.696536 0.564218 0.218077 0.564189 46.332840 46.265346 46.265346
0.779537 0.841781 0.089511 0.480569 0.508789 0.673567 0.280081 0.410938 0.214063 0.000000 51.115988 51.344299 51.115988
0.724408 0.851425 0.154619 0.471828 0.486104 0.681554 0.248156 0.456402 0.356865 0.428520 51.369769 51.344299 51.344299
0.833574 0.853471 0.055656 0.460382 0.399421 0.542542 0.347723 0.417216 0.364570 0.261202 51.345950 51.344299 51.344299
0.074338 0.107415 0.411686 0.590640 0.105464 0.685426 0.730938 0.015525 0.367892 0.529787 37.037714 45.903376 37.037714
0.775105 0.882909 0.129691 0.585799 0.354817 0.606446 0.296078 0.672843 0.378779 0.313453 52.434391 52.092945 52.092945
0.798940 0.796511 0.052400 0.463084 0.498619 0.477257 0.313521 0.380019 0.207876 0.344036 51.339343 51.344299 51.339343
0.786604 0.834225 0.087684 0.648384 0.537136 0.704686 0.257948 0.797820 0.365675 0.080868 51.372711 52.112018 51.372711
0.820145 0.912316 0.099562 0.666039 0.508269 0.654371 0.387799 0.747118 0.324438 0.220117 52.191660 52.392752 52.191660
0.238267 0.367978 0.276977 0.015782 0.096553 0.931645 0.966085 0.507334 0.028800 0.242874 44.439320 39.050585 39.050585
0.816194 0.927884 0.110220 0.615349 0.370642 0.748225 0.388754 0.741575 0.234375 0.180453 51.289179 52.198153 51.289179
0.716162 0.706111 0.077927 0.481899 0.386951 0.549519 0.339691 0.293093 0.152272 0.221468 51.379014 51.344299 51.344299
0.669103 0.757465 0.102202 0.448009 0.235694 0.700755 0.254180 0.565977 0.374218 0.356737 51.202485 51.344299 51.202485
0.769724 0.762050 0.090769 0.475612 0.399874 0.745661 0.426944 0.475346 0.144537 0.181226 51.681678 51.344502 51.344502
0.757288 0.874039 0.102537 0.463462 0.498863 0.561741 0.392882 0.582816 0.247974 0.180764 51.423485 51.347988 51.347988
0.794314 0.842381 0.135178 0.424665 0.395994 0.764742 0.175793 0.676628 0.184228 0.351474 50.879838 51.344299 50.879838
0.799989 0.748411 0.099904 0.575800 0.443567 0.675282 0.288767 0.647759 0.381196 0.216672 52.595347 52.465510 52.465510
0.782182 0.361546 0.325260 0.070754 0.534365 0.571368 0.448713 0.371073 0.986758 0.622741 48.197223 37.232848 37.232848
0.830768 0.844687 0.139381 0.553999 0.462479 0.811300 0.309917 0.597154 0.397321 0.222652 51.605648 51.867184 51.605648
0.809411 0.854087 0.098292 0.417171 0.367512 0.718249 0.300417 0.495861 0.319413 0.340458 51.381905 51.344307 51.344307
0.770560 0.957891 0.115654 0.548752 0.472307 0.711726 0.346132 0.798329 0.370181 0.296789 50.952853 49.479956 49.479956
0.758196 0.770378 0.093029 0.457464 0.476958 0.590972 0.226849 0.391337 0.286993 0.316667 51.801534 51.344299 51.344299
0.709068 0.850221 0.096768 0.469809 0.393515 0.595912 0.280903 0.568103 0.243701 0.415454 51.768651 51.344299 51.344299
0.907198 0.729269 0.081049 0.471462 0.324241 0.719852 0.291009 0.420032 0.200546 0.264228 51.176872 51.344299 51.176872
0.768153 0.759961 0.105854 0.571316 0.428727 0.751661 0.288387 0.680227 0.414090 0.313375 51.803006 51.365918 51.365918
0.765043 0.891694 0.138504 0.620326 0.493529 0.656102 0.298932 0.798046 0.375354 0.223931 51.502986 52.751228 51.502986
0.706153 0.695079 0.089511 0.480283 0.449711 0.606897 0.340184 0.422310 0.328247 0.385269 51.850777 51.344299 51.344299
0.845376 0.792759 0.102050 0.376304 0.475602 0.631456 0.465895 0.311355 0.323912 0.331455 50.843260 51.349445 50.843260
0.740046 0.799216 0.091634 0.460244 0.538691 0.690060 0.282104 0.383776 0.331726 0.170286 51.557828 51.344299 51.344299
0.768600 0.770489 0.118224 0.652285 0.271869 0.657800 0.347895 0.732471 0.410653 0.172963 51.368432 53.441183 51.368432
0.675244 0.885354 0.068962 0.411214 0.419606 0.752754 0.254584 0.439004 0.358655 0.179033 50.925526 51.344299 50.925526
0.759737 0.878930 0.162444 0.550169 0.374314 0.655816 0.376957 0.661587 0.359794 0.238035 51.520768 52.198904 51.520768
0.798861 0.843729 0.110909 0.443079 0.347967 0.846147 0.451951 0.443958 0.253193 0.142247 50.943255 51.344299 50.943255
0.182949 0.212687 0.277788 0.089915 0.584922 0.529186 0.970206 0.748794 0.174014 0.483536 44.439320 39.050585 39.050585
0.760603 0.756846 0.059204 0.424669 0.340219 0.580758 0.259596 0.361466 0.420687 0.098270 51.073225 51.344995 51.073225
0.857971 0.840606 0.079405 0.677444 0.468803 0.723968 0.322103 0.768691 0.347787 0.203730 51.968358 55.025194 51.968358
0.776759 0.858027 0.047388 0.354666 0.457287 0.734497 0.320568 0.396534 0.242736 0.315580 50.917323 51.344299 50.917323
0.806996 0.722969 0.080394 0.455222 0.364385 0.742264 0.486822 0.407037 0.364916 0.273085 51.271037 51.344556 51.271037
0.811164 0.798405 0.096654 0.670463 0.579507 0.641628 0.252255 0.675729 0.390215 0.156218 52.527664 52.984753 52.527664
0.742621 0.839009 0.071065 0.346631 0.500684 0.400264 0.403033 0.279507 0.191823 0.383118 50.740949 51.344299 50.740949
0.817017 0.829784 0.095342 0.668886 0.476117 0.756531 0.299722 0.618456 0.433746 0.203659 52.740123 53.166383 52.740123
0.740258 0.837051 0.061512 0.415343 0.362434 0.600168 0.281717 0.440286 0.232622 0.271838 51.332497 51.344299 51.332497
0.875687 0.757617 0.167226 0.707143 0.401781 0.718476 0.456313 0.681103 0.483733 0.202767 50.893772 52.382208 50.893772
0.673666 0.679201 0.074819 0.476457 0.508887 0.680906 0.213584 0.481529 0.345484 0.490848 50.955356 51.344299 50.955356
0.706257 0.820594 0.118305 0.477921 0.487837 0.524244 0.244274 0.431694 0.161490 0.244540 51.328315 51.344299 51.328315
0.907675 0.665308 0.297492 0.267249 0.379670 0.955395 0.321404 0.514816 0.719093 0.186710 50.740949 51.344299 50.740949
0.847692 0.780680 0.147625 0.704781 0.439984 0.667052 0.370434 0.598923 0.461776 0.180629 51.951791 52.898676 51.951791
0.817987 0.814795 0.051205 0.459752 0.485616 0.568239 0.350957 0.383438 0.244199 0.281145 51.744878 51.344299 51.344299
0.647580 0.774466 0.103917 0.458869 0.315078 0.699119 0.349800 0.532859 0.246214 0.278957 51.372826 51.344299 51.344299
0.659288 0.763233 0.120240 0.459351 0.355092 0.596179 0.316532 0.640519 0.470099 0.330628 51.118371 51.344299 51.118371
0.736594 0.720534 0.088855 0.415705 0.432761 0.701682 0.358929 0.448835 0.385245 0.146403 51.261188 51.356610 51.261188
0.824716 0.838801 0.093903 0.616526 0.475469 0.622552 0.317440 0.678126 0.396705 0.274030 52.641241 54.041716 52.641241
0.740729 0.913708 0.108327 0.544771 0.348469 0.733755 0.333624 0.640888 0.459865 0.362032 51.224814 48.308836 48.308836
0.840871 0.789433 0.058988 0.468380 0.501293 0.797751 0.290994 0.551172 0.258254 0.176825 51.310251 51.344299 51.310251
0.034316 0.994476 0.038630 0.336174 0.055557 0.492967 0.396732 0.003717 0.747429 0.276658 46.254762 42.631679 42.631679
0.813634 0.748755 0.104864 0.445020 0.419478 0.595966 0.382779 0.420921 0.321313 0.125771 51.346641 51.352433 51.346641
0.827820 0.823076 0.076181 0.654092 0.361031 0.548753 0.295076 0.690911 0.337886 0.135771 52.732561 51.995794 51.995794
0.821931 0.880788 0.088573 0.451948 0.487642 0.635217 0.286065 0.380387 0.258567 0.396407 51.349885 51.344299 51.344299
0.776741 0.785138 0.079560 0.625352 0.398845 0.748193 0.252870 0.748181 0.358468 0.082326 51.404050 51.590206 51.404050
0.821956 0.820860 0.059760 0.477361 0.524062 0.624933 0.326865 0.684245 0.159807 0.170427 51.384697 51.346489 51.346489
