# gen=200 party=0
# sp x0..x(D-1) party_fit
0 0.738186 0.879596 0.260495 0.357066 0.535874 0.250164 0.148245 0.364203 0.588682 0.420398 52.793620
1 0.759270 0.903580 0.268113 0.556712 0.622617 0.521577 0.676094 0.569956 0.373943 0.089864 52.793620
2 0.691698 0.835850 0.292905 0.825376 0.706436 0.037870 0.034817 0.218645 0.637072 0.240669 52.793620
3 0.804446 0.788347 0.065169 0.545885 0.153512 0.507547 0.315346 0.527187 0.939838 0.989770 52.793620
4 0.897157 0.859996 0.883172 0.059602 0.044434 0.817907 0.664544 0.864314 0.192933 0.637049 52.728551
5 0.869149 0.932207 0.451800 0.339697 0.949047 0.204670 0.969516 0.854696 0.267517 0.773442 52.728551
6 0.837821 0.957322 0.490660 0.081396 0.187225 0.804366 0.908835 0.506207 0.768999 0.661178 52.728551
7 0.811334 0.882440 0.361894 0.434350 0.577126 0.131994 0.957046 0.160842 0.819953 0.383513 52.728551
