# gen=400 CA size=200
# x0..x(D-1) consensus
0.119735 0.363222 0.871225 11.072718
0.181014 0.619163 0.750246 11.072718
0.110339 0.441861 0.724203 11.072718
0.567981 0.844451 0.382795 71.355264
0.577016 0.320908 0.701340 23.179965
0.630384 0.848871 0.322590 41.093067
0.169259 0.649255 0.680956 11.694042
0.583763 0.368364 0.695317 22.260312
0.644171 0.852099 0.267597 27.239314
0.636727 0.848323 0.296413 36.373376
0.541200 0.841522 0.414896 70.606855
0.813131 0.823166 0.385748 15.591178
0.352973 0.605525 0.531372 15.591178
0.576983 0.971116 0.657733 12.499621
0.370807 0.911612 0.650846 12.499621
0.485462 0.847846 0.496037 45.326915
0.716731 0.842478 0.187617 16.722333
0.573096 0.307647 0.744568 20.290806
0.516477 0.826105 0.531372 35.556351
0.555829 0.854274 0.361095 36.838958
0.480389 0.845740 0.443532 23.863941
0.496792 0.837335 0.537338 30.953928
0.606307 0.818108 0.396014 36.885640
0.554507 0.832982 0.424561 87.219147
0.532454 0.840239 0.441879 81.051246
0.549180 0.847833 0.432729 76.213916
0.671871 0.864899 0.213424 18.413985
0.609285 0.807814 0.412564 24.603645
0.578853 0.855245 0.409680 54.292341
0.541133 0.801922 0.473278 32.245012
0.540806 0.820081 0.473651 55.745205
0.565426 0.850741 0.462430 37.299921
0.524205 0.823166 0.444336 55.176876
0.674420 0.844910 0.287656 23.297123
0.652064 0.861182 0.242045 22.343064
0.522984 0.834533 0.481371 65.348869
0.528285 0.824096 0.507778 43.767976
0.629235 0.364636 0.395922 17.207287
0.608306 0.853766 0.382719 38.806241
0.620094 0.345599 0.655489 36.793090
0.629080 0.372607 0.375618 16.428084
0.665674 0.342683 0.362622 17.449825
0.613611 0.845190 0.334979 51.397737
0.615071 0.847653 0.298650 31.548790
0.497586 0.817898 0.538738 35.367387
0.658205 0.837566 0.269942 24.137971
0.466841 0.835453 0.524750 41.270564
0.580660 0.831100 0.457291 36.515712
0.583181 0.854604 0.368974 55.144707
0.668615 0.852266 0.264447 24.943468
0.633459 0.301145 0.743480 23.276328
0.550250 0.837393 0.441333 84.517833
0.544854 0.831721 0.459057 74.558021
0.584607 0.818365 0.388621 46.003887
0.440186 0.853069 0.533199 22.189578
0.564669 0.814065 0.431528 50.917961
0.578022 0.319333 0.634772 17.296073
0.562275 0.848880 0.401075 75.940517
0.690885 0.838792 0.255854 20.441002
0.644282 0.852064 0.340830 27.016571
0.577811 0.844602 0.361930 60.609950
0.575658 0.837051 0.412175 78.846908
0.496670 0.835493 0.516193 45.341967
0.628839 0.845211 0.247162 17.899956
0.624159 0.341693 0.685499 60.582674
0.544060 0.836304 0.388443 54.284615
0.482545 0.823166 0.552559 35.782017
0.469780 0.826961 0.518995 36.307594
0.508360 0.830521 0.497660 60.084920
0.638192 0.331317 0.733981 30.013806
0.583038 0.922284 1.000000 12.499621
0.516069 0.852665 0.413847 33.076095
0.526515 0.802972 0.412162 24.994729
0.564560 0.336037 0.667506 20.664608
0.591400 0.864655 0.289494 22.122696
0.600332 0.838357 0.360250 61.202173
0.554201 0.840203 0.467603 52.675521
0.649864 0.833162 0.325411 35.076711
0.652710 0.845253 0.283377 32.239348
0.449879 0.814645 0.566466 24.623781
0.514695 0.806212 0.529502 27.714089
0.446819 0.837454 0.555280 32.784032
0.691142 0.863419 0.214938 18.357181
0.673880 0.359446 0.312846 16.071408
0.519139 0.807101 0.557908 21.788614
0.576443 0.832467 0.347747 34.174992
0.510816 0.818866 0.501706 46.024435
0.588318 0.799853 0.431488 24.221864
0.609140 0.311388 0.679487 32.808388
0.464565 0.823892 0.544425 33.949316
0.657604 0.839868 0.306901 31.785506
0.548017 0.821109 0.505283 31.764493
0.646490 0.312705 0.651362 17.274033
0.616509 0.322810 0.636176 18.643621
0.437030 0.843061 0.571981 24.282659
0.532735 0.829902 0.419705 58.515794
0.569036 0.832298 0.481961 33.198247
0.621895 0.863141 0.346218 32.525285
0.547951 0.844911 0.335958 22.727693
0.595161 0.295571 0.714413 21.430368
0.592939 0.832894 0.415087 50.983342
0.632947 0.846954 0.309791 40.115870
0.586530 0.836713 0.389798 79.024417
0.661884 0.847351 0.233658 19.447357
0.688199 0.852347 0.208411 18.264809
0.601808 0.370079 0.655522 30.094993
0.467951 0.815739 0.587733 25.413109
0.621282 0.813715 0.378657 30.332528
0.606444 0.863638 0.424125 23.487795
0.524573 0.801326 0.503232 27.712293
0.624546 0.837663 0.385562 32.982879
0.645715 0.309934 0.706166 27.545321
0.647256 0.321473 0.712752 34.661306
0.533646 0.811451 0.524241 27.416532
0.470421 0.842419 0.487684 32.582253
0.662450 0.867577 0.252908 20.319794
0.662063 0.814777 0.327680 20.371486
0.525014 0.832503 0.459124 76.776935
0.637383 0.828152 0.364696 30.202435
0.628959 0.852623 0.410539 20.520236
0.665674 0.342683 0.661739 26.315240
0.557777 0.874712 0.374135 26.674068
0.524786 0.850363 0.389232 30.041276
0.633572 0.837580 0.331697 48.149143
0.519729 0.847012 0.525083 24.343507
0.596107 0.844584 0.306407 27.759963
0.510110 0.810526 0.453062 33.178463
0.525741 0.853869 0.431116 49.654935
0.550878 0.823936 0.441983 72.929786
0.511230 0.819347 0.422231 30.552810
0.646297 0.858910 0.328957 25.690215
0.523897 0.820024 0.489544 51.900475
0.648660 0.875199 0.282275 19.224455
0.566601 0.842004 0.432262 72.321937
0.465966 0.867909 0.436220 16.623026
0.562823 0.821049 0.490648 29.201780
0.613692 0.396771 0.667918 20.880906
0.587069 0.810581 0.453760 24.749903
0.610967 0.842551 0.423419 27.980872
0.495345 0.836925 0.489858 60.117651
0.591070 0.817853 0.475998 20.524415
0.498069 0.814118 0.562674 27.535012
0.657623 0.859476 0.348690 18.891672
0.481410 0.826733 0.578109 23.782693
0.554870 0.342061 0.703026 18.122385
0.605143 0.827207 0.295520 19.454980
0.529647 0.865767 0.444631 37.441830
0.478755 0.830344 0.471126 29.160466
0.587892 0.850652 0.335442 45.148405
0.458145 0.827418 0.496813 22.895590
0.701709 0.844863 0.182711 16.168319
0.576293 0.878195 0.285842 16.670378
0.595074 0.852689 0.463768 21.110243
0.620372 0.344199 0.714669 45.226212
0.675448 0.857722 0.247551 21.757894
0.449242 0.850697 0.497947 20.178579
0.635333 0.807525 0.351755 20.151252
0.604918 0.864477 0.309973 29.370665
0.502080 0.876414 0.394853 17.579511
0.599117 0.817341 0.430436 28.327824
0.519680 0.856660 0.471555 40.567140
0.643624 0.357699 0.653637 35.898251
0.621031 0.864867 0.278659 24.632569
0.562755 0.817057 0.389627 38.567330
0.536330 0.873197 0.336470 17.255027
0.642661 0.379724 0.626614 23.698527
0.583884 0.867667 0.376978 39.857499
0.601602 0.306279 0.761145 18.970153
0.635029 0.804265 0.435738 16.183426
0.499487 0.867583 0.544425 16.660699
0.566994 0.875386 0.432739 26.124116
0.655285 0.809981 0.370563 17.580725
0.602525 0.823166 0.326413 25.088451
0.582043 0.879130 0.328852 20.826307
0.665775 0.873604 0.283376 18.661118
0.547278 0.795577 0.379350 17.266880
0.478149 0.797904 0.450298 17.639746
0.484439 0.823794 0.533863 40.031256
0.634182 0.386611 0.661623 20.266225
0.446449 0.849952 0.570846 20.735055
0.509541 0.866519 0.362432 16.759239
0.509515 0.879319 0.511221 16.090974
0.501442 0.832982 0.424561 30.526924
0.439038 0.828168 0.569938 26.618844
0.581268 0.342609 0.736721 17.464508
0.571515 0.794047 0.496769 17.402677
0.537445 0.883933 0.450055 18.504343
0.626078 0.874355 0.391906 19.153311
0.561516 0.888814 0.401671 18.446681
0.669756 0.824694 0.291801 22.456845
0.646563 0.369642 0.747634 17.327990
0.424711 0.818542 0.592211 20.468785
0.504785 0.836866 0.573387 18.215964
0.554844 0.877585 0.474860 17.819074
0.433595 0.834617 0.512079 16.512553
0.621224 0.412375 0.639239 16.191556
0.613079 0.801802 0.339748 17.481593
0.477776 0.805635 0.523170 26.125997
0.482310 0.866731 0.476610 25.605235
0.565518 0.869747 0.321035 20.869634
