# gen=10 CA size=200
# x0..x(D-1) consensus
0.862452 0.878389 0.270013 0.004827 0.680227 0.943462 0.438353 0.845642 0.366059 0.458235 1.783273
0.958741 0.974305 0.290159 0.955868 0.048863 0.218305 0.725730 0.622041 0.407961 0.503507 1.019914
0.653065 0.900140 0.248562 0.011823 0.605168 0.834578 0.336987 0.841827 0.326902 0.908493 1.783273
0.864051 0.957856 0.299415 0.278206 0.106397 0.551509 0.022100 0.500181 0.392391 0.551170 1.783273
0.955539 0.839455 0.127385 0.718870 0.725140 0.660111 0.556082 0.455149 0.979300 0.120686 1.783273
0.684300 0.837322 0.096499 0.584897 0.560288 0.126845 0.660801 0.036219 0.358012 0.083853 1.783273
0.927075 0.776892 0.089495 0.204656 0.612038 0.136460 0.571786 0.298334 0.766594 0.421006 1.783273
0.078740 0.771623 0.145710 0.976049 0.683838 0.613858 0.758292 0.966368 0.390960 0.187085 2.828711
0.431899 0.993117 0.479021 0.984711 0.972323 0.656531 0.154134 0.152010 0.908487 0.548344 2.828711
0.344328 0.803840 0.242514 0.956325 0.890324 0.571844 0.660768 0.556213 0.198475 0.402454 2.828711
0.054337 0.695598 0.123424 0.997679 0.008827 0.094258 0.465704 0.596698 0.124342 0.955315 2.828711
0.422471 0.738239 0.125472 0.954143 0.239030 0.494258 0.872536 0.526104 0.587284 0.432195 2.828711
0.430447 0.534570 0.487214 0.867337 0.134366 0.931677 0.573612 0.697812 0.973519 0.322536 2.427880
0.820835 0.023465 0.301140 0.937421 0.988850 0.105699 0.284069 0.759634 0.155730 0.635258 1.701850
1.000000 0.924207 0.960849 0.487230 0.541775 0.670040 0.575269 0.737685 0.790221 0.144950 3.380932
1.000000 0.938056 1.000000 0.499983 0.675204 0.849987 0.675946 0.937022 0.837540 0.000000 3.380932
0.997337 1.000000 1.000000 0.499983 0.747791 0.730543 0.568184 0.631133 1.000000 0.309985 3.380932
0.506539 0.834951 0.206792 0.976774 0.028845 0.156281 0.595717 0.609369 0.266151 0.729411 2.828720
1.000000 1.000000 0.997056 0.477054 0.662027 0.886862 0.563191 0.726228 0.860161 0.000000 3.380932
0.743032 0.900373 0.982029 0.494251 1.000000 1.000000 0.401202 0.917855 0.984504 0.000000 3.380932
1.000000 0.858579 1.000000 0.484563 0.848222 1.000000 0.628998 0.663496 0.769806 0.122368 3.380932
0.790532 1.000000 0.997056 0.480154 0.649841 0.632186 0.665614 0.800419 0.929051 0.157308 3.380932
1.000000 1.000000 0.931377 0.477054 1.000000 1.000000 0.615580 0.813981 0.791546 0.000000 3.380932
0.997337 0.859629 0.919095 0.499495 0.689259 0.768570 0.568184 0.695008 0.825016 0.522538 3.380932
0.783996 0.887975 1.000000 0.477054 0.293498 0.883141 0.851193 0.920131 0.894523 0.074785 3.380932
1.000000 0.977536 1.000000 0.499983 0.802750 0.973265 0.278886 0.740988 1.000000 0.247743 3.380932
0.737967 0.930055 1.000000 0.472177 0.892749 0.939018 0.660524 0.371236 0.894870 0.227066 3.380932
1.000000 1.000000 1.000000 0.499983 0.241114 0.908661 0.652165 0.861909 0.521763 0.000000 3.380932
0.790172 0.818501 0.909424 0.472177 1.000000 0.489431 0.419976 0.244017 0.552481 0.214379 3.380932
0.726826 0.910438 1.000000 0.477054 1.000000 0.727239 0.852364 0.713992 0.791546 0.048967 3.380932
1.000000 1.000000 1.000000 0.499983 0.572520 0.925485 0.257281 0.911730 0.998679 0.588573 3.380932
0.793784 0.887181 0.409621 0.489167 0.892785 0.394696 0.452884 0.737543 0.314682 0.345903 1.783273
1.000000 1.000000 0.790093 0.499983 0.815989 0.482093 0.000000 0.611265 1.000000 0.485588 3.380932
0.905015 0.927030 0.955257 0.513538 0.172377 0.570194 0.015804 0.504468 0.587737 0.294089 3.380932
1.000000 0.920593 1.000000 0.499983 0.739729 1.000000 0.000000 0.679616 1.000000 0.007276 3.380932
0.876617 0.188456 0.776668 0.727168 0.481828 0.143994 0.250155 0.990063 0.692467 0.166487 1.701850
0.997337 0.866537 0.846942 0.474111 0.909509 1.000000 0.531530 0.268338 0.045513 0.000000 3.380932
1.000000 0.957886 1.000000 0.470210 0.694863 0.666216 0.663051 0.864995 0.722823 0.075138 3.380932
0.737967 0.876452 0.923170 0.472177 1.000000 0.439018 0.575954 0.306714 0.925724 0.267186 3.380932
1.000000 1.000000 0.863472 0.468799 0.662027 0.963123 0.221207 0.790009 0.887158 0.000000 3.380932
0.938486 0.966461 0.787800 0.474398 0.367097 0.435437 1.000000 0.908640 0.655222 0.827434 3.380932
1.000000 1.000000 0.900920 0.490739 0.779135 0.376867 0.000000 0.453790 0.000000 0.434277 3.380932
1.000000 1.000000 1.000000 0.480483 0.607356 0.888967 0.430190 0.672994 0.819315 0.000000 3.380932
0.815988 1.000000 0.932409 0.479359 0.058208 0.000000 1.000000 0.563515 0.798606 0.275822 3.380932
0.927879 0.980977 0.889542 0.507627 0.816588 1.000000 0.201819 0.664983 1.000000 0.263014 3.380932
1.000000 0.837485 1.000000 0.481915 0.755276 0.978943 0.767356 0.758148 1.000000 0.000000 3.380932
1.000000 1.000000 0.958775 0.499983 0.782908 0.829366 0.000000 0.759000 0.844390 0.431207 3.380932
0.980677 1.000000 0.821951 0.507627 0.134366 0.744499 0.400106 0.387613 0.935724 0.498961 3.380932
0.740221 0.842627 1.000000 0.512792 0.000000 0.103412 0.422403 0.875315 0.686587 0.975745 3.380932
0.741427 0.992534 0.984833 0.489468 0.560401 0.666845 0.426754 0.941546 1.000000 0.103299 3.380932
0.934447 0.867350 1.000000 0.479359 0.348113 0.223286 0.749816 0.402963 0.714804 0.815151 3.380932
0.817787 0.979917 0.913662 0.491495 0.477238 1.000000 0.981830 0.792698 1.000000 0.264089 3.380932
0.945445 0.916447 1.000000 0.501044 0.834980 0.589995 0.251231 0.904119 1.000000 0.181476 3.380932
0.782773 1.000000 1.000000 0.470210 1.000000 0.645662 0.686832 0.973789 0.783036 0.921445 3.380932
0.806396 1.000000 1.000000 0.512123 1.000000 0.953543 0.228576 0.197763 0.000000 0.000000 3.380932
0.872301 0.891995 1.000000 0.498823 0.317256 0.689625 0.403509 0.899301 0.902723 0.901043 3.380932
0.997652 0.854574 1.000000 0.480351 0.986162 0.339394 1.000000 0.744017 0.643129 0.281864 3.380932
0.896033 0.872044 0.998583 0.480351 0.988852 0.287082 0.778618 0.515556 0.683974 0.421264 3.380932
0.655283 0.928794 1.000000 0.501196 0.000000 0.288997 0.406018 0.738762 0.592200 1.000000 3.380932
0.945445 1.000000 1.000000 0.501044 0.771239 0.422872 0.282636 0.811223 1.000000 0.873234 3.380932
0.806396 1.000000 1.000000 0.512123 0.907352 1.000000 0.228576 0.262175 0.291713 0.095908 3.380932
1.000000 0.957308 0.827246 0.498522 0.737723 0.795277 0.825533 0.955658 0.819315 0.547789 3.380932
0.973361 0.945028 0.769249 0.508238 0.631147 0.342137 0.000000 0.766995 0.278831 0.631284 3.380932
0.945445 0.983973 0.929677 0.501044 0.771239 0.569064 0.667632 0.982358 1.000000 0.502172 3.380932
0.876277 0.893288 1.000000 0.480687 0.718696 0.739149 0.510349 0.451813 0.895466 0.263633 3.380932
0.988568 0.973027 0.822951 0.502938 0.493883 0.267190 0.000000 0.531008 0.793869 0.501126 3.380932
0.898893 0.995473 0.895801 0.501719 0.046498 0.792219 0.496049 0.819276 0.833566 0.427567 3.380932
0.783996 0.865167 0.947478 0.488610 0.187635 0.780106 0.581579 0.960407 1.000000 0.000000 3.380932
1.000000 1.000000 0.954510 0.468911 0.450036 0.488287 0.206908 0.476706 0.167279 0.495629 3.380932
0.981167 0.946206 0.777315 0.488902 0.973406 0.909454 0.586594 0.448824 0.000000 0.249018 3.380932
0.724130 0.960147 0.869551 0.477054 0.729616 1.000000 0.569407 0.791682 0.904787 0.052380 3.380932
0.991245 0.951017 0.976236 0.474111 1.000000 0.996772 0.817376 0.317521 0.221947 0.000000 3.380932
0.881319 0.826986 1.000000 0.501533 1.000000 1.000000 0.687467 0.437022 0.805134 0.000000 3.380932
1.000000 0.835201 0.919495 0.474111 0.397392 1.000000 0.565750 0.203679 0.229936 0.000000 3.380932
0.992188 1.000000 0.908032 0.480877 0.246147 0.863976 0.190771 0.339143 0.972941 0.664664 3.380932
1.000000 1.000000 0.969512 0.504054 0.362492 0.817932 0.868075 0.455185 1.000000 0.189634 3.380932
0.686717 1.000000 0.798270 0.490628 0.829871 0.580576 0.527759 0.739508 0.104088 0.148364 3.380932
0.684590 0.931856 1.000000 0.477054 0.771942 0.923208 1.000000 0.713992 0.189200 0.000000 3.380932
0.931641 0.871612 0.944592 0.468799 0.501829 0.810011 0.407412 0.526766 0.392391 0.000000 3.380932
1.000000 0.902428 0.900920 0.468756 0.522094 0.342075 0.119971 0.301679 0.263935 0.590897 3.380932
1.000000 1.000000 0.938282 0.507627 0.111021 0.929945 0.307817 0.415720 0.994408 0.607628 3.380932
1.000000 0.888497 0.805367 0.498522 0.809518 0.589713 1.000000 1.000000 0.859812 0.731136 3.380932
0.808383 0.887609 0.867895 0.490935 0.864384 0.738464 0.904439 0.329797 0.000000 0.000000 3.380932
0.812947 1.000000 1.000000 0.512116 0.907352 0.707868 0.350857 0.310149 0.484196 0.076904 3.380932
1.000000 0.795704 0.831560 0.468182 0.834435 0.909942 0.349119 0.393496 0.272900 0.076010 3.380932
0.970323 0.856825 0.827032 0.480687 0.613765 0.292687 0.758847 0.171158 0.869762 0.715513 3.380932
1.000000 0.851467 0.939356 0.476872 0.746472 0.012651 0.186023 0.606636 0.920464 0.037598 3.380932
0.995172 0.900140 0.961932 0.499983 0.834155 0.850688 0.712743 0.417962 0.939033 0.411513 3.380932
1.000000 1.000000 0.994997 0.506841 0.000000 0.832818 0.755289 0.499326 1.000000 0.031606 3.380932
0.859118 1.000000 0.831538 0.512030 0.000000 0.953585 0.414714 0.405315 0.757787 0.452528 3.380932
1.000000 0.902910 1.000000 0.490739 0.279135 0.626413 0.000000 0.524458 0.000000 0.720719 3.380932
1.000000 1.000000 0.929331 0.473124 0.886370 0.748181 0.795155 0.128345 0.873646 0.024954 3.380932
1.000000 0.865167 0.810972 0.501835 0.370432 0.761990 0.517218 0.580771 0.770786 0.000000 3.380932
0.763829 0.962919 1.000000 0.507847 0.000000 0.688814 0.324589 0.295541 0.633700 0.182032 3.380932
0.742171 1.000000 1.000000 0.472510 0.833251 0.515070 0.526431 0.636842 1.000000 0.326460 3.380932
0.788094 0.906997 1.000000 0.479359 0.225039 0.116272 0.654431 0.696331 0.665734 0.816493 3.380932
0.852715 0.886745 1.000000 0.506822 0.677407 0.589655 0.000000 0.756278 1.000000 0.166964 3.380932
1.000000 1.000000 0.825164 0.474398 0.420068 0.679825 1.000000 0.983462 1.000000 0.437735 3.380932
0.872437 0.987783 0.946913 0.507902 0.054291 1.000000 0.414714 0.361626 1.000000 0.140525 3.380932
0.803272 1.000000 1.000000 0.475504 0.755750 0.836127 1.000000 0.536541 0.365671 0.105041 3.380932
1.000000 0.925427 1.000000 0.492326 0.962091 0.202940 0.399472 0.532372 0.759565 0.271613 3.380932
0.857522 0.960646 1.000000 0.470210 0.392223 0.918499 0.298079 1.000000 0.479811 0.401688 3.380932
0.791933 0.847799 1.000000 0.474344 0.752576 0.561652 0.732852 0.432557 0.174619 0.349740 3.380932
0.833565 0.858584 1.000000 0.510962 0.911766 0.918219 0.000000 0.355606 0.000000 1.000000 3.380932
0.692466 0.979710 1.000000 0.495244 0.231958 0.423347 0.268719 0.423204 0.344169 0.675561 3.380932
1.000000 0.999051 0.914713 0.469244 0.532393 0.846644 0.687827 0.527107 1.000000 0.548344 3.380932
1.000000 0.951017 0.898903 0.474111 1.000000 1.000000 0.834772 0.282739 0.000000 0.000000 3.380932
0.878973 0.994958 0.788283 0.514308 0.714070 0.393565 0.000000 0.656895 0.000000 0.425527 3.380932
0.831732 0.778354 0.864139 0.490628 0.634342 0.508456 0.712833 0.867863 0.215111 0.234528 3.380932
0.931641 0.832133 0.873456 0.468799 0.457792 0.885621 0.428147 0.449506 0.652269 0.000000 3.380932
0.747056 0.809290 0.955437 0.513771 1.000000 0.461247 0.589895 0.206021 0.639940 0.000000 3.380932
0.732797 0.880359 0.781472 0.512123 0.606482 0.898071 0.174603 0.000000 0.338600 0.000000 3.380932
0.738341 0.910648 0.934776 0.473052 0.602459 1.000000 0.595317 0.581468 0.968077 0.686759 3.380932
1.000000 0.827009 1.000000 0.489579 0.000000 0.452607 0.083063 0.933401 0.000000 1.000000 3.380932
0.718216 1.000000 0.895801 0.483696 0.000000 0.957233 0.632425 0.987028 0.900028 0.384165 3.380932
0.780243 1.000000 0.796798 0.473097 0.707208 0.670073 0.633926 0.947547 0.292071 0.109912 3.380932
1.000000 0.938590 0.854921 0.507593 0.915437 0.654592 0.333763 0.562189 0.439415 0.667348 3.380932
0.891998 0.886199 0.997315 0.487086 0.423072 0.000000 0.302253 0.890092 1.000000 0.000000 3.380932
1.000000 0.971529 0.997056 0.477054 0.630516 0.900229 0.423748 0.695542 0.860161 0.000000 3.380932
1.000000 1.000000 1.000000 0.495471 0.898357 1.000000 0.039460 0.981496 0.305911 0.366782 3.380932
1.000000 1.000000 0.938282 0.507627 0.118609 1.000000 0.508417 0.625215 1.000000 0.519247 3.380932
0.851312 1.000000 1.000000 0.485363 1.000000 1.000000 0.139003 0.399414 0.091163 0.000000 3.380932
0.809898 0.917035 0.846459 0.477054 0.436214 0.726444 0.395553 0.623766 0.440576 0.148455 3.380932
1.000000 0.980125 0.940510 0.507627 0.536391 0.958851 0.451102 0.386444 1.000000 0.465384 3.380932
1.000000 0.920891 1.000000 0.489579 0.000000 0.563736 0.000000 0.729184 0.103149 1.000000 3.380932
0.824737 0.957650 0.932943 0.486702 0.466933 1.000000 0.354102 1.000000 0.424465 0.000000 3.380932
0.327624 0.780421 0.101091 0.967928 0.105022 0.604196 0.773489 0.538173 0.518037 0.439692 2.885818
1.000000 0.881853 1.000000 0.489282 0.183381 0.585431 0.000000 0.919449 0.000000 0.745811 3.380932
0.996301 0.966360 1.000000 0.499983 0.630515 0.717529 0.261715 0.449389 0.628105 0.000000 3.380932
0.949823 0.962326 0.971630 0.501044 0.469935 0.424486 0.156822 0.925611 1.000000 0.375061 3.380932
0.998964 1.000000 0.782310 0.469244 1.000000 0.561531 0.696087 0.169285 0.850188 0.202850 3.380932
1.000000 0.864216 1.000000 0.484692 0.796118 1.000000 0.691811 0.337952 1.000000 0.000000 3.380932
0.876615 1.000000 0.961854 0.510175 0.000000 0.767393 0.614345 0.802148 1.000000 0.518583 3.380932
1.000000 0.869612 1.000000 0.504761 0.777344 0.660752 0.552921 0.580877 0.812031 0.109174 3.380932
0.917411 1.000000 1.000000 0.495211 0.325309 0.374639 0.206703 0.816346 1.000000 0.444610 3.380932
0.215423 0.683152 0.042906 1.000000 0.579992 0.218755 0.428307 0.427149 0.035097 0.692387 2.828711
0.004330 0.809290 0.097916 1.000000 0.827272 0.759712 0.629850 0.668481 0.353187 0.225447 2.828711
0.000000 1.000000 0.334892 1.000000 0.761634 1.000000 0.341398 0.624940 0.261968 0.805760 2.828711
0.248607 0.793659 0.554697 0.952240 0.528922 0.417021 0.811038 0.519517 1.000000 0.384877 2.828711
0.000000 0.752242 0.000000 1.000000 0.032383 0.607104 0.400846 0.451824 0.000000 0.778661 2.828711
0.088791 0.897849 0.509682 1.000000 1.000000 0.572964 1.000000 0.560979 0.266456 0.923496 2.828711
0.516198 1.000000 0.000000 1.000000 1.000000 0.251594 0.573910 0.493028 1.000000 0.433853 2.828711
0.608842 0.936750 0.000000 1.000000 1.000000 0.138673 0.400699 0.524618 0.085592 0.438234 2.828711
0.000000 1.000000 0.094783 1.000000 0.000000 0.622792 0.659317 0.334831 0.934780 0.436517 2.828711
0.000000 0.773953 0.000000 1.000000 0.985663 1.000000 1.000000 0.942797 0.206839 0.326422 2.828711
0.229624 0.782361 0.252519 0.942610 0.597881 0.367295 0.286558 0.819828 0.083995 0.959211 2.828711
0.000000 0.992534 0.000000 1.000000 0.000000 0.508640 0.703027 0.414768 0.796287 0.785167 2.828711
0.373762 0.779544 0.161867 0.865387 0.662064 0.633767 0.895195 0.543736 0.500000 0.082905 2.828711
0.130820 0.759810 0.000000 0.956033 0.474768 0.105699 1.000000 0.428730 0.000000 1.000000 2.828711
0.000000 0.855353 0.000000 0.910933 0.049006 0.000000 0.676005 0.603270 0.000000 0.849043 2.828711
0.000000 0.916642 0.000000 1.000000 0.747789 0.386634 0.338102 0.827158 0.058413 0.744707 2.828711
0.474725 0.693550 0.000000 0.993800 0.225537 0.610027 0.795155 0.531504 0.423596 0.272000 2.828711
0.156736 1.000000 0.000000 1.000000 0.513848 0.468909 0.546810 0.776628 0.331551 0.519518 2.828711
0.163640 0.980663 0.439419 1.000000 0.810016 0.155598 1.000000 0.583074 0.366935 0.356842 2.828711
0.000000 0.937635 0.217614 0.894879 0.757487 0.758487 0.514836 0.323216 1.000000 0.479279 2.828711
0.000000 1.000000 0.214934 0.937741 0.064197 0.194323 1.000000 0.462176 0.000000 0.805314 2.828711
0.000000 1.000000 0.322473 1.000000 0.000000 0.780106 0.344066 0.598606 0.837885 0.544356 2.828711
0.452039 0.713309 0.263966 0.995865 0.693105 0.181221 0.660801 0.036219 0.104088 0.404611 2.828711
0.996301 0.981718 1.000000 0.499983 0.624940 0.790270 0.454564 0.741898 0.710165 0.000000 3.380932
0.000000 0.944531 0.257567 1.000000 0.060953 1.000000 1.000000 0.411988 0.517517 0.266377 2.828711
0.996301 1.000000 0.914575 0.478853 0.671316 0.702349 0.098763 0.468748 0.720691 0.024954 3.380932
0.465272 0.748553 0.002218 0.996900 0.654130 0.475012 1.000000 0.505720 0.129886 0.862096 2.828711
0.000000 0.713463 0.220282 1.000000 0.481974 0.950261 0.460771 1.000000 0.807395 0.265656 2.828711
0.189692 0.721456 0.389537 0.972429 0.268016 0.727649 0.259580 0.975862 0.394765 0.985007 2.828711
0.203238 0.852111 0.301493 1.000000 0.828373 0.212300 1.000000 0.525515 0.387966 0.373213 2.828711
0.109755 0.966499 0.099516 1.000000 0.112916 0.379272 1.000000 0.062596 0.797783 0.033712 2.828711
0.556071 0.888996 0.352927 1.000000 0.692093 0.303348 0.617420 0.537573 0.263935 0.120686 2.828711
0.528620 0.957945 0.437775 1.000000 0.605504 0.890762 0.000000 0.479165 1.000000 0.210041 2.828711
0.152878 1.000000 0.379640 0.865588 0.750472 0.982484 0.505384 0.408272 0.318456 0.717927 2.828711
0.000000 0.964142 0.157845 1.000000 1.000000 0.000000 0.792504 0.227685 0.984022 0.267886 2.828711
0.150120 1.000000 0.361274 0.896551 0.445916 1.000000 0.246813 0.433676 0.103249 0.818685 2.828711
0.078707 0.847434 0.350235 1.000000 0.268075 0.917293 0.163942 0.641075 0.051407 0.923661 2.828711
0.000000 1.000000 0.110141 1.000000 1.000000 0.750455 0.425776 0.858663 0.293816 0.427116 2.828711
0.158878 0.835881 0.197136 1.000000 0.688453 0.295649 0.744506 0.771694 0.141682 0.547789 2.828711
0.000000 1.000000 0.046225 0.876548 0.710088 0.551212 0.496049 0.889770 0.833566 1.000000 2.828711
0.525321 1.000000 0.074728 1.000000 0.478003 0.662595 0.541484 0.847474 0.766661 0.191292 2.828711
0.237363 0.919063 0.091316 0.996900 0.000000 0.432941 0.976958 1.000000 0.352943 0.988743 2.828711
0.062535 1.000000 0.197194 0.949832 0.232076 0.022743 0.545012 0.240353 0.000000 1.000000 2.828711
0.000000 1.000000 0.000000 0.940628 0.000000 0.561676 0.548405 0.528197 0.165879 0.476812 2.828711
0.062964 0.975715 0.397624 0.935571 0.200859 0.801260 0.177056 0.331577 0.000000 0.378120 2.828711
0.143714 0.867977 0.369291 1.000000 0.835645 0.615977 0.947000 0.826245 1.000000 0.000000 2.828711
0.368405 1.000000 0.000000 1.000000 0.291230 0.993350 0.000000 0.789420 0.313321 1.000000 2.828711
0.187107 1.000000 0.000000 1.000000 0.977131 0.454187 0.322974 0.506336 0.052027 0.238227 2.828711
0.000000 1.000000 0.000000 1.000000 0.000000 0.422910 1.000000 0.490212 0.665845 0.000000 2.828711
0.002071 0.912037 0.264807 1.000000 0.780528 0.580309 0.445010 0.723988 1.000000 1.000000 2.828711
0.523054 0.858334 0.263390 0.910415 0.122333 0.685241 0.635179 0.652027 1.000000 0.152020 2.828711
0.077014 1.000000 0.000000 1.000000 0.015175 0.643208 1.000000 0.804666 0.506446 0.465916 2.828711
0.497469 0.748738 0.054824 1.000000 0.826514 0.599948 0.620324 0.277944 0.090952 0.214379 2.828711
0.456544 0.900140 0.000000 1.000000 0.223141 0.514316 1.000000 0.741738 0.738269 0.000000 2.828711
0.000000 0.835881 0.087371 1.000000 0.393791 0.269968 0.712870 0.609886 0.264852 0.804805 2.828711
0.207436 1.000000 0.294155 0.922274 0.272480 0.865357 1.000000 0.401711 0.545225 0.000000 2.828711
0.495303 0.808720 0.000000 0.860339 0.582481 1.000000 0.960281 0.618575 0.437557 0.000000 2.828711
0.233526 1.000000 0.000000 0.963955 0.373307 0.430853 0.753895 0.840638 0.448147 0.469318 2.828711
0.167691 0.862373 0.219467 1.000000 1.000000 0.499686 0.853180 0.477375 0.221148 0.253779 2.828711
0.331986 1.000000 0.275837 0.868578 0.241373 0.487665 0.525285 0.680575 1.000000 0.439650 2.828711
0.000000 0.798132 0.006019 1.000000 0.168906 0.000000 0.739108 0.522737 0.065744 1.000000 2.828711
0.069556 0.943845 0.107050 0.999377 0.471360 0.000000 0.667691 0.071639 0.528364 0.000000 2.828711
0.150082 0.824338 0.000000 0.930812 0.794581 0.119977 0.929760 0.238730 0.082635 0.636810 2.828711
0.595925 0.909418 0.399569 1.000000 1.000000 0.053361 0.911828 0.321745 0.963475 0.346982 2.828711
0.273613 0.887129 0.258620 0.949240 0.578935 0.390864 0.959253 0.695595 0.384910 0.608721 2.828711
