# gen=10 CA size=123
# x0..x(D-1) consensus
0.052595 0.114778 0.382350 14.164628
0.645973 0.215021 0.523500 32.596234
0.414517 0.803802 0.461408 10.398581
0.814279 0.408243 0.205640 12.995309
0.888889 0.321560 0.177118 9.688794
0.839907 0.855871 0.771063 24.961171
0.104223 0.729403 0.831273 5.518091
0.383243 0.144858 0.159500 15.202704
0.061585 0.527707 0.120917 15.079081
0.375098 0.472212 0.677386 11.637697
0.673311 0.124345 0.753618 5.891169
0.612354 0.885896 0.718897 25.629042
0.839266 0.054492 0.335450 11.033843
0.815385 0.859327 0.741062 8.738712
0.032510 0.541542 0.082108 9.988139
0.327107 0.159635 0.219580 21.369449
0.682633 0.206451 0.582126 7.233399
0.400275 0.277656 0.550938 15.417129
0.008915 0.645332 0.188109 9.164328
0.853463 0.304806 0.198793 5.158598
0.380969 0.284981 0.665601 31.622360
0.768543 0.087606 0.806610 14.709102
0.646600 0.268591 0.667033 41.312656
0.290951 0.655324 0.168564 5.709446
0.928568 0.566644 0.680051 51.258760
0.007283 0.568355 0.113224 9.613198
0.776033 0.031568 0.347995 33.195100
0.370566 0.566373 0.705213 19.381936
0.342386 0.520418 0.578780 10.453851
0.943033 0.599321 0.597061 5.484473
0.096979 0.521685 0.868771 17.717418
0.359115 0.800574 0.466812 6.769511
0.000000 0.520101 0.786489 7.020392
0.653709 0.334205 0.702787 12.360253
0.806875 0.339368 0.221313 10.588386
0.642090 0.248245 0.549238 48.163112
0.284172 0.573434 0.166608 74.080982
0.670843 0.340509 0.660862 11.385446
0.029876 0.186813 0.342114 18.069259
0.303041 0.566733 0.693089 7.551265
0.740967 0.000000 0.748111 18.610435
0.767302 0.000000 0.733436 23.922213
0.016678 0.230257 0.442554 5.536381
0.415096 0.336148 0.658708 55.387624
0.409683 0.827990 0.537400 54.071047
0.350904 0.066597 0.049749 5.304524
0.790162 0.056603 0.574349 10.421261
0.285258 0.180781 0.241454 15.203088
0.727976 0.000000 0.623551 6.132261
0.353369 0.160481 0.576105 8.062210
0.666391 0.149195 0.601401 16.337701
0.837086 0.036929 0.380877 18.771963
0.864788 0.822614 0.732522 38.264779
0.839659 0.000000 0.320638 10.672463
0.630490 0.206995 0.573434 16.995477
0.000000 0.501623 0.808688 7.317594
0.761851 0.062072 0.610425 18.496114
0.052298 0.223110 0.448810 17.458399
0.035824 0.171300 0.428991 28.908560
0.298975 0.340859 0.589617 11.017266
0.503445 0.385578 0.211635 6.498852
0.803088 0.820358 0.705213 6.631789
0.851945 0.000000 0.779895 12.576471
0.397933 0.881776 0.542624 5.165801
0.769952 0.000000 0.798119 18.741223
0.365210 0.125739 0.132860 32.153698
0.907113 0.595542 0.697681 17.688319
0.846198 0.000000 0.257899 6.552032
0.329999 0.169769 0.683840 5.604863
0.806219 0.000000 0.710749 18.962823
0.329404 0.097181 0.174513 15.710128
0.313415 0.495950 0.655011 6.760291
0.399837 0.565890 0.677758 5.409452
0.808100 0.864808 0.847172 6.237704
0.076673 0.551978 0.843542 7.863123
0.689902 0.902162 0.134581 7.694980
0.391759 0.518213 0.628866 9.187922
0.359151 0.326642 0.642557 76.264281
0.855133 0.036095 0.257231 17.892544
0.755679 0.905307 0.102838 59.780613
0.808100 0.000000 0.662959 13.338038
0.657080 0.354511 0.633494 19.160653
0.029182 0.433254 0.190668 15.592133
0.850293 0.358107 0.232149 49.280508
0.946907 0.579418 0.408351 13.870367
0.665311 0.383546 0.626707 7.797876
0.721248 0.000000 0.801055 9.503390
0.649786 0.225274 0.767370 7.151720
0.682660 0.292965 0.766612 5.606698
0.850161 0.016805 0.700561 11.302121
0.358759 0.176491 0.065009 5.513909
0.787249 0.000000 0.778789 32.843846
0.329917 0.170584 0.610164 19.353629
0.000000 0.603385 0.167200 12.113222
0.278551 0.159656 0.151801 25.585439
0.636363 0.140503 0.555131 8.985260
0.322371 0.119963 0.075118 43.115146
0.792288 0.000000 0.586779 5.882525
0.389471 0.488869 0.621989 8.256035
0.000000 0.520187 0.176630 11.030968
0.294716 0.105402 0.000000 6.681728
0.065799 0.243817 0.394138 15.137542
0.865262 0.387338 0.274836 13.936166
0.451268 0.834252 0.619439 7.400734
0.659015 0.356235 0.745872 6.843814
0.325820 0.287652 0.662817 16.139487
0.306945 0.619436 0.102750 5.483042
0.591643 0.812852 0.259840 60.043928
0.373523 0.118813 0.007495 8.397929
0.587864 0.903023 0.265467 21.698999
0.975216 0.548847 0.709166 9.055570
0.092398 0.196068 0.629801 15.347934
0.920752 0.616150 0.653033 6.253541
0.883098 0.592204 0.646917 14.049879
0.649984 0.090882 0.608883 6.865591
0.679445 0.242071 0.684870 18.742224
0.927727 0.587257 0.356177 19.062489
0.846825 0.068247 0.775306 36.953105
0.304440 0.561802 0.123266 29.256184
0.077342 0.233609 0.686405 28.024348
0.908359 0.813114 0.818179 26.306887
0.661876 0.230289 0.736398 17.969034
0.470830 0.288982 0.525189 6.954694
