# gen=40 x0..xd f
0.159618 0.266637 89.999972
0.219122 0.425900 67.449259
0.160727 0.746946 0.000000
0.747889 0.317613 56.346095
0.978708 0.763637 19.720641
0.550583 0.248080 64.640776
0.016214 0.132543 87.474509
0.394889 0.588216 0.000000
0.533057 0.756516 0.000000
0.182849 0.859407 0.000000
0.605572 0.553888 0.000000
0.000000 0.110785 87.333768
0.118580 0.733819 0.000000
0.348869 0.265548 56.978701
0.480179 0.804916 0.000000
0.269283 0.392592 77.732456
0.159618 0.266637 89.999972
0.036364 0.198429 87.695777
0.970179 0.682404 15.753884
0.934112 0.838001 22.423787
0.000000 0.059409 87.220268
0.275727 0.182314 87.787239
0.565537 0.670035 0.000000
0.918698 0.688293 13.836140
0.188636 0.229761 89.200039
0.670716 0.001186 55.116779
0.632988 0.097904 55.875003
0.661279 0.936414 0.000000
0.000000 0.315880 86.734738
0.049666 0.240544 87.893820
0.802389 0.027588 54.048496
0.802846 0.936399 0.000000
0.442893 0.946827 0.000000
0.892631 0.403089 41.947313
0.973093 0.413408 40.700197
0.103641 0.669910 0.000000
0.468873 0.001210 54.257114
0.007887 0.757963 0.000000
0.525256 0.283988 65.885057
0.804913 0.125883 54.432621
0.488871 0.356776 66.213816
0.696988 0.000000 55.309727
0.159618 0.266732 89.999988
0.696103 0.716488 0.000000
0.856627 0.800584 11.204891
0.737371 0.383744 56.543677
0.322619 0.750088 0.000000
0.582144 0.509864 26.364824
0.943154 0.461043 31.377243
0.103600 0.005512 87.525254
0.569280 0.339969 68.010602
0.296977 0.826839 0.000000
0.429785 0.505411 32.720461
0.955652 0.935836 28.487732
0.631457 0.527816 24.056689
0.826673 0.615160 0.253140
0.159618 0.266732 89.999988
0.222025 0.522917 16.924577
0.267825 0.131808 87.718436
0.918669 0.473685 30.739508
0.141933 0.140811 88.059890
0.785793 0.195290 55.174298
0.921552 0.063599 54.681177
0.036406 0.015520 87.240010
0.197995 0.511454 31.559362
0.800593 0.057887 54.280152
0.298512 0.252480 87.654094
0.000000 0.199885 87.460381
0.133072 0.989494 0.000000
0.690268 0.765156 0.000000
0.302280 0.816100 0.000000
0.918183 0.704261 14.751301
0.259880 0.361783 83.279265
0.087804 0.814699 0.000000
0.206498 0.452171 59.739621
0.159618 0.151436 88.201070
0.991713 0.957559 26.429978
0.956656 0.929851 28.673014
0.423835 0.669882 0.000000
0.629177 0.900808 0.000000
0.553199 0.151436 61.746396
0.934532 0.690915 13.974252
1.000000 0.354716 47.680543
0.585413 0.364252 68.033391
0.159618 0.266732 89.999988
0.033959 0.425173 70.851785
0.046585 0.073902 87.524222
0.841107 0.642979 4.544014
0.069236 0.955486 0.000000
0.034971 0.117989 87.613276
0.292578 0.696969 0.000000
0.973093 0.151436 54.666667
0.151783 0.516037 30.915354
0.146607 0.928170 0.000000
0.493374 0.394741 67.026939
0.973093 0.936414 39.998369
0.528257 0.889626 0.000000
0.549420 0.181154 62.016497
0.977088 0.300152 51.515919
0.113221 0.223922 88.519371
0.569923 0.412379 76.901388
0.247443 0.240508 87.994600
0.097813 0.086866 87.777113
0.301548 0.368998 82.019334
0.322915 0.024864 51.060573
0.727743 0.318190 56.759436
0.893290 0.650473 9.913412
0.219871 0.854887 0.000000
0.016655 0.078916 87.351110
0.810801 0.866215 0.000000
0.102067 0.299410 87.847798
0.873230 0.308960 50.835932
0.460134 0.339322 64.282666
0.661540 0.291371 57.353721
0.779868 0.387818 55.670104
0.570679 0.524369 -1.460618
0.597204 0.363779 67.497981
0.048105 0.131020 87.706177
0.162944 0.266637 89.991644
0.290538 0.098824 87.462496
0.323017 0.597755 0.000000
0.489746 0.505467 32.746533
0.880368 0.185178 54.528016
0.100894 0.368490 82.516155
0.124820 0.806795 0.000000
0.000000 0.000000 87.047486
0.801107 0.048021 54.238508
0.054827 0.447689 63.590296
0.175691 0.257498 89.804567
0.439642 0.071178 55.779852
0.737535 0.483251 46.133851
0.557275 0.000000 55.651651
0.536728 0.333107 67.657553
0.113551 0.276822 88.725027
0.333606 0.913171 0.000000
0.089557 0.908474 0.000000
0.643061 0.531791 26.429693
0.079325 0.151770 87.900047
0.107635 0.270207 88.520223
0.094567 0.029871 87.531460
0.406869 0.000000 52.968865
0.970979 0.397466 43.365355
0.194709 0.343188 85.522743
0.614915 0.901841 0.000000
0.437272 0.347446 62.847348
0.936322 0.587837 8.905810
0.216553 0.527023 9.269011
0.506111 0.433820 67.194758
0.386135 0.727009 0.000000
0.068556 0.476682 44.888164
0.503494 0.896265 0.000000
0.553199 0.266732 65.228121
0.482893 0.868623 0.000000
0.196169 0.023630 87.624519
0.916533 0.836782 20.782686
0.636246 0.240930 56.737358
0.657087 0.393361 57.469768
0.156014 0.261107 89.978493
0.922294 0.793580 19.408279
0.212941 0.275950 88.553568
0.526402 0.433074 68.596384
0.904297 0.134150 54.672883
0.192410 0.507390 28.181508
0.391416 0.479862 50.805313
0.099369 0.235858 88.255788
0.698641 0.754264 0.000000
0.299294 0.382616 78.379648
0.431920 0.955940 0.000000
0.455510 0.184787 60.653118
0.310023 0.975578 0.000000
0.762168 0.661368 0.000000
0.481099 0.057226 57.241594
0.401517 0.297006 60.395356
0.000000 0.116330 87.330986
0.627169 0.649881 0.000000
0.635770 0.864396 0.000000
0.521788 0.367846 68.187563
0.529811 0.038031 57.097899
0.000000 0.261264 87.490423
0.879973 0.239812 53.708206
0.438169 0.390760 63.660934
0.524438 0.270499 65.557209
0.402583 0.413065 61.151060
0.919020 0.078350 54.692664
0.733304 0.317638 56.660420
0.606772 0.188228 62.304304
0.962290 0.983414 12.888904
0.363629 0.403067 58.057539
0.164037 0.510216 24.129108
0.589172 0.048116 57.951429
0.848926 0.744051 8.369552
0.087520 0.103253 87.791796
0.765368 0.818097 0.000000
0.060024 0.000000 87.330731
0.449106 0.556980 0.000000
0.257728 0.153199 87.822377
0.157295 0.266637 89.995900
0.196233 0.663177 0.000000
0.795676 0.376548 55.353586
0.000000 0.392965 75.931768
0.481729 0.243883 63.094131
0.543534 0.694857 0.000000
0.994622 0.085978 54.593043
0.178816 0.669859 0.000000
0.865479 0.409557 37.744832
0.613590 0.205340 62.096619
0.361424 0.824189 0.000000
0.468047 0.645316 0.000000
0.096033 0.499490 33.815898
0.002109 0.039852 87.219190
0.647857 0.225575 56.825790
0.308577 0.301915 87.359249
0.746616 0.283342 56.155009
0.961953 0.633841 12.228701
0.000000 0.236990 87.484019
0.176393 0.245602 89.703930
0.295866 0.269527 87.739459
0.144801 0.841908 0.000000
0.837267 0.216007 54.115990
0.080530 0.060137 87.657429
0.553199 0.413408 84.999187
0.778080 0.284802 55.655221
0.280366 0.005868 87.281444
0.000000 0.078645 87.246399
0.755078 0.294945 56.074506
0.284198 0.744578 0.000000
0.161569 0.184055 88.616087
0.100234 0.227820 88.201746
0.022288 0.452156 59.438598
0.888162 0.970762 15.727815
0.380185 0.428656 59.117417
0.587523 0.413043 68.814912
0.951446 0.130689 54.775343
0.571027 0.587926 0.000000
0.740307 0.594860 0.000000
0.558496 0.895689 0.000000
0.158284 0.261791 89.988490
0.236072 0.010429 87.456104
0.284004 0.651865 0.000000
0.018925 0.092657 87.450819
0.972085 0.992170 -0.856238
0.403724 0.627499 0.000000
0.161730 0.416553 70.825651
0.402515 0.426109 61.175169
0.536312 0.002104 55.509070
0.929361 0.578890 6.457729
0.560444 0.911824 0.000000
0.342677 0.972344 0.000000
0.454835 0.657168 0.000000
0.158284 0.266058 89.997587
0.528473 0.314267 66.798585
0.283420 0.156936 87.640255
0.942303 0.476225 24.639943
0.746556 0.268780 56.142418
1.000000 0.411416 38.874409
0.660243 0.009782 55.393968
0.941005 0.978716 14.594513
0.440672 0.278031 61.858744
0.578729 0.452568 64.290110
0.734874 0.225127 56.191603
0.448493 0.864405 0.000000
0.156014 0.261107 89.978493
0.054314 0.059697 87.510389
0.597573 0.163602 61.361070
0.766868 0.377345 55.907398
0.648801 0.753832 0.000000
0.429181 0.074157 55.796840
0.879009 0.015925 54.566369
0.159618 0.266637 89.999972
0.177876 0.293657 88.098074
0.437801 0.171418 59.192596
0.295652 0.150842 87.565031
0.060117 0.090957 87.633473
0.746541 0.564313 2.105966
0.034466 0.244783 87.763573
0.451050 0.079090 57.356404
0.932886 0.535339 14.036383
0.259283 0.568476 0.000000
0.289127 0.261800 87.781594
0.039609 0.088477 87.495814
0.306035 0.295787 87.531298
0.124833 0.000000 87.492884
0.424702 0.530833 -6.760625
0.372564 0.410636 59.113089
0.943170 0.769667 19.663137
0.180163 0.262011 89.683451
0.000000 0.000000 87.047486
0.077981 0.790094 0.000000
0.000000 0.175276 87.435557
0.368327 0.927387 0.000000
0.019593 0.328821 86.285129
0.588463 0.347404 67.650781
0.508269 0.811493 0.000000
0.969865 0.992672 -2.574146
0.598300 0.205737 62.763471
0.806610 0.138422 54.562837
0.098004 0.910762 0.000000
0.137895 0.262010 89.627554
0.581510 0.155234 61.669968
0.017639 0.187895 87.560288
# OSA solutions
0.159618 0.266732 89.999988
0.158284 0.261791 89.988490
0.018925 0.092657 87.450819
0.119224 0.294718 88.092240
0.000000 0.246042 87.487342
0.206581 0.208123 88.403383
0.178604 0.060267 87.804436
0.241485 0.017357 87.508979
0.015051 0.286149 87.644016
0.020977 0.180933 87.596596
0.158774 0.208817 89.257196
0.271729 0.278945 87.881263
0.126610 0.214717 88.883799
0.213628 0.269477 88.615358
0.222560 0.283115 88.204422
0.151313 0.228287 89.578158
0.127967 0.053028 87.751042
0.176899 0.099940 87.917178
0.180668 0.267056 89.710154
0.246704 0.132638 87.847264
0.169125 0.271519 89.918217
0.238738 0.190963 88.019957
0.190717 0.199262 88.640603
0.122972 0.255428 89.192236
0.162944 0.114913 88.022155
0.185518 0.278161 89.439528
0.206924 0.311401 87.552488
0.087520 0.103253 87.791796
0.251946 0.293435 87.883999
0.210586 0.066010 87.765474
0.243151 0.041547 87.558278
0.038217 0.232667 87.766665
0.113551 0.276822 88.725027
0.048264 0.045370 87.454272
0.103600 0.005512 87.525254
0.213813 0.147525 88.009759
0.174413 0.220603 89.367198
0.095352 0.062403 87.720337
0.234249 0.181978 87.987294
0.106352 0.258475 88.623410
0.238003 0.222578 88.068846
0.045669 0.295591 87.641595
0.178594 0.198849 88.840991
0.305322 0.227425 87.630449
0.003429 0.255419 87.511221
0.159618 0.241837 89.833948
0.059186 0.285730 87.917653
0.109873 0.301792 87.873979
0.092595 0.242267 88.127828
0.137278 0.200649 88.872818
0.121712 0.195942 88.353438
0.256747 0.226006 87.965268
0.182146 0.293380 88.237748
0.213849 0.026582 87.614873
0.051818 0.139155 87.752234
0.149057 0.259589 89.898224
0.206682 0.218980 88.532026
0.184806 0.167640 88.222876
0.174995 0.012902 87.546703
0.259764 0.047273 87.529494
0.275291 0.124040 87.642386
0.165410 0.260798 89.965063
0.245940 0.266935 88.058143
0.214478 0.114342 87.899192
0.181252 0.232667 89.363225
0.125739 0.263770 89.209164
0.240973 0.250976 88.073828
0.047077 0.267895 87.833996
0.000000 0.266732 87.490727
0.150659 0.149841 88.117379
0.107758 0.232023 88.431096
0.265085 0.180707 87.840356
0.191579 0.185389 88.442992
0.101398 0.291120 88.071496
0.134016 0.239083 89.375535
0.053772 0.167332 87.775346
0.043775 0.201185 87.806253
0.114499 0.141894 88.021003
0.123026 0.026560 87.648964
0.089435 0.179359 88.039109
0.151812 0.248953 89.869148
0.285690 0.035053 87.398595
0.200745 0.110753 87.933576
0.171284 0.181301 88.635669
0.217245 0.162972 88.030985
0.187816 0.249107 89.380570
0.000000 0.139728 87.375497
0.000000 0.199885 87.460381
0.112949 0.160951 88.061061
0.138393 0.033196 87.684034
0.224740 0.251228 88.257009
0.006951 0.266732 87.548138
0.161721 0.056356 87.795085
0.089494 0.255929 88.178434
0.173022 0.138345 88.087217
0.196169 0.023630 87.624519
0.153478 0.272309 89.939831
0.221529 0.310062 87.573211
0.137138 0.278512 89.468815
0.134028 0.160958 88.142193
0.158326 0.294321 88.250723
0.082306 0.123941 87.864394
0.023547 0.203578 87.616434
0.140489 0.080236 87.850290
0.169749 0.249462 89.848859
0.135430 0.118113 87.995822
0.078615 0.210197 88.012576
0.079325 0.151770 87.900047
0.105381 0.038843 87.654143
0.060882 0.214587 87.938119
0.262954 0.095691 87.652717
0.224564 0.000000 87.439445
0.060450 0.065159 87.558379
0.154016 0.170598 88.319534
0.121028 0.221881 88.822667
0.204322 0.291370 88.189464
0.288019 0.286701 87.754712
0.294836 0.066415 87.447326
0.081166 0.026002 87.555707
0.045062 0.113337 87.587799
