# Final mediating pop (post Phase 4)
# x0..x(D-1) f0 f1 consensus
0.117162 0.185344 0.137674 0.545088 0.681532 0.480802 0.474867 0.613830 0.504912 0.530348 58.961426 58.959188 58.959188
0.095295 0.187227 0.141743 0.522655 0.636930 0.479927 0.543999 0.640542 0.497698 0.547823 58.959627 58.956145 58.956145
0.106750 0.174778 0.138502 0.558952 0.642769 0.453846 0.478494 0.696348 0.532172 0.539817 58.974945 58.955981 58.955981
0.135643 0.190313 0.133281 0.518778 0.659004 0.425591 0.473804 0.651877 0.514749 0.555265 58.963484 58.955749 58.955749
0.103347 0.176761 0.133804 0.559741 0.644986 0.453828 0.495149 0.700499 0.567337 0.592800 58.980639 58.955997 58.955997
0.145914 0.170119 0.135130 0.579337 0.719591 0.534102 0.478165 0.643981 0.539364 0.565611 58.958706 58.956265 58.956265
0.132806 0.157804 0.135266 0.572585 0.592610 0.420912 0.534337 0.625082 0.538931 0.552191 58.955200 58.955471 58.955200
0.132745 0.189390 0.160833 0.531378 0.671280 0.482237 0.509438 0.625730 0.465260 0.559445 58.955650 58.955030 58.955030
0.157879 0.198998 0.138719 0.527137 0.682146 0.497322 0.536854 0.602604 0.511554 0.577170 58.968991 58.953944 58.953944
0.111483 0.153668 0.132663 0.578047 0.616262 0.429319 0.529874 0.696684 0.569337 0.541572 58.961428 58.954252 58.954252
0.122925 0.187796 0.121357 0.470959 0.667954 0.509330 0.542370 0.591539 0.449861 0.533745 58.956048 58.954249 58.954249
0.124736 0.178877 0.113573 0.565237 0.704420 0.548819 0.481175 0.572932 0.529980 0.558858 58.956089 58.953882 58.953882
0.153719 0.150868 0.112179 0.579078 0.648931 0.434059 0.539526 0.580811 0.541536 0.459853 58.958001 58.952028 58.952028
0.087197 0.170455 0.135667 0.571738 0.650711 0.429734 0.515776 0.597983 0.538239 0.537904 58.955089 58.955255 58.955089
0.150768 0.185131 0.136359 0.537456 0.706037 0.435315 0.512709 0.604397 0.547006 0.567812 58.958277 58.956529 58.956529
0.127344 0.191730 0.130499 0.517667 0.695124 0.516506 0.536882 0.597255 0.519881 0.593904 58.959576 58.957879 58.957879
0.141477 0.180316 0.142909 0.529250 0.753938 0.544338 0.517726 0.606248 0.497774 0.613496 58.956803 58.952813 58.952813
0.121167 0.165335 0.129819 0.556130 0.670985 0.437514 0.524108 0.600661 0.533148 0.492507 58.965386 58.956510 58.956510
0.148684 0.171331 0.113869 0.555831 0.607547 0.488027 0.530086 0.633565 0.545889 0.559954 58.955822 58.955781 58.955781
0.128233 0.184083 0.106041 0.528439 0.649585 0.521491 0.527147 0.640083 0.547365 0.564680 58.961779 58.956906 58.956906
0.079667 0.169979 0.127303 0.579516 0.692362 0.462141 0.455891 0.674914 0.578560 0.557159 58.956619 58.956638 58.956619
0.160645 0.172788 0.129344 0.511355 0.642984 0.477871 0.596778 0.574998 0.509381 0.611789 58.951755 58.952713 58.951755
0.095832 0.149121 0.128571 0.561353 0.703435 0.461476 0.495686 0.681421 0.572785 0.578900 58.958848 58.955080 58.955080
0.126465 0.184816 0.138837 0.559250 0.735760 0.492567 0.452766 0.631375 0.534337 0.564786 58.961205 58.955986 58.955986
0.120329 0.192418 0.119381 0.485051 0.682686 0.470121 0.509894 0.593732 0.491261 0.541518 58.965220 58.958329 58.958329
0.143153 0.175374 0.115194 0.567365 0.674592 0.499137 0.516522 0.582935 0.531540 0.491298 58.982109 58.955821 58.955821
0.117067 0.190530 0.140296 0.500911 0.665042 0.499286 0.512051 0.591019 0.433181 0.515792 58.964214 58.954463 58.954463
0.094293 0.200348 0.136110 0.532507 0.643005 0.499068 0.463988 0.636324 0.475715 0.528529 58.958331 58.954896 58.954896
0.103053 0.175114 0.121096 0.545321 0.664629 0.500794 0.521827 0.663970 0.556369 0.557633 58.964780 58.957993 58.957993
0.109857 0.161762 0.134102 0.619148 0.623299 0.466215 0.493967 0.651756 0.558899 0.516067 58.969201 58.955274 58.955274
0.128097 0.184961 0.146736 0.599668 0.677889 0.445647 0.456819 0.654715 0.554749 0.511788 58.965282 58.954535 58.954535
0.149265 0.178068 0.141409 0.531529 0.651619 0.511772 0.542477 0.554799 0.447029 0.560399 58.972236 58.952174 58.952174
0.128159 0.178789 0.117965 0.545893 0.693862 0.462428 0.455079 0.627410 0.547090 0.560694 58.963543 58.957415 58.957415
0.115374 0.201595 0.125392 0.550144 0.597957 0.472280 0.470364 0.696906 0.545600 0.576198 58.953559 58.953403 58.953403
0.119567 0.179728 0.151769 0.551682 0.722088 0.555348 0.476959 0.694778 0.493656 0.583680 58.959693 58.951970 58.951970
0.125482 0.171189 0.120696 0.547731 0.619553 0.466073 0.501700 0.567582 0.497032 0.534310 58.961916 58.955758 58.955758
0.122958 0.185866 0.145192 0.550923 0.610856 0.468140 0.517983 0.645943 0.523715 0.611782 58.956364 58.955093 58.955093
0.120727 0.178736 0.126700 0.569093 0.692098 0.446866 0.486404 0.665775 0.581283 0.510084 58.956134 58.955657 58.955657
0.136385 0.172574 0.117843 0.612491 0.658703 0.477338 0.496777 0.564016 0.565926 0.500385 58.958290 58.955727 58.955727
0.107163 0.162407 0.131690 0.562735 0.625843 0.457571 0.531359 0.619246 0.522393 0.515281 58.964071 58.957324 58.957324
0.113487 0.166628 0.118613 0.535526 0.643750 0.416973 0.547663 0.613075 0.542787 0.518051 58.960095 58.955099 58.955099
0.136156 0.176017 0.136262 0.609014 0.625173 0.530483 0.458929 0.672912 0.525898 0.563956 58.966730 58.952135 58.952135
0.148496 0.185044 0.146938 0.535771 0.694337 0.486196 0.541559 0.565289 0.503704 0.621931 58.966832 58.952125 58.952125
0.135221 0.167699 0.135464 0.584618 0.727058 0.488410 0.448993 0.647776 0.552572 0.558932 58.956826 58.955841 58.955841
0.132043 0.154710 0.135074 0.542033 0.635548 0.470161 0.534026 0.664923 0.522025 0.570222 58.956861 58.955588 58.955588
0.107676 0.153347 0.118018 0.539176 0.607292 0.470248 0.598425 0.653276 0.544367 0.538387 58.955780 58.951307 58.951307
0.129825 0.161766 0.157971 0.587061 0.641277 0.510588 0.512377 0.670849 0.491613 0.541707 58.957192 58.953137 58.953137
0.095752 0.143119 0.137437 0.561296 0.656358 0.409210 0.561749 0.637797 0.559564 0.545603 58.954181 58.953392 58.953392
0.133896 0.171330 0.131136 0.553923 0.685991 0.487468 0.467959 0.622276 0.508826 0.526237 58.958837 58.958365 58.958365
0.119848 0.189160 0.145348 0.516852 0.675676 0.492895 0.516192 0.668689 0.515007 0.619531 58.961132 58.955817 58.955817
0.089365 0.179884 0.128944 0.555509 0.723948 0.483495 0.425849 0.692651 0.537100 0.535287 58.971047 58.953117 58.953117
0.123170 0.169860 0.150521 0.610161 0.731894 0.534800 0.430304 0.672358 0.530455 0.570343 58.960249 58.951281 58.951281
0.079413 0.161751 0.152044 0.593745 0.660421 0.457086 0.551233 0.700690 0.574687 0.572332 58.970771 58.950869 58.950869
0.086428 0.163349 0.135518 0.552808 0.639509 0.407420 0.538719 0.708152 0.575836 0.556759 58.972823 58.953089 58.953089
0.107572 0.172049 0.125829 0.509274 0.672136 0.457329 0.585757 0.526231 0.499593 0.558483 58.958741 58.954265 58.954265
0.092433 0.176427 0.121002 0.536000 0.701096 0.485274 0.503242 0.665297 0.564754 0.572697 58.974556 58.958173 58.958173
0.121590 0.178125 0.115171 0.514488 0.676996 0.444575 0.529281 0.654482 0.557535 0.525030 58.958432 58.956506 58.956506
0.119864 0.155050 0.117011 0.545867 0.607074 0.423820 0.563796 0.601519 0.541272 0.539959 58.959550 58.955083 58.955083
0.066815 0.188484 0.143858 0.542841 0.667397 0.437929 0.505662 0.654937 0.525201 0.539344 58.961943 58.953631 58.953631
0.132577 0.155933 0.148908 0.641928 0.643641 0.434543 0.452579 0.696906 0.566345 0.517640 58.954796 58.952335 58.952335
0.168249 0.161092 0.126609 0.635941 0.601895 0.443755 0.510529 0.594606 0.555351 0.484340 58.954578 58.951313 58.951313
0.093939 0.174395 0.126450 0.540023 0.605945 0.455672 0.526223 0.657124 0.523238 0.523636 58.957049 58.956508 58.956508
0.111651 0.172509 0.148022 0.535338 0.678894 0.461376 0.536374 0.624488 0.513832 0.559615 58.958521 58.958081 58.958081
0.161301 0.170151 0.122466 0.514549 0.642176 0.443022 0.647094 0.514628 0.513008 0.579517 58.953817 58.949214 58.949214
0.149541 0.161092 0.131897 0.594727 0.629504 0.466608 0.547406 0.533242 0.513901 0.504970 58.960692 58.954216 58.954216
0.136864 0.188704 0.123678 0.490396 0.692934 0.453546 0.505383 0.591549 0.482289 0.515686 58.960555 58.955997 58.955997
0.100281 0.192060 0.142194 0.528151 0.685192 0.507227 0.485058 0.703234 0.509188 0.542083 58.954638 58.953996 58.953996
0.127949 0.159671 0.125754 0.594129 0.686836 0.480469 0.539655 0.602251 0.577165 0.521880 58.972774 58.955377 58.955377
0.120085 0.171426 0.148429 0.564592 0.634767 0.551386 0.516335 0.672857 0.484583 0.595686 58.951177 58.949908 58.949908
0.115550 0.162616 0.113380 0.557569 0.649169 0.427502 0.501368 0.619278 0.559644 0.541521 58.973521 58.955965 58.955965
0.163353 0.175917 0.141230 0.621207 0.566653 0.476944 0.479472 0.613506 0.503655 0.533013 58.955427 58.950175 58.950175
0.141978 0.171467 0.132701 0.555928 0.627371 0.411332 0.548219 0.601839 0.539617 0.540646 58.959624 58.954815 58.954815
0.143960 0.168149 0.174706 0.620793 0.668028 0.476737 0.480809 0.665596 0.502606 0.546061 58.966091 58.950775 58.950775
0.117637 0.167947 0.116379 0.602270 0.662848 0.487114 0.534849 0.584182 0.586128 0.531446 58.967744 58.954650 58.954650
0.109758 0.198170 0.144118 0.522870 0.717057 0.447961 0.485398 0.652802 0.546385 0.627490 58.971883 58.954346 58.954346
0.105989 0.195953 0.115296 0.454408 0.671929 0.474524 0.564237 0.607264 0.506085 0.602476 58.964546 58.955921 58.955921
0.116801 0.172180 0.116477 0.509145 0.616562 0.455591 0.535481 0.586186 0.468938 0.491183 58.968371 58.953707 58.953707
0.100719 0.190894 0.125316 0.471056 0.675760 0.433493 0.524611 0.652433 0.516595 0.573235 58.958256 58.956780 58.956780
0.112956 0.173267 0.153641 0.572671 0.643525 0.510727 0.493882 0.708521 0.513221 0.584283 58.955126 58.953329 58.953329
0.157125 0.169236 0.122473 0.540414 0.628010 0.460473 0.532412 0.533673 0.466619 0.488964 58.960503 58.953044 58.953044
0.159088 0.181367 0.151938 0.528572 0.678284 0.475872 0.532989 0.566652 0.454592 0.554758 58.961403 58.952569 58.952569
0.132261 0.166831 0.120508 0.589935 0.620655 0.489778 0.505346 0.633651 0.539634 0.494146 58.959215 58.955867 58.955867
0.141492 0.159995 0.118759 0.621483 0.673347 0.473699 0.507533 0.589704 0.589003 0.504486 58.959836 58.955306 58.955306
0.135740 0.177247 0.127978 0.576129 0.704817 0.517394 0.469369 0.630215 0.534541 0.508753 58.958036 58.956689 58.956689
0.124493 0.160557 0.143682 0.631526 0.667532 0.457883 0.468768 0.653656 0.577321 0.545442 58.965126 58.954991 58.954991
0.099834 0.173948 0.129854 0.608000 0.666272 0.499020 0.469987 0.695009 0.587975 0.556748 58.957429 58.955314 58.955314
0.106804 0.187441 0.144739 0.510884 0.671870 0.471766 0.509503 0.610385 0.442470 0.473527 58.964863 58.952963 58.952963
0.114350 0.196848 0.133740 0.526437 0.718835 0.486278 0.518883 0.556173 0.511676 0.536617 58.960536 58.956158 58.956158
0.131229 0.153346 0.143091 0.543842 0.680331 0.485557 0.580341 0.664024 0.525775 0.539205 58.956269 58.951819 58.951819
0.115088 0.162405 0.132521 0.547222 0.639040 0.463204 0.595505 0.570274 0.516276 0.520920 58.955989 58.954509 58.954509
0.115540 0.179007 0.110742 0.541926 0.681679 0.475997 0.465111 0.641633 0.552754 0.547857 58.961220 58.959262 58.959262
0.118781 0.191776 0.124378 0.528737 0.574600 0.457133 0.551654 0.677272 0.545493 0.598727 58.973896 58.951186 58.951186
0.141634 0.169348 0.135059 0.588102 0.614590 0.470655 0.504447 0.569942 0.482533 0.464904 58.959088 58.954212 58.954212
0.103207 0.175176 0.133608 0.548482 0.660074 0.502937 0.523215 0.663287 0.539638 0.582312 58.967002 58.957657 58.957657
0.094383 0.173039 0.128799 0.534177 0.643324 0.454373 0.537143 0.609001 0.524819 0.544701 58.965101 58.959064 58.959064
0.100522 0.160938 0.117475 0.554503 0.652906 0.385292 0.523751 0.637331 0.570806 0.536098 58.958363 58.951674 58.951674
0.164371 0.167374 0.133405 0.552039 0.658987 0.446336 0.598319 0.591466 0.568259 0.603426 58.953633 58.952030 58.952030
0.151979 0.162194 0.145614 0.527911 0.678895 0.472496 0.577118 0.656279 0.530008 0.615412 58.954610 58.952158 58.952158
0.118987 0.174733 0.129912 0.567140 0.635870 0.481560 0.515620 0.588503 0.504872 0.490330 58.964457 58.956625 58.956625
0.137323 0.172561 0.159315 0.565969 0.632803 0.480822 0.574179 0.572131 0.473388 0.542791 58.952404 58.952713 58.952404
0.097838 0.180662 0.148381 0.517167 0.646956 0.448133 0.515845 0.590802 0.451848 0.523385 58.962013 58.954632 58.954632
0.119652 0.167599 0.142397 0.581191 0.664622 0.439416 0.523371 0.664966 0.581353 0.563255 58.960035 58.956530 58.956530
0.168719 0.157178 0.115936 0.599500 0.616707 0.434382 0.547061 0.607715 0.553454 0.471504 58.977262 58.950049 58.950049
0.107432 0.192483 0.128605 0.528187 0.643605 0.517864 0.514439 0.597491 0.488004 0.570561 58.965371 58.955337 58.955337
0.132239 0.179550 0.128877 0.566629 0.598876 0.472737 0.535960 0.633197 0.560609 0.624490 58.961143 58.953627 58.953627
0.132033 0.167132 0.127401 0.566069 0.636218 0.482486 0.589160 0.568407 0.533071 0.517233 58.955274 58.954809 58.954809
0.106595 0.167489 0.125858 0.522573 0.664846 0.479332 0.556943 0.614290 0.525606 0.551681 58.960736 58.958425 58.958425
0.104445 0.203426 0.124965 0.485203 0.757372 0.479690 0.458484 0.632192 0.495989 0.541829 58.964933 58.951789 58.951789
0.140722 0.198058 0.136014 0.513429 0.715932 0.434645 0.534594 0.677289 0.567518 0.570179 58.960511 58.951597 58.951597
0.102949 0.200395 0.107532 0.510001 0.627627 0.522445 0.517698 0.568000 0.469485 0.530718 58.968868 58.951047 58.951047
0.145503 0.154757 0.126538 0.600157 0.646811 0.475658 0.581542 0.591242 0.572642 0.522214 58.960127 58.953296 58.953296
0.143469 0.159834 0.119365 0.593197 0.709099 0.446838 0.520811 0.533698 0.574150 0.522277 58.953979 58.954123 58.953979
0.109706 0.149501 0.145514 0.622875 0.630624 0.412816 0.554153 0.643206 0.608457 0.598350 58.954069 58.950772 58.950772
0.111561 0.162914 0.151151 0.637227 0.650405 0.492155 0.547371 0.598336 0.537468 0.519124 58.988364 58.949226 58.949226
0.122245 0.199090 0.136762 0.518267 0.664203 0.512252 0.583250 0.511816 0.466961 0.579512 58.961600 58.951036 58.951036
0.115656 0.162140 0.137206 0.643258 0.632566 0.448468 0.476859 0.603459 0.563128 0.524035 58.973728 58.953289 58.953289
0.117064 0.172338 0.128663 0.626336 0.715566 0.486998 0.477392 0.570002 0.593664 0.559467 58.965965 58.952493 58.952493
0.114968 0.168955 0.136078 0.609773 0.741543 0.415861 0.437842 0.625187 0.584681 0.521105 58.953103 58.950145 58.950145
0.146523 0.140658 0.141885 0.637805 0.629750 0.501505 0.510155 0.687468 0.569846 0.582800 58.955757 58.951136 58.951136
0.137887 0.161178 0.148176 0.611749 0.540721 0.392182 0.517267 0.694906 0.544368 0.551662 58.951322 58.948443 58.948443
0.126482 0.158449 0.119103 0.601890 0.699718 0.527095 0.526681 0.549635 0.543146 0.501007 58.959469 58.951078 58.951078
0.069814 0.154889 0.143879 0.590843 0.605133 0.493148 0.500507 0.722392 0.418957 0.383397 59.027165 58.941378 58.941378
0.000000 0.221746 0.112873 0.777071 0.835413 0.061397 0.570254 0.878567 0.450410 0.487643 59.378740 58.940449 58.940449
0.067984 0.067219 0.095867 0.671398 0.805895 0.281423 0.749377 0.928945 0.264254 0.836564 59.977385 58.940449 58.940449
0.121264 0.211352 0.124150 0.681375 0.623835 0.658478 0.396846 0.784438 0.455575 0.761476 59.151967 58.940449 58.940449
0.047806 0.288178 0.159187 0.928524 0.868595 0.469559 0.264226 0.616767 0.284020 0.647921 59.375978 58.940449 58.940449
0.083918 0.151605 0.130049 0.634718 0.633205 0.471846 0.509964 0.658287 0.584752 0.526480 58.950767 58.950954 58.950767
0.117919 0.153004 0.126520 0.630521 0.925639 0.230091 0.595666 0.824379 0.497147 0.902582 59.201160 58.940449 58.940449
0.177077 0.317190 0.101889 0.576914 0.780813 0.415180 0.694866 0.760166 0.364316 0.484081 60.789467 58.940449 58.940449
0.041107 0.135716 0.153035 0.826488 0.578452 0.117919 0.649616 0.894969 0.339213 0.708234 59.728249 58.940449 58.940449
0.128243 0.139281 0.080030 0.620527 0.767518 0.638330 0.579490 0.637023 0.509497 0.550824 59.138205 58.940557 58.940557
0.188813 0.144087 0.101324 0.618854 0.647492 0.441783 0.748588 0.479664 0.444934 0.450255 59.088670 58.940536 58.940536
0.138574 0.149185 0.151810 0.701884 0.633306 0.437210 0.628811 0.551235 0.515111 0.539282 59.480325 58.941210 58.941210
0.142265 0.230439 0.120565 0.657789 0.536277 0.492447 0.524084 0.640505 0.527664 0.604831 59.331007 58.940871 58.940871
0.028841 0.219066 0.117947 0.440756 0.673535 0.489918 0.721924 0.618413 0.460069 0.671898 59.052962 58.940715 58.940715
0.105696 0.082296 0.120471 0.773853 0.760452 0.362062 0.705597 0.818506 0.457102 0.774208 60.279314 58.940449 58.940449
0.000000 0.151212 0.015773 0.767648 0.825670 0.410352 0.489292 0.845235 0.422699 0.648337 59.785064 58.940449 58.940449
0.092938 0.202126 0.053065 0.602341 0.690945 0.365722 0.570090 0.920186 0.302590 0.788167 61.359333 58.940449 58.940449
0.104644 0.170289 0.178043 0.536210 0.613219 0.413374 0.664506 0.655889 0.397802 0.545293 59.194198 58.941414 58.941414
0.228188 0.218165 0.102155 0.832686 0.837730 0.544208 0.489817 0.482202 0.487029 0.662446 59.258791 58.940449 58.940449
0.086055 0.309803 0.007586 0.715845 0.470826 0.382842 0.571144 0.325132 0.328205 0.676189 58.620079 58.940449 58.620079
0.062490 0.158516 0.074082 0.561180 0.893775 0.478317 0.562682 0.669286 0.431305 0.737164 59.725185 58.940449 58.940449
0.080215 0.176483 0.170249 0.545144 0.595952 0.293234 0.663295 0.722772 0.538551 0.668161 58.966929 58.941346 58.941346
0.000000 0.148565 0.185768 0.733813 0.717889 0.284928 0.413377 0.742716 0.477437 0.633065 58.941145 58.940449 58.940449
0.092888 0.187107 0.088154 0.701731 0.761808 0.350190 0.768175 0.718442 0.339057 0.548164 66.766249 58.940449 58.940449
0.148483 0.268847 0.146682 0.734273 0.730850 0.430221 0.680039 0.652776 0.401782 0.674284 62.939655 58.940449 58.940449
0.056483 0.166972 0.131885 0.672395 0.584704 0.404208 0.615862 0.717697 0.390391 0.431827 60.527631 58.940449 58.940449
0.134662 0.203566 0.083459 0.533391 0.663030 0.477114 0.558632 0.475544 0.466875 0.444990 58.949462 58.944242 58.944242
0.000000 0.243860 0.065645 0.801194 0.732453 0.572767 0.560025 0.464445 0.261696 0.391378 59.468320 58.940449 58.940449
0.145623 0.349179 0.063874 0.828389 0.792676 0.533159 0.935258 0.797935 0.225270 0.483630 60.613368 58.940449 58.940449
0.109660 0.264618 0.125208 0.422145 0.793138 0.409991 0.768083 0.749356 0.419482 0.629697 59.649228 58.940449 58.940449
0.068617 0.237370 0.130355 0.699927 0.777586 0.298573 0.578571 0.955505 0.355227 0.325736 59.989056 58.940449 58.940449
0.106208 0.163198 0.103908 0.550889 0.668774 0.535526 0.659690 0.622677 0.518823 0.603646 59.148045 58.942021 58.942021
0.136086 0.166357 0.153135 0.864800 0.807509 0.480317 0.423324 0.777450 0.499202 0.592412 59.811119 58.940449 58.940449
0.160221 0.138829 0.123078 0.717029 0.612529 0.423037 0.616044 0.710312 0.643182 0.479287 59.005866 58.941316 58.941316
0.058757 0.032491 0.096241 0.731114 0.863039 0.603937 0.780616 0.673840 0.480809 0.584414 59.037387 58.940449 58.940449
0.134947 0.186253 0.143013 0.559471 0.854023 0.609615 0.548565 0.510123 0.442353 0.541385 58.980563 58.941175 58.941175
0.077051 0.175884 0.134230 0.720912 0.613437 0.504695 0.462963 0.720757 0.531342 0.448435 59.117687 58.941393 58.941393
0.000000 0.324444 0.146608 0.794464 0.585894 0.117916 0.680474 0.838938 0.407100 0.558007 59.605125 58.940449 58.940449
0.038151 0.183525 0.141311 0.668427 0.812359 0.358670 0.508778 0.832018 0.635641 0.633997 59.019861 58.940449 58.940449
0.000000 0.253155 0.155539 0.733319 0.751864 0.623366 0.587529 0.753638 0.000000 0.425985 59.672912 58.940449 58.940449
0.165128 0.182632 0.147500 0.616743 0.470078 0.319078 0.601372 0.704632 0.470405 0.500825 59.044992 58.940463 58.940463
0.033214 0.144268 0.000000 0.837450 0.693958 0.565372 0.815703 0.690069 0.342980 0.390838 58.961733 58.940449 58.940449
0.138999 0.222130 0.212821 0.716743 0.688837 0.332833 0.499832 0.699763 0.420014 0.500214 59.137034 58.940476 58.940476
0.051074 0.192980 0.130818 0.614709 0.629941 0.437244 0.511590 0.661924 0.482496 0.424567 59.197312 58.941984 58.941984
0.181851 0.233664 0.094743 0.530025 0.851888 0.197239 0.758032 0.676058 0.114857 0.688177 61.329089 58.940449 58.940449
0.106588 0.299480 0.048662 1.000000 1.000000 0.591831 0.624974 0.820976 0.468617 0.617951 60.168856 58.940449 58.940449
0.075663 0.156497 0.123618 0.845255 0.598080 0.423677 0.648207 0.628879 0.479864 0.506924 61.365793 58.940449 58.940449
0.123363 0.222626 0.091237 0.518493 0.700934 0.463345 0.659200 0.444136 0.437660 0.520874 59.165086 58.940861 58.940861
0.144206 0.138473 0.086420 0.547037 1.000000 0.522050 0.733678 0.484518 0.000000 0.491423 59.041531 58.940449 58.940449
0.076754 0.130725 0.153636 0.674177 0.675311 0.426368 0.834532 0.600048 0.481763 0.659657 59.467173 58.940449 58.940449
0.150203 0.196955 0.179653 0.799619 0.606985 0.159644 0.515175 0.736476 0.467634 0.434678 58.975410 58.940449 58.940449
0.081595 0.174724 0.054368 0.657084 0.966289 0.427880 0.545673 0.787591 0.254384 0.436031 61.822725 58.940449 58.940449
0.094119 0.266814 0.233668 0.650120 0.681783 0.336252 0.603328 0.710699 0.384833 0.595753 59.036187 58.940453 58.940453
0.144810 0.148110 0.113641 0.553451 0.898705 0.301387 0.682681 0.551192 0.464464 0.553704 59.485137 58.940449 58.940449
0.025605 0.310973 0.147786 0.993349 0.693354 0.485943 0.583709 0.753395 0.419723 0.303231 59.426318 58.940449 58.940449
0.090240 0.207455 0.122767 0.547903 0.653428 0.437879 0.448308 0.778994 0.554589 0.537044 59.037313 58.945299 58.945299
0.205705 0.276318 0.133535 0.684899 0.672169 0.441414 0.769597 0.724859 0.278467 0.642256 62.771817 58.940449 58.940449
0.000000 0.174129 0.088722 0.801173 0.708843 0.409450 0.664901 0.675647 0.596644 0.715982 59.515551 58.940449 58.940449
0.236927 0.224730 0.141203 0.596860 0.772045 0.194221 0.659968 0.553865 0.235932 0.697151 59.999507 58.940449 58.940449
0.108319 0.216947 0.083813 0.631225 0.628510 0.205587 0.788833 0.791844 0.188236 0.541398 63.016167 58.940449 58.940449
0.140346 0.188591 0.057224 0.519061 0.464861 0.457835 0.506054 0.797799 0.348911 0.593500 59.135217 58.940449 58.940449
0.194673 0.206678 0.140299 0.461644 0.819164 0.451913 0.616553 0.572418 0.417042 0.547669 58.952466 58.940664 58.940664
0.172766 0.173278 0.058250 0.751093 0.810436 0.800097 0.638483 0.535162 0.279991 0.570774 59.236992 58.940449 58.940449
0.067189 0.183105 0.144567 0.673461 0.659318 0.311640 0.468615 0.855946 0.549871 0.755701 59.287204 58.940449 58.940449
0.165321 0.191428 0.139825 0.520045 0.632432 0.279006 0.734324 0.694407 0.218293 0.684893 61.071029 58.940449 58.940449
0.146097 0.168881 0.097910 0.522670 0.470853 0.247605 0.602152 0.885974 0.423637 0.721033 59.154801 58.940449 58.940449
0.051910 0.123727 0.174602 0.609087 0.676805 0.582253 0.702559 0.698875 0.424175 0.511568 58.957372 58.940460 58.940460
0.123414 0.184233 0.130461 0.457880 0.665481 0.465938 0.495100 0.653368 0.362491 0.426753 58.967188 58.942385 58.942385
0.124065 0.155518 0.167387 0.742829 0.630620 0.548799 0.448362 0.758410 0.424839 0.438541 59.224809 58.940575 58.940575
0.146029 0.152924 0.119839 0.659116 0.707635 0.623464 0.499378 0.589650 0.517580 0.604302 59.110551 58.941276 58.941276
0.000000 0.103449 0.106813 0.667697 0.751463 0.439233 0.776937 0.911668 0.415280 0.391112 59.183733 58.940449 58.940449
0.131714 0.140452 0.181653 0.807825 0.676443 0.364069 0.892288 0.692795 0.456858 0.754461 59.169945 58.940449 58.940449
0.033109 0.282623 0.099580 0.654080 0.573328 0.478744 0.712165 0.634934 0.256684 0.805076 61.876380 58.940449 58.940449
0.246484 0.213511 0.135402 0.632182 0.665533 0.542466 0.553029 0.589432 0.425789 0.484889 59.137005 58.940520 58.940520
0.100526 0.154610 0.109630 0.784501 0.640114 0.489336 0.670121 0.581369 0.544080 0.483867 59.692257 58.940472 58.940472
0.108832 0.188217 0.217376 0.630915 0.657628 0.386314 0.697154 0.677441 0.341436 0.563055 59.387160 58.940449 58.940449
0.159239 0.128523 0.127063 0.636942 0.689906 0.599639 0.638254 0.720737 0.453532 0.555619 59.603098 58.940449 58.940449
0.052376 0.247241 0.109937 0.962152 0.952245 0.467490 0.552086 0.850852 0.498442 0.709308 61.002071 58.940449 58.940449
0.024735 0.120201 0.057825 0.862524 0.868057 0.488727 0.888216 0.715232 0.287513 0.584355 60.621443 58.940449 58.940449
0.194851 0.180833 0.168224 0.451642 0.919117 0.211472 0.710442 0.551493 0.213971 0.704563 58.966311 58.940449 58.940449
0.296081 0.216389 0.122891 0.833810 0.710065 0.432034 0.590200 0.628745 0.411447 0.393834 59.204675 58.940449 58.940449
0.077403 0.120488 0.116576 0.572420 0.961429 0.207840 0.869449 0.635057 0.254540 0.742217 59.547083 58.940449 58.940449
0.141759 0.191395 0.167628 0.722159 0.657596 0.210201 0.634361 0.714612 0.485472 0.525338 59.485903 58.940449 58.940449
0.103825 0.180349 0.153019 0.699357 0.741090 0.375565 0.502666 0.715677 0.626252 0.542003 59.260837 58.940912 58.940912
0.142332 0.184547 0.158979 0.681602 0.609617 0.420795 0.659517 0.518091 0.415244 0.478921 59.658937 58.940700 58.940700
0.168571 0.188555 0.171028 0.780501 0.644572 0.402274 0.648812 0.629193 0.483046 0.619095 59.960199 58.940449 58.940449
0.037010 0.192697 0.122040 0.706166 0.804411 0.596187 0.636274 0.574373 0.446268 0.482193 59.895108 58.940449 58.940449
0.155922 0.175084 0.147403 0.731093 0.669550 0.502820 0.534624 0.563522 0.551788 0.425128 58.944754 58.941946 58.941946
0.074596 0.991369 0.011437 0.245588 0.792621 0.348556 0.762166 0.022727 0.209680 0.836696 52.598852 49.260174 49.260174
0.121342 0.228053 0.134322 0.686208 0.583573 0.532804 0.459689 0.600768 0.353473 0.358395 59.244254 58.940449 58.940449
0.136289 0.233282 0.135966 0.592655 0.624687 0.164600 0.782986 1.000000 0.108311 0.589043 60.022786 58.940449 58.940449
0.156245 0.196520 0.177174 0.736270 0.619551 0.314907 0.514280 0.653869 0.479210 0.461367 59.147369 58.940631 58.940631
0.000000 0.222424 0.095008 0.868051 0.836161 0.639950 0.454833 0.906063 0.389821 0.414896 59.552552 58.940449 58.940449
0.169647 0.166540 0.202697 0.780454 0.804105 0.504737 0.473942 0.629442 0.409720 0.454966 58.954050 58.940451 58.940451
0.002075 0.151643 0.118023 0.680603 0.720359 0.253474 0.551601 0.670779 0.368297 0.438102 59.889088 58.940449 58.940449
0.195367 0.151098 0.119562 0.530431 0.748809 0.559893 0.605498 0.574746 0.082527 0.376566 59.044832 58.940449 58.940449
0.075999 0.209348 0.158776 0.579112 0.538128 0.405915 0.534283 0.768015 0.526771 0.616231 59.003127 58.942804 58.942804
0.199637 0.254542 0.114739 0.783585 0.678561 0.557282 0.541015 0.620450 0.556356 0.531779 59.502964 58.940449 58.940449
0.110781 0.175279 0.098940 0.680548 0.631973 0.496682 0.594881 0.674600 0.593851 0.460837 59.230206 58.941244 58.941244
0.052273 0.104523 0.022552 0.890664 0.988944 0.240681 0.709959 0.792336 0.258145 0.599227 60.214879 58.940449 58.940449
0.075637 0.158926 0.171405 0.763342 0.659601 0.452911 0.862562 0.541380 0.436434 0.772774 59.295456 58.940449 58.940449
0.131321 0.166001 0.092031 0.694998 0.618322 0.526587 0.712011 0.481933 0.489308 0.508568 59.315151 58.940538 58.940538
0.144585 0.141170 0.120647 0.453523 0.903254 0.293413 0.877209 0.799651 0.148437 0.725277 59.335820 58.940449 58.940449
0.053007 0.238342 0.157240 0.613647 0.695567 0.281041 0.514206 0.755592 0.573204 0.574448 59.056891 58.940616 58.940616
0.162802 0.172071 0.121045 0.502910 0.641955 0.483368 0.600448 0.565541 0.506304 0.616573 58.955612 58.951223 58.951223
0.114508 0.177242 0.141561 0.555770 0.637290 0.553299 0.524277 0.672719 0.484652 0.587028 58.988174 58.948786 58.948786
0.125237 0.159609 0.133054 0.595799 0.582696 0.428634 0.543124 0.599712 0.543319 0.553162 58.960153 58.953041 58.953041
0.205961 0.184280 0.077969 0.609145 0.620944 0.547459 0.491237 0.684804 0.376523 0.600359 60.128373 58.940449 58.940449
0.113342 0.177486 0.113762 0.507095 0.688324 0.450311 0.449322 0.686845 0.422365 0.572266 59.330133 58.940449 58.940449
0.134788 0.175581 0.139872 0.529052 0.761867 0.544089 0.527010 0.599877 0.511759 0.631277 58.951734 58.951835 58.951734
0.085703 0.229731 0.068909 0.882857 1.000000 0.636681 0.556734 0.737943 0.363085 0.487335 60.766630 58.940449 58.940449
0.195043 0.311923 0.092048 0.778439 0.693627 0.504168 0.600363 0.715466 0.520767 0.530946 60.135566 58.940449 58.940449
0.288497 0.211171 0.089968 0.865089 0.741399 0.438753 0.622840 0.664834 0.407531 0.515711 60.453827 58.940449 58.940449
0.093728 0.185031 0.117795 0.670148 0.679579 0.484103 0.487430 0.741068 0.618460 0.600677 59.208426 58.942033 58.942033
0.197523 0.158621 0.119403 0.709226 0.795631 0.386572 0.688278 0.705947 0.521469 0.467648 60.032205 58.940449 58.940449
0.029894 0.293174 0.191329 0.148812 0.743603 0.795189 0.750127 0.366220 0.869827 0.813969 58.455868 58.940449 58.455868
0.022171 0.154057 0.056850 0.828197 0.669521 0.480414 0.572688 0.579206 0.569903 0.485791 59.022578 58.940449 58.940449
0.087853 0.170047 0.224379 0.634420 0.574079 0.281263 0.682370 0.727806 0.391353 0.556007 58.952777 58.940451 58.940451
0.167713 0.188340 0.030665 0.635690 0.711313 0.549552 0.656104 0.554399 0.535302 0.517069 59.056681 58.940467 58.940467
0.146274 0.257834 0.089283 0.446287 0.974541 0.520848 0.551724 0.534718 0.257934 0.666668 59.303637 58.940449 58.940449
0.139751 0.179490 0.192297 0.694592 0.792126 0.597674 0.570442 0.851954 0.282420 0.589117 60.199593 58.940449 58.940449
0.108782 0.131517 0.184473 0.698206 0.873850 0.700813 0.596856 0.816937 0.584559 0.971527 58.520458 58.940449 58.520458
0.179780 0.220261 0.124078 0.636341 0.638803 0.548000 0.628676 0.407966 0.412478 0.481159 58.993863 58.940619 58.940619
0.082747 0.193581 0.166053 0.452767 0.665967 0.444444 0.756929 0.562956 0.332748 0.562082 59.057728 58.940521 58.940521
0.167670 0.159175 0.153921 0.757465 0.652152 0.625052 0.570008 0.708799 0.501131 0.433954 58.987741 58.940455 58.940455
0.136505 0.155776 0.118505 0.580547 0.691223 0.483034 0.604641 0.622798 0.587049 0.564729 58.991399 58.948221 58.948221
0.159765 0.177941 0.122944 0.431223 0.747009 0.178290 0.808353 0.688242 0.174631 0.749181 59.205182 58.940449 58.940449
0.164874 0.197558 0.127770 0.571877 0.652951 0.444703 0.518657 0.716366 0.612746 0.620308 58.955192 58.947137 58.947137
0.132006 0.214022 0.138806 0.554013 0.736794 0.569324 0.619410 0.584120 0.409692 0.523170 59.485392 58.941069 58.941069
0.167806 0.229248 0.108018 0.830964 0.592691 0.674418 0.524902 0.548734 0.344422 0.348842 59.058732 58.940449 58.940449
0.107214 0.183938 0.046773 0.626891 0.770530 0.359185 0.544491 0.851062 0.267926 0.853500 61.877516 58.940449 58.940449
0.060122 0.240686 0.085072 0.488567 0.781047 0.279872 0.696642 0.473530 0.365988 0.704960 59.434927 58.940449 58.940449
0.119100 0.194595 0.104074 0.550043 0.746654 0.531317 0.572777 0.666281 0.502613 0.536901 59.543116 58.941449 58.941449
0.110338 0.181714 0.142663 0.562702 0.521503 0.413257 0.475912 0.711051 0.401908 0.419598 58.992696 58.941348 58.941348
0.126582 0.139187 0.141461 0.916447 0.932272 0.452605 0.542600 0.717874 0.327009 0.543656 62.454422 58.940449 58.940449
0.130713 0.241967 0.158518 0.611056 0.816272 0.345605 0.756192 0.862543 0.117669 0.445883 61.082108 58.940449 58.940449
0.147237 0.214681 0.087487 0.747861 0.589317 0.464712 0.702502 0.527986 0.502445 0.364960 59.241054 58.940451 58.940451
0.146072 0.218304 0.117670 0.554036 0.691602 0.439994 0.639245 0.682813 0.607271 0.637514 59.060047 58.940911 58.940911
0.128869 0.156826 0.116757 0.574826 0.582392 0.444364 0.568395 0.620060 0.448764 0.378671 59.085973 58.942653 58.942653
0.094693 0.202050 0.151093 0.548611 0.605872 0.472244 0.459376 0.662761 0.423588 0.477489 59.014938 58.946954 58.946954
0.077617 0.226479 0.192453 0.415833 0.705508 0.382510 0.649089 0.878139 0.214664 0.694316 59.084480 58.940449 58.940449
0.102674 0.144469 0.145350 0.720248 0.741638 0.476628 0.687210 0.882294 0.607685 0.731411 59.204185 58.940449 58.940449
0.124425 0.359541 0.137908 0.643983 0.544929 0.402302 0.785885 0.883460 0.234196 0.347713 59.156374 58.940449 58.940449
0.047275 0.147975 0.098214 0.849370 0.629599 0.269645 0.717498 0.721760 0.434898 0.475001 61.173521 58.940449 58.940449
0.034290 0.141686 0.085724 0.812634 0.902906 0.821603 0.569531 0.761362 0.326359 0.459244 59.339611 58.940449 58.940449
0.086441 0.135760 0.000000 0.920996 0.747862 0.713571 0.767044 0.658025 0.170076 0.686572 59.306031 58.940449 58.940449
0.005500 0.162001 0.165242 0.522091 0.787544 0.325906 0.451571 0.707024 0.398131 0.674261 59.024004 58.940449 58.940449
0.099618 0.131123 0.160024 0.605164 0.722892 0.291779 0.546637 0.630277 0.388282 0.570856 59.786082 58.940449 58.940449
0.197236 0.143222 0.000000 0.770040 0.807443 0.536035 0.892401 0.621521 0.271937 0.451482 59.054682 58.940449 58.940449
0.060769 0.151464 0.144153 0.604033 0.870991 0.395408 0.686378 0.874462 0.046184 0.449320 60.789997 58.940449 58.940449
0.080749 0.211543 0.150315 0.560396 0.757877 0.376984 0.573537 0.437000 0.477374 0.589531 58.949564 58.940785 58.940785
0.058632 0.227904 0.102795 0.966075 0.690362 0.477391 0.429228 0.818479 0.461259 0.494825 60.907795 58.940449 58.940449
0.047128 0.149917 0.170067 0.608730 0.668809 0.524889 0.519600 0.826824 0.458229 0.559590 59.026104 58.940752 58.940752
0.125465 0.337229 0.098901 0.757647 0.826496 0.509365 0.824790 0.902079 0.396368 0.406670 59.961893 58.940449 58.940449
0.075321 0.169139 0.126243 0.650975 0.587222 0.364489 0.608533 0.627814 0.577491 0.515795 59.109566 58.942591 58.942591
0.052323 0.085349 0.128047 0.571011 0.858653 0.395593 0.675874 0.751864 0.129417 0.353319 59.733592 58.940449 58.940449
0.094887 0.155133 0.148459 0.615413 0.671345 0.542502 0.558603 0.768120 0.538451 0.582495 59.128480 58.942587 58.942587
0.210656 0.251254 0.105905 0.708086 0.719539 0.447717 0.593992 0.579258 0.584873 0.658707 59.273037 58.940449 58.940449
0.022171 0.146595 0.218832 0.789106 0.824145 0.465039 0.490273 0.661557 0.420990 0.462276 58.876962 58.940449 58.876962
0.090096 0.173581 0.070689 0.622483 0.943018 0.404428 0.430608 0.828511 0.059458 0.337373 60.100995 58.940449 58.940449
0.074377 0.210444 0.156744 0.484671 0.776540 0.512672 0.504261 0.579785 0.439120 0.612222 58.961733 58.945384 58.945384
0.181508 0.166615 0.089576 0.638367 0.720899 0.628203 0.667464 0.653223 0.426495 0.470301 59.838905 58.940449 58.940449
0.204616 0.240368 0.163116 0.530195 0.654814 0.453212 0.608742 0.631790 0.477212 0.579570 59.021004 58.941459 58.941459
0.166042 0.155824 0.152121 0.767910 0.651481 0.608018 0.469161 0.673079 0.404580 0.405001 59.097289 58.940469 58.940469
0.675161 0.999304 0.108696 0.139036 0.911755 0.471084 0.235162 0.271317 0.887349 0.618758 51.899509 56.884969 51.899509
0.134853 0.271015 0.071289 0.788972 0.492200 0.717621 0.889634 0.556032 0.201616 0.576036 59.076338 58.940449 58.940449
0.099033 0.204725 0.185195 0.784045 0.725630 0.257811 0.533249 0.634262 0.416288 0.638442 60.168853 58.940449 58.940449
0.096491 0.200479 0.062573 0.664032 0.826349 0.487186 0.510843 0.587099 0.553795 0.851655 59.075067 58.940449 58.940449
0.004684 0.118806 0.121839 0.647375 0.869346 0.519077 0.598762 0.688103 0.188223 0.423442 60.130634 58.940449 58.940449
0.055049 0.179570 0.109403 0.741566 0.710124 0.359758 0.708992 0.541355 0.449617 0.520342 61.059942 58.940449 58.940449
0.222374 0.148429 0.005054 0.715523 0.786949 0.432418 0.715599 0.636169 0.490234 0.436917 58.946439 58.940449 58.940449
0.073945 0.357634 0.089741 0.843419 0.838406 0.778711 0.855915 0.887333 0.329843 0.565478 59.010044 58.940449 58.940449
0.198020 0.149097 0.090698 0.619363 0.571155 0.476553 0.554889 0.572985 0.487323 0.447215 59.032403 58.942108 58.942108
0.142708 0.139679 0.153509 0.652246 0.640501 0.410090 0.615354 0.709007 0.545693 0.457862 59.079216 58.941625 58.941625
0.102565 0.177301 0.172126 0.568876 0.688489 0.435708 0.590287 0.541398 0.419350 0.563673 59.214657 58.941915 58.941915
0.167156 0.176042 0.115218 0.685378 0.595437 0.401206 0.474355 0.630001 0.567769 0.487295 59.094136 58.943141 58.943141
0.176667 0.166028 0.168527 0.708452 0.590306 0.414431 0.799739 0.638199 0.377175 0.378780 59.430337 58.940449 58.940449
0.000000 0.249383 0.058500 0.819307 0.573748 0.232028 0.634281 0.882158 0.428419 0.531244 59.746088 58.940449 58.940449
0.035863 0.266636 0.129567 0.846941 0.693293 0.646010 0.850204 0.492266 0.120453 0.575731 60.168703 58.940449 58.940449
