# gen=400 CA size=200
# x0..x(D-1) consensus
0.022171 0.154057 0.066184 0.768423 0.688324 0.908858 0.764337 0.873783 0.067643 0.218751 58.494830
0.344995 0.001533 0.185902 0.831777 0.268240 0.096576 0.343516 0.065323 0.112177 0.078655 58.455868
0.120410 0.543204 0.217121 0.889325 0.760355 0.605522 0.438429 0.769524 0.710970 0.462969 54.618806
0.478124 0.301016 0.103296 0.549180 0.143366 0.350244 0.078243 0.456819 0.339213 0.971527 58.455868
0.029894 0.293174 0.191329 0.148812 0.743603 0.795189 0.750127 0.366220 0.869827 0.813969 58.455868
0.256032 0.086170 0.203822 0.248523 0.126396 0.105793 0.834532 0.816464 0.821803 0.883472 58.455868
0.110998 0.401240 0.261233 0.335425 0.514084 0.886453 0.268173 0.056787 0.300659 0.404472 49.260671
0.194675 0.553297 0.008750 0.630915 0.829924 0.706984 0.736367 0.424839 0.479563 0.933762 54.618806
0.075878 0.100793 0.125111 0.718709 0.920870 0.719107 0.797155 0.648968 0.194066 0.484983 58.940449
0.254507 0.247314 0.364619 0.835941 0.709205 0.559767 0.536280 0.405928 0.094142 0.788338 52.229040
0.350435 0.289020 0.465250 0.671739 0.339464 0.693847 0.775612 0.468975 0.327623 0.613595 52.229040
0.024504 0.125815 0.114297 0.855659 0.693638 0.097826 0.648420 0.726968 0.692495 0.310803 58.455868
0.217715 0.360723 0.412265 0.110089 0.789123 0.805239 0.139497 0.287999 0.828735 0.459613 53.883595
0.358359 0.139149 0.092175 0.045285 0.277456 0.640879 0.301132 0.233518 0.921985 0.356960 58.455868
0.087543 0.013416 0.099778 0.475916 0.004535 0.357001 0.516961 0.934269 0.282964 0.838204 58.455868
0.113384 0.224565 0.086836 0.264702 0.501553 0.659920 0.682874 0.171511 0.313649 0.212805 58.455868
0.103564 0.201988 0.141327 0.598820 0.533815 0.433208 0.616536 0.666060 0.405824 0.538516 58.940493
0.077652 0.233271 0.096099 0.630031 0.479268 0.356235 0.551879 0.619144 0.525278 0.477118 58.941077
0.051448 0.142855 0.187486 0.891356 0.637115 0.539882 0.630205 0.783410 0.474453 0.462652 58.940449
0.085225 0.167969 0.121346 0.628097 0.514552 0.270898 0.613965 0.612013 0.479049 0.397893 58.940784
0.121234 0.183954 0.180353 0.632016 0.522908 0.417466 0.623032 0.672594 0.455551 0.465831 58.941788
0.036883 0.206488 0.066538 0.630031 0.614186 0.497337 0.591151 0.643301 0.477906 0.423536 58.940479
0.112196 0.198625 0.176591 0.673317 0.653633 0.264979 0.555020 0.620731 0.529186 0.544275 58.940825
0.113405 0.232114 0.171775 0.695727 0.517173 0.329953 0.535615 0.596527 0.469185 0.550882 58.940625
0.106909 0.231980 0.145917 0.689429 0.535972 0.366459 0.528466 0.745140 0.498668 0.396996 58.940492
0.125755 0.185528 0.194250 0.607865 0.584719 0.403030 0.634349 0.671227 0.361272 0.504386 58.940662
0.135670 0.213608 0.116859 0.681445 0.517173 0.457658 0.616052 0.505829 0.469185 0.579085 58.940457
0.058421 0.195715 0.089842 0.684996 0.663364 0.479845 0.493717 0.616145 0.526735 0.376693 58.940473
0.143683 0.189138 0.030119 0.681445 0.751679 0.581665 0.641038 0.652996 0.576992 0.552693 58.940449
0.156791 0.184551 0.116738 0.689429 0.668605 0.435532 0.512154 0.787607 0.559046 0.492001 58.940571
0.112196 0.202272 0.151393 0.628596 0.687454 0.458005 0.737339 0.605969 0.486738 0.504156 58.940462
0.137262 0.133801 0.160733 0.736383 0.495298 0.421684 0.587413 0.715132 0.485127 0.443983 58.940711
0.160608 0.255976 0.151428 0.626023 0.837428 0.299620 0.534649 0.516958 0.552788 0.588787 58.940449
0.066858 0.166520 0.156069 0.647182 0.689556 0.625384 0.701460 0.531004 0.307652 0.437327 58.940457
0.152980 0.200628 0.140029 0.623006 0.718728 0.400535 0.443264 0.784877 0.523081 0.532051 58.940930
0.139424 0.130782 0.127265 0.745405 0.579211 0.525259 0.686974 0.524238 0.450798 0.458793 58.940517
0.095443 0.232029 0.143856 0.644331 0.580511 0.435532 0.512154 0.738251 0.481918 0.502380 58.940664
0.110473 0.150025 0.138800 0.635221 0.653745 0.557221 0.583824 0.688777 0.519614 0.524723 58.942778
0.068399 0.168366 0.160393 0.631854 0.533682 0.298332 0.710130 0.631257 0.451203 0.464201 58.940622
0.149121 0.261246 0.138471 0.673317 0.648019 0.297384 0.547540 0.502149 0.529186 0.532088 58.940461
0.122658 0.219719 0.158432 0.626023 0.648019 0.470678 0.629970 0.674681 0.479069 0.531541 58.940836
0.211228 0.198777 0.164393 0.607865 0.655530 0.591846 0.659497 0.492042 0.318698 0.508300 58.940595
0.154384 0.073919 0.115326 0.635221 0.653745 0.443043 0.605727 0.645118 0.554385 0.510261 58.940898
0.087287 0.178148 0.157796 0.630768 0.709507 0.403023 0.544281 0.786901 0.586511 0.538122 58.941235
0.171873 0.208670 0.115567 0.502910 0.642001 0.423922 0.639766 0.606020 0.412542 0.549406 58.940535
0.173604 0.200941 0.102554 0.635221 0.653745 0.674542 0.558723 0.496514 0.447088 0.555492 58.940587
0.080808 0.222062 0.155987 0.663872 0.706171 0.362373 0.507106 0.817749 0.609976 0.627487 58.940592
0.070041 0.224239 0.149678 0.471661 0.661478 0.411252 0.476488 0.656050 0.378980 0.528960 58.941129
0.152182 0.154894 0.170906 0.629598 0.584719 0.496443 0.640047 0.654210 0.450992 0.488699 58.941593
0.150469 0.187403 0.166554 0.526452 0.642001 0.455311 0.708794 0.552118 0.380466 0.644853 58.940482
0.110473 0.172406 0.161417 0.651340 0.653745 0.443608 0.521230 0.779572 0.430596 0.454603 58.940530
0.062416 0.258173 0.128720 0.498980 0.677539 0.497419 0.607078 0.643868 0.448663 0.471742 58.940536
0.044577 0.162112 0.180378 0.626906 0.526693 0.386709 0.598323 0.729072 0.449961 0.537013 58.941028
0.117117 0.146919 0.138357 0.723775 0.702419 0.394236 0.487601 0.773039 0.625546 0.490598 58.940968
0.119155 0.263749 0.146918 0.616723 0.617001 0.422681 0.680340 0.689418 0.555059 0.559121 58.940455
0.114138 0.147856 0.124509 0.683069 0.731061 0.420376 0.524823 0.713485 0.635143 0.560831 58.941373
0.199666 0.205805 0.146281 0.581208 0.773411 0.591192 0.628202 0.491218 0.393706 0.566725 58.940742
0.081885 0.185517 0.175417 0.722786 0.620134 0.391886 0.771817 0.628235 0.455047 0.517332 58.940452
0.187564 0.220222 0.114135 0.571215 0.616107 0.463380 0.452284 0.730352 0.565874 0.606312 58.942868
0.075340 0.227393 0.179257 0.551032 0.629574 0.418033 0.572209 0.633866 0.430585 0.529677 58.943039
0.094338 0.213956 0.168045 0.639801 0.622031 0.474290 0.731377 0.653158 0.456737 0.513553 58.940506
0.088200 0.139656 0.151424 0.674522 0.641405 0.406473 0.587717 0.710688 0.545444 0.506066 58.941630
0.098862 0.181439 0.158031 0.585898 0.503307 0.287039 0.560283 0.738413 0.384741 0.421947 58.940449
0.144745 0.264862 0.098376 0.388960 0.759614 0.416967 0.680623 0.586074 0.390284 0.577289 58.940451
0.148508 0.195461 0.122929 0.789017 0.570751 0.264853 0.562802 0.551162 0.606284 0.493799 58.940508
0.158997 0.207575 0.135384 0.563857 0.637115 0.347516 0.665858 0.694997 0.548040 0.539100 58.940875
0.112196 0.125994 0.114882 0.640599 0.654995 0.444139 0.607438 0.632258 0.549089 0.543083 58.941213
0.075878 0.157481 0.125111 0.574836 0.694010 0.601708 0.522047 0.625506 0.482140 0.633033 58.940657
0.203119 0.221665 0.118199 0.593230 0.672028 0.430714 0.397265 0.756603 0.548040 0.566146 58.941175
0.064693 0.123366 0.105239 0.596897 0.572758 0.443636 0.652270 0.573200 0.387653 0.337427 58.940470
0.081885 0.185517 0.175417 0.722786 0.620134 0.391886 0.656611 0.628235 0.455047 0.408239 58.940499
0.175674 0.260105 0.154519 0.568776 0.626085 0.343814 0.664191 0.556149 0.479069 0.484167 58.940717
0.106636 0.220021 0.201258 0.680631 0.631189 0.329606 0.577691 0.642020 0.476734 0.481934 58.940918
0.083320 0.260138 0.105566 0.616723 0.498722 0.318462 0.611407 0.565640 0.492215 0.452736 58.940591
0.211455 0.142251 0.102397 0.628646 0.648019 0.529171 0.721321 0.557573 0.470187 0.506563 58.940457
0.098152 0.172459 0.156934 0.619178 0.776132 0.428283 0.477235 0.743882 0.558379 0.626626 58.940934
0.144774 0.258295 0.116347 0.589446 0.560312 0.248925 0.671978 0.543768 0.418096 0.411940 58.940457
0.137942 0.100793 0.135716 0.845078 0.961003 0.480893 0.734156 0.683842 0.212531 0.590026 58.940449
0.093256 0.360605 0.035362 0.970528 0.579078 0.198031 0.838929 0.622496 0.249462 0.342782 58.940449
0.117224 0.269528 0.141986 0.819371 0.874203 0.008169 0.696895 0.437454 0.315163 0.768615 58.940449
0.138072 0.341878 0.194059 0.791252 0.750860 0.548798 0.574613 0.634753 0.243732 0.403099 58.940449
0.085323 0.124357 0.151045 0.747032 0.618469 0.437772 0.488274 0.884187 0.416046 0.880876 58.940449
0.062262 0.270082 0.030585 1.000000 1.000000 0.487132 0.451907 0.564051 0.121131 0.427645 58.940449
0.000000 0.135328 0.110950 0.582504 0.557248 0.339453 0.780250 0.444954 0.117505 0.658051 58.940449
0.114138 0.234376 0.209046 0.613705 0.624777 0.262038 0.862733 0.692786 0.115280 0.682618 58.940449
0.103266 0.165856 0.000000 1.000000 0.958237 0.383501 0.946665 0.892349 0.039667 0.577010 58.940449
0.065895 0.139250 0.131091 0.865853 0.644337 0.104168 0.411271 0.635401 0.187688 0.539125 58.940449
0.000000 0.337249 0.112070 0.994754 1.000000 0.019781 0.439279 0.778977 0.087303 0.496156 58.940449
0.022171 0.331976 0.122654 0.896942 0.674105 0.646730 0.791599 0.675475 0.064924 0.475134 58.940449
0.082848 0.181089 0.071265 0.930005 0.591357 0.257054 0.398200 0.786900 0.138227 0.417519 58.940449
0.054582 0.194402 0.098376 0.970553 0.399783 0.021274 0.675249 0.797034 0.000000 0.866469 58.940449
0.171279 0.339556 0.111827 0.768423 0.629430 0.238936 0.458081 1.000000 0.164801 0.978429 58.940449
0.160279 0.323860 0.058898 0.676552 0.664389 0.164841 0.829186 0.793763 0.243888 0.778293 58.940449
0.044529 0.102137 0.000000 0.961386 1.000000 0.532003 0.626802 0.663855 0.000000 0.413366 58.940449
0.257010 0.242899 0.022424 0.737632 1.000000 0.248925 0.625515 0.662895 0.000000 0.861182 58.940449
0.247193 0.116464 0.085119 0.639316 0.877320 0.368930 0.644377 0.700462 0.261902 0.717579 58.940449
0.053085 0.270629 0.101186 0.964739 1.000000 0.686722 0.748764 0.809641 0.000000 1.000000 58.940449
0.067488 0.161074 0.126862 1.000000 0.748534 0.213173 0.899757 0.946844 0.189002 0.559760 58.940449
0.159936 0.302352 0.107056 0.767935 0.868315 0.512910 0.537234 0.779739 0.000000 0.175067 58.940449
0.000000 0.094388 0.064598 0.957712 1.000000 0.503816 0.591118 0.663661 0.178036 0.513896 58.940449
0.025420 0.230999 0.018894 0.884707 1.000000 0.272256 0.938364 0.770748 0.211060 0.547234 58.940449
0.000000 0.162399 0.072144 1.000000 0.635191 0.533683 0.359840 0.919216 0.284799 0.377117 58.940449
0.062262 0.173088 0.000000 1.000000 0.839363 0.428486 0.529959 0.584394 0.226224 0.792730 58.940449
0.090345 0.238615 0.200154 0.758738 0.730164 0.287325 0.804669 0.610486 0.313972 0.850993 58.940449
0.080808 0.324743 0.018936 0.936551 0.907364 0.124599 0.865765 0.641988 0.295093 0.458104 58.940449
0.086297 0.125293 0.125111 0.819262 0.922851 0.350244 0.690046 0.678135 0.339213 0.614660 58.940449
0.000000 0.272425 0.148048 0.996809 0.997276 0.105089 0.382437 0.628758 0.259181 0.454774 58.940449
0.151060 0.123012 0.127932 1.000000 0.938227 0.582072 0.736653 1.000000 0.206542 0.672588 58.940449
0.171279 0.310639 0.073566 0.744921 0.550571 0.164084 0.642806 0.953036 0.290095 0.904948 58.940449
0.288063 0.267231 0.081182 1.000000 0.988772 0.609034 0.729789 0.641629 0.000000 0.614834 58.940449
0.095409 0.285589 0.087186 0.628596 0.479268 0.356984 0.525028 0.619144 0.416911 0.454603 58.940449
0.067505 0.181682 0.007857 0.942865 1.000000 0.213815 0.327873 0.953057 0.064151 0.487193 58.940449
0.047583 0.350365 0.011097 0.968874 0.813068 0.165195 0.392188 0.907360 0.328678 0.693618 58.940449
0.068333 0.070515 0.095569 0.810433 0.851290 0.233873 0.366705 0.776194 0.000000 0.795225 58.940449
0.000000 0.312957 0.191615 0.921743 0.864892 0.443516 0.597335 0.616481 0.000000 0.456662 58.940449
0.083410 0.000000 0.062903 1.000000 0.712418 0.280956 0.738712 1.000000 0.008636 0.528292 58.940449
0.134915 0.172046 0.213225 0.899890 0.727374 0.603566 0.634353 0.564032 0.324907 0.613919 58.940449
0.176164 0.295018 0.075288 0.840243 0.679186 0.444752 0.785041 0.826563 0.229087 0.792561 58.940449
0.123004 0.203096 0.065322 0.965856 0.832033 0.298530 0.734832 1.000000 0.236020 1.000000 58.940449
0.000000 0.127321 0.054812 1.000000 1.000000 0.423733 0.802830 0.831628 0.418913 0.593311 58.940449
0.081918 0.204501 0.093088 0.665296 0.633381 0.000000 0.409134 0.661043 0.000000 0.773351 58.940449
0.000000 0.224114 0.093568 1.000000 0.818302 0.476677 0.937234 0.970476 0.000000 0.666702 58.940449
0.134283 0.263749 0.156174 1.000000 0.615803 0.404400 0.592420 0.614551 0.159591 0.535564 58.940449
0.051298 0.217871 0.186290 1.000000 0.672961 0.443926 0.769277 0.915065 0.085785 0.482577 58.940449
0.013081 0.154642 0.056216 0.864645 0.933030 0.521794 0.790503 0.451535 0.306620 0.635773 58.940449
0.073514 0.129648 0.059787 0.889365 0.709507 0.403023 0.485587 1.000000 0.272138 0.705084 58.940449
0.000000 0.191572 0.106647 1.000000 0.374913 0.508465 0.798023 0.766787 0.097628 0.704289 58.940449
0.209623 0.296941 0.163345 0.630352 0.919046 0.459842 0.806770 0.689993 0.123384 0.554252 58.940449
0.227497 0.275370 0.126501 1.000000 0.374723 0.488448 0.790051 0.677816 0.048814 0.678410 58.940449
0.045941 0.174735 0.046855 0.899710 1.000000 0.176327 0.580484 0.947074 0.021279 0.342127 58.940449
0.010114 0.225775 0.000000 0.910982 0.887469 0.294685 0.824592 0.931982 0.090876 0.795427 58.940449
0.000000 0.069607 0.081051 0.798376 1.000000 0.279491 0.621814 1.000000 0.233140 0.633208 58.940449
0.010419 0.161992 0.000000 0.917147 0.874729 0.269960 0.353222 0.742416 0.127607 0.825155 58.940449
0.044236 0.075697 0.062579 0.728891 0.772410 0.214873 0.782233 0.719449 0.120002 0.803596 58.940449
0.056689 0.223982 0.058044 0.816934 0.918227 0.514184 0.717820 0.705724 0.206025 0.784651 58.940449
0.189705 0.357142 0.138584 1.000000 0.951355 0.570822 0.657820 0.858451 0.204812 0.841858 58.940449
0.000000 0.129698 0.143626 0.778179 0.804657 0.297797 0.673746 1.000000 0.159263 0.473296 58.940449
0.181805 0.077127 0.103551 1.000000 0.786015 0.480998 0.530506 0.704835 0.490905 0.361179 58.940449
0.062142 0.098098 0.112135 0.884294 0.874267 0.610729 0.793496 0.527072 0.000000 0.478710 58.940449
0.109881 0.219230 0.073555 1.000000 0.908918 0.597268 0.588200 0.420439 0.433615 0.681689 58.940449
0.176164 0.188431 0.043238 1.000000 0.931088 0.409554 0.462483 1.000000 0.082335 0.809912 58.940449
0.276241 0.329976 0.085611 1.000000 0.900050 0.567529 0.630446 0.471951 0.056625 0.744899 58.940449
0.128623 0.194936 0.164348 0.793866 0.774674 0.268981 0.794590 0.759454 0.570835 0.909887 58.940449
0.124950 0.100525 0.084000 0.832484 0.998601 0.553904 0.719856 0.981067 0.271496 0.492308 58.940449
0.074733 0.184566 0.054138 0.745554 0.938275 0.452919 0.875479 0.557307 0.117008 0.583108 58.940449
0.200875 0.286211 0.004148 1.000000 0.986013 0.179856 0.730659 0.525912 0.152930 0.466719 58.940449
0.000000 0.043356 0.092224 1.000000 1.000000 0.517547 0.761967 1.000000 0.075077 0.570712 58.940449
0.004006 0.306721 0.129381 0.889357 0.762876 0.100787 0.917239 0.690505 0.096672 0.893942 58.940449
0.042109 0.152922 0.108677 0.759441 1.000000 0.625854 0.717138 1.000000 0.089561 0.594807 58.940449
0.154542 0.215875 0.049269 0.960218 0.454267 0.450781 0.421761 0.668862 0.096294 0.468453 58.940449
0.184350 0.339556 0.123825 0.668126 0.628665 0.290025 0.600834 0.802002 0.463243 0.869496 58.940449
0.089770 0.312688 0.036607 0.951851 0.880178 0.206812 0.782135 0.539426 0.222964 0.645383 58.940449
0.074706 0.063867 0.108061 0.902234 1.000000 0.228484 0.477056 0.995103 0.295928 0.523700 58.940449
0.138856 0.247409 0.103649 0.871644 0.752483 0.297323 0.856004 0.995755 0.370552 0.698120 58.940449
0.029906 0.309282 0.035616 0.924511 0.835689 0.273555 0.404595 0.608619 0.355278 0.271823 58.940449
0.005057 0.136937 0.057801 0.626411 1.000000 0.238805 0.643342 1.000000 0.172122 0.667354 58.940449
0.158160 0.307048 0.099282 0.606520 0.617923 0.313917 0.979683 0.761982 0.216684 0.838204 58.940449
0.239820 0.167134 0.164031 1.000000 1.000000 0.507765 0.561437 0.938301 0.035299 0.796253 58.940449
0.090619 0.204018 0.047097 1.000000 0.871612 0.565865 0.518001 1.000000 0.119600 0.930501 58.940449
0.000000 0.150167 0.146212 0.817217 0.863806 0.316644 0.452567 0.692092 0.061888 0.293597 58.940449
0.033309 0.177919 0.052534 0.686609 0.707967 0.164425 0.832741 0.539843 0.000000 0.764345 58.940449
0.269411 0.273505 0.135850 0.979394 1.000000 0.609856 0.616536 0.678717 0.021426 0.609881 58.940449
0.000000 0.338060 0.012749 1.000000 0.787484 0.622438 0.737255 0.644918 0.180383 0.431815 58.940449
0.218245 0.179048 0.138436 0.751489 0.428904 0.410207 0.731341 0.956755 0.339213 0.664310 58.940449
0.050637 0.000000 0.047015 1.000000 0.862017 0.318978 0.635453 0.898926 0.139873 0.729172 58.940449
0.179573 0.318578 0.068181 0.745717 0.475613 0.363394 0.818761 0.863192 0.144050 0.732861 58.940449
0.130829 0.334898 0.103553 0.801558 0.612476 0.575463 0.645943 0.464771 0.000000 0.481905 58.940449
0.087079 0.197432 0.035193 0.843123 0.401038 0.254446 0.751568 0.921825 0.000000 0.728389 58.940449
0.137511 0.278891 0.118933 1.000000 1.000000 0.741437 0.689166 0.432532 0.272803 0.512872 58.940449
0.133991 0.324189 0.114919 1.000000 0.914993 0.588286 0.616728 0.712680 0.136459 0.849923 58.940449
0.000000 0.003758 0.097484 1.000000 0.986605 0.288571 0.768157 0.922552 0.049464 0.743519 58.940449
0.025649 0.000000 0.111985 1.000000 0.843474 0.329953 0.463057 0.651686 0.006389 0.785507 58.940449
0.085894 0.173455 0.129612 0.743312 0.597702 0.117535 0.262323 0.828294 0.000000 0.710846 58.940449
0.000000 0.097483 0.055208 0.861889 0.931289 0.295158 0.439654 1.000000 0.000000 0.555302 58.940449
0.000000 0.263519 0.058310 0.895969 1.000000 0.318899 0.638444 0.745440 0.000000 0.625670 58.940449
0.168173 0.167581 0.104310 0.764986 0.726978 0.000000 0.750127 0.692786 0.000000 0.404792 58.940449
0.089770 0.334526 0.046948 1.000000 1.000000 0.365122 0.578176 0.632079 0.000000 0.475123 58.940449
0.119576 0.200994 0.036920 0.995421 0.404965 0.517533 0.736600 0.722352 0.342486 0.614679 58.940449
0.000000 0.220082 0.189826 0.789829 0.975348 0.242747 0.722010 0.571069 0.006417 0.398556 58.940449
0.053778 0.186904 0.106922 0.686605 0.957864 0.548138 0.774768 1.000000 0.008767 0.553771 58.940449
0.000000 0.227228 0.051562 0.901747 1.000000 0.469922 0.663193 0.809641 0.000000 0.910854 58.940449
0.199488 0.183068 0.176591 0.763586 1.000000 0.309132 0.598415 0.733797 0.057753 0.707482 58.940449
0.000000 0.139149 0.109832 0.989949 1.000000 0.276592 0.465929 0.845252 0.000000 0.356960 58.940449
0.173889 0.265555 0.074756 0.721191 0.837428 0.387645 0.584610 0.728118 0.153106 0.563592 58.940449
0.130971 0.265152 0.103140 1.000000 1.000000 0.319552 0.537551 0.532671 0.225431 0.305599 58.940449
0.099698 0.200271 0.045351 0.718918 0.925019 0.452553 0.391747 0.639365 0.000000 0.279041 58.940449
0.078287 0.101588 0.134784 0.878347 1.000000 0.446535 0.547619 1.000000 0.463653 0.413239 58.940449
0.268400 0.242293 0.128877 0.805190 0.861569 0.498853 0.873096 0.882734 0.302441 0.537235 58.940449
0.038588 0.181605 0.192937 0.719786 0.551811 0.610634 0.621661 0.801612 0.068142 0.697954 58.940449
0.243045 0.244509 0.053403 0.937133 0.666532 0.726207 0.511709 0.803246 0.025626 0.858362 58.940449
0.168173 0.178872 0.104310 0.769799 0.830398 0.357001 0.861938 0.686876 0.000000 0.383963 58.940449
0.000000 0.192169 0.174372 0.581456 0.929362 0.213528 0.642511 0.662754 0.267817 0.399872 58.940449
0.264353 0.255525 0.137673 0.893123 0.625881 0.466413 0.776083 1.000000 0.256044 0.870472 58.940449
0.000000 0.322713 0.182945 1.000000 0.711427 0.488526 0.556749 0.807472 0.000000 0.438684 58.940449
0.158269 0.291181 0.121992 0.665893 1.000000 0.513709 0.746076 0.675848 0.482303 0.596239 58.940449
0.000741 0.177567 0.031955 0.988792 1.000000 0.618497 0.617512 0.596733 0.053623 0.902249 58.940449
0.041424 0.146234 0.145828 0.715436 0.908052 0.445598 0.751649 0.794907 0.002953 0.418994 58.940449
0.010331 0.124840 0.105365 0.883047 0.719727 0.149326 0.862247 0.720187 0.303404 0.655957 58.940449
0.015651 0.257117 0.071258 0.819486 0.909832 0.511878 0.502055 0.554674 0.294505 0.555210 58.940449
0.113538 0.016210 0.027239 0.983353 0.861733 0.444891 0.556082 0.687447 0.346639 0.623187 58.940449
