# gen=100 party=0
# sp x0..x(D-1) party_fit
0 0.140427 0.430706 0.761590 0.788428 0.835548 24.993810
1 0.188804 0.424387 0.633338 0.260947 0.736728 24.993810
2 0.040749 0.984963 0.525424 0.633756 0.900868 24.993810
3 0.084269 0.626140 0.718716 0.935618 0.523822 24.993810
4 0.149882 0.821430 0.851626 0.989491 0.725116 24.993810
5 0.031597 0.671610 0.961315 0.951122 0.631308 24.993810
6 0.062557 0.892555 0.834661 0.432071 0.895340 24.993810
7 0.305949 0.885643 0.926891 0.959381 0.497342 24.993810
