# gen=180 x0..xd f
0.475949 0.191490 0.390517 0.500000 0.710000 0.500000 0.665000 0.500001 0.620000 0.500001 46.303411
0.313845 0.167568 0.503837 0.355854 0.523807 0.589620 0.361965 0.442280 0.391901 0.492530 53.247612
0.285774 0.860417 0.557071 0.778350 0.527898 0.606047 0.546261 0.660732 0.512602 0.685127 43.651404
0.298620 0.215198 0.325659 0.547998 0.514985 0.416986 0.530216 0.473359 0.450887 0.553604 54.594551
0.299690 0.185064 0.428375 0.566641 0.531611 0.423109 0.563386 0.381985 0.468303 0.512844 58.700941
0.276237 0.198038 0.584064 0.501342 0.477804 0.436201 0.398955 0.427496 0.525633 0.419843 58.761927
0.300194 0.217245 0.507935 0.661840 0.478629 0.586629 0.561335 0.328682 0.531492 0.545651 52.737006
0.419739 0.199710 0.485576 0.481924 0.609092 0.407918 0.497452 0.398291 0.532899 0.462345 52.625746
0.124242 0.259384 0.604032 0.644417 0.357922 0.541166 0.479930 0.678867 0.381385 0.455956 44.938717
0.342470 0.181167 0.593956 0.473973 0.647205 0.533521 0.540508 0.436495 0.378184 0.493418 53.755800
0.329561 0.203005 0.472921 0.508005 0.482119 0.308458 0.420479 0.372878 0.608092 0.528341 52.616642
0.318379 0.190895 0.429194 0.394573 0.666899 0.614223 0.507603 0.548082 0.499031 0.590649 53.195287
0.256234 0.202362 0.558748 0.619607 0.462026 0.622295 0.567020 0.518406 0.511168 0.514224 55.731549
0.324741 0.224540 0.556938 0.456940 0.554125 0.513364 0.435924 0.448153 0.549190 0.636320 55.579502
0.823961 0.329536 0.837057 0.349877 0.961424 0.046071 0.975600 0.855316 0.647254 0.456803 23.621064
0.315757 0.181339 0.442446 0.657890 0.556076 0.444458 0.350828 0.549282 0.472239 0.517183 53.697989
0.478712 0.556173 0.053621 0.846659 0.435206 0.074554 0.914402 0.412674 0.045476 0.456513 24.688029
0.331294 0.162330 0.509797 0.691235 0.478333 0.637501 0.490020 0.460486 0.413429 0.496756 52.789352
0.307924 0.198855 0.533767 0.339665 0.540089 0.498074 0.379154 0.639324 0.484962 0.593083 52.953141
0.297469 0.191490 0.500001 0.500000 0.500000 0.500000 0.500000 0.500001 0.499999 0.500000 90.000000
0.186073 0.143755 0.475447 0.204535 0.275830 0.318344 0.796432 0.866541 0.404403 0.471370 36.602675
0.105185 0.058395 0.670329 0.478144 0.596720 0.447568 0.412042 0.463969 0.383848 0.672681 40.991158
0.246281 0.168101 0.543331 0.474761 0.410124 0.420410 0.464484 0.589166 0.595603 0.585964 54.160647
0.268561 0.200659 0.523759 0.405477 0.457292 0.503525 0.425721 0.554674 0.488425 0.505078 65.925702
0.367551 0.193155 0.557530 0.564116 0.530621 0.563709 0.494847 0.475424 0.506336 0.517925 63.054898
0.078474 0.309285 0.945463 0.058242 0.652877 0.091480 0.965916 0.597272 0.585397 0.357901 22.093694
0.278279 0.192843 0.425407 0.526062 0.531056 0.521056 0.479297 0.505392 0.511356 0.530257 77.234125
0.242914 0.169330 0.576461 0.514128 0.484081 0.443079 0.577017 0.667556 0.509219 0.591995 53.587335
0.443510 0.210095 0.616942 0.464647 0.515191 0.376902 0.508518 0.633929 0.510162 0.506643 50.335819
0.297468 0.753192 0.500000 0.585001 0.500000 0.570000 0.500000 0.555001 0.500001 0.540000 43.801058
0.367326 0.171067 0.415894 0.447093 0.608393 0.398448 0.476647 0.668691 0.465885 0.474736 52.415861
0.750042 0.038644 0.841022 0.301937 0.328810 0.797603 0.923757 0.183262 0.766435 0.663594 28.700505
0.210356 0.163920 0.459642 0.514708 0.677315 0.608569 0.566390 0.499999 0.488232 0.555665 52.418050
0.216229 0.198686 0.550138 0.802566 0.528374 0.506743 0.518963 0.386651 0.339939 0.451740 47.895689
0.223356 0.186746 0.421436 0.509032 0.429945 0.447926 0.406251 0.495378 0.516843 0.572592 55.991471
0.832392 0.268825 0.480789 0.494741 0.477633 0.393732 0.108308 0.610296 0.516932 0.504334 29.056520
0.250154 0.192321 0.506264 0.487202 0.530545 0.336982 0.430105 0.492022 0.508926 0.543120 56.859349
0.412613 0.498311 0.138595 0.099525 0.619239 0.667345 0.827294 0.968330 0.925479 0.515056 29.531335
0.345184 0.179166 0.428614 0.404733 0.466043 0.480247 0.530737 0.683286 0.388864 0.467588 53.022444
0.278410 0.160627 0.647845 0.607436 0.476683 0.471449 0.443173 0.574226 0.525773 0.591886 53.728610
0.341879 0.191183 0.494712 0.536756 0.543848 0.488833 0.476931 0.312848 0.544262 0.525168 55.221313
0.334458 0.223200 0.445441 0.461901 0.579926 0.428122 0.488471 0.458087 0.547916 0.521459 60.801524
0.545913 0.978769 0.398409 0.578870 0.317549 0.357217 0.496433 0.388104 0.646049 0.570311 39.155001
0.503482 0.559040 0.338208 0.472115 0.036496 0.575539 0.243188 0.419041 0.032096 0.142736 25.389503
0.321412 0.206942 0.471521 0.536145 0.520595 0.549436 0.330157 0.546481 0.518420 0.441832 56.249578
0.443916 0.192563 0.621471 0.474689 0.539923 0.470973 0.630788 0.551242 0.636355 0.488366 49.988764
0.395743 0.189057 0.482106 0.495952 0.786272 0.496703 0.307133 0.476647 0.410236 0.458386 47.788864
0.295169 0.194924 0.532513 0.538402 0.420240 0.350209 0.447208 0.484102 0.458384 0.483223 58.461057
0.922086 0.774550 0.364966 0.311251 0.299450 0.270078 0.907176 0.103803 0.528831 0.861721 21.336807
0.205269 0.201265 0.478493 0.411877 0.498946 0.621141 0.538690 0.389062 0.539046 0.593852 52.978231
0.256018 0.157579 0.479939 0.765262 0.525892 0.412504 0.552598 0.483511 0.534955 0.449894 51.116509
0.559811 0.281152 0.387435 0.009177 0.197423 0.357602 0.618832 0.363400 0.346012 0.825307 28.223503
0.344147 0.176364 0.491951 0.432445 0.500365 0.442354 0.403598 0.537069 0.595092 0.505049 58.906797
0.351542 0.194846 0.434415 0.607353 0.735401 0.414080 0.414543 0.482545 0.413204 0.522825 50.858015
0.343667 0.174881 0.443272 0.502486 0.480569 0.689806 0.474836 0.508749 0.399753 0.592495 53.350355
0.319128 0.178686 0.565476 0.568096 0.624328 0.530905 0.536667 0.436109 0.549782 0.502750 58.784824
0.303618 0.212466 0.635705 0.369392 0.335240 0.433326 0.320398 0.570036 0.594441 0.443144 49.836619
0.307626 0.179656 0.478011 0.442823 0.408916 0.528506 0.486451 0.567767 0.586208 0.504410 63.651397
0.295830 0.194658 0.374232 0.484449 0.394831 0.459036 0.525070 0.374222 0.596146 0.545562 53.901757
0.873095 0.998310 0.675991 0.335426 0.922175 0.662551 0.918343 0.606113 0.821114 0.583671 19.085286
0.270855 0.161191 0.480365 0.514058 0.420266 0.592174 0.482735 0.419932 0.511302 0.414223 57.911632
0.382491 0.202140 0.376721 0.498639 0.537274 0.386689 0.473198 0.360359 0.638258 0.454365 51.542320
0.342248 0.166783 0.548967 0.555109 0.499999 0.674175 0.450346 0.537997 0.579157 0.602984 53.387397
0.258838 0.201137 0.566138 0.510226 0.496421 0.516616 0.632484 0.477397 0.527905 0.547962 61.107228
0.350146 0.574034 0.048123 0.301367 0.421145 0.944973 0.206770 0.848905 0.783226 0.475732 26.376166
0.254530 0.451780 0.518906 0.429934 0.437072 0.526920 0.527021 0.561966 0.445573 0.527318 34.015764
0.884718 0.480791 0.140312 0.679642 0.082136 0.893814 0.390455 0.331333 0.436226 0.955528 23.946120
0.257751 0.193093 0.461402 0.545581 0.447201 0.395354 0.513266 0.488324 0.586200 0.489033 61.706745
0.303179 0.192494 0.475116 0.443651 0.490771 0.572667 0.412924 0.555463 0.513589 0.564275 65.023617
0.882022 0.216767 0.608271 0.259600 0.458020 0.905730 0.634757 0.977249 0.185084 0.398454 24.104346
0.297469 0.845246 0.500001 0.718036 0.500000 0.674175 0.500000 0.633929 0.499999 0.602984 42.101378
0.352335 0.220279 0.488891 0.435146 0.489719 0.475806 0.408586 0.435171 0.685174 0.495977 53.413878
0.297469 0.191490 0.500001 0.500000 0.500000 0.500000 0.500000 0.500001 0.499999 0.500000 90.000000
0.288302 0.211114 0.369360 0.541290 0.497547 0.487329 0.525650 0.543496 0.695821 0.586820 53.089855
0.316303 0.199838 0.514202 0.506476 0.516432 0.580916 0.509957 0.590921 0.421841 0.535457 64.998572
0.316103 0.168610 0.440695 0.712538 0.379245 0.191683 0.488175 0.370661 0.407632 0.508054 46.273909
0.296903 0.171058 0.504378 0.491996 0.649585 0.428563 0.446610 0.477296 0.576697 0.406633 54.975166
0.320558 0.183186 0.619549 0.409049 0.548521 0.554515 0.501660 0.504691 0.385252 0.623985 53.793734
0.828131 0.041581 0.125089 0.079350 0.549064 0.920522 0.193868 0.507731 0.598885 0.521369 26.508323
0.961586 0.962741 0.859666 0.990313 0.800043 0.081541 0.207485 0.963646 0.381842 0.450399 15.445856
0.475949 0.845246 0.390517 0.718036 0.710000 0.674175 0.665000 0.633929 0.620000 0.602984 50.004306
0.132780 0.631125 0.522360 0.015807 0.356658 0.135289 0.257480 0.488008 0.767688 0.009538 23.687711
0.273687 0.170834 0.628878 0.417196 0.631450 0.464800 0.432322 0.511702 0.575306 0.430648 53.699467
0.390031 0.204407 0.443563 0.488905 0.591976 0.442264 0.441242 0.536907 0.435611 0.414542 53.896989
0.282356 0.139876 0.552027 0.534775 0.453792 0.597658 0.580022 0.666951 0.672516 0.537732 51.033218
0.474296 0.181878 0.713585 0.490274 0.529631 0.614970 0.610068 0.536054 0.737856 0.534682 44.861107
0.231094 0.193790 0.486843 0.348862 0.398874 0.411332 0.463922 0.493126 0.519254 0.404656 53.543756
0.330036 0.209811 0.433166 0.393786 0.464760 0.617919 0.412703 0.625695 0.465319 0.556215 53.578313
0.475949 0.753192 0.390517 0.585000 0.710000 0.570000 0.665000 0.555000 0.620000 0.540000 75.000000
0.442202 0.168889 0.498449 0.557989 0.602547 0.487184 0.751389 0.392473 0.520432 0.575469 47.767323
0.327827 0.000000 0.469273 0.444766 0.625781 0.600741 0.512548 0.475814 0.467437 0.539555 42.210208
0.357894 0.167481 0.455201 0.301406 0.503832 0.391403 0.455440 0.349571 0.683048 0.475373 49.448639
0.341657 0.196120 0.505328 0.470947 0.573270 0.446942 0.577162 0.630684 0.471923 0.464492 57.229656
0.315010 0.208943 0.456869 0.558291 0.395148 0.442655 0.452820 0.396614 0.388474 0.526566 54.942862
0.794466 0.775857 0.754953 0.776309 0.751492 0.041339 0.349315 0.522925 0.293912 0.229291 21.158446
0.280194 0.212415 0.441393 0.489512 0.511480 0.445037 0.469014 0.420954 0.351432 0.496275 57.222903
0.270270 0.200028 0.464194 0.413388 0.427547 0.355840 0.414562 0.432376 0.476894 0.384842 53.649765
0.298509 0.199327 0.514076 0.513472 0.596469 0.558346 0.504457 0.494254 0.447378 0.540462 69.786460
0.302074 0.184484 0.620117 0.513607 0.269900 0.594487 0.427184 0.633929 0.590165 0.531428 50.447964
0.259677 0.202598 0.583739 0.459179 0.489134 0.396489 0.366778 0.567675 0.436142 0.522575 54.481308
0.333712 0.212595 0.447690 0.520577 0.540308 0.500020 0.625049 0.551374 0.496765 0.544601 60.569614
0.293414 0.168690 0.433484 0.440019 0.348184 0.525423 0.525088 0.551914 0.677751 0.570502 52.718611
0.368901 0.180090 0.357258 0.470010 0.634092 0.527030 0.677543 0.525957 0.371155 0.535251 50.688801
0.297468 0.191490 0.500001 0.500000 0.500000 0.500000 0.500001 0.500001 0.499999 0.500000 90.000000
0.273318 0.197057 0.510513 0.767815 0.430348 0.458909 0.524187 0.583412 0.621296 0.169884 45.230546
0.207044 0.194021 0.482271 0.487913 0.533250 0.430569 0.489496 0.635854 0.567119 0.613319 53.460900
0.264289 0.193658 0.375062 0.568670 0.542826 0.409791 0.497272 0.493735 0.591746 0.608224 54.181371
0.370670 0.199843 0.647164 0.356677 0.412679 0.597109 0.462530 0.568660 0.514276 0.464465 52.197221
0.274408 0.250889 0.779451 0.550746 0.457752 0.359496 0.379184 0.588398 0.612704 0.348542 46.392414
0.268454 0.194607 0.500388 0.647988 0.537983 0.361188 0.493460 0.490219 0.504423 0.561205 54.865877
0.268478 0.164067 0.571476 0.619104 0.611333 0.432903 0.568086 0.502930 0.455803 0.528777 54.508581
0.398843 0.119272 0.535829 0.429078 0.530509 0.538790 0.408581 0.491444 0.469842 0.499145 52.181111
0.404655 0.626721 0.548707 0.815451 0.435590 0.780634 0.398288 0.614688 0.417285 0.354521 37.762088
0.186031 0.065414 0.338704 0.048764 0.913527 0.054322 0.007466 0.946588 0.321773 0.257507 18.226367
0.015458 0.658265 0.589478 0.813255 0.179950 0.617252 0.654841 0.634716 0.496746 0.888756 39.414679
0.313847 0.220116 0.500321 0.600776 0.469907 0.520449 0.579549 0.434616 0.469085 0.516061 61.707739
0.411584 0.399003 0.082063 0.594591 0.821600 0.360338 0.340363 0.531165 0.454355 0.464944 30.563203
0.599363 0.962105 0.663665 0.451562 0.404156 0.619689 0.481892 0.043610 0.778041 0.302383 15.230657
0.256018 0.157579 0.697446 0.765262 0.525892 0.808497 0.552598 0.483511 0.098682 0.449894 38.767671
0.241569 0.193975 0.490583 0.429643 0.603316 0.500555 0.662345 0.423698 0.384776 0.554330 52.882219
0.455991 0.179721 0.397750 0.498417 0.754547 0.420283 0.731668 0.538112 0.726525 0.640586 42.444828
0.552299 0.826143 0.423551 0.248914 0.373468 0.979327 0.907530 0.816640 0.992328 0.610134 33.587503
0.329204 0.261563 0.607678 0.562543 0.502653 0.585144 0.596283 0.527606 0.597894 0.588616 51.912651
0.270745 0.212466 0.441226 0.545634 0.562818 0.539669 0.564869 0.471167 0.380655 0.458234 58.214205
0.480778 0.696275 0.403678 0.685999 0.724500 0.699691 0.731048 0.624082 0.620559 0.576577 50.850599
0.444680 0.608130 0.449299 0.459795 0.585631 0.460807 0.553908 0.505973 0.693303 0.007229 38.871270
0.329842 0.208836 0.588365 0.529275 0.477054 0.472749 0.618946 0.534520 0.471235 0.496648 60.917112
0.410029 0.199791 0.508961 0.553796 0.504248 0.584459 0.482026 0.432382 0.376221 0.399837 52.612932
0.844479 0.629032 0.396975 0.441108 0.088362 0.594528 0.066925 0.578371 0.005161 0.706667 25.915892
0.963842 0.467076 0.835341 0.106112 0.473482 0.583581 0.041174 0.261926 0.289091 0.993668 21.081225
0.192703 0.401212 0.397176 0.738285 0.631324 0.554736 0.468691 0.491943 0.375833 0.454224 33.712081
0.317027 0.222888 0.426494 0.599779 0.285004 0.515888 0.530713 0.523959 0.414215 0.471711 52.419896
0.478211 0.195378 0.476158 0.423714 0.478988 0.484325 0.435153 0.435451 0.483122 0.475099 50.477742
0.333033 0.226336 0.633341 0.494751 0.478810 0.550420 0.455328 0.573827 0.458385 0.452756 55.951255
0.293364 0.191490 0.500519 0.500000 0.515191 0.500000 0.520311 0.500001 0.510162 0.500000 88.873282
0.305398 0.199116 0.553545 0.713930 0.428817 0.532115 0.547701 0.592027 0.562206 0.640478 51.702053
0.229622 0.263153 0.551693 0.626568 0.514683 0.498879 0.507369 0.495460 0.627025 0.493188 52.145963
0.282381 0.195456 0.499366 0.550320 0.523269 0.539723 0.585688 0.538750 0.485026 0.609730 63.541472
0.266003 0.744228 0.632885 0.173914 0.020034 0.276262 0.996044 0.994596 0.575549 0.710489 27.159111
0.267161 0.210232 0.546709 0.776563 0.467230 0.428907 0.631819 0.440998 0.468577 0.499727 50.302667
0.233030 0.175490 0.593430 0.535091 0.496926 0.447363 0.589235 0.457315 0.549030 0.479077 57.562496
0.319820 0.207507 0.676627 0.497574 0.436935 0.452594 0.543808 0.437960 0.434119 0.496951 54.571449
0.251036 0.191041 0.500893 0.537161 0.463730 0.558629 0.471425 0.568812 0.497218 0.548031 68.054921
0.291561 0.247429 0.527896 0.489785 0.468707 0.455453 0.578749 0.488536 0.550205 0.463230 58.872078
0.315376 1.000000 0.540736 0.657823 0.485148 0.690706 0.501289 0.639440 0.528987 0.539344 41.877449
0.491080 0.864419 0.530886 0.920893 0.972818 0.826686 0.919839 0.881152 0.079431 0.607169 25.146247
0.308942 0.201772 0.294842 0.530176 0.549023 0.459214 0.495129 0.510441 0.492835 0.451597 54.574444
0.423055 0.053229 0.373901 0.278940 0.413670 0.331830 0.201818 0.500610 0.251603 0.470064 37.424149
0.304857 0.241220 0.592311 0.570133 0.261421 0.419036 0.546211 0.603069 0.541592 0.486817 50.487382
0.475949 0.753191 0.390517 0.585000 0.710000 0.570000 0.665000 0.555000 0.620000 0.540000 75.000000
0.276935 0.892182 0.352111 0.466487 0.486242 0.517767 0.510114 0.421903 0.534029 0.480609 41.942457
0.354653 0.204407 0.527829 0.478798 0.511030 0.486448 0.506077 0.512732 0.473888 0.605874 65.185321
0.305047 0.202635 0.633651 0.515248 0.493639 0.540215 0.575901 0.490687 0.424014 0.417617 57.446982
0.177518 0.183149 0.594033 0.578044 0.446414 0.528524 0.408475 0.534887 0.339325 0.416493 50.889268
0.300619 0.192132 0.576293 0.559964 0.406526 0.523625 0.520311 0.648066 0.502043 0.429626 55.466322
0.339980 0.179818 0.462935 0.497327 0.430248 0.509914 0.486864 0.528931 0.411374 0.632362 57.591383
0.332173 0.184006 0.447406 0.531436 0.462161 0.573113 0.466186 0.555543 0.416656 0.465140 63.420401
0.820241 0.351272 0.780391 0.050068 0.432953 0.342908 0.322695 0.299718 0.094532 0.058698 24.886172
0.522669 0.206733 0.561728 0.530919 0.480802 0.426214 0.652958 0.551057 0.515496 0.455013 46.490453
0.006256 0.572493 0.904739 0.931564 0.080291 0.149316 0.177709 0.719982 0.922612 0.143723 24.412160
0.264990 0.527566 0.772350 0.244177 0.449536 0.354038 0.374206 0.570438 0.861039 0.350813 29.677220
0.316726 0.233045 0.458415 0.546898 0.619010 0.493494 0.448377 0.575203 0.512735 0.454637 56.681522
0.297145 0.211226 0.646111 0.500000 0.488606 0.449283 0.469918 0.600561 0.469140 0.548305 56.833405
0.890605 0.310779 0.964004 0.126677 0.572126 0.493913 0.075716 0.367700 0.799253 0.142326 25.942711
0.242367 0.158258 0.404828 0.479726 0.461404 0.416736 0.524739 0.608823 0.406212 0.601955 53.445163
0.304820 0.222869 0.442460 0.501587 0.554926 0.474512 0.492734 0.412120 0.554468 0.594078 59.781503
0.229111 0.273190 0.494368 0.511094 0.519476 0.558122 0.481267 0.579187 0.530543 0.771463 48.479881
0.459821 0.765659 0.567188 0.466574 0.548630 0.434313 0.624846 0.236933 0.575307 0.441583 32.453899
0.785386 0.430329 0.257700 0.235957 0.599142 0.820460 0.681437 0.277847 0.399188 0.098182 27.461927
0.351268 0.178007 0.473477 0.660187 0.377755 0.623768 0.576335 0.261386 0.415831 0.494650 48.908631
0.274676 0.244516 0.484618 0.590672 0.396089 0.408240 0.426120 0.557913 0.511739 0.483452 53.842563
0.271027 0.180826 0.582322 0.486451 0.356851 0.510659 0.501126 0.545603 0.538570 0.545635 58.670172
0.702319 0.198694 0.726331 0.407396 0.474702 0.126948 0.034725 0.179341 0.185392 0.102273 26.729136
0.283678 0.832593 0.394418 0.536394 0.381327 0.574279 0.485919 0.262469 0.424089 0.191035 37.000941
0.223623 0.988767 0.610626 0.710575 0.409641 0.781024 0.525948 0.484951 0.345246 0.775018 44.233341
0.785942 0.647168 0.901878 0.212195 0.997552 0.477059 0.744898 0.287239 0.701689 0.011352 27.638231
0.306324 0.168091 0.439989 0.349638 0.466458 0.599901 0.532991 0.464602 0.526514 0.429692 54.812501
0.321839 0.180947 0.475549 0.536512 0.437309 0.476561 0.552763 0.463891 0.469799 0.591841 66.397520
0.475949 0.753191 0.390517 0.585000 0.710000 0.570000 0.665000 0.555000 0.620000 0.540000 75.000000
0.297468 0.191490 0.500000 0.500000 0.499999 0.500000 0.500001 0.500001 0.500000 0.500000 90.000000
0.274884 0.192426 0.475822 0.445299 0.539467 0.463094 0.364382 0.562192 0.423578 0.534731 58.156154
0.302962 0.173210 0.414383 0.484430 0.624119 0.480282 0.366090 0.540632 0.430339 0.544484 54.363208
0.350326 0.056807 0.268501 0.278702 0.449512 0.613042 0.368390 0.686564 0.812280 0.452626 38.225137
0.316303 0.199838 0.514202 0.506476 0.516432 0.580916 0.509957 0.590921 0.421841 0.535457 64.998572
0.280867 0.189896 0.396781 0.458366 0.489517 0.480605 0.489912 0.634450 0.586031 0.606381 54.593293
0.325804 0.181596 0.518792 0.460900 0.446053 0.568896 0.453173 0.491932 0.373137 0.386519 56.045731
0.880474 0.830763 0.032810 0.557299 0.321066 0.152078 0.863189 0.612602 0.933792 0.199292 21.724869
0.321576 0.205951 0.564979 0.501059 0.466481 0.515461 0.687681 0.668903 0.489479 0.403381 52.239543
0.340722 0.178618 0.619630 0.501019 0.819300 0.561063 0.541866 0.501944 0.565184 0.451304 48.970813
0.311126 0.208383 0.509398 0.583741 0.462232 0.524738 0.388959 0.484598 0.484501 0.456549 63.668835
0.232905 0.178716 0.500000 0.425982 0.474964 0.691794 0.366200 0.565083 0.340717 0.627006 49.840531
0.155626 0.800205 0.652401 0.704503 0.910462 0.375376 0.211468 0.014014 0.202643 0.272213 29.458186
0.387100 0.181996 0.568680 0.521104 0.428507 0.421555 0.557259 0.562872 0.512174 0.459627 54.904716
0.617694 0.085917 0.963521 0.449549 0.468289 0.889937 0.291085 0.486864 0.717845 0.879758 22.342697
0.791536 0.598678 0.302680 0.551929 0.637219 0.376458 0.998761 0.054450 0.836217 0.227831 22.760621
0.312321 0.739660 0.532830 0.650798 0.532205 0.561983 0.529654 0.568553 0.539059 0.611505 41.495695
0.350110 0.153052 0.582839 0.444635 0.553773 0.531253 0.439072 0.492309 0.553768 0.470972 57.435513
0.285620 0.173796 0.498624 0.460965 0.544034 0.477000 0.599650 0.627972 0.548534 0.661126 53.706251
0.319791 0.198825 0.495344 0.481740 0.514427 0.395198 0.550087 0.527928 0.449946 0.512682 68.706793
0.328845 0.176840 0.592772 0.440938 0.526631 0.540563 0.539699 0.458850 0.420610 0.525829 62.102515
0.335202 0.210309 0.580664 0.458982 0.660577 0.446246 0.496425 0.591769 0.566063 0.571483 53.705315
0.329381 0.197232 0.499736 0.377872 0.483076 0.367640 0.526801 0.711869 0.379130 0.440820 51.053427
0.241527 0.239666 0.549281 0.517364 0.622016 0.517895 0.452733 0.554525 0.742623 0.516225 50.588945
0.245404 0.208763 0.526010 0.585559 0.399862 0.606843 0.548686 0.550352 0.486278 0.512850 55.865373
0.277393 0.193828 0.519688 0.570564 0.467001 0.600228 0.457240 0.451147 0.457668 0.492896 65.365220
0.344766 0.214649 0.680305 0.564771 0.507842 0.587586 0.534469 0.489502 0.497090 0.526168 53.919100
0.278171 0.247801 0.485151 0.537938 0.372078 0.569445 0.539003 0.558385 0.052323 0.415650 43.291845
0.275694 0.177332 0.472901 0.436158 0.456281 0.549653 0.586915 0.584259 0.457965 0.558849 60.585673
0.310582 0.221741 0.451311 0.436156 0.569183 0.442373 0.421606 0.454290 0.586209 0.469012 57.905755
0.054022 0.459803 0.261134 0.343230 0.457683 0.395915 0.600247 0.191988 0.870421 0.573939 27.083683
0.296230 0.176808 0.646387 0.350099 0.467152 0.517125 0.489896 0.555000 0.346247 0.449833 52.657585
0.361961 0.180212 0.347731 0.539116 0.475707 0.401769 0.544241 0.421845 0.417028 0.483338 53.671416
0.331475 0.195010 0.427514 0.402501 0.597840 0.451814 0.595245 0.569508 0.487443 0.456833 55.490418
0.335444 0.157614 0.463573 0.559632 0.436772 0.465230 0.432512 0.550087 0.289221 0.585074 52.319858
0.297468 0.199152 0.569170 0.392378 0.456639 0.440962 0.375353 0.615284 0.485447 0.547760 54.199950
0.485857 0.096170 0.338973 0.557912 0.719709 0.495402 0.116671 0.559707 0.324343 0.194999 34.855190
0.267656 0.199746 0.452075 0.525810 0.411317 0.546286 0.327782 0.504046 0.569069 0.496295 54.618821
0.284998 0.168800 0.451427 0.084554 0.554948 0.455216 0.535983 0.466665 0.353682 0.458073 45.316877
0.489500 0.198136 0.501932 0.500871 0.478802 0.462789 0.572398 0.543926 0.555501 0.447486 49.845461
0.262347 0.152674 0.437789 0.547808 0.595650 0.526875 0.593993 0.491058 0.449448 0.552464 55.965463
0.302074 0.191490 0.514965 0.500000 0.500519 0.500000 0.490373 0.500001 0.503944 0.500000 89.440514
0.784494 0.770029 0.596822 0.905870 0.658889 0.893823 0.300311 0.012533 0.906712 0.529636 15.012128
0.318735 0.188866 0.598808 0.483708 0.504147 0.427897 0.516119 0.427961 0.342905 0.515774 55.264630
0.332722 0.207059 0.402629 0.476885 0.482326 0.538504 0.607014 0.622081 0.553087 0.586775 54.174258
0.217134 0.230602 0.542449 0.527266 0.368098 0.547766 0.419329 0.643094 0.620001 0.496015 51.525950
0.275767 0.200667 0.745591 0.441180 0.479407 0.483045 0.346924 0.259756 0.619310 0.450462 47.433103
0.339725 0.207294 0.482493 0.393087 0.580528 0.531034 0.356824 0.606389 0.425531 0.439788 53.345045
0.282845 0.200967 0.486904 0.545751 0.605480 0.403638 0.525982 0.493037 0.473386 0.522034 63.983976
0.190041 0.551190 0.737529 0.103275 0.878750 0.748866 0.522752 0.475062 0.182587 0.992961 26.970109
0.350289 0.182986 0.579306 0.561936 0.593286 0.390778 0.584437 0.527136 0.598349 0.472573 53.849511
0.254675 0.189818 0.551556 0.642956 0.511859 0.493009 0.712817 0.451998 0.266570 0.551543 49.057157
0.250606 0.144252 0.402188 0.552968 0.585631 0.536363 0.442675 0.505973 0.458104 0.525006 55.019041
0.711430 0.487479 0.983014 0.584225 0.672920 0.543036 0.695854 0.943448 0.777895 0.389197 22.418326
0.821064 0.565712 0.596676 0.446902 0.137798 0.210040 0.328520 0.714008 0.654663 0.685621 19.260700
0.300660 0.155024 0.559241 0.476804 0.528953 0.511638 0.302843 0.474766 0.552081 0.503413 53.923570
0.275117 0.217704 0.500877 0.496362 0.430799 0.549501 0.498883 0.496211 0.388217 0.469312 63.360822
0.250307 0.197021 0.484095 0.407608 0.455544 0.437657 0.503920 0.521605 0.448020 0.531654 64.293591
0.273107 0.196500 0.610473 0.513397 0.549789 0.627350 0.510040 0.534111 0.433328 0.626558 54.071240
0.086382 0.636682 0.264836 0.183099 0.645322 0.722942 0.089654 0.686583 0.014286 0.158583 21.934638
0.273149 0.202310 0.559610 0.423656 0.649222 0.599878 0.458601 0.631336 0.500001 0.417522 53.118464
0.365903 0.185475 0.500345 0.513543 0.434267 0.548995 0.576665 0.482938 0.441372 0.486036 61.412943
0.337582 0.171126 0.583902 0.569265 0.657597 0.512390 0.462509 0.494199 0.474849 0.555253 54.800422
0.001155 0.333187 0.519852 0.506561 0.735256 0.024017 0.659136 0.974866 0.680157 0.865868 21.773617
0.436217 0.188032 0.496834 0.534419 0.548503 0.584617 0.583930 0.442289 0.491149 0.427207 52.304669
0.297468 0.191490 0.500000 0.500000 0.499999 0.500000 0.500001 0.500001 0.500000 0.500001 90.000000
0.297468 0.845246 0.500000 0.718036 0.499999 0.674175 0.500001 0.633929 0.500000 0.602984 42.101387
0.237837 0.169535 0.473185 0.533402 0.464615 0.493120 0.631915 0.438647 0.384056 0.494604 54.510740
0.416871 0.728141 0.263268 0.276225 0.119261 0.212824 0.842287 0.471929 0.256657 0.804563 30.683100
0.409346 0.139911 0.523093 0.405722 0.535308 0.486569 0.352666 0.333658 0.420436 0.515442 49.789458
0.326806 0.183217 0.494584 0.373469 0.531726 0.519186 0.458595 0.597010 0.521412 0.440458 58.890423
0.300759 0.209757 0.574863 0.453907 0.457028 0.523088 0.479604 0.407808 0.455904 0.489076 65.602727
0.348524 0.203744 0.325843 0.434013 0.462530 0.478801 0.497870 0.406782 0.384383 0.602984 52.543722
0.288836 0.193233 0.561035 0.468203 0.475835 0.473554 0.445715 0.505313 0.386276 0.531825 65.758365
0.278063 0.181901 0.526556 0.526783 0.526514 0.498444 0.527063 0.499729 0.546754 0.537431 79.532998
0.305236 0.199296 0.387176 0.421690 0.450460 0.491495 0.440789 0.472346 0.530308 0.493788 63.116890
0.209222 0.218301 0.452991 0.342450 0.587256 0.509789 0.276551 0.696626 0.457707 0.473415 48.015783
0.820455 0.284207 0.031011 0.209893 0.961739 0.940690 0.152814 0.984770 0.260194 0.865201 14.404923
0.297932 0.170704 0.562488 0.433964 0.516468 0.344481 0.410753 0.479717 0.426498 0.458618 54.502377
0.243126 0.189750 0.502418 0.445407 0.476466 0.602148 0.401259 0.594990 0.434413 0.544528 55.170109
0.270025 0.185241 0.470628 0.559092 0.474559 0.592760 0.512487 0.459062 0.507157 0.541327 68.453406
0.412926 0.124321 0.258446 0.367947 0.486421 0.328869 0.588591 0.537606 0.134719 0.614087 40.629222
0.282090 0.205917 0.600105 0.477787 0.455567 0.501251 0.485217 0.526925 0.547820 0.391754 61.771724
0.364639 0.190205 0.491097 0.548473 0.444744 0.427638 0.463199 0.516662 0.477854 0.506292 64.093961
0.279497 0.209380 0.430312 0.536956 0.458717 0.496543 0.564534 0.492327 0.498325 0.486597 72.018022
0.234805 0.218262 0.661756 0.488694 0.579613 0.653043 0.610026 0.497766 0.552669 0.608002 51.114867
0.697461 0.629061 0.474082 0.719211 0.022822 0.322494 0.965798 0.376482 0.702471 0.798275 21.621595
0.284007 0.236021 0.496076 0.533600 0.528426 0.299593 0.575908 0.519878 0.294088 0.433536 50.455062
0.297468 0.164495 0.502537 0.544539 0.565137 0.437396 0.595402 0.386440 0.423508 0.573360 54.979787
0.283462 0.173141 0.577032 0.589804 0.483802 0.468454 0.539221 0.505134 0.523819 0.592812 62.148574
0.674473 0.895980 0.875294 0.645729 0.813048 0.861208 0.517876 0.559412 0.336037 0.978074 15.428851
0.306299 0.195337 0.548809 0.522382 0.395699 0.567300 0.364845 0.548292 0.534858 0.496434 57.017018
0.297468 0.191489 0.500000 0.500000 0.499999 0.499999 0.500001 0.500000 0.500000 0.500000 90.000000
0.297468 0.753191 0.500000 0.585000 0.499999 0.570000 0.500001 0.555000 0.500000 0.540000 43.801042
0.832430 0.337783 0.453536 0.724500 0.990209 0.492819 0.328143 0.189250 0.465792 0.782731 23.047321
0.475949 0.197312 0.421023 0.504338 0.531322 0.362961 0.461366 0.586498 0.454859 0.402396 48.861233
0.362775 0.231077 0.630999 0.464949 0.350578 0.618539 0.484762 0.588142 0.466137 0.572077 51.555334
0.316050 0.199457 0.446368 0.489916 0.469286 0.463496 0.606612 0.557601 0.621857 0.609679 55.004023
0.321216 0.175009 0.450678 0.421405 0.396959 0.644786 0.431317 0.557346 0.399522 0.593549 53.070557
0.915817 0.678016 0.417389 0.526255 0.996990 0.981761 0.933958 0.663869 0.716315 0.601772 14.345975
0.297468 0.191490 0.500000 0.500000 0.499999 0.500000 0.500001 0.500001 0.500000 0.500000 90.000000
0.454601 0.255760 0.072547 0.574806 0.555112 0.640139 0.621613 0.054934 0.796467 0.052983 27.487099
0.288027 0.189493 0.487606 0.607569 0.643685 0.692188 0.488296 0.497794 0.434874 0.542420 52.676731
0.247809 0.181725 0.434813 0.513796 0.476754 0.408157 0.518048 0.508859 0.375380 0.530280 57.914281
0.265414 0.184225 0.557753 0.490316 0.466588 0.525013 0.376051 0.500554 0.454739 0.429992 61.113983
0.338909 0.215653 0.566333 0.437390 0.527152 0.387286 0.412511 0.444119 0.485759 0.571930 55.307296
0.774289 0.672824 0.424187 0.415644 0.931301 0.338622 0.981677 0.101075 0.518562 0.973865 18.527620
0.213808 0.271080 0.486577 0.532584 0.470595 0.450292 0.371642 0.533538 0.434604 0.500000 51.717942
0.308182 0.251684 0.483512 0.583151 0.383078 0.539888 0.570614 0.624349 0.542249 0.392675 52.283606
0.289427 0.196029 0.480591 0.503586 0.496383 0.402505 0.486190 0.510468 0.537718 0.444584 72.400554
0.459658 0.186345 0.583119 0.433688 0.456476 0.581943 0.488481 0.504379 0.499107 0.503155 51.374776
0.317790 0.160706 0.533500 0.451561 0.555098 0.525329 0.579860 0.520369 0.684596 0.484734 53.960974
0.292415 0.194023 0.488643 0.516038 0.471517 0.414794 0.358278 0.495764 0.502827 0.529830 61.744638
0.372101 0.187306 0.430000 0.520444 0.625946 0.463343 0.524350 0.460007 0.522349 0.459755 56.326548
0.263973 0.188325 0.511896 0.540940 0.702014 0.473997 0.431917 0.551876 0.474489 0.411969 53.695980
0.314731 0.195665 0.447100 0.455971 0.504968 0.493854 0.483925 0.604659 0.365884 0.484109 58.988462
0.265533 0.202421 0.469125 0.441929 0.519119 0.580653 0.394176 0.466492 0.448215 0.521368 61.323172
0.313217 0.174294 0.448861 0.394291 0.394597 0.363002 0.476756 0.553253 0.618593 0.508561 53.583496
0.304759 0.739651 0.495830 0.519124 0.581526 0.520453 0.546601 0.462729 0.544385 0.509704 45.156736
0.331530 0.197587 0.494781 0.487602 0.470249 0.500144 0.413753 0.567047 0.493631 0.443886 68.350069
0.793891 0.085858 0.737085 0.280164 0.388636 0.213812 0.243384 0.344333 0.995027 0.661807 32.459428
# OSA solutions
0.297468 0.191490 0.500000 0.500000 0.499999 0.500000 0.500001 0.500001 0.500000 0.500000 90.000000
0.302035 0.186065 0.524285 0.465731 0.490595 0.491613 0.509688 0.501575 0.506978 0.493197 86.702831
0.288729 0.195216 0.514189 0.496331 0.504988 0.477515 0.500063 0.472377 0.426555 0.530140 79.552201
0.324552 0.188093 0.472163 0.487464 0.480748 0.520302 0.509402 0.532332 0.501502 0.463712 81.672254
0.314147 0.187678 0.506196 0.543887 0.470653 0.483815 0.506245 0.505139 0.481946 0.456390 81.736004
0.305659 0.203793 0.558385 0.475318 0.505914 0.495576 0.501884 0.520706 0.494114 0.524835 81.600900
0.296662 0.188173 0.491679 0.491893 0.508514 0.510636 0.529230 0.463176 0.523099 0.513630 85.436559
0.288862 0.191840 0.525210 0.498718 0.529898 0.501673 0.531257 0.490771 0.532932 0.506573 84.647715
0.281883 0.198441 0.520211 0.505923 0.484358 0.443437 0.505546 0.517682 0.504217 0.470002 81.858855
0.291005 0.192787 0.508766 0.559394 0.477656 0.492134 0.502222 0.475228 0.482795 0.522373 82.412643
0.304160 0.200128 0.509998 0.461389 0.491710 0.511672 0.531907 0.494247 0.473599 0.477762 83.703412
0.303141 0.179049 0.497785 0.448625 0.505297 0.531831 0.492129 0.479575 0.481413 0.516172 82.158516
0.279495 0.192844 0.486799 0.497792 0.477409 0.532934 0.526971 0.501338 0.554114 0.487987 81.452669
0.283892 0.188377 0.516038 0.515490 0.496465 0.509607 0.482769 0.421866 0.498661 0.500919 80.162023
0.300862 0.191672 0.487967 0.568704 0.541937 0.505757 0.496368 0.513440 0.518391 0.503715 80.580441
0.288620 0.198338 0.527132 0.484861 0.500352 0.510801 0.506813 0.483769 0.496292 0.445412 83.385158
0.300738 0.190941 0.502028 0.498718 0.497925 0.501673 0.574246 0.484400 0.501498 0.506573 82.245907
0.319118 0.185301 0.529405 0.474912 0.497858 0.502412 0.500090 0.452215 0.551353 0.511142 79.537031
0.310905 0.202853 0.462540 0.505589 0.466401 0.491454 0.470746 0.467133 0.504498 0.517398 81.711882
0.284445 0.185735 0.495620 0.494357 0.527966 0.459936 0.479586 0.531191 0.491090 0.485904 83.530530
0.299638 0.190866 0.505737 0.467543 0.512249 0.505734 0.497328 0.456396 0.567401 0.498297 79.992179
0.280028 0.182341 0.528859 0.542587 0.509494 0.466563 0.472598 0.505091 0.537198 0.488561 80.182206
0.300330 0.202348 0.515938 0.466664 0.491823 0.538534 0.509252 0.500314 0.455117 0.515123 81.969719
0.292562 0.179510 0.542695 0.521608 0.446901 0.473137 0.512052 0.503276 0.508477 0.498727 80.731916
0.319855 0.203475 0.462687 0.492614 0.516181 0.522414 0.468980 0.497441 0.472828 0.459185 79.715247
0.303527 0.184586 0.490288 0.527665 0.511202 0.493322 0.475866 0.525089 0.522546 0.539222 83.648892
0.300170 0.210126 0.495250 0.488394 0.535111 0.495833 0.479349 0.511154 0.503798 0.520475 83.568656
0.295555 0.190941 0.500046 0.470537 0.499647 0.510363 0.518766 0.500544 0.510637 0.464388 86.236723
0.303480 0.189094 0.474584 0.550579 0.514515 0.491871 0.549982 0.525523 0.500896 0.535491 79.654385
0.289040 0.186460 0.466470 0.516831 0.535182 0.502103 0.467467 0.464687 0.531407 0.485367 81.419397
0.320420 0.200691 0.457513 0.476386 0.512585 0.521792 0.486507 0.469164 0.490538 0.533324 80.393858
0.293908 0.199655 0.456539 0.440615 0.469937 0.515576 0.511898 0.505763 0.483520 0.487993 80.104467
0.301145 0.179533 0.488117 0.530771 0.489245 0.464811 0.494669 0.481228 0.547880 0.498022 81.897969
0.295194 0.186806 0.508292 0.520814 0.470725 0.484224 0.513377 0.478687 0.533988 0.488628 84.963493
0.301067 0.193644 0.539094 0.511210 0.499302 0.547639 0.499930 0.496783 0.448404 0.485789 81.016203
0.296894 0.191391 0.476082 0.483998 0.469563 0.520765 0.461845 0.478670 0.514684 0.443664 80.286087
0.309037 0.190941 0.508497 0.529718 0.519100 0.484490 0.501363 0.490771 0.554779 0.458881 81.191431
0.280851 0.190369 0.511040 0.539955 0.459257 0.492765 0.498864 0.514723 0.508450 0.439527 79.501327
0.300738 0.190941 0.502028 0.498718 0.497925 0.501673 0.501961 0.575064 0.501498 0.506573 82.389625
0.297159 0.199452 0.516371 0.505062 0.507123 0.513532 0.502386 0.498471 0.498489 0.529669 87.411614
0.292048 0.193701 0.502870 0.500925 0.507783 0.479814 0.493469 0.470928 0.479552 0.559046 82.812695
0.311128 0.193716 0.483332 0.501387 0.489320 0.469866 0.487951 0.480974 0.514927 0.561987 81.531775
0.275333 0.192000 0.502028 0.537999 0.497925 0.506522 0.529251 0.480176 0.488738 0.492138 84.154752
0.296335 0.181220 0.481116 0.487253 0.507110 0.471828 0.473908 0.464629 0.508172 0.506117 84.405778
0.282477 0.194830 0.511189 0.479114 0.455835 0.500806 0.504389 0.517168 0.484818 0.496697 84.847690
0.299852 0.183328 0.525427 0.454944 0.506454 0.542404 0.527015 0.499093 0.499525 0.494945 82.372555
0.295016 0.195533 0.475100 0.544059 0.478886 0.471685 0.507624 0.551012 0.483523 0.464373 79.532664
0.301908 0.189658 0.555099 0.487193 0.475276 0.503054 0.464822 0.464822 0.501515 0.531295 80.439204
0.287733 0.196379 0.510100 0.478212 0.469213 0.493831 0.528409 0.512134 0.519447 0.501335 85.435893
0.304529 0.195893 0.487202 0.531358 0.513250 0.476603 0.503892 0.508320 0.495007 0.505333 86.827914
0.300148 0.185450 0.537866 0.539691 0.476977 0.502152 0.529397 0.497258 0.511092 0.558606 79.413883
0.293580 0.183810 0.530714 0.511406 0.516322 0.525391 0.502811 0.506171 0.495480 0.552766 82.943863
0.292015 0.182560 0.493765 0.481748 0.436973 0.478830 0.501221 0.452625 0.515543 0.499880 79.797839
0.288641 0.190229 0.474160 0.506433 0.496120 0.518359 0.516214 0.501406 0.517066 0.431663 81.432119
0.300413 0.192159 0.496463 0.495926 0.499758 0.504187 0.500029 0.545798 0.452322 0.530675 82.812630
0.278503 0.197917 0.525029 0.504079 0.492998 0.462845 0.508916 0.545251 0.512383 0.541264 80.441777
0.282343 0.201138 0.481376 0.524640 0.535484 0.484377 0.481636 0.543012 0.538426 0.496359 80.369406
0.291312 0.191490 0.500778 0.500003 0.522787 0.499999 0.530467 0.500001 0.515245 0.500001 87.497718
0.286973 0.184568 0.498054 0.557988 0.506351 0.556982 0.504337 0.501414 0.492699 0.523212 79.801557
0.291648 0.200540 0.489084 0.564760 0.492461 0.528354 0.537528 0.493853 0.503412 0.483063 80.186044
0.282879 0.204595 0.496721 0.473154 0.470786 0.469098 0.516501 0.505817 0.455368 0.519468 80.870909
0.298143 0.200691 0.457513 0.476386 0.512585 0.521792 0.486507 0.517234 0.490538 0.533324 82.976567
0.306190 0.190941 0.537927 0.498718 0.509527 0.501673 0.502201 0.490771 0.520193 0.506573 86.813367
0.276545 0.189517 0.446292 0.514148 0.494314 0.535046 0.530466 0.512041 0.532633 0.520829 79.484347
0.304080 0.196733 0.483411 0.523872 0.482296 0.504519 0.460732 0.510634 0.525860 0.511802 84.623112
0.300738 0.190941 0.445892 0.498718 0.497925 0.501673 0.501961 0.490771 0.501498 0.506573 85.731094
0.294885 0.189739 0.509989 0.530572 0.523175 0.509801 0.548092 0.516250 0.514632 0.492003 83.844477
0.281768 0.189568 0.522440 0.515768 0.498454 0.488679 0.560000 0.544777 0.500209 0.521164 80.087560
0.299791 0.195091 0.487463 0.508706 0.439223 0.516327 0.485363 0.476232 0.479796 0.477495 82.069610
0.320266 0.187409 0.476135 0.498406 0.492192 0.475941 0.483464 0.484664 0.528886 0.459547 82.335341
0.287056 0.192422 0.470042 0.520579 0.458185 0.486896 0.509339 0.493065 0.555518 0.497434 81.122271
0.276597 0.178005 0.504376 0.466199 0.476495 0.496165 0.485778 0.478226 0.472999 0.472066 81.592301
0.319816 0.180744 0.476788 0.480392 0.491770 0.494687 0.482614 0.495905 0.491423 0.540617 82.968955
0.306355 0.188631 0.554629 0.512988 0.477683 0.487712 0.498527 0.482827 0.536682 0.508730 82.302900
0.274211 0.188452 0.513309 0.490653 0.483328 0.451305 0.501465 0.466669 0.462519 0.511466 80.676108
0.305264 0.191827 0.481219 0.490358 0.519623 0.501259 0.511143 0.514875 0.507664 0.493506 87.959543
0.301897 0.186107 0.494219 0.476343 0.438546 0.501523 0.506891 0.479923 0.513844 0.461913 81.193441
0.310320 0.201938 0.520947 0.540994 0.522979 0.513216 0.500969 0.487966 0.519102 0.480212 83.374391
0.305985 0.191840 0.507329 0.498718 0.546398 0.501673 0.486695 0.490771 0.457756 0.506573 83.914989
0.332387 0.188261 0.492970 0.497346 0.486227 0.553467 0.500377 0.534282 0.486619 0.498512 79.717371
0.290724 0.174149 0.522861 0.484199 0.469951 0.481551 0.531464 0.506111 0.465626 0.519132 81.132232
0.317009 0.196641 0.513287 0.464434 0.449055 0.528414 0.485625 0.485112 0.472950 0.472413 79.662709
0.276345 0.196848 0.523752 0.509643 0.510318 0.502569 0.513096 0.501423 0.497369 0.480369 86.142814
0.318936 0.181644 0.497732 0.509005 0.518010 0.536435 0.477799 0.489010 0.469140 0.534421 81.511715
0.315550 0.204486 0.473164 0.517453 0.470497 0.479677 0.470901 0.495451 0.470002 0.503144 81.863195
0.290336 0.190571 0.482566 0.498055 0.510079 0.500696 0.455860 0.463040 0.519736 0.476127 83.502638
0.293036 0.188382 0.519395 0.511591 0.520191 0.526484 0.536989 0.482451 0.537575 0.475573 82.763464
0.301340 0.183375 0.512809 0.533761 0.520196 0.484090 0.463940 0.497215 0.493237 0.507062 84.743169
0.310721 0.198725 0.549550 0.455200 0.470725 0.467417 0.521731 0.486646 0.495280 0.496387 79.783623
0.300738 0.179910 0.502028 0.529762 0.497925 0.440706 0.501961 0.494260 0.501498 0.513984 82.561700
0.300738 0.187827 0.502028 0.520822 0.497925 0.456319 0.501961 0.472644 0.501498 0.486956 85.346140
0.277739 0.191022 0.476872 0.516667 0.469242 0.461234 0.482305 0.495489 0.463794 0.504266 82.027673
0.282267 0.187343 0.467142 0.523156 0.487350 0.471606 0.472428 0.545954 0.523997 0.477457 80.494990
0.291619 0.192711 0.530482 0.499989 0.522046 0.533592 0.492028 0.457140 0.509520 0.480244 83.253126
0.301727 0.191840 0.481628 0.498718 0.523557 0.501673 0.543357 0.490771 0.497179 0.506573 85.913522
0.295107 0.192526 0.520562 0.490925 0.501352 0.522687 0.519779 0.529338 0.482384 0.477597 85.723521
0.282010 0.195355 0.477179 0.534430 0.495538 0.495816 0.545585 0.515008 0.515247 0.532684 81.907009
0.300738 0.190941 0.502028 0.437236 0.497925 0.501673 0.501961 0.490771 0.501498 0.506573 84.411885
0.307578 0.190200 0.518020 0.487787 0.517795 0.509061 0.498271 0.489624 0.474489 0.511142 87.128891
0.288862 0.191492 0.472094 0.500012 0.529898 0.500122 0.531257 0.499895 0.532932 0.500136 84.635314
0.312817 0.189017 0.492229 0.507314 0.477956 0.499098 0.491342 0.506964 0.504686 0.497886 87.950346
0.299392 0.182076 0.500768 0.498949 0.501568 0.479483 0.488849 0.508517 0.530666 0.516045 86.621200
0.310163 0.189599 0.527355 0.491794 0.506412 0.473726 0.494616 0.460727 0.505438 0.509376 84.929949
0.300052 0.191353 0.472505 0.504705 0.512852 0.535840 0.500201 0.449179 0.478426 0.465319 81.456587
0.325864 0.179227 0.522805 0.510925 0.472397 0.494381 0.543058 0.482626 0.527622 0.519616 79.645635
0.300988 0.194516 0.529348 0.539922 0.472715 0.509768 0.527613 0.498292 0.485990 0.516984 83.742840
0.305737 0.180335 0.513635 0.465316 0.474194 0.549714 0.536119 0.472251 0.487702 0.489873 79.811018
0.299032 0.187232 0.531477 0.501805 0.502225 0.490239 0.449305 0.499295 0.538970 0.522191 82.294934
0.273984 0.196158 0.515416 0.466023 0.510032 0.518190 0.449065 0.543067 0.483308 0.496215 79.379401
0.279624 0.192918 0.499833 0.463523 0.474830 0.491901 0.504411 0.485667 0.553039 0.520958 81.549597
0.320355 0.197401 0.526839 0.546961 0.491502 0.486949 0.504314 0.467507 0.527929 0.519914 80.695875
0.309373 0.192920 0.491876 0.494200 0.511063 0.513635 0.560166 0.481957 0.500741 0.543453 81.266506
0.262756 0.197859 0.458451 0.500920 0.478076 0.504624 0.518045 0.510015 0.460555 0.517868 79.449387
0.278063 0.181901 0.526556 0.526783 0.526514 0.498444 0.527063 0.499729 0.546754 0.537431 79.532998
0.273048 0.186055 0.516296 0.504870 0.502478 0.488812 0.521382 0.487516 0.555233 0.482233 81.711575
0.288887 0.196536 0.515441 0.474990 0.474948 0.463744 0.479921 0.526278 0.487343 0.464089 82.386920
0.295412 0.191489 0.500247 0.499990 0.507589 0.500004 0.510171 0.499996 0.505080 0.499998 89.715760
0.298789 0.196008 0.486836 0.544789 0.477530 0.457390 0.493740 0.476035 0.514275 0.515906 82.407678
0.297861 0.191486 0.501441 0.494979 0.499070 0.540696 0.499293 0.503664 0.456283 0.497774 85.061008
0.302198 0.189631 0.472255 0.459137 0.466398 0.519811 0.516110 0.475881 0.455880 0.492949 80.993849
