# gen=50 x0..xd f
0.300738 0.190941 0.502028 0.498718 0.497925 0.501673 0.501961 0.490771 0.501498 0.506573 89.743240
0.478828 0.752145 0.389944 0.582404 0.711053 0.571842 0.665795 0.553512 0.620979 0.540230 74.780987
0.487193 0.530573 0.627605 0.440610 0.930502 0.439327 0.702483 0.097900 0.980673 0.404282 19.972476
0.411294 0.201548 0.488829 0.510423 0.463827 0.525744 0.525685 0.565211 0.463866 0.515226 55.486207
0.284666 0.187583 0.532625 0.421727 0.550398 0.646544 0.406931 0.603464 0.381613 0.480042 53.452242
0.630018 0.621985 0.759166 0.249982 0.810453 0.159084 0.669273 0.043780 0.263156 0.387696 22.586005
0.372604 0.171850 0.395966 0.474908 0.458644 0.240721 0.486386 0.341747 0.681521 0.544134 47.690639
0.133552 0.190941 0.685910 0.498718 0.308001 0.501673 0.338606 0.490771 0.419407 0.506573 46.665479
0.133552 0.096220 0.685910 0.295797 0.308001 0.305969 0.338606 0.342389 0.419407 0.382855 39.588331
0.300738 0.752145 0.502028 0.582404 0.497925 0.571842 0.501961 0.553512 0.501498 0.540230 43.851630
0.281329 0.228942 0.482278 0.505338 0.550072 0.587326 0.413443 0.527709 0.587346 0.564225 56.903814
0.133552 0.845246 0.685910 0.718036 0.308001 0.674175 0.338606 0.633929 0.419407 0.602984 57.984286
0.393907 0.164315 0.539360 0.501275 0.568290 0.430973 0.463871 0.557567 0.504825 0.367875 53.544350
0.220775 0.206373 0.450343 0.437418 0.565452 0.470269 0.459292 0.378559 0.537617 0.602436 53.816487
0.675354 0.802434 0.071863 0.091004 0.741483 0.352230 0.646139 0.981844 0.878579 0.362852 23.018740
0.273110 0.185157 0.555554 0.560208 0.394853 0.432116 0.638085 0.504244 0.581499 0.431601 54.063801
0.162228 0.139249 0.837144 0.545705 0.362140 0.744543 0.138297 0.815020 0.877675 0.837625 28.810550
0.248250 0.240720 0.555980 0.537028 0.480505 0.522327 0.429565 0.533623 0.532932 0.728400 51.807595
0.238738 0.193884 0.543024 0.561772 0.614753 0.510053 0.445854 0.510708 0.528870 0.560393 58.555170
0.249236 0.184347 0.376852 0.532670 0.480042 0.538158 0.506833 0.530281 0.711189 0.441294 52.805685
0.317926 0.179725 0.421929 0.563915 0.434733 0.496478 0.589238 0.537384 0.612048 0.518991 57.558633
0.333345 0.194476 0.911470 0.295797 0.430757 0.601211 0.445766 0.467335 0.532458 0.519071 44.218599
0.303697 0.207358 0.502028 0.521836 0.658171 0.473891 0.501961 0.374664 0.439261 0.357771 53.289299
0.289089 0.096220 0.385424 0.511690 0.423911 0.595631 0.570493 0.567366 0.667067 0.567817 49.108140
0.381862 0.198536 0.421542 0.447037 0.591315 0.554822 0.503129 0.526776 0.521687 0.480321 56.425564
0.319435 0.189386 0.487432 0.514928 0.519646 0.447461 0.635057 0.618927 0.550179 0.570716 55.756212
0.288862 0.141263 0.563546 0.418638 0.464220 0.519376 0.497060 0.513518 0.579501 0.668086 53.536613
0.133552 0.752145 0.685910 0.582404 0.308001 0.571842 0.338606 0.553512 0.419407 0.540230 48.513984
0.258396 0.737656 0.394806 0.568677 0.469900 0.632434 0.489467 0.484264 0.486094 0.582454 42.904463
0.266502 0.221643 0.597560 0.509910 0.504348 0.478473 0.403932 0.517419 0.586773 0.446836 57.544355
0.270621 0.205822 0.510826 0.610641 0.531729 0.503994 0.318111 0.451703 0.620979 0.490117 53.341433
0.308752 0.205266 0.660190 0.473613 0.577924 0.457848 0.545806 0.650371 0.421974 0.518414 53.339211
0.300839 0.221476 0.526649 0.449520 0.604610 0.625528 0.560652 0.615134 0.522260 0.501520 54.188322
0.379733 0.190278 0.558177 0.612939 0.376005 0.535724 0.528318 0.647166 0.471650 0.465889 52.634309
0.387555 0.203654 0.448965 0.365740 0.676662 0.341001 0.511110 0.507769 0.454129 0.334963 49.203481
0.259816 0.207862 0.604765 0.441907 0.478452 0.592320 0.515268 0.551577 0.445770 0.447382 57.955721
0.300738 0.845246 0.502028 0.718036 0.497925 0.674175 0.501961 0.633929 0.501498 0.602984 42.146543
0.305695 0.190941 0.685910 0.568817 0.484580 0.490769 0.700047 0.599515 0.501009 0.494490 51.694363
0.403872 0.171940 0.546856 0.450288 0.352183 0.534267 0.546408 0.330343 0.307847 0.519281 49.207270
0.787828 0.142972 0.890797 0.358930 0.018326 0.583642 0.162149 0.928613 0.218163 0.493140 22.704631
0.268462 0.173468 0.525720 0.441800 0.466169 0.472189 0.582643 0.553283 0.579308 0.469239 62.959479
0.324330 0.171878 0.536278 0.410038 0.473076 0.464257 0.650791 0.544702 0.494466 0.513332 56.831094
0.255670 0.194247 0.514165 0.471995 0.501912 0.586738 0.412477 0.410584 0.492949 0.610969 56.674520
0.098606 0.641588 0.618767 0.526670 0.290723 0.547784 0.567165 0.444303 0.312879 0.521952 41.856030
0.322128 0.195466 0.447759 0.462293 0.497925 0.546676 0.431612 0.650998 0.494180 0.471316 58.455260
0.397474 0.883743 0.408538 0.293312 0.050293 0.396751 0.311439 0.615781 0.754889 0.270094 31.447393
0.322045 0.468291 0.585077 0.584371 0.517570 0.635136 0.549492 0.309948 0.522315 0.504972 33.587433
0.247659 0.216231 0.388601 0.453747 0.516431 0.414521 0.404994 0.390637 0.426325 0.481881 53.730725
0.265335 0.164843 0.456905 0.522194 0.516893 0.674175 0.629276 0.633929 0.460342 0.629249 51.435335
0.171345 0.193666 0.567420 0.538778 0.411633 0.545394 0.519260 0.509847 0.465456 0.318525 51.315328
0.045691 0.327454 0.476336 0.759037 0.603610 0.384649 0.223947 0.000569 0.679509 0.177934 26.406481
0.295461 0.180192 0.497047 0.512650 0.490619 0.652315 0.550224 0.552624 0.560372 0.394196 55.845617
0.226320 0.858698 0.107171 0.363034 0.981268 0.007190 0.816474 0.251808 0.151945 0.700110 25.059026
0.258188 0.305922 0.616999 0.544002 0.481526 0.600452 0.450467 0.405699 0.421963 0.483651 48.827989
0.206932 0.231619 0.382371 0.686930 0.398285 0.556844 0.511027 0.515934 0.409649 0.434175 50.440188
0.279370 0.183277 0.530584 0.578557 0.597426 0.512983 0.465948 0.482631 0.558649 0.407357 60.656698
0.300492 0.190941 0.722987 0.515291 0.615034 0.442361 0.609699 0.593266 0.490854 0.535407 51.772591
0.268598 0.185654 0.467373 0.476196 0.527153 0.542108 0.638106 0.505107 0.517648 0.400921 58.674879
0.239052 0.171878 0.480964 0.531030 0.508904 0.592941 0.428873 0.436194 0.482842 0.494258 60.592377
0.281943 0.172753 0.585894 0.328030 0.552794 0.505816 0.470325 0.531405 0.499236 0.533685 55.509336
0.313286 0.197819 0.530486 0.580687 0.372999 0.565436 0.529127 0.409388 0.482983 0.571929 56.141099
0.264578 0.186271 0.574706 0.466160 0.398605 0.601806 0.545238 0.408567 0.405041 0.531552 54.521457
0.348536 0.197405 0.525121 0.588398 0.415876 0.588957 0.475050 0.387435 0.626391 0.555504 53.624052
0.298806 0.198744 0.330784 0.511803 0.512493 0.379453 0.529982 0.494615 0.505730 0.575042 54.616988
0.277862 0.183878 0.459857 0.587907 0.456419 0.497486 0.420089 0.469163 0.587805 0.550265 61.351497
0.360871 0.197964 0.492630 0.624831 0.428972 0.550050 0.532400 0.593503 0.529481 0.410540 54.195099
0.392170 0.250776 0.290965 0.400582 0.497925 0.329938 0.566620 0.350311 0.516043 0.486791 47.691156
0.069863 0.530643 0.004675 0.906472 0.263539 0.100198 0.157193 0.252896 0.013030 0.945988 12.316914
0.130359 0.096220 0.535141 0.535442 0.414429 0.530323 0.561659 0.520631 0.346914 0.487694 46.698266
0.256310 0.194464 0.523436 0.463195 0.576432 0.495639 0.427754 0.474859 0.459081 0.502127 68.017109
0.224009 0.226979 0.696717 0.477285 0.376139 0.460817 0.570355 0.588506 0.569639 0.409146 50.658795
0.394717 0.943614 0.440232 0.358921 0.930470 0.637703 0.165052 0.973974 0.697340 0.536314 34.267263
0.260555 0.244906 0.560747 0.447122 0.477344 0.451789 0.494707 0.493235 0.406178 0.579436 55.085034
0.286763 0.137012 0.531076 0.476528 0.466356 0.478253 0.527813 0.573379 0.360047 0.595200 53.790983
0.312899 0.196150 0.992665 0.933474 0.178514 0.987119 0.071107 0.547285 0.651147 0.382415 23.544369
0.320807 0.000000 0.495772 0.486149 0.536679 0.433607 0.421907 0.410589 0.421181 0.419639 42.273314
0.288386 0.187098 0.473880 0.547042 0.548741 0.461822 0.532348 0.460463 0.388147 0.445755 64.407649
0.312180 0.173016 0.469671 0.473672 0.564307 0.558867 0.598070 0.543362 0.580596 0.463269 60.727978
0.268710 0.199628 0.624269 0.450402 0.308001 0.613993 0.503557 0.461733 0.476751 0.321677 50.748692
0.288942 0.202278 0.459577 0.496084 0.451347 0.517760 0.539952 0.415949 0.613631 0.486822 63.192724
0.729549 0.931508 0.683024 0.138624 0.168831 0.414444 0.326475 0.507268 0.268585 0.487156 17.094407
0.300738 0.190941 0.502028 0.498718 0.497925 0.501673 0.501961 0.490771 0.501498 0.506573 89.743240
0.249649 0.179281 0.593621 0.560822 0.466041 0.482902 0.372886 0.527416 0.520608 0.587289 55.397407
0.251136 0.139627 0.443649 0.344277 0.467721 0.528774 0.603824 0.467259 0.475753 0.543058 53.261985
0.317051 0.685332 0.273644 0.534092 0.306604 0.636675 0.442405 0.475827 0.040667 0.827603 32.301526
0.290438 0.141483 0.526260 0.579205 0.352255 0.595932 0.450601 0.545347 0.471828 0.536182 53.698634
0.275104 0.190034 0.532683 0.557829 0.534102 0.490544 0.455402 0.359176 0.404672 0.518936 57.738067
0.293997 0.189027 0.670025 0.506656 0.439540 0.467633 0.496706 0.392918 0.471520 0.559609 54.757285
0.311382 0.161409 0.380468 0.524879 0.449503 0.395049 0.684483 0.562576 0.536350 0.620266 51.751422
0.280300 0.219308 0.490937 0.583441 0.467988 0.571842 0.471537 0.511859 0.481324 0.609654 60.149393
0.302852 0.173518 0.609843 0.678641 0.429964 0.555608 0.571619 0.567942 0.409355 0.413686 52.394281
0.296874 0.177600 0.541456 0.524659 0.395431 0.698214 0.562520 0.490307 0.551836 0.489063 53.715032
0.304192 0.205623 0.391858 0.470940 0.423107 0.515349 0.523502 0.437913 0.449453 0.392857 57.643320
0.333396 0.208772 0.493407 0.459391 0.447706 0.588104 0.388099 0.510961 0.454270 0.450229 59.043752
0.260459 0.178707 0.425813 0.511507 0.486580 0.586510 0.405766 0.460150 0.688510 0.514473 53.535808
0.307741 0.096220 0.552559 0.554527 0.455659 0.649857 0.491373 0.558740 0.616870 0.627076 49.480338
0.268302 0.251790 0.389944 0.358578 0.554825 0.419292 0.665795 0.462982 0.425663 0.425321 50.475488
0.345543 0.221177 0.311633 0.458214 0.610184 0.400818 0.571076 0.553889 0.461544 0.454584 52.142001
0.341554 0.815456 0.074397 0.210782 0.066690 0.751715 0.789368 0.569793 0.860604 0.298497 26.958009
0.295855 0.175655 0.518539 0.505988 0.359739 0.482331 0.576245 0.527864 0.517975 0.454906 60.967625
0.216202 0.231557 0.416859 0.608128 0.427690 0.573623 0.456489 0.511490 0.472662 0.434175 53.420092
0.312377 0.159359 0.480473 0.526316 0.549489 0.392303 0.602046 0.565811 0.462638 0.532208 57.173853
0.942767 0.182029 0.584942 0.410241 0.756650 0.605030 0.402014 0.549726 0.587467 0.521326 34.234579
0.320752 0.795168 0.801853 0.621299 0.426432 0.925141 0.414589 0.971230 0.367282 0.152740 35.588604
0.385349 0.190273 0.511891 0.486618 0.514190 0.510121 0.322111 0.552087 0.476897 0.325291 51.822910
0.678526 0.649971 0.918875 0.701190 0.139467 0.622911 0.120096 0.825774 0.381602 0.190409 15.985424
0.336994 0.203946 0.504068 0.360720 0.704340 0.628944 0.458254 0.584670 0.381986 0.503723 50.639538
0.608131 0.694832 0.150276 0.358263 0.580050 0.968232 0.186536 0.187612 0.938922 0.817681 23.610625
0.392416 0.202562 0.518659 0.569729 0.555412 0.506262 0.447413 0.495044 0.487477 0.495596 58.024409
0.264334 0.194909 0.531054 0.453167 0.467966 0.528957 0.560898 0.397659 0.478647 0.486105 65.855218
0.318824 0.179406 0.486658 0.531889 0.494786 0.649853 0.397864 0.551917 0.403763 0.450672 54.559429
0.265581 0.166165 0.911470 0.537329 0.490840 0.454376 0.605573 0.480061 0.549528 0.483336 45.995466
0.209659 0.184077 0.454566 0.541799 0.816859 0.535002 0.286106 0.470109 0.539554 0.564350 46.668795
0.205805 0.542316 0.289990 0.692029 0.686729 0.020888 0.945074 0.575181 0.257729 0.115053 28.130313
0.314186 0.206425 0.522083 0.439513 0.420670 0.361558 0.467544 0.522665 0.422220 0.570972 55.819921
0.505429 0.768928 0.369071 0.669587 0.698724 0.305969 0.584128 0.342389 0.606366 0.564113 46.673834
0.298895 0.210103 0.502028 0.471952 0.556042 0.305969 0.637215 0.558952 0.402754 0.382855 51.717127
0.282517 0.078294 0.488896 0.306777 0.709653 0.249913 0.505254 0.309948 0.501053 0.373669 42.281294
0.298842 0.153440 0.626321 0.574159 0.611875 0.448211 0.525346 0.497644 0.436842 0.420235 53.843012
0.381701 0.538481 0.325652 0.961377 0.723639 0.193642 0.954744 0.651187 0.220024 0.783677 32.626526
0.332430 0.133400 0.464114 0.445816 0.504638 0.532092 0.471538 0.556783 0.512917 0.351168 53.811302
0.328911 0.208153 0.685910 0.552184 0.308001 0.541184 0.458424 0.342389 0.419407 0.564113 49.940777
0.282821 0.209848 0.554932 0.523334 0.457127 0.555187 0.620347 0.482460 0.540924 0.519496 62.526145
0.262665 0.183191 0.538030 0.515579 0.436000 0.596594 0.437168 0.494820 0.383452 0.472531 58.129245
0.239841 0.212965 0.541205 0.637244 0.472181 0.411785 0.660408 0.457466 0.382318 0.426742 51.788704
0.319215 0.201530 0.488521 0.355767 0.407667 0.500062 0.516660 0.418184 0.577421 0.631329 53.699395
0.339226 0.215755 0.488516 0.622328 0.509643 0.450855 0.463093 0.549331 0.556858 0.378016 54.960132
0.303913 0.217024 0.557171 0.524658 0.536464 0.557494 0.405379 0.560662 0.489438 0.450962 62.509952
0.282068 0.196773 0.408881 0.550171 0.514964 0.538304 0.448207 0.469755 0.395132 0.449016 61.209806
0.253503 0.183315 0.486097 0.628571 0.434561 0.560269 0.538758 0.439400 0.502184 0.424292 56.690991
0.230607 0.177008 0.445552 0.514359 0.452419 0.484894 0.338606 0.463765 0.584412 0.586207 53.699931
0.268120 0.152648 0.633128 0.453186 0.521249 0.562505 0.515511 0.418120 0.550914 0.583782 54.188885
0.298602 0.282599 0.650657 0.576962 0.451718 0.483428 0.554091 0.507767 0.432677 0.525845 51.281150
0.307689 0.191839 0.352561 0.503033 0.603347 0.485442 0.501264 0.418753 0.524164 0.506573 57.107128
0.306858 0.096220 0.553787 0.388897 0.711053 0.587248 0.455790 0.706293 0.488744 0.299181 45.098407
0.353130 0.499889 0.396008 0.473986 0.574713 0.453399 0.506007 0.367704 0.627400 0.538507 41.224962
0.300738 0.190941 0.502028 0.498718 0.497925 0.501673 0.501961 0.490771 0.501498 0.506573 89.743240
0.292093 0.409181 0.434588 0.867948 0.238925 0.518526 0.166880 0.068234 0.281860 0.178771 23.353648
0.284865 0.212377 0.346287 0.495971 0.604700 0.554888 0.425652 0.403910 0.581789 0.520182 53.663477
0.199380 0.172365 0.335993 0.628324 0.518298 0.501963 0.459638 0.428115 0.469127 0.509432 52.284258
0.201099 0.780417 0.627931 0.205998 0.115120 0.658731 0.814050 0.126075 0.519316 0.760566 31.720290
0.271540 0.215438 0.586179 0.512963 0.416087 0.590200 0.383345 0.622983 0.481065 0.498321 53.834294
0.297260 0.202879 0.445474 0.418395 0.352646 0.604636 0.547374 0.605451 0.496886 0.570370 53.701395
0.385248 0.185385 0.398877 0.497970 0.500522 0.634830 0.399985 0.515950 0.395762 0.487838 52.978635
0.285723 0.204120 0.493498 0.553860 0.512846 0.452115 0.336180 0.528653 0.410143 0.382643 53.920880
0.292039 0.218087 0.518321 0.514742 0.626758 0.550895 0.471079 0.538557 0.632890 0.586157 54.449451
0.274427 0.168359 0.633846 0.443792 0.449921 0.590253 0.562801 0.414237 0.561958 0.338408 52.505341
0.462090 0.752145 0.369112 0.582404 0.790902 0.549747 0.702069 0.576800 0.696928 0.562053 53.203493
0.250996 0.218256 0.454139 0.508230 0.499673 0.456643 0.464676 0.419490 0.478475 0.491833 65.670526
0.273491 0.164275 0.487433 0.502014 0.581439 0.530730 0.599368 0.612405 0.577416 0.571287 55.048715
0.273193 0.169641 0.531568 0.409673 0.556199 0.522668 0.536952 0.571865 0.595331 0.471869 59.452743
0.324232 0.202726 0.618054 0.584405 0.536987 0.436202 0.509454 0.508794 0.452299 0.568111 58.466845
0.261563 0.196728 0.528968 0.405301 0.413105 0.511315 0.454204 0.424175 0.470444 0.561214 59.622611
0.341108 0.190941 0.493669 0.528224 0.588615 0.690541 0.661858 0.504334 0.460347 0.592632 51.899440
0.417908 0.201956 0.390556 0.475184 0.709653 0.603851 0.484543 0.549019 0.413716 0.592478 49.365247
0.322971 0.171026 0.494779 0.535527 0.503753 0.646648 0.520801 0.551583 0.382163 0.472992 55.661027
0.292402 0.172778 0.507117 0.460906 0.486509 0.643759 0.483181 0.545324 0.461432 0.625083 55.874141
0.300738 0.180634 0.396176 0.422756 0.497925 0.368858 0.511828 0.475653 0.485353 0.380044 54.665310
0.839920 0.534982 0.189335 0.015382 0.361946 0.911867 0.538120 0.091470 0.956476 0.349917 23.714703
0.270035 0.469316 0.449163 0.223555 0.434789 0.185583 0.518524 0.245546 0.042495 0.184001 25.410234
0.332737 0.204859 0.482717 0.554140 0.434828 0.594240 0.396682 0.514899 0.503700 0.376098 55.178805
0.295936 0.211587 0.453756 0.470347 0.627206 0.523589 0.569783 0.486307 0.499643 0.459726 61.955167
0.307641 0.164509 0.461837 0.516144 0.525025 0.428878 0.539351 0.428883 0.448041 0.538608 65.560649
0.697548 0.061075 0.375464 0.152477 0.172107 0.528908 0.442067 0.751009 0.101651 0.882274 23.812606
0.205396 0.200599 0.782943 0.498718 0.445174 0.452794 0.480187 0.522721 0.281982 0.549968 47.607361
0.288862 0.190941 0.472094 0.498718 0.529898 0.501673 0.531257 0.490771 0.532932 0.506573 84.461847
0.288895 0.162691 0.502686 0.428007 0.537939 0.428017 0.502710 0.472326 0.454280 0.434379 64.614378
0.303943 0.170033 0.497868 0.595216 0.469475 0.497612 0.570734 0.459269 0.443364 0.471878 65.233450
0.267744 0.225621 0.461661 0.479163 0.547473 0.497681 0.467700 0.393362 0.590283 0.510190 58.962786
0.298902 0.213277 0.536099 0.481980 0.590272 0.459911 0.493970 0.457799 0.508692 0.353641 57.893132
0.314315 0.169144 0.636211 0.518138 0.432204 0.509819 0.587438 0.643290 0.480246 0.407027 53.496510
0.347397 0.206102 0.485816 0.454827 0.543476 0.455701 0.504410 0.570263 0.523791 0.557927 65.548506
0.301626 0.184470 0.580017 0.486327 0.466040 0.533749 0.485564 0.540222 0.431721 0.555378 69.077610
0.305864 0.141725 0.503451 0.385921 0.598383 0.571842 0.338606 0.494634 0.467071 0.540230 52.827120
0.691583 0.206767 0.616751 0.744856 0.842401 0.150782 0.005625 0.043676 0.597202 0.164755 24.325637
0.082379 0.237346 0.754010 0.182475 0.462924 0.320975 0.662354 0.074167 0.154382 0.768570 29.007762
0.316923 0.211681 0.430581 0.430200 0.756650 0.382040 0.509906 0.575628 0.533650 0.517726 50.986698
0.318459 0.183669 0.492637 0.545170 0.471654 0.532788 0.578384 0.567105 0.560330 0.443427 65.793397
0.284460 0.228722 0.665593 0.436342 0.431788 0.594430 0.519901 0.568529 0.450509 0.563321 53.376124
0.364471 0.630653 0.901791 0.766103 0.537220 0.070077 0.418240 0.451967 0.687588 0.840623 28.100182
0.278210 0.204270 0.431276 0.502993 0.540665 0.385237 0.564407 0.483698 0.555620 0.543010 60.943284
0.309619 0.184133 0.911470 0.494971 0.377822 0.305969 0.519085 0.553592 0.443588 0.396485 44.025694
0.478828 0.752145 0.389944 0.582404 0.711053 0.571842 0.665795 0.553512 0.620979 0.540230 74.780987
0.244012 0.217634 0.458647 0.394742 0.509796 0.380000 0.645163 0.546119 0.567726 0.464177 53.177472
0.330824 0.176661 0.504231 0.779225 0.522304 0.430699 0.437229 0.660817 0.462775 0.552487 49.698194
0.257921 0.177426 0.614166 0.534704 0.513848 0.495209 0.526735 0.458020 0.602320 0.550406 58.778454
0.288081 0.190239 0.524722 0.542149 0.385376 0.342006 0.576783 0.455675 0.503943 0.514333 54.889893
0.214035 0.195116 0.507118 0.540213 0.441989 0.490166 0.547299 0.579950 0.629582 0.384868 53.610340
0.195799 0.173716 0.507148 0.607528 0.423331 0.507344 0.416794 0.397789 0.619320 0.572748 51.964301
0.333376 0.176668 0.534126 0.520511 0.383029 0.462563 0.523702 0.616645 0.619867 0.520455 54.562465
0.269335 0.251094 0.512804 0.619152 0.547172 0.482357 0.365206 0.493789 0.451097 0.337036 51.644365
0.292463 0.247829 0.349909 0.593120 0.581554 0.574244 0.491025 0.395496 0.536568 0.580398 52.097737
0.341086 0.167811 0.471465 0.490160 0.546293 0.417544 0.411214 0.421374 0.497246 0.479540 59.733659
0.098262 0.920530 0.217797 0.107664 0.301116 0.812812 0.631691 0.405406 0.803340 0.679096 27.415914
0.298491 0.188141 0.549302 0.500766 0.484790 0.506414 0.427157 0.583361 0.391217 0.453098 62.024396
0.329690 0.181297 0.576276 0.424650 0.620736 0.475292 0.456799 0.339073 0.571794 0.578774 53.149861
0.762002 0.229163 0.522886 0.667750 0.039838 0.475980 0.878890 0.950127 0.050806 0.185774 19.769529
0.384952 0.176960 0.657676 0.573012 0.587200 0.470249 0.463389 0.417039 0.536594 0.442215 52.759351
0.418741 0.215648 0.435785 0.478447 0.399245 0.528195 0.496403 0.489068 0.482361 0.593830 53.083886
0.276181 0.204279 0.685910 0.695441 0.506360 0.560942 0.638923 0.572941 0.556965 0.559319 50.383720
0.220490 0.216214 0.583651 0.579574 0.295991 0.298526 0.538596 0.508206 0.504975 0.508556 49.917437
0.480449 0.468291 0.390556 0.201712 0.709653 0.249913 0.661858 0.309948 0.622671 0.357771 36.110528
0.152655 0.434973 0.132113 0.539739 0.433894 0.203110 0.143674 0.563056 0.823431 0.237259 23.580049
0.316372 0.206025 0.568274 0.611430 0.447707 0.548370 0.382597 0.581476 0.555901 0.511785 54.991873
0.268571 0.221634 0.615671 0.639462 0.578121 0.585677 0.612691 0.494105 0.607395 0.452312 52.273656
0.236537 0.181419 0.448522 0.518971 0.466054 0.474975 0.506344 0.422802 0.611639 0.644622 54.006150
0.271806 0.078402 0.465147 0.410279 0.528254 0.442186 0.415270 0.512280 0.419407 0.474611 49.986709
0.301518 0.227327 0.621989 0.470379 0.462399 0.605408 0.556735 0.587260 0.550219 0.484014 54.572881
0.133552 0.845246 0.685910 0.718036 0.308001 0.674175 0.338606 0.633929 0.419407 0.602984 57.984286
0.261563 0.243224 0.580404 0.571822 0.569872 0.529846 0.363993 0.522651 0.551280 0.366684 52.463943
0.325763 0.180129 0.505147 0.634111 0.489382 0.520302 0.506431 0.462011 0.638183 0.442347 55.571960
0.283288 0.168171 0.612412 0.507012 0.644418 0.447774 0.498879 0.461319 0.536344 0.436419 55.167921
0.155275 0.861450 0.661389 0.727588 0.383734 0.721234 0.360143 0.570798 0.425393 0.653969 51.998041
0.211211 0.000000 0.470279 0.466642 0.537586 0.442785 0.496413 0.357538 0.573625 0.527934 41.531521
0.307264 0.147735 0.465027 0.467572 0.461724 0.394408 0.427228 0.564907 0.508253 0.326766 53.276765
0.255944 0.194821 0.523853 0.475860 0.408129 0.503207 0.492570 0.454534 0.387026 0.608164 56.794113
0.305776 0.191946 0.517748 0.419466 0.488893 0.579601 0.504342 0.507835 0.526319 0.542286 71.491685
0.247819 0.176286 0.505614 0.446158 0.457928 0.579032 0.462225 0.511875 0.328297 0.602861 53.706755
0.248446 0.203421 0.705924 0.499704 0.455166 0.474559 0.489420 0.506482 0.377894 0.565449 52.943581
0.164806 0.388567 0.776833 0.139389 0.079494 0.257686 0.108893 0.838193 0.041903 0.480248 24.444225
0.363581 0.174569 0.570004 0.431730 0.504606 0.612879 0.419400 0.574022 0.396340 0.427503 53.527468
0.266428 0.184543 0.743690 0.497353 0.566978 0.498905 0.665282 0.577605 0.455419 0.586974 50.412349
0.300738 0.190941 0.502028 0.498718 0.497925 0.501673 0.501961 0.490771 0.501498 0.506573 89.743240
0.494506 0.943370 0.816383 0.663569 0.815337 0.564202 0.278084 0.301684 0.974228 0.934374 25.913142
0.285089 0.169158 0.490076 0.556106 0.503901 0.616652 0.484904 0.608315 0.469635 0.418325 57.077511
0.267907 0.223793 0.446368 0.545402 0.452569 0.583979 0.501961 0.342389 0.543219 0.416106 53.840332
0.332707 0.199066 0.533300 0.502034 0.494716 0.488719 0.434073 0.439889 0.475910 0.428418 69.069120
0.288862 0.251474 0.192478 0.438420 0.328950 0.625786 0.531257 0.552082 0.369171 0.588055 45.887953
0.254135 0.135917 0.544856 0.446683 0.409555 0.511175 0.556050 0.592579 0.499750 0.518273 54.443147
0.263901 0.199843 0.448922 0.510112 0.571973 0.562401 0.493727 0.432895 0.547384 0.444680 64.318583
0.408178 0.309743 0.260508 0.312317 0.757062 0.774885 0.529406 0.474981 0.498020 0.398211 39.043713
0.302698 0.203070 0.489223 0.348746 0.533461 0.465099 0.494621 0.459364 0.524565 0.514006 62.176435
0.461825 0.833826 0.308496 0.840045 0.115287 0.333238 0.729241 0.667538 0.625282 0.146512 33.752734
0.296023 0.200686 0.597383 0.529786 0.464422 0.468011 0.578428 0.372126 0.527758 0.399807 55.349803
0.128305 0.532897 0.357174 0.073658 0.646118 0.042195 0.255083 0.118184 0.643418 0.357566 23.799369
0.285586 0.170834 0.490312 0.421484 0.548692 0.574097 0.483589 0.498183 0.453139 0.401626 61.745181
0.278581 0.152596 0.453025 0.599090 0.576175 0.383230 0.565986 0.503790 0.602011 0.537169 53.770369
0.284987 0.180634 0.446350 0.463372 0.503063 0.556373 0.610078 0.524858 0.428390 0.543548 62.401508
0.008035 0.674496 0.897691 0.048228 0.494297 0.210287 0.186355 0.865840 0.854196 0.232748 23.682682
0.359301 0.975427 0.423168 0.721788 0.464815 0.801231 0.890861 0.536745 0.393452 0.314113 38.025572
0.567239 0.875553 0.254343 0.815764 0.909704 0.226076 0.409452 0.476920 0.225090 0.426088 35.593073
0.252658 0.201314 0.434762 0.600155 0.521026 0.393841 0.480913 0.499437 0.450031 0.372577 54.463135
0.929466 0.266919 0.566412 0.181494 0.529918 0.626389 0.858261 0.168097 0.818595 0.275568 30.477721
0.133552 0.845246 0.685910 0.718036 0.308001 0.674175 0.338606 0.633929 0.419407 0.602984 57.984286
0.223486 0.156610 0.638960 0.446204 0.642307 0.597649 0.470895 0.500275 0.701680 0.442692 49.774399
0.350636 0.190652 0.316367 0.488282 0.543956 0.419507 0.532756 0.481480 0.417423 0.419724 53.500670
0.363577 0.168526 0.477032 0.718036 0.499751 0.513454 0.597459 0.529218 0.629873 0.351855 50.198958
0.543302 0.201763 0.508641 0.515073 0.472067 0.482366 0.466897 0.436317 0.594119 0.478209 46.320702
0.321761 0.210497 0.523605 0.570581 0.570321 0.484424 0.578856 0.517694 0.582066 0.466270 61.918494
0.189650 0.240479 0.533110 0.493075 0.547801 0.384262 0.538351 0.533985 0.577396 0.537333 52.656813
0.352041 0.189832 0.512846 0.543772 0.507062 0.462650 0.466914 0.625932 0.494896 0.461779 61.297854
0.221709 0.187245 0.505729 0.547183 0.671778 0.590465 0.341248 0.476683 0.479541 0.591721 51.620660
0.302418 0.193466 0.498798 0.617683 0.462315 0.492840 0.386720 0.659607 0.503684 0.410651 53.699167
0.304878 0.190941 0.533110 0.498718 0.547801 0.501673 0.451311 0.490771 0.577396 0.506573 75.318601
0.334783 0.160266 0.607256 0.487487 0.437920 0.674004 0.648433 0.523220 0.506126 0.454253 52.294526
0.271308 0.184834 0.373069 0.530913 0.528635 0.440357 0.419177 0.440272 0.540566 0.417919 56.480607
0.478828 0.845246 0.389944 0.718036 0.711053 0.674175 0.665795 0.633929 0.620979 0.602984 50.002764
0.317502 0.175483 0.363869 0.460713 0.531006 0.487431 0.433785 0.411558 0.420763 0.636277 53.706521
0.345207 0.187764 0.459119 0.449199 0.402337 0.486356 0.514562 0.410504 0.425704 0.621471 54.857535
0.295326 0.259899 0.319770 0.492274 0.663972 0.293731 0.578531 0.542413 0.482306 0.469653 48.521093
0.288275 0.184060 0.517646 0.541065 0.499256 0.480124 0.568073 0.362155 0.579728 0.604091 56.010888
0.411764 0.198185 0.499902 0.505581 0.617801 0.471377 0.588156 0.525395 0.569787 0.485461 53.461236
0.356264 0.195254 0.480390 0.430732 0.530203 0.532182 0.439582 0.407242 0.539393 0.495341 61.074975
0.863712 0.099805 0.860702 0.010534 0.385202 0.610565 0.614244 0.373298 0.160152 0.673500 31.837100
0.308148 0.190657 0.586455 0.473611 0.497212 0.305969 0.658485 0.342389 0.403940 0.414940 50.245865
0.324306 0.198528 0.453526 0.555966 0.546004 0.458085 0.511727 0.507111 0.610520 0.516331 65.041179
0.410067 0.227438 0.436040 0.333012 0.086646 0.842969 0.287501 0.439895 0.692168 0.463630 36.657016
0.299788 0.155238 0.477731 0.201712 0.756650 0.414035 0.575298 0.454045 0.549435 0.424301 46.305711
0.297736 0.260664 0.420935 0.480690 0.497925 0.529458 0.545676 0.500660 0.501498 0.569440 55.246447
0.287895 0.158865 0.577076 0.424211 0.497559 0.342994 0.751821 0.490771 0.527904 0.535517 50.438328
0.283027 0.290358 0.630473 0.580567 0.447434 0.579284 0.469333 0.424972 0.526442 0.589513 50.096201
0.318526 0.201228 0.428501 0.478449 0.590086 0.380009 0.544293 0.559876 0.504583 0.500379 58.841406
0.299709 0.186722 0.391856 0.518392 0.454053 0.385052 0.492863 0.486107 0.558132 0.398243 56.679054
0.213816 0.239683 0.773016 0.458075 0.478485 0.528026 0.391494 0.486182 0.461454 0.367821 48.469187
0.394621 0.199392 0.525180 0.527137 0.460178 0.425627 0.537811 0.364165 0.507695 0.581419 53.696377
0.478828 0.256682 0.522055 0.500466 0.711053 0.635652 0.287927 0.596300 0.487724 0.564130 43.860895
0.291938 0.194367 0.594520 0.478372 0.433650 0.496597 0.627616 0.432836 0.415535 0.285766 51.828542
0.310867 0.199856 0.456548 0.567381 0.721407 0.488098 0.401607 0.530764 0.574477 0.476195 52.857836
0.274224 0.207867 0.586213 0.408230 0.484186 0.526039 0.375418 0.533039 0.563658 0.522585 56.738423
0.358978 0.118004 0.582649 0.400209 0.562351 0.629294 0.422826 0.524254 0.579527 0.493452 51.164456
0.334546 0.209067 0.551886 0.476214 0.475151 0.518088 0.507884 0.474003 0.569716 0.596411 64.453437
0.295320 0.193445 0.591284 0.541940 0.432587 0.492913 0.510345 0.557398 0.446427 0.610659 59.873394
0.318076 0.203021 0.546882 0.476775 0.472988 0.423593 0.424080 0.504055 0.347657 0.426898 55.533846
0.320618 0.170804 0.466745 0.468489 0.445747 0.514294 0.429593 0.509580 0.532601 0.530573 70.862182
0.329281 0.000000 0.505403 0.405405 0.538102 0.314259 0.605007 0.485848 0.463840 0.528922 41.278930
0.751758 0.843249 0.216659 0.213764 0.993063 0.089258 0.233222 0.841419 0.475728 0.042709 22.179742
0.342544 0.189642 0.500850 0.479497 0.512454 0.478931 0.567682 0.563897 0.419423 0.457293 65.344798
0.300052 0.158303 0.408258 0.448778 0.444735 0.543194 0.475993 0.542751 0.438765 0.541037 60.814289
0.304202 0.179338 0.436311 0.594040 0.503381 0.476388 0.533186 0.397808 0.572535 0.548358 59.638527
0.313399 0.000000 0.275669 0.438273 0.650354 0.295473 0.493831 0.384627 0.564806 0.392476 38.319215
0.270371 0.199558 0.555974 0.514197 0.563904 0.559954 0.569588 0.483099 0.478086 0.462622 67.708896
0.279843 0.165059 0.547209 0.463362 0.614361 0.506832 0.535266 0.406194 0.381157 0.441281 54.693053
0.264332 0.210575 0.505651 0.522104 0.434869 0.445282 0.460888 0.374919 0.520742 0.475235 60.694507
0.273537 0.217844 0.561043 0.521755 0.580740 0.451742 0.486493 0.548811 0.386830 0.454180 58.304003
0.275959 0.199818 0.590678 0.583807 0.512794 0.566997 0.475089 0.425480 0.495850 0.446687 61.132643
0.318340 0.219054 0.495052 0.493541 0.417348 0.498687 0.512915 0.446213 0.494604 0.461038 69.831753
0.291959 0.199321 0.537168 0.582198 0.476303 0.477109 0.490107 0.391976 0.505968 0.587725 61.938117
0.315667 0.177623 0.552746 0.561918 0.417949 0.521789 0.539203 0.530504 0.562287 0.518173 66.060577
0.317202 0.163458 0.524090 0.452693 0.467573 0.603671 0.540756 0.477309 0.448826 0.435446 61.492179
0.272864 0.195555 0.572415 0.444063 0.486810 0.561219 0.520035 0.683749 0.508911 0.353556 53.122387
# OSA solutions
0.300738 0.190941 0.502028 0.498718 0.497925 0.501673 0.501961 0.490771 0.501498 0.506573 89.743240
0.478828 0.752145 0.389944 0.582404 0.711053 0.571842 0.665795 0.553512 0.620979 0.540230 74.780987
0.277845 0.195072 0.517048 0.499447 0.512381 0.491978 0.554405 0.462570 0.584018 0.480066 73.852165
0.300738 0.214560 0.495235 0.536580 0.460097 0.442020 0.466220 0.531717 0.475542 0.473430 73.926711
0.285347 0.190941 0.514653 0.498718 0.510845 0.501673 0.603721 0.490771 0.557264 0.506573 72.498882
0.296846 0.210763 0.505771 0.460367 0.482589 0.555501 0.506069 0.556792 0.550560 0.491417 73.937916
0.318705 0.182399 0.504897 0.466684 0.552958 0.503733 0.470602 0.454255 0.448801 0.523775 75.419226
0.312527 0.200829 0.545896 0.519509 0.497952 0.502929 0.457899 0.464370 0.509854 0.571331 75.389626
0.327324 0.191414 0.528594 0.499108 0.441786 0.488927 0.541502 0.496274 0.493170 0.476046 78.329569
0.291005 0.192787 0.508766 0.559394 0.477656 0.492134 0.502222 0.475228 0.482795 0.522373 82.412643
0.315583 0.191691 0.552083 0.463068 0.557926 0.451586 0.522972 0.468497 0.530091 0.463576 72.934926
0.339657 0.203992 0.515498 0.516639 0.459735 0.508568 0.478032 0.448725 0.508970 0.484417 75.616697
0.307407 0.186763 0.462823 0.429907 0.501361 0.535950 0.485466 0.507346 0.501468 0.458264 77.424473
0.264565 0.174637 0.526584 0.551863 0.505359 0.531665 0.523675 0.449235 0.476917 0.440171 70.907896
0.291908 0.215880 0.463205 0.521118 0.560496 0.479592 0.538082 0.460412 0.480422 0.447379 71.337935
0.288124 0.202995 0.576368 0.501146 0.485501 0.460111 0.434060 0.494581 0.474749 0.524522 72.987268
0.271007 0.194002 0.514183 0.563411 0.577938 0.540570 0.501961 0.492373 0.518167 0.488801 72.910691
0.327458 0.175743 0.552870 0.544244 0.504599 0.526899 0.490503 0.458768 0.571033 0.505791 70.973424
0.288476 0.198045 0.526048 0.498256 0.433391 0.426160 0.496740 0.525322 0.527857 0.477469 74.317749
0.322534 0.208136 0.489123 0.446213 0.504423 0.494727 0.482272 0.502960 0.439319 0.484804 76.431287
0.337478 0.180840 0.508945 0.461448 0.486819 0.529927 0.556029 0.462147 0.510232 0.535819 73.473929
0.258598 0.207899 0.528139 0.433561 0.544399 0.474832 0.513151 0.471815 0.476226 0.534211 70.956213
0.317290 0.196821 0.469731 0.513182 0.555714 0.502357 0.511841 0.442958 0.567889 0.530251 72.967224
0.310484 0.195888 0.522548 0.537274 0.430735 0.519778 0.465581 0.452543 0.495277 0.463317 74.842464
0.330999 0.215414 0.524328 0.510915 0.456852 0.532960 0.481106 0.501070 0.510154 0.507953 76.113217
0.309724 0.190941 0.552835 0.498718 0.450835 0.501673 0.483108 0.490771 0.582754 0.506573 74.442724
0.300170 0.210126 0.495250 0.488394 0.535111 0.495833 0.479349 0.511154 0.503798 0.520475 83.568656
0.281861 0.213353 0.502790 0.460185 0.465455 0.433801 0.507664 0.497094 0.462805 0.523695 74.218343
0.303480 0.189094 0.474584 0.550579 0.514515 0.491871 0.549982 0.525523 0.500896 0.535491 79.654385
0.289040 0.186460 0.466470 0.516831 0.535182 0.502103 0.467467 0.464687 0.531407 0.485367 81.419397
0.274747 0.185646 0.484951 0.470320 0.473795 0.520812 0.485538 0.511313 0.591201 0.451031 72.450626
0.282620 0.203691 0.502650 0.483962 0.575638 0.513548 0.500350 0.471758 0.495307 0.471076 78.044016
0.283382 0.184082 0.597442 0.488502 0.496402 0.476203 0.493783 0.501550 0.493776 0.438661 72.439271
0.272034 0.214103 0.478694 0.566881 0.513865 0.525809 0.523111 0.473576 0.440517 0.488659 71.509010
0.243632 0.186459 0.464643 0.535169 0.500503 0.468077 0.460304 0.462921 0.516425 0.514376 72.150955
0.261083 0.207096 0.477793 0.472997 0.552887 0.556793 0.471992 0.533439 0.523109 0.539265 70.950902
0.309037 0.190941 0.508497 0.529718 0.519100 0.484490 0.501363 0.490771 0.554779 0.458881 81.191431
0.282907 0.208121 0.486087 0.543718 0.585594 0.506196 0.543400 0.466306 0.488066 0.482030 72.018459
0.304878 0.190941 0.533110 0.498718 0.547801 0.501673 0.451311 0.490771 0.577396 0.506573 75.318601
0.302884 0.212419 0.467625 0.496612 0.462369 0.457327 0.532287 0.471120 0.545088 0.560521 72.481195
0.305776 0.191946 0.517748 0.419466 0.488893 0.579601 0.504342 0.507835 0.526319 0.542286 71.491685
0.294606 0.190973 0.456598 0.488664 0.413753 0.524698 0.525423 0.461894 0.474593 0.534236 73.367853
0.267545 0.206787 0.559915 0.446985 0.491310 0.530097 0.504997 0.483277 0.529968 0.548841 72.335383
0.296335 0.181220 0.481116 0.487253 0.507110 0.471828 0.473908 0.464629 0.508172 0.506117 84.405778
0.309348 0.190941 0.427054 0.498718 0.502086 0.501673 0.467726 0.490771 0.574171 0.506573 74.943065
0.267057 0.203329 0.494945 0.497421 0.528902 0.494083 0.490061 0.508860 0.583930 0.509659 75.570618
0.294535 0.194925 0.489513 0.512834 0.525822 0.435406 0.474326 0.547490 0.511956 0.517334 79.034000
0.303329 0.175510 0.482955 0.499059 0.487512 0.486682 0.527706 0.445409 0.454548 0.542725 77.346767
0.290549 0.175892 0.489294 0.464756 0.519547 0.569467 0.491825 0.533247 0.543422 0.528249 75.133277
0.315627 0.181256 0.503018 0.462836 0.532228 0.467368 0.561592 0.470631 0.431616 0.500744 72.919157
0.311755 0.175076 0.489938 0.497416 0.566312 0.517590 0.448650 0.458438 0.510283 0.498914 75.659934
0.310600 0.168424 0.495375 0.530217 0.533160 0.470389 0.429185 0.536501 0.460510 0.509294 72.406919
0.300781 0.178896 0.533850 0.559932 0.489829 0.454935 0.542637 0.530212 0.548172 0.523678 73.759922
0.296199 0.198536 0.497942 0.447037 0.471415 0.554822 0.446776 0.526776 0.442692 0.480321 73.181707
0.296408 0.176130 0.508513 0.572218 0.555189 0.504940 0.506472 0.484475 0.483227 0.455670 74.845328
0.277845 0.179683 0.555000 0.477339 0.447742 0.525844 0.469213 0.519390 0.537845 0.523788 75.048723
0.314259 0.187627 0.548441 0.525171 0.520080 0.506203 0.559755 0.478470 0.492079 0.494212 79.176901
0.300738 0.185143 0.502028 0.536724 0.497925 0.495199 0.501961 0.502263 0.501498 0.407024 77.089586
0.277608 0.169471 0.445838 0.452695 0.485754 0.493823 0.497963 0.500684 0.435442 0.531404 72.432445
0.282215 0.159669 0.436752 0.481909 0.489169 0.532434 0.549197 0.514412 0.488488 0.519964 71.313139
0.265635 0.172078 0.464559 0.559394 0.493034 0.539907 0.559051 0.514227 0.500194 0.516066 71.684689
0.328118 0.190632 0.516719 0.510373 0.423577 0.527267 0.441168 0.530777 0.455650 0.518176 71.206519
0.306190 0.190941 0.537927 0.498718 0.509527 0.501673 0.502201 0.490771 0.520193 0.506573 86.813367
0.326662 0.169213 0.530172 0.471406 0.461081 0.496842 0.519627 0.505381 0.415474 0.506573 70.931448
0.317662 0.181614 0.523929 0.571079 0.505927 0.460474 0.452063 0.458940 0.531916 0.518554 73.000686
0.304700 0.180254 0.558490 0.453448 0.539363 0.474762 0.538529 0.494802 0.465319 0.554772 72.895362
0.287554 0.190698 0.510592 0.469600 0.504014 0.556347 0.568407 0.481775 0.454966 0.524131 75.217261
0.324533 0.195476 0.541523 0.488675 0.458131 0.525548 0.456397 0.483210 0.522854 0.501066 78.399197
0.260107 0.194305 0.528540 0.494940 0.464557 0.551906 0.494720 0.489695 0.493865 0.432610 73.852245
0.283475 0.193282 0.490912 0.550579 0.467424 0.585785 0.454716 0.517703 0.447551 0.496463 70.827703
0.286010 0.213089 0.473190 0.433678 0.486152 0.526288 0.536373 0.513673 0.506527 0.539742 74.659537
0.262707 0.181768 0.472305 0.504232 0.449734 0.498242 0.490389 0.492473 0.529341 0.517182 78.919463
0.305576 0.185846 0.514746 0.555210 0.479884 0.407702 0.502943 0.470771 0.544541 0.508318 71.954646
0.300993 0.190683 0.457609 0.456711 0.499031 0.512261 0.462150 0.499684 0.578821 0.504343 75.838802
0.275800 0.188223 0.510545 0.479622 0.502438 0.489929 0.503846 0.422810 0.501613 0.530192 78.647139
0.282907 0.190941 0.486087 0.498718 0.585594 0.501673 0.543400 0.490771 0.488066 0.506573 77.155099
0.309724 0.189537 0.552835 0.481121 0.450835 0.516278 0.483108 0.480180 0.582754 0.462040 72.193977
0.300738 0.179083 0.502028 0.564934 0.497925 0.503095 0.501961 0.566518 0.501498 0.467957 76.629874
0.319115 0.194717 0.528106 0.511343 0.445986 0.477722 0.489203 0.439077 0.522250 0.468372 76.334821
0.294375 0.194923 0.525775 0.532680 0.500214 0.439222 0.551588 0.518757 0.522937 0.491567 78.397363
0.283735 0.201554 0.526564 0.464414 0.539455 0.519791 0.444076 0.455202 0.502031 0.495656 77.131955
0.317009 0.196641 0.513287 0.464434 0.449055 0.528414 0.485625 0.485112 0.472950 0.472413 79.662709
0.324751 0.172754 0.477188 0.465890 0.537135 0.461741 0.541962 0.483428 0.527082 0.473815 74.867001
0.309942 0.193138 0.454313 0.475710 0.469982 0.545413 0.445446 0.557492 0.530718 0.504225 74.008360
0.339410 0.187181 0.537777 0.514978 0.467829 0.541699 0.490622 0.484443 0.511027 0.486282 77.282450
0.287960 0.225038 0.543707 0.507117 0.510845 0.507474 0.524239 0.470818 0.559187 0.541834 70.834851
0.300783 0.183438 0.533981 0.469314 0.587597 0.525586 0.479263 0.533266 0.561336 0.498572 71.329660
0.291852 0.187778 0.499588 0.443004 0.531093 0.481026 0.444783 0.433523 0.497675 0.537715 73.703244
0.338182 0.190391 0.510215 0.549651 0.482942 0.528062 0.528339 0.519887 0.441809 0.509849 74.323989
0.278066 0.169360 0.499708 0.477513 0.539666 0.462703 0.461947 0.510157 0.549150 0.491216 75.436452
0.336354 0.169528 0.435251 0.498394 0.477824 0.510581 0.545329 0.481792 0.508667 0.496921 72.582521
0.268087 0.206459 0.532438 0.470368 0.545001 0.463977 0.551794 0.541400 0.523367 0.521137 72.789920
0.323505 0.196166 0.464263 0.532232 0.499570 0.507656 0.521601 0.453070 0.457586 0.477029 78.075310
0.335093 0.181275 0.494000 0.451367 0.487804 0.508636 0.485866 0.483036 0.523360 0.525561 78.533614
0.303625 0.171814 0.480714 0.425094 0.534163 0.478862 0.479649 0.508771 0.531094 0.438925 71.933370
0.293136 0.168346 0.503958 0.532703 0.561351 0.475770 0.543361 0.431206 0.491635 0.488944 71.556364
0.282010 0.195355 0.477179 0.534430 0.495538 0.495816 0.545585 0.515008 0.515247 0.532684 81.907009
0.315586 0.179387 0.452219 0.467281 0.481458 0.539847 0.523383 0.495450 0.429458 0.523315 74.050785
0.300738 0.192242 0.502028 0.484832 0.435779 0.514627 0.505362 0.558588 0.443458 0.535818 74.796233
0.288862 0.190941 0.472094 0.498718 0.529898 0.501673 0.531257 0.490771 0.532932 0.506573 84.461847
0.304621 0.204805 0.507524 0.558016 0.504759 0.565586 0.522188 0.536463 0.475406 0.552394 73.109387
0.299392 0.182076 0.500768 0.498949 0.501568 0.479483 0.488849 0.508517 0.530666 0.516045 86.621200
0.300738 0.193282 0.502028 0.550579 0.497925 0.585785 0.501961 0.517703 0.501498 0.496463 77.122629
0.305340 0.188003 0.517861 0.568897 0.501289 0.476089 0.482104 0.561480 0.463496 0.477410 75.515049
0.319804 0.190398 0.563787 0.507132 0.522613 0.449570 0.505270 0.580234 0.480504 0.533794 70.990436
0.289762 0.198576 0.497944 0.433875 0.505188 0.557977 0.517599 0.518756 0.572938 0.499311 73.123410
0.288539 0.185330 0.493748 0.463202 0.461080 0.509302 0.454535 0.421034 0.450995 0.545965 71.242824
0.278663 0.186185 0.507165 0.529266 0.513189 0.581017 0.556691 0.523727 0.518121 0.467296 73.358797
0.287361 0.184936 0.484284 0.513931 0.557532 0.564146 0.511077 0.542395 0.481731 0.505995 76.666520
0.294606 0.190941 0.456598 0.498718 0.413753 0.501673 0.525423 0.490771 0.474593 0.506573 76.629233
0.320618 0.170804 0.466745 0.468489 0.445747 0.514294 0.429593 0.509580 0.532601 0.530573 70.862182
0.320202 0.187247 0.488550 0.452185 0.538462 0.520750 0.501437 0.521858 0.538904 0.474972 79.086551
0.277460 0.210622 0.459477 0.465295 0.504507 0.545067 0.527626 0.485001 0.471774 0.460802 75.508847
0.328668 0.197395 0.451822 0.498831 0.562898 0.455965 0.493611 0.467501 0.553965 0.500977 72.223546
0.328455 0.188531 0.482981 0.463359 0.496387 0.578113 0.521148 0.454453 0.470147 0.545060 71.541295
0.312458 0.199702 0.482178 0.545131 0.471583 0.484489 0.453006 0.536064 0.474690 0.493966 78.913477
0.306262 0.183602 0.498563 0.454153 0.531155 0.519206 0.464136 0.432534 0.473531 0.484230 76.521977
0.298789 0.196008 0.486836 0.544789 0.477530 0.457390 0.493740 0.476035 0.514275 0.515906 82.407678
0.284312 0.189717 0.444401 0.501982 0.525491 0.497579 0.500718 0.499746 0.516219 0.575582 77.200321
0.274759 0.176985 0.512506 0.458433 0.498085 0.493852 0.559301 0.460051 0.564551 0.501463 73.274994
