# gen=200 mediating population
# x0..x(D-1) f0 f1 consensus
0.744207 0.489455 0.662316 0.169428 1.000000 10.637933 10.203337 10.203337
0.801973 0.466272 0.772638 0.133038 0.902909 12.791878 10.203337 10.203337
0.697200 0.503134 0.667036 0.140931 0.675612 11.251244 10.203337 10.203337
0.668434 0.456189 0.707106 0.231090 0.748684 16.797617 10.203337 10.203337
0.770984 0.481163 0.722390 0.115237 0.602801 12.994276 10.203337 10.203337
0.689956 0.493823 0.924882 0.245898 0.736533 10.702666 10.203337 10.203337
0.758965 0.462748 0.866474 0.130960 0.667433 17.890542 10.203337 10.203337
0.702822 0.446948 0.733988 0.208293 0.402773 10.646805 10.203337 10.203337
0.805227 0.423246 0.755182 0.248261 0.550147 17.868360 10.203337 10.203337
0.626744 0.450698 0.952298 0.165704 0.778005 10.529474 10.203337 10.203337
0.591282 0.455204 0.709739 0.246747 0.656594 11.220605 10.203337 10.203337
0.785737 0.442731 0.698846 0.041729 0.721057 10.366775 10.203337 10.203337
0.766432 0.471500 0.782412 0.106589 0.488730 11.275693 10.203337 10.203337
0.584602 0.437358 0.909088 0.233073 0.602954 11.428887 10.203337 10.203337
0.647594 0.441596 0.813651 0.221747 0.646581 18.717271 10.203337 10.203337
0.723200 0.467148 0.895226 0.250582 0.868877 13.308852 10.203337 10.203337
0.327931 0.211915 0.789983 0.622908 0.080809 5.994030 15.519033 5.994030
0.400047 0.631487 0.444401 0.000000 0.449921 7.844976 7.821461 7.821461
0.635858 0.419926 0.954551 0.111359 0.581117 10.305236 10.203337 10.203337
0.737390 0.521518 0.559745 0.000000 0.387619 8.523101 10.203337 8.523101
0.815417 0.449616 0.907565 0.202198 0.812603 12.731953 10.203337 10.203337
0.500653 0.114795 0.610300 0.567127 0.242921 8.523101 10.187519 8.523101
0.839246 0.471971 0.836180 0.047900 0.852514 10.593873 10.203337 10.203337
0.869512 0.431729 0.885125 0.129674 0.582354 11.230588 10.203337 10.203337
0.752185 0.480939 0.754118 0.211582 0.819319 18.163792 10.203337 10.203337
0.196685 0.881586 0.354206 0.191697 0.725296 7.844976 8.457726 7.844976
0.759086 0.491460 0.628992 0.238548 0.653258 12.248165 10.203337 10.203337
0.744410 0.517000 0.834828 0.000000 0.303405 8.587159 10.203337 8.587159
0.898312 0.457967 0.803253 0.138078 0.771417 10.865095 10.203337 10.203337
0.799380 0.418097 0.905622 0.143332 0.396511 10.659238 10.203337 10.203337
0.714266 0.417866 0.853478 0.098135 0.567893 13.020955 10.203337 10.203337
0.207161 0.904983 0.561865 0.237157 0.934572 8.699766 7.821461 7.821461
0.653083 0.485266 0.772555 0.126871 0.595632 11.623775 10.203337 10.203337
0.698417 0.000000 0.612218 0.764529 0.405079 8.523101 7.617747 7.617747
0.866036 0.454062 0.741260 0.184928 1.000000 10.206544 10.203337 10.203337
0.701408 0.436474 0.927659 0.244069 0.478121 12.406856 10.203337 10.203337
0.629482 0.447621 0.784168 0.192861 0.957366 11.163878 10.203337 10.203337
0.242836 0.638422 0.000000 0.527011 0.000000 7.844976 7.821461 7.821461
0.183196 0.915642 0.463105 0.259788 0.243999 7.844976 8.765646 7.844976
0.178723 0.993766 0.317211 0.491599 0.558387 7.886124 8.841028 7.886124
0.849779 0.483051 0.709435 0.182684 0.676367 11.367804 10.203337 10.203337
0.043067 1.000000 0.266378 0.278073 0.506732 7.844976 9.132641 7.844976
0.227554 0.739092 0.350128 0.483216 0.532975 8.514842 7.821461 7.821461
0.729550 0.435845 0.859172 0.247728 0.994236 13.463055 10.203337 10.203337
0.000000 1.000000 0.335980 0.000000 0.644042 7.844976 9.537903 7.844976
0.024615 0.868410 0.979956 0.736711 0.567654 2.797420 1.996009 1.996009
0.210693 0.969487 0.268949 0.492269 0.401902 9.259883 9.718897 9.259883
0.000000 0.952906 0.126198 0.000000 0.039729 7.844976 7.821461 7.821461
0.253583 0.821479 0.238989 0.451681 0.291790 10.119375 8.661754 8.661754
0.204114 0.974291 0.387136 0.000000 0.413064 7.844976 22.459734 7.844976
0.467667 0.493463 0.850327 0.006745 0.500300 8.523101 10.187519 8.523101
0.588704 0.418405 0.843629 0.204470 0.798085 11.578478 10.203337 10.203337
0.093220 0.912166 0.034624 0.367670 0.565283 7.844976 7.821461 7.821461
0.760066 0.456854 0.971353 0.212161 0.633589 11.137978 10.203337 10.203337
0.860240 0.463112 0.870974 0.210598 0.684840 11.174655 10.203337 10.203337
0.527214 0.465386 0.694444 0.039445 0.865081 8.523101 10.203337 8.523101
0.693593 0.470989 0.684497 0.109786 0.803524 11.196249 10.203337 10.203337
0.706888 0.489745 0.812327 0.228556 0.515513 12.306520 10.203337 10.203337
1.000000 0.000000 0.470120 0.474256 0.563769 8.523101 7.617747 7.617747
0.894901 0.432345 0.750875 0.241647 0.441787 9.579517 10.203337 9.579517
0.308380 0.862425 0.000000 0.716176 0.000000 7.844976 7.821461 7.821461
0.846943 0.477756 0.587713 0.650598 0.564293 8.523101 5.477824 5.477824
0.000000 0.932805 0.036774 0.645285 0.256227 7.844976 7.821461 7.821461
0.722203 0.475959 0.767608 0.160850 0.134259 8.572966 10.203337 8.572966
0.284026 0.928622 0.174727 0.254522 0.019152 7.844976 7.946339 7.844976
0.888331 0.251181 0.071240 0.535975 0.117108 4.135904 7.617747 4.135904
0.226768 0.853454 0.039298 0.905802 0.299758 7.844976 7.821461 7.821461
0.533644 0.459633 0.704240 0.540509 0.986794 8.785224 5.325201 5.325201
0.957418 0.219244 0.225034 0.425565 0.078698 4.135904 7.617747 4.135904
0.244700 0.952318 0.269730 0.350834 0.395650 11.681202 11.898665 11.681202
0.057661 1.000000 0.327644 0.461894 0.278060 7.844976 8.354207 7.844976
0.831839 0.421835 0.850550 0.067750 0.730828 11.876773 10.203337 10.203337
0.951835 0.523822 0.857936 0.062790 0.702739 8.577849 10.203337 8.577849
0.233361 1.000000 0.322858 0.331522 0.256620 8.127006 11.850761 8.127006
0.658936 0.713555 0.242113 0.732683 0.727587 2.355846 13.594905 2.355846
0.816033 0.716453 0.175321 0.523863 0.786644 25.671914 40.852350 25.671914
0.073354 0.479550 0.894932 0.330534 0.580260 2.797420 10.187519 2.797420
0.961364 0.412527 0.594580 0.154629 0.548352 8.523101 10.203337 8.523101
0.702299 0.417558 0.851915 0.000000 0.842989 9.212371 10.203337 9.212371
0.498897 0.473659 1.000000 0.600163 0.288776 8.523101 10.187519 8.523101
0.773833 0.459759 0.479560 0.110975 0.559257 8.523101 10.203337 8.523101
0.000000 1.000000 0.071580 0.535373 0.507820 7.844976 7.821461 7.821461
0.230252 0.793060 0.000000 0.803243 0.356369 7.844976 7.821461 7.821461
0.580689 0.430354 0.876646 0.097654 0.357594 8.523101 10.203337 8.523101
1.000000 0.454886 1.000000 0.000000 0.821280 8.523101 10.203337 8.523101
0.856096 0.453010 0.706325 0.971932 0.831863 8.523101 5.325201 5.325201
0.708105 0.492519 0.797512 0.117517 1.000000 10.385706 10.203337 10.203337
0.000000 1.000000 0.090755 0.404460 0.272293 7.844976 7.821461 7.821461
0.412882 0.754764 0.365491 0.606830 0.944118 7.844976 7.821461 7.821461
0.247006 0.948581 0.357994 0.313130 0.471581 9.003791 16.846396 9.003791
0.467856 0.518320 0.674951 0.301086 0.413325 8.523101 10.187519 8.523101
0.816817 0.274480 0.335242 0.924779 0.122428 4.135904 7.617747 4.135904
0.836325 0.160367 1.000000 0.063483 0.707582 8.523101 2.849299 2.849299
0.479897 0.437511 0.785269 0.112007 0.183551 8.523101 10.187519 8.523101
0.382469 0.988999 0.389775 0.256742 0.537132 7.844976 7.890042 7.844976
0.794705 0.108049 0.761460 0.704211 0.934291 8.523101 8.144740 8.144740
0.414759 0.755014 0.223589 0.572928 0.859374 7.844976 7.821461 7.821461
0.763063 0.227988 0.472802 0.567578 1.000000 8.523101 9.095078 8.523101
0.271621 0.975715 0.445527 0.399206 0.378322 7.844976 10.413289 7.844976
0.291129 0.904985 0.197274 0.172021 0.285497 9.985576 9.325936 9.325936
0.198504 0.034815 0.996535 0.210545 0.660943 5.994030 10.187519 5.994030
0.938197 0.474001 0.594514 0.172511 0.405202 8.523101 10.203337 8.523101
0.731160 0.098512 0.246542 0.051896 0.948178 4.135904 7.617747 4.135904
0.716756 0.492310 0.902295 0.059493 0.781864 10.547750 10.203337 10.203337
0.372225 0.947295 0.460437 0.179128 0.260566 7.844976 8.533306 7.844976
0.578370 0.103017 0.859324 0.935363 0.624071 8.523101 2.849299 2.849299
0.122015 0.854478 0.066782 0.096519 0.887756 7.844976 7.821461 7.821461
0.000000 0.892749 0.090133 0.239787 0.360321 7.844976 7.821461 7.821461
0.140672 0.778878 0.502656 0.000000 0.457912 7.844976 7.821461 7.821461
0.716086 0.167432 0.176502 0.713473 0.697076 11.372168 10.333883 10.333883
0.294096 0.140746 1.000000 0.306797 0.463045 5.994030 10.205931 5.994030
0.612567 0.484579 0.496798 0.138531 0.544881 8.523101 10.203337 8.523101
0.080611 1.000000 0.208139 0.000000 0.648583 7.844976 7.822448 7.822448
0.529044 0.447654 1.000000 0.000000 0.353282 8.523101 10.203337 8.523101
0.899874 0.431259 0.844456 0.240252 0.543945 10.496994 10.203337 10.203337
0.913674 0.473501 0.792251 0.580991 0.574665 8.523101 5.970241 5.970241
0.620320 0.452410 0.768930 0.110210 0.740587 10.535791 10.203337 10.203337
0.993793 0.509089 0.020632 0.006068 0.274426 4.135904 4.712013 4.135904
0.081819 0.973942 0.561646 0.006729 0.053744 2.797420 7.821461 2.797420
0.631303 0.205724 0.219089 0.779335 0.872591 15.229389 12.367545 12.367545
0.336616 0.858099 0.212472 0.831063 0.872438 7.844976 7.821461 7.821461
0.179252 0.090837 0.289594 0.303935 0.411034 6.204745 1.268870 1.268870
0.814715 0.685483 0.184115 0.423344 0.649497 16.476199 38.288356 16.476199
0.796088 0.506483 0.410442 0.214558 0.120402 4.135904 4.712013 4.135904
0.204921 0.075826 0.683204 0.328980 0.800255 5.994030 10.187519 5.994030
0.518676 0.116916 0.757442 0.959287 0.810585 8.523101 7.617747 7.617747
1.000000 0.447768 0.903150 0.017801 0.360320 8.523101 10.203337 8.523101
0.690041 0.438799 0.752968 0.000000 0.686213 9.349798 10.203337 9.349798
0.000000 1.000000 0.000000 0.657019 0.131625 7.844976 7.821461 7.821461
0.294096 0.810364 0.047821 0.338452 0.677912 7.852754 7.821461 7.821461
0.241597 1.000000 0.044986 0.116740 0.250979 8.646275 7.821461 7.821461
0.467194 0.006568 1.000000 0.387938 0.890489 8.523101 10.187519 8.523101
0.665462 0.481706 0.981866 0.036981 0.497391 8.986095 10.203337 8.986095
0.822460 0.417315 0.902012 0.141319 1.000000 10.216492 10.203337 10.203337
0.822270 0.489658 0.653642 0.275508 0.903530 11.486036 5.325201 5.325201
0.000000 1.000000 0.000000 0.466152 0.837389 7.844976 7.821461 7.821461
0.298997 0.994663 0.017047 0.151961 0.106456 7.844976 7.821461 7.821461
0.983099 0.460005 0.733933 0.051141 0.554435 8.669245 10.226400 8.669245
0.343932 0.971970 0.098993 0.423874 0.276522 19.083050 7.821461 7.821461
0.757853 0.080468 0.191444 0.374557 0.402156 4.203110 7.617747 4.203110
0.188518 0.740276 0.073724 0.783801 0.234405 7.844976 7.821461 7.821461
0.632386 0.184726 0.228698 0.586800 0.616862 15.143422 8.126268 8.126268
0.359853 0.833027 0.261710 0.285281 0.244958 8.950379 8.421789 8.421789
0.615904 0.458555 0.967670 0.073854 0.696454 9.381840 10.203337 9.381840
0.182736 0.980437 0.007343 0.633063 0.000000 7.844976 7.821461 7.821461
0.204614 0.967727 0.379287 0.346061 0.559339 8.112697 13.213027 8.112697
0.000000 1.000000 0.000000 0.363196 0.712210 7.844976 7.821461 7.821461
0.131236 0.152019 0.015282 0.184293 0.988065 5.994030 1.231976 1.231976
0.325839 0.991824 0.847642 0.721860 0.586050 2.983420 1.996009 1.996009
0.453353 0.143446 0.941000 0.520282 0.168763 8.523101 12.591586 8.523101
0.307505 1.000000 0.246541 0.081787 0.000000 7.844976 7.869368 7.844976
0.086822 0.840364 0.266566 0.473499 0.478359 7.844976 10.571790 7.844976
0.540035 0.427717 0.705868 0.188709 0.544454 8.523101 10.203337 8.523101
0.401475 0.911113 0.246855 0.062151 0.593542 7.844976 7.821461 7.821461
0.261674 0.858963 0.441768 0.372969 0.870712 7.844976 7.821461 7.821461
0.327931 0.820351 0.112326 0.581332 0.083972 7.844976 7.821461 7.821461
0.669655 0.477687 0.672596 0.164885 0.541815 10.660459 10.203337 10.203337
0.354781 0.939099 0.169776 0.292487 0.938699 7.844976 7.821461 7.821461
1.000000 0.000000 0.393292 0.072191 1.000000 4.135904 7.617747 4.135904
0.530701 0.514015 0.615177 0.108396 0.552774 8.524378 10.203337 8.524378
0.534955 0.414367 1.000000 0.326372 0.479797 8.581758 5.325201 5.325201
0.158550 0.537911 0.840618 0.424130 0.451613 2.797420 10.187519 2.797420
0.070300 0.808818 0.309562 0.990726 0.004058 7.844976 7.821461 7.821461
0.473756 0.406410 0.857734 0.125741 0.781606 8.523101 10.187519 8.523101
0.115407 1.000000 0.373602 0.110304 0.635856 7.844976 15.217250 7.844976
1.000000 0.419059 1.000000 0.000000 0.500771 8.523101 10.203337 8.523101
0.852148 0.412553 0.981927 0.165020 0.723391 10.354858 10.203337 10.203337
0.706072 0.459633 1.000000 0.026755 0.361991 8.702405 10.203337 8.702405
0.205789 0.911722 0.478760 0.055083 0.323068 7.844976 9.724807 7.844976
0.591075 0.440945 0.646337 0.329902 0.924932 9.785015 5.325201 5.325201
0.492027 0.480206 0.984854 0.092692 0.772175 8.571879 10.187519 8.571879
0.866877 0.449235 0.602063 0.245110 1.000000 9.490567 10.203337 9.490567
0.389292 0.620783 0.182837 1.000000 0.769765 7.844976 7.821461 7.821461
0.315163 0.957837 0.607556 0.051023 0.519821 4.859826 7.821461 4.859826
0.497106 0.406959 0.657143 0.210126 0.856246 8.523101 10.187519 8.523101
1.000000 0.449338 0.625287 0.172924 0.000000 8.523101 10.203337 8.523101
0.902223 0.459620 0.862080 0.032035 0.509523 8.766681 10.203337 8.766681
0.130059 0.712172 0.333953 0.201216 0.342104 7.844976 8.520339 7.844976
0.187656 1.000000 0.052524 0.406298 0.000000 7.844976 7.821461 7.821461
0.225559 0.930963 0.442967 0.814700 0.528988 7.844976 7.821461 7.821461
0.279294 0.909126 0.168976 0.471685 0.242554 11.036865 8.034163 8.034163
0.599725 0.404663 0.756960 0.426840 0.439681 10.434886 7.617747 7.617747
0.775602 0.505120 0.821612 0.000000 0.696285 10.452797 10.203337 10.203337
0.765073 0.639079 0.512504 0.972475 0.079344 1.362984 5.325201 1.362984
0.738026 0.478129 1.000000 0.217448 0.205911 8.523101 10.203337 8.523101
0.000000 1.000000 0.031328 0.520059 0.234607 7.844976 7.821461 7.821461
0.032158 0.911850 0.000000 1.000000 0.755233 7.844976 7.821461 7.821461
0.730711 0.194151 0.275161 0.074648 0.663779 4.135904 7.617747 4.135904
0.170052 0.024555 0.484781 0.384986 0.887686 5.994030 1.231976 1.231976
0.669224 0.412462 0.836294 0.221302 0.289549 9.309796 10.203337 9.309796
0.225866 0.939451 0.132233 0.548662 0.945656 7.844976 7.821461 7.821461
0.000000 1.000000 0.000000 0.455707 0.445367 7.844976 7.821461 7.821461
0.000088 1.000000 0.000000 0.335078 0.417544 7.844976 7.821461 7.821461
0.274444 0.055335 0.700905 0.557678 0.952896 5.994030 10.187519 5.994030
0.999331 0.352095 0.347097 0.617547 0.527965 4.135904 7.617747 4.135904
0.284237 0.765578 0.000000 0.009627 0.743685 7.844976 7.821461 7.821461
0.209158 0.288671 0.860671 0.784808 0.494015 5.994030 10.187519 5.994030
0.984996 0.047099 0.538196 0.714089 0.341612 8.523101 7.617747 7.617747
0.226798 0.567072 0.171109 0.080126 0.789683 7.844976 1.231976 1.231976
0.794801 0.000000 0.534087 0.801469 0.868268 8.523101 10.543526 8.523101
0.963973 0.014958 0.938111 0.112538 0.916813 8.523101 2.849299 2.849299
0.765917 0.338854 0.929046 0.000000 0.740701 8.523101 2.849299 2.849299
0.647654 0.473864 0.947682 0.074118 1.000000 8.894674 10.203337 8.894674
0.475991 0.410933 0.892499 0.261516 0.231157 8.523101 10.187519 8.523101
0.473292 0.395192 0.573252 0.860474 0.765567 8.523101 10.187519 8.523101
0.864232 0.226157 0.621970 0.256202 0.196770 8.523101 7.617747 7.617747
0.234048 0.761366 0.003171 0.153135 0.228402 8.007093 7.821461 7.821461
1.000000 0.518106 1.000000 0.072251 0.994883 8.523101 10.203337 8.523101
0.473942 0.375742 0.872519 0.383551 0.284802 8.523101 10.187519 8.523101
0.687820 0.464706 0.872020 0.130724 0.399959 10.291872 10.203337 10.203337
0.289589 1.000000 0.000000 0.635067 0.418707 7.917398 7.821461 7.821461
0.000000 1.000000 0.139460 0.196951 0.292228 7.844976 7.821461 7.821461
0.749359 0.437049 0.967647 0.048535 0.865897 9.447745 10.203337 9.447745
0.216165 0.730921 0.180455 0.227052 0.322274 8.783099 7.821461 7.821461
0.791473 0.458931 0.779326 0.028159 0.972880 9.703078 10.203337 9.703078
0.376665 0.769507 0.252337 1.000000 1.000000 7.844976 7.821461 7.821461
0.255537 0.986969 0.027231 0.480057 0.789116 7.844976 7.821461 7.821461
0.687866 0.438284 0.812510 0.127082 0.708688 14.694274 10.203337 10.203337
0.048448 0.956315 0.045759 0.203216 0.050960 7.844976 7.821461 7.821461
0.168994 0.960403 0.264885 0.516802 0.244932 7.848421 9.489126 7.848421
0.211570 0.248789 0.975930 0.644821 0.599070 5.994030 10.187519 5.994030
0.085636 0.903129 0.279122 0.648502 0.626168 7.844976 7.922697 7.844976
0.151012 0.638557 0.088702 0.505859 0.159354 7.844976 7.821461 7.821461
0.322788 0.812460 0.445149 0.991797 0.011261 7.844976 7.821461 7.821461
1.000000 0.439751 0.800564 0.014039 0.020149 8.523101 10.203337 8.523101
0.603939 0.456448 0.988701 0.000000 0.826529 8.695697 10.203337 8.695697
0.243523 0.748151 0.442545 0.097914 0.477203 7.844976 7.821461 7.821461
0.998497 0.501416 0.751808 0.000000 0.410276 8.528390 10.203337 8.528390
0.717811 0.423254 1.000000 0.132496 0.719839 11.209080 10.203337 10.203337
0.588442 0.361646 0.669989 0.109062 0.262084 8.523101 7.617747 7.617747
0.207931 1.000000 0.401638 0.184489 0.285272 7.844976 13.212609 7.844976
0.576612 0.142820 0.067337 0.540509 0.727859 6.831444 7.617747 6.831444
0.918942 0.476043 0.667899 0.079875 0.893617 9.017592 10.203337 9.017592
0.679970 0.476031 0.952565 0.274874 0.357295 8.910932 5.325201 5.325201
0.000000 0.973338 0.418528 0.222264 0.418236 7.844976 8.120643 7.844976
1.000000 0.419482 1.000000 0.112778 0.781114 8.523101 10.203337 8.523101
0.260624 0.833027 0.257683 0.193037 0.412325 9.257903 11.834087 9.257903
0.907301 0.461658 0.746427 0.167244 0.617327 10.074381 10.203337 10.074381
0.361782 0.947015 0.296268 0.395931 0.630160 8.360486 7.821461 7.821461
0.207000 0.909126 0.275902 0.407572 0.495920 10.690325 10.375641 10.375641
0.406073 0.663754 0.394556 0.792828 0.658234 7.844976 7.821461 7.821461
0.171778 0.885528 0.510684 0.227120 0.557789 7.844976 8.738794 7.844976
0.246991 0.349168 0.828021 0.227926 0.027002 2.797420 10.187519 2.797420
0.165423 0.882597 0.052828 0.459808 0.092159 7.844976 7.821461 7.821461
0.000000 1.000000 0.000000 0.653573 0.659880 7.844976 7.821461 7.821461
0.598068 0.487714 0.891613 0.814415 0.931093 8.523101 5.325201 5.325201
0.289835 0.656380 0.343378 0.419423 0.305110 7.844976 7.821461 7.821461
0.264546 0.686115 0.437796 0.305186 0.860147 7.844976 7.821461 7.821461
0.209796 0.846099 0.236007 0.301167 0.414394 11.855960 12.582985 11.855960
0.406212 0.709320 0.382664 0.358814 0.704702 7.846173 7.821461 7.821461
0.545276 0.201835 0.131818 0.851131 0.746504 20.315054 8.765851 8.765851
0.386668 0.789419 0.601373 0.144086 0.768024 11.129715 7.821461 7.821461
0.790203 0.435206 0.476236 0.000000 0.144294 8.523101 10.203337 8.523101
0.333124 0.899292 0.179359 0.670177 0.103916 7.844976 7.827677 7.827677
0.655853 0.229993 0.044448 0.642015 0.831578 4.745164 7.659769 4.745164
0.000000 1.000000 0.078816 0.110275 0.538828 7.844976 7.821461 7.821461
0.950962 0.390340 0.222963 0.307045 0.674305 4.135904 7.617747 4.135904
1.000000 0.422450 0.910516 0.213485 0.388839 8.523101 10.203337 8.523101
0.064739 0.067191 0.534901 0.927986 0.812517 5.994030 10.187519 5.994030
0.253237 0.868535 0.594213 0.527179 0.877368 14.397318 7.821461 7.821461
0.450078 0.211915 1.000000 0.000000 0.353282 8.523101 10.187519 8.523101
0.000000 1.000000 0.000000 0.207981 0.351696 7.844976 7.821461 7.821461
0.342067 0.911144 0.187852 0.192943 0.108773 7.844976 8.308749 7.844976
0.383753 0.740887 0.404066 0.000000 0.981867 7.844976 7.821461 7.821461
0.401467 0.939450 0.021592 0.293297 0.715412 7.844976 7.821461 7.821461
0.388809 1.000000 0.000000 0.569177 0.469539 7.844976 7.821461 7.821461
0.218175 0.733811 0.424178 0.001876 0.149828 7.844976 7.846559 7.844976
0.649301 0.000000 0.789983 0.363014 0.266604 8.523101 7.617747 7.617747
0.950316 0.469318 0.812176 0.000000 0.911590 8.572021 10.203337 8.572021
0.267404 0.867036 0.164253 0.516996 0.822027 7.844976 7.821461 7.821461
0.249673 0.444798 0.224344 0.717378 0.291885 7.844976 1.250784 1.250784
0.615391 0.519036 0.582491 0.225648 0.507497 8.690258 10.203337 8.690258
0.959845 0.442742 0.626514 0.079137 1.000000 8.523101 10.203337 8.523101
0.277044 0.816133 0.352361 0.410061 0.378412 8.463873 9.206799 8.463873
0.332170 0.917983 0.276141 0.123700 0.471967 7.844976 8.695796 7.844976
0.374378 0.773999 0.029512 0.950155 0.275933 7.844976 7.821461 7.821461
0.912638 0.423925 0.801898 0.054369 0.650764 9.317012 10.203337 9.317012
0.695510 0.473204 0.743474 0.225955 0.246605 8.913411 10.203337 8.913411
0.000000 0.908173 0.229467 0.514063 0.933806 7.844976 7.821461 7.821461
0.839903 0.518721 0.588566 0.056688 1.000000 8.775469 10.203337 8.775469
0.587680 0.458020 0.827806 0.064331 0.518516 8.874795 10.203337 8.874795
0.688078 0.041030 0.457762 0.441620 0.940702 8.523101 8.354729 8.354729
0.465711 0.388687 0.624480 0.320550 0.801714 8.523101 10.187519 8.523101
0.379252 1.000000 0.410781 0.000000 0.225081 7.844976 8.588833 7.844976
1.000000 0.441320 0.664356 0.126201 0.148320 8.523101 10.203337 8.523101
0.124001 0.653053 0.245767 0.829691 0.609085 7.844976 7.821461 7.821461
0.071512 0.919095 0.000000 0.508843 0.684481 7.844976 7.821461 7.821461
0.729304 0.254662 0.511299 0.910906 0.026007 8.523101 7.617747 7.617747
0.453608 0.105618 0.800650 0.888790 0.542454 8.523101 10.187519 8.523101
0.672384 0.829378 0.762953 0.745541 0.123169 1.362984 5.340417 1.362984
0.500259 0.467404 0.869317 0.288860 0.748174 9.234577 10.187519 9.234577
0.817016 0.502815 0.783336 0.001857 0.579974 9.749626 10.203337 9.749626
0.828843 0.766258 0.859056 0.515385 0.340344 36.799752 57.905903 36.799752
0.755434 0.486871 0.525316 0.235795 0.455354 8.523101 10.203337 8.523101
0.774501 0.462037 0.691985 0.022242 0.146506 8.523101 10.203337 8.523101
0.620604 0.236412 0.454923 0.349123 0.551671 8.523101 7.617747 7.617747
0.488161 0.410625 0.565428 0.351325 0.542935 8.523101 10.187519 8.523101
0.483652 0.169214 0.600409 0.218773 0.370028 8.523101 10.187519 8.523101
0.160510 0.835523 0.191879 0.193037 0.496949 7.844976 8.883113 7.844976
0.060941 0.455543 0.490309 0.826816 0.355851 7.844976 1.231976 1.231976
