# gen=100 CA size=200
# x0..x(D-1) consensus
0.057041 0.819662 0.564876 33.900219
0.103963 0.734187 0.834536 53.225086
0.073306 0.850216 0.409472 35.081370
0.881941 1.000000 0.787838 26.210292
0.693621 0.450374 0.212416 50.853867
0.895502 0.359273 0.781496 26.751496
0.942650 0.315406 0.763442 64.955779
0.331359 0.793704 0.632305 27.263923
0.091904 0.775104 0.863258 77.649572
0.949387 0.296971 0.705364 38.437226
0.406339 0.753330 0.455775 27.304418
0.917871 1.000000 0.150231 32.956494
0.712145 0.379921 0.312771 31.738656
0.066597 0.711070 0.897700 31.301752
0.066931 0.860171 0.337205 26.830263
0.900515 0.581373 0.793940 41.443543
0.066931 0.802417 0.425720 31.192676
0.402873 0.078604 0.578491 47.970247
0.051473 0.929439 0.366532 26.987541
0.718282 0.391114 0.222743 27.714210
0.891074 0.596341 0.761828 85.205944
0.724486 0.472038 0.319899 61.261444
0.344339 0.604814 0.412391 36.080772
0.298957 0.811562 0.588201 34.089631
0.925368 0.251273 0.705983 26.224654
0.673440 0.442029 0.157548 29.098000
0.282135 0.121696 0.071224 34.389574
0.729057 0.454853 0.287419 44.328994
0.932648 0.282529 0.741168 48.026431
0.714063 0.464415 0.260330 84.056028
0.047811 0.774501 0.527834 40.321978
0.149851 0.391849 0.646164 31.829865
0.905329 0.374778 0.744223 26.382594
0.290927 0.170062 0.000000 31.777563
0.892763 0.939522 0.098460 46.425804
0.737880 0.414812 0.282213 26.961447
0.305622 0.136572 0.000000 38.267956
0.068310 0.825585 0.374191 28.470895
0.718551 0.454828 0.333440 43.993800
0.000000 0.726633 0.900034 31.387311
0.041356 0.908802 0.400580 26.339056
0.344178 0.795017 0.482721 57.985215
0.355444 0.588599 0.450151 40.714142
0.911389 1.000000 0.805604 26.649447
0.913640 0.313365 0.669709 26.072239
0.062083 0.934782 0.322379 29.203143
0.057486 0.878479 0.543502 30.975557
0.488744 0.139803 0.206445 27.800211
0.073511 0.924732 0.390652 43.879120
0.336424 0.818088 0.436968 81.028774
0.081496 0.659226 0.859434 32.086553
0.047328 0.924373 0.454874 28.951831
0.127614 0.378305 0.667962 80.420410
0.079883 1.000000 0.388019 27.941573
0.922444 0.328122 0.743430 58.619545
0.070090 0.907064 0.343390 28.082484
0.079831 0.936724 0.462084 27.476212
0.861493 0.570212 0.788701 32.088370
0.273494 0.857679 0.642426 28.187499
0.375150 0.585554 0.515843 73.432471
0.009693 0.775605 0.890194 27.651375
0.923033 0.984878 0.107110 42.542329
0.013769 0.662871 0.887174 27.803646
0.092357 0.732225 0.866779 63.125760
0.089642 0.841535 0.876500 36.430851
0.736011 0.488518 0.374812 29.973579
0.903022 0.974897 0.169711 36.379864
0.000000 0.781098 0.934044 29.496448
0.816305 0.820633 0.096190 26.214836
0.912740 0.982936 0.766118 29.111986
0.908454 0.955740 0.131214 74.122349
0.284600 0.093819 0.037694 29.710565
0.938836 0.303612 0.730838 59.553192
0.064962 0.806255 0.901324 49.265022
0.081949 1.000000 0.444085 26.309728
0.105504 0.808121 0.887586 37.074980
0.277763 0.075417 0.143888 31.087800
0.932270 0.585192 0.757106 30.522623
0.929530 0.328503 0.243460 28.080439
0.187634 0.341703 0.902514 26.060782
0.000000 0.721806 0.927909 29.670839
0.728563 0.435553 0.130566 26.237044
0.401993 0.752414 0.491132 28.082043
0.656635 0.455407 0.129287 26.613577
0.141449 0.388701 0.713884 39.947085
0.120935 0.814625 0.841503 38.522425
0.097808 0.631819 0.817553 26.314104
0.724789 0.498278 0.311784 51.416935
0.748682 0.490586 0.326575 35.015632
0.894072 0.942412 0.199219 26.270177
0.036057 0.733834 0.492242 29.197011
0.322302 0.609086 0.384995 28.773970
0.850630 0.952475 0.785798 36.965573
0.192096 0.330953 0.803775 30.032523
0.734768 0.497223 0.240208 43.410945
0.330629 0.821584 0.527823 53.370371
0.021563 0.742600 0.881117 34.525037
0.872565 0.907789 0.132772 38.290813
0.314938 0.120310 0.085882 41.018383
0.668232 0.518532 0.157898 26.170175
0.274647 0.089230 0.108374 30.085968
0.830106 0.587277 0.799379 34.238463
0.051176 0.785590 0.913897 42.764953
0.077345 0.832402 0.433907 30.669437
0.081275 0.876693 0.445386 27.971395
0.577135 0.295023 0.907148 36.487823
0.364152 0.606281 0.399070 32.050674
0.717709 0.535765 0.321770 33.408794
0.891509 1.000000 0.118127 27.452170
0.296137 0.179932 0.115571 67.778237
0.286380 0.147200 0.097252 49.994581
0.691698 0.452876 0.311576 36.246628
0.280107 0.201366 0.052130 26.126397
0.055356 0.921464 0.482316 40.884420
0.854373 0.612592 0.776568 26.424672
0.854328 0.600580 0.832068 31.813550
0.809753 0.584209 0.865995 26.097807
0.572520 0.211384 0.828287 28.672414
0.107693 0.675885 0.800870 27.163472
0.042215 0.778365 0.477981 38.346300
0.152627 0.348897 0.740998 50.163976
0.561926 0.231832 0.884736 71.594222
0.955245 1.000000 0.135313 30.933188
0.929071 0.344312 0.716715 32.248184
0.290688 0.123823 0.025892 34.478465
0.870177 0.578924 0.816899 31.992055
0.359767 0.576286 0.475135 37.619434
0.665493 0.483581 0.219580 26.208145
0.105349 0.665986 0.839758 34.191016
0.077589 0.966978 0.424380 31.359554
0.152104 0.737786 0.813850 26.581390
0.060068 0.931952 0.539017 26.551459
0.684492 0.349026 0.314348 27.352344
0.486496 0.227888 0.158032 79.295338
0.061258 0.756136 0.867866 65.390909
0.565304 0.292937 0.866989 29.261922
0.732039 0.419571 0.239390 27.051654
0.893931 0.351151 0.262201 36.944603
0.386806 0.774282 0.428857 32.956988
0.899541 0.315366 0.227919 36.208122
0.315549 0.834355 0.478129 87.706646
0.769497 0.794581 0.175996 26.634273
0.752788 0.454315 0.363167 29.455499
0.350120 0.820625 0.389407 56.585987
0.053730 0.887659 0.901459 26.865035
0.694416 0.490540 0.195623 51.698185
0.145081 0.796490 0.825228 34.771887
0.497531 0.177278 0.140043 34.667553
0.878637 0.904107 0.165271 31.323782
0.027740 0.868120 0.931481 27.467480
0.079339 1.000000 0.344868 27.844627
0.735151 0.501719 0.206953 32.335229
0.811718 0.405974 0.145728 26.586245
0.370000 0.771757 0.475589 36.564043
0.811301 0.807575 0.150519 26.869268
0.121351 0.690716 0.828624 37.998538
0.259713 0.880950 0.773422 27.841607
0.575672 0.260418 0.947344 29.831450
0.375034 0.795519 0.547332 27.027602
0.294915 0.096130 0.152503 35.278723
0.284621 0.055322 0.193874 26.193439
0.568162 0.303261 0.818730 28.744799
0.876041 0.979124 0.715431 26.374753
0.280744 0.893498 0.816111 60.986530
0.330807 0.782900 0.506926 36.153952
0.717052 0.486594 0.132767 28.036902
0.335691 0.798026 0.591951 30.917849
0.066792 0.898178 0.464754 53.584231
0.717148 0.524275 0.198179 30.058531
0.051946 0.850938 0.520128 44.731640
0.140936 0.348162 0.686037 35.863112
0.725334 0.510357 0.343931 37.845870
0.123971 0.382374 0.766518 28.402505
0.179594 0.359308 0.819357 27.364280
0.391472 0.621438 0.410712 26.174108
0.306425 0.147945 0.045233 59.483807
0.900331 0.308138 0.782092 31.551855
0.342774 0.790078 0.449589 51.354540
0.728990 0.443728 0.169541 28.794409
0.570766 0.263432 0.876814 45.883634
0.298467 0.836262 0.606856 36.515528
0.395080 0.750285 0.409944 29.638552
0.145278 0.359834 0.846049 26.122415
0.690653 0.475455 0.382629 26.561296
0.833978 0.310416 0.244537 31.239442
0.949863 0.356670 0.736962 29.379865
0.935520 0.357208 0.766992 36.125418
0.055541 0.826275 0.475409 73.098856
0.972896 0.284989 0.730221 26.779974
0.938845 0.270206 0.795768 29.591930
0.363071 0.768390 0.513520 32.276548
0.805532 0.598024 0.691907 26.053191
0.801786 0.913035 0.991051 26.053191
0.387090 0.625383 0.078361 26.053191
0.015879 0.583340 0.666219 26.053191
0.101043 0.728444 0.402148 26.053191
0.324136 0.193446 0.972396 26.053191
0.522864 0.669033 0.087910 26.053191
0.145687 0.111870 0.030113 26.053191
0.284011 0.259066 0.548614 26.053191
