# gen=10 mediating population
# x0..x(D-1) f0 f1 consensus
0.653700 0.502461 0.523544 0.965839 0.644109 8.099678 5.623235 5.623235
0.801277 0.844038 0.116380 0.939033 0.053472 8.099678 5.623235 5.623235
0.929198 0.801668 0.220324 0.661562 0.067249 8.099678 5.623235 5.623235
0.887146 0.794464 0.478840 0.716525 0.355799 8.099678 5.623235 5.623235
0.934025 0.618625 0.429532 0.531777 0.784103 8.099678 5.623235 5.623235
0.740118 0.793595 0.595203 0.624400 0.674136 8.099678 5.623235 5.623235
0.744200 0.547980 0.047561 0.487380 0.289155 8.099678 5.623235 5.623235
0.794089 0.986063 0.410795 0.406387 0.154696 8.099678 5.623235 5.623235
0.349301 0.800037 0.451797 0.531936 0.567655 0.006960 0.006960 0.006960
0.746025 1.000000 0.562421 0.371328 0.143497 8.099678 5.623235 5.623235
0.837792 0.710626 0.486268 0.599858 0.622739 8.099678 8.023940 8.023940
0.818176 0.648812 0.549894 0.857472 0.142561 8.099678 5.623235 5.623235
0.990914 0.777618 0.356228 0.966256 0.048500 8.099678 5.623235 5.623235
0.131631 0.187602 0.862979 0.124138 0.883486 1.556528 0.369051 0.369051
0.839333 0.870230 0.283558 0.413007 0.480869 8.099678 9.301242 8.099678
0.886108 0.570276 0.000000 0.394938 0.369697 8.099678 5.623235 5.623235
0.744743 0.589276 0.581688 0.699041 0.797978 8.099678 5.623235 5.623235
0.774944 0.621781 0.317984 0.713531 0.488419 8.099678 5.623235 5.623235
0.777953 0.914166 0.574841 0.446752 0.874366 8.099678 5.623235 5.623235
0.864088 1.000000 0.043881 0.411689 1.000000 8.099678 5.623235 5.623235
0.947321 0.742911 0.244105 0.528035 0.176512 8.099678 5.755566 5.755566
0.770423 0.648462 0.501192 0.841182 0.499954 8.099678 5.623235 5.623235
0.746517 0.593370 0.281175 0.929149 0.561604 8.099678 5.623235 5.623235
0.791449 0.652064 0.371934 0.813700 0.355679 8.099678 5.623235 5.623235
0.818532 0.760065 0.378106 0.685638 0.502659 8.099678 5.623235 5.623235
0.848733 0.792570 0.114402 0.700128 0.193100 8.099678 5.623235 5.623235
0.737244 0.556586 0.370087 0.673128 0.132061 8.099678 5.623235 5.623235
0.753700 0.601496 0.118336 0.819658 0.496921 8.099678 5.623235 5.623235
0.899839 0.651663 0.328558 0.818783 0.172131 8.099678 5.623235 5.623235
0.844212 0.666037 0.545627 0.366010 0.967202 8.099678 6.472168 6.472168
0.820305 0.764159 0.077593 0.915747 0.266285 8.099678 5.623235 5.623235
0.865238 0.822853 0.168352 0.800298 0.060361 8.099678 5.623235 5.623235
0.897181 0.585321 0.592937 0.340670 0.599967 8.099678 5.623235 5.623235
0.927382 0.617826 0.329234 0.355159 0.290407 8.099678 5.623235 5.623235
0.771035 0.535389 0.000000 0.568469 0.087686 8.099678 5.623235 5.623235
1.000000 0.773668 0.000000 0.781131 0.198843 8.099678 5.623235 5.623235
0.989081 0.509078 0.414896 0.746866 0.506325 8.099678 5.623235 5.623235
0.820469 0.743490 0.179545 0.375849 0.539469 8.099678 7.201078 7.201078
0.987484 0.886124 0.312228 0.570778 0.000000 8.099678 5.680683 5.680683
0.943887 0.648109 0.383184 0.455329 0.157668 8.099678 5.623235 5.623235
0.678133 0.694216 0.606048 0.329461 0.783364 8.099678 5.623235 5.623235
0.708334 0.726722 0.342344 0.343950 0.473805 9.405224 5.623235 5.623235
1.000000 0.807072 0.345773 0.503018 0.141137 8.099678 6.049358 6.049358
0.780357 0.680762 0.442694 0.463480 0.817780 8.099678 7.761835 7.761835
0.759440 0.585815 0.556500 0.462606 0.452836 8.099678 5.623235 5.623235
0.703813 0.753403 0.525552 0.471601 0.485340 8.099678 5.623235 5.623235
0.865247 0.801711 0.302025 0.559569 0.340473 8.099678 8.790726 8.099678
1.000000 0.931387 0.540251 0.387073 0.543971 8.099678 5.623235 5.623235
0.891632 0.795412 0.508939 0.343073 0.747899 8.099678 15.113897 8.099678
0.715265 0.172414 0.474705 0.615600 0.651604 0.457035 1.071671 0.457035
0.810344 0.591934 0.500921 0.330563 0.377301 8.099678 5.623235 5.623235
0.826801 0.636843 0.249169 0.477092 0.742161 8.099678 5.623235 5.623235
0.938588 0.795566 0.459392 0.476218 0.464304 24.444612 25.454022 24.444612
0.763448 0.914644 0.000000 0.971665 0.249492 8.099678 5.623235 5.623235
0.893406 0.799507 0.208426 0.573181 0.511525 8.099678 5.623235 5.623235
0.931786 0.612117 0.463087 0.618120 0.518100 8.099678 5.925969 5.925969
0.809718 0.799986 0.448139 0.351601 0.812992 8.099678 7.741768 7.741768
0.944663 0.589109 0.445006 0.366091 0.791318 8.099678 6.954001 6.954001
0.728430 0.596508 0.440120 0.339091 0.442394 8.099678 5.623235 5.623235
0.744886 0.641417 0.188369 0.485620 0.807254 8.099678 5.623235 5.623235
0.859903 0.918818 0.222939 0.844837 0.976742 8.099678 5.623235 5.623235
0.708414 0.832807 0.638976 0.434990 0.478198 8.099678 5.623235 5.623235
0.811491 0.804081 0.147626 0.581709 0.576617 8.099678 5.623235 5.623235
0.856424 0.862775 0.238385 0.466260 0.370693 8.099678 7.137381 7.137381
0.789993 0.612035 0.343696 0.459812 0.620501 8.099678 5.623235 5.623235
0.820194 0.644541 0.079992 0.474301 0.310942 8.099678 5.623235 5.623235
0.830697 0.965103 0.168411 0.771677 0.502486 8.099678 5.623235 5.623235
0.718802 0.683740 0.033165 0.593831 0.506404 8.099678 5.623235 5.623235
0.783265 0.912693 0.116267 0.592167 0.274798 8.099678 5.623235 5.623235
0.815673 0.671222 0.263200 0.601953 0.322477 8.099678 5.623235 5.623235
0.791767 0.616130 0.043183 0.689920 0.384127 8.099678 5.623235 5.623235
0.779272 0.746772 0.000000 0.407663 0.328281 8.099678 5.623242 5.623242
0.641001 0.810591 0.425330 0.500498 0.924860 8.099678 5.623235 5.623235
0.904736 0.682267 0.185255 0.334260 0.652578 8.099678 5.623235 5.623235
0.653105 0.969819 0.448388 0.785645 0.066212 8.099678 5.623235 5.623235
0.576170 0.652022 0.165560 0.634518 0.919122 8.099678 5.623235 5.623235
0.722309 0.702190 0.375782 0.633643 0.594332 8.099678 5.842846 5.842846
0.814452 0.832880 0.386516 0.604407 0.449693 8.099678 7.315501 7.315501
0.642775 0.814686 0.124817 0.730606 0.688486 8.099678 5.623235 5.623235
0.687707 0.873380 0.215576 0.615157 0.482562 8.099678 5.623235 5.623235
1.000000 0.514597 0.309880 0.405148 0.208907 8.099678 5.623235 5.623235
0.856979 0.742733 0.175478 0.485493 0.790776 8.099678 5.623235 5.623235
0.931114 0.940291 0.138440 0.849936 0.047032 8.099678 5.623235 5.623235
0.901937 1.000000 0.006224 0.299422 0.000000 8.099678 5.623235 5.623235
0.721232 0.690078 0.484545 0.780138 0.928309 8.099678 5.623235 5.623235
0.655165 0.856236 0.364052 0.374434 0.508092 8.099678 5.623235 5.623235
0.914811 0.946331 0.153912 0.469860 0.132242 8.099678 5.623235 5.623235
0.889724 0.895764 0.000000 0.688097 0.495259 8.099678 5.623235 5.623235
0.783649 1.000000 0.536970 0.556066 0.260553 8.099678 5.623235 5.623235
0.746965 0.780107 0.216229 0.941145 0.611298 8.099678 5.623235 5.623235
1.000000 1.000000 0.280208 0.827871 0.060251 8.099678 5.623235 5.623235
0.641607 0.531027 0.219464 0.300085 0.303659 8.099678 5.623235 5.623235
1.000000 0.966885 0.579177 0.465393 1.000000 8.099678 5.623235 5.623235
0.833996 0.582869 0.307040 0.900349 0.053129 8.099678 5.623235 5.623235
1.000000 0.694537 0.602417 0.525580 0.325781 8.099678 5.623235 5.623235
0.839333 0.684280 0.038805 0.892460 0.479098 8.099678 5.623235 5.623235
1.000000 0.832258 0.347026 0.691373 0.635907 8.099678 5.623235 5.623235
0.855928 0.788497 0.000000 1.000000 0.818843 8.099678 5.623235 5.623235
0.664113 0.587544 0.473198 0.419638 0.512378 8.099678 5.623235 5.623235
0.946788 0.960399 0.326849 0.982403 0.016322 8.099678 5.623235 5.623235
1.000000 1.000000 0.416180 0.867427 0.000000 8.099678 5.623235 5.623235
0.597682 0.884960 0.564094 0.952647 0.369270 8.099678 5.623235 5.623235
1.000000 0.615851 0.000000 0.976226 0.000000 8.099678 5.623235 5.623235
0.398969 0.432940 0.916430 0.495176 0.137073 0.006960 0.414898 0.006960
0.865428 0.532063 0.185764 0.653048 0.583020 8.099678 5.623235 5.623235
0.877496 0.545232 0.161833 0.911460 0.910400 8.099678 5.623235 5.623235
1.000000 0.766256 0.000000 0.746057 1.000000 8.099678 5.623235 5.623235
0.953967 0.797199 0.000000 0.564571 0.418177 8.099678 5.623235 5.623235
0.369688 0.470178 0.030150 0.821532 0.287343 1.150253 0.019417 0.019417
0.742959 0.687938 0.197631 0.564239 0.925221 8.099678 5.623235 5.623235
0.972104 0.933405 0.205287 0.939209 0.268863 8.099678 5.623235 5.623235
0.689053 0.725973 0.535818 0.613575 0.394544 8.099678 5.623235 5.623235
0.637213 1.000000 0.000000 0.294861 0.930106 8.099678 5.623235 5.623235
0.970235 0.709914 0.565444 0.772350 0.072919 8.099678 5.623235 5.623235
0.790020 0.837481 0.015398 0.428484 0.957662 8.099678 5.623235 5.623235
1.000000 1.000000 0.036494 0.895273 0.695623 8.099678 5.623235 5.623235
0.947478 0.914734 0.378048 0.253902 0.543952 8.099678 0.964813 0.964813
0.929406 0.987672 0.449150 0.735248 0.000000 8.099678 5.623235 5.623235
0.799324 0.786123 0.087026 0.470217 0.495508 8.099678 5.623235 5.623235
1.000000 0.917800 0.250043 0.730184 0.682358 8.099678 5.623235 5.623235
0.868012 1.000000 0.584054 0.433561 0.473407 8.099678 6.444208 6.444208
0.188383 0.918578 0.255182 0.678973 0.823785 1.150253 0.006960 0.006960
0.679641 0.881957 0.537051 1.000000 0.071137 8.099678 5.623235 5.623235
0.673694 0.662904 0.000000 0.888218 0.658106 8.099678 5.623235 5.623235
0.616433 1.000000 0.186518 0.756288 0.530152 8.099678 5.623235 5.623235
1.000000 1.000000 0.572368 0.490621 0.000000 8.099678 5.623235 5.623235
1.000000 0.919161 0.330637 0.381263 0.251500 8.099678 6.129028 6.129028
0.885321 0.709936 0.494036 0.673894 0.492972 8.099678 5.668171 5.668171
0.814814 0.967096 0.385935 0.265347 0.537655 8.099678 0.964813 0.964813
0.955510 0.935215 0.385665 0.633499 0.054231 8.099678 5.677212 5.677212
0.918484 0.843989 0.256447 1.000000 0.676485 8.099678 5.623235 5.623235
0.726595 0.553553 0.032636 0.981194 0.132424 8.099678 5.623235 5.623235
0.654672 0.809031 0.000000 0.878191 0.000000 8.099678 5.623235 5.623235
0.628384 1.000000 0.515762 0.469646 0.000000 8.099678 5.623235 5.623235
0.893498 0.981259 0.000000 0.553656 0.408827 8.099678 5.623235 5.623235
1.000000 0.713727 0.000000 0.518719 0.559473 8.099678 5.623235 5.623235
0.871056 0.627457 0.129534 0.711387 0.704271 8.099678 5.623235 5.623235
0.664666 0.904889 0.127504 0.877751 0.404549 8.099678 5.623235 5.623235
0.819778 0.922234 0.232479 1.000000 0.610060 8.099678 5.623235 5.623235
1.000000 0.547639 0.585484 0.664755 1.000000 8.099678 5.623235 5.623235
0.744422 0.488209 0.568097 0.808937 0.399518 8.099678 5.623235 5.623235
0.921555 0.672073 0.531495 0.702741 0.388058 8.099678 6.252919 6.252919
0.722077 0.982836 0.330666 0.594962 0.075707 8.099678 5.623235 5.623235
0.681278 0.556099 0.564213 0.534850 1.000000 8.099678 5.623235 5.623235
0.582856 0.779259 0.584520 0.390279 0.537227 8.099678 5.623235 5.623235
0.976150 1.000000 0.623794 0.913871 0.116844 8.099678 5.623235 5.623235
0.857626 0.985134 0.000000 0.567820 0.613413 8.099678 5.623235 5.623235
0.896728 0.987391 0.412383 0.441078 0.327305 8.099678 11.465621 8.099678
1.000000 0.594159 0.474886 0.837578 0.948999 8.099678 5.623235 5.623235
0.613941 1.000000 0.000000 0.884464 0.660715 8.099678 5.623235 5.623235
0.896979 0.635824 0.226589 0.943975 0.647321 8.099678 5.623235 5.623235
1.000000 0.901390 0.000000 0.337394 0.368514 8.099678 5.623235 5.623235
0.864206 0.968621 0.266945 0.800056 0.412496 8.099678 5.623235 5.623235
0.800505 0.484295 0.462615 0.455050 0.891250 8.099678 5.623235 5.623235
0.115564 0.737011 0.673544 0.342719 0.557949 0.006960 0.006960 0.006960
0.751547 0.887095 0.450620 0.689003 0.322288 8.099678 5.648691 5.648691
0.994371 0.803793 0.295282 0.407224 0.593232 8.099678 5.623235 5.623235
0.761416 0.927018 0.625067 0.938340 0.200943 8.099678 5.623235 5.623235
0.965082 1.000000 0.290020 0.322719 0.636796 8.099678 5.623235 5.623235
0.784026 0.825807 0.000000 0.806682 0.409304 8.099678 5.623235 5.623235
0.766397 1.000000 0.630059 0.795048 0.000000 8.099678 5.623235 5.623235
0.503225 0.289436 0.414411 0.189110 0.611652 2.272217 0.369051 0.369051
0.787960 0.599730 0.227237 0.826360 0.680468 8.099678 5.623235 5.623235
0.915328 0.724398 0.145525 0.693537 0.617140 8.099678 5.623235 5.623235
0.835027 0.620816 0.000000 0.512216 0.000000 8.099678 5.623235 5.623235
0.905188 1.000000 0.193009 0.442638 0.456028 8.099678 5.623235 5.623235
0.442454 0.636212 0.428244 0.349417 0.144002 8.099678 0.006960 0.006960
0.964289 1.000000 0.276806 0.393295 0.136720 8.099678 5.623235 5.623235
0.930794 0.952412 0.427593 0.537361 0.777801 8.099678 5.623235 5.623235
0.870328 1.000000 0.255009 0.372759 0.229720 8.099678 5.623235 5.623235
0.811092 0.539645 0.545743 0.541977 0.356098 8.099678 5.623235 5.623235
0.818360 0.887687 0.440174 0.629659 0.620737 8.099678 5.623235 5.623235
0.813075 0.986957 0.000000 1.000000 0.602102 8.099678 5.623235 5.623235
0.958575 0.494551 0.546044 0.249096 0.248086 8.099678 0.964813 0.964813
0.680737 0.550321 0.305035 0.475096 0.999995 8.099678 5.623235 5.623235
0.959450 1.000000 0.000000 0.400535 0.207087 8.099678 5.623235 5.623235
1.000000 0.605454 0.317821 0.517400 0.473277 8.099678 5.623235 5.623235
0.777657 0.573504 0.408495 0.281595 0.806409 8.099678 5.623235 5.623235
0.867967 1.000000 0.538327 0.460325 0.653350 8.099678 5.623235 5.623235
0.890260 0.706430 0.310835 0.762859 0.782367 8.099678 5.623235 5.623235
0.872854 0.747037 0.388305 0.857891 0.893650 8.099678 5.623235 5.623235
0.958575 0.494551 0.074918 0.591778 0.159869 8.099678 5.623235 5.623235
0.841906 1.000000 0.447877 0.402158 0.043026 8.099678 5.623235 5.623235
0.606348 0.785909 0.000000 0.889553 0.377046 8.099678 5.623235 5.623235
1.000000 0.590952 0.612645 0.792797 0.455168 8.099678 5.623235 5.623235
0.666774 0.765568 0.000000 0.288914 0.032190 8.099678 5.623235 5.623235
0.099601 0.679046 0.629019 0.411101 0.636074 0.006960 0.006960 0.006960
0.011176 0.211413 0.726778 0.804212 0.843779 0.416448 0.414898 0.414898
1.000000 1.000000 0.493313 0.612250 0.627683 8.099678 5.623235 5.623235
0.245440 0.626949 0.208148 0.882561 0.955788 1.150253 0.019417 0.019417
0.746000 0.791159 0.000000 0.861652 0.706770 8.099678 5.623235 5.623235
0.587006 0.497901 0.421459 0.501407 0.361813 8.099678 5.623235 5.623235
0.887407 0.699717 0.023886 0.354888 0.183875 8.099678 5.623235 5.623235
0.698349 0.678378 0.420831 0.715395 0.524166 8.099678 5.623235 5.623235
0.692921 0.567893 0.004949 0.502903 0.742100 8.099678 5.623235 5.623235
0.876308 0.993314 0.408590 0.584846 0.205609 8.099678 6.535029 6.535029
1.000000 0.638357 0.010262 0.637496 0.836310 8.099678 5.623235 5.623235
0.753399 0.872731 0.201439 0.295537 0.070666 8.099678 5.623235 5.623235
0.957319 0.764725 0.527123 0.535740 0.757405 8.099678 5.623235 5.623235
0.808766 0.599888 0.018002 0.327492 0.209180 8.099678 5.623235 5.623235
0.882202 0.916260 0.211161 0.581716 0.684660 8.099678 5.623235 5.623235
0.757783 0.575239 0.324479 0.983889 0.124701 8.099678 5.623235 5.623235
0.594620 1.000000 0.588896 0.346834 0.000000 8.099678 5.623235 5.623235
1.000000 0.483166 0.521579 0.937843 0.000000 8.099678 5.623235 5.623235
1.000000 0.710768 0.460899 0.515302 0.934449 8.099678 5.623235 5.623235
0.979904 0.953818 0.618295 0.443192 0.184973 8.099678 5.623235 5.623235
0.759762 1.000000 0.330719 0.301779 0.118226 8.099678 5.623235 5.623235
0.729502 0.761752 0.000000 0.950731 0.569425 8.099678 5.623235 5.623235
0.741923 0.638275 0.139779 0.970945 0.580637 8.099678 5.623235 5.623235
0.848950 0.636218 0.014266 0.801814 0.156227 8.099678 5.623235 5.623235
1.000000 0.956580 0.404513 0.568073 0.420712 8.099678 5.623235 5.623235
0.837777 0.948116 0.490172 0.519346 0.392589 8.099678 8.009141 8.009141
0.729997 0.685647 0.307830 0.691169 0.285122 8.099678 5.623235 5.623235
0.405857 0.085657 0.103427 0.331112 0.165925 2.606915 0.839224 0.839224
0.939451 0.364176 0.684289 0.167471 0.771282 2.272217 5.368632 2.272217
0.806066 0.765329 0.040203 0.616999 0.409619 8.099678 5.623235 5.623235
0.908424 1.000000 0.286738 0.867145 0.244751 8.099678 5.623235 5.623235
0.904519 0.822553 0.197562 1.000000 0.347666 8.099678 5.623235 5.623235
0.932300 0.885860 0.180177 0.287685 0.547074 8.099678 5.623235 5.623235
0.932591 0.680101 0.413008 0.464372 0.482199 8.099678 10.140567 8.099678
0.983225 0.626921 0.012053 0.684075 0.510314 8.099678 5.623235 5.623235
0.904840 0.956583 0.000000 0.673700 0.811965 8.099678 5.623235 5.623235
0.704325 0.840935 0.232812 0.600060 0.052077 8.099678 5.623235 5.623235
0.893985 0.960777 0.284928 0.527973 0.097741 8.099678 6.073934 6.073934
0.672964 0.250378 0.675988 0.006563 0.437791 2.272217 5.368632 2.272217
0.570085 0.735965 0.367971 0.532609 0.719241 8.099678 5.623235 5.623235
0.641866 0.654378 0.558795 0.821275 0.319067 8.099678 5.623235 5.623235
0.917226 0.824329 0.000000 0.351884 0.961266 8.099678 5.623235 5.623235
1.000000 0.632827 0.000000 0.993142 0.228989 8.099678 5.623235 5.623235
0.945130 0.809796 0.273746 0.704192 0.811896 8.099678 5.623235 5.623235
0.851615 0.825718 0.445730 0.473892 0.557685 11.763459 32.132155 11.763459
0.627721 0.545091 0.407547 0.943545 0.413759 8.099678 5.623235 5.623235
0.824481 0.686960 0.611256 0.645574 0.650987 8.099678 6.818822 6.818822
1.000000 0.706634 0.049455 0.880072 0.309288 8.099678 5.623235 5.623235
0.233542 0.378549 0.097439 0.842552 0.641353 2.606915 0.839224 0.839224
0.901055 0.800603 0.608732 0.451726 0.640369 8.099678 17.168159 8.099678
0.135493 0.833650 0.316081 0.872855 0.566090 1.150253 0.019417 0.019417
1.000000 0.801302 0.350928 0.810615 0.195242 8.099678 5.623235 5.623235
0.778625 0.858371 0.108722 0.790860 0.250540 8.099678 5.623235 5.623235
0.889655 0.832389 0.592966 0.579193 0.448561 8.099678 12.637796 8.099678
0.709796 0.827348 0.398255 0.652996 0.580631 8.099678 5.862305 5.862305
1.000000 0.567858 0.039364 1.000000 0.580108 8.099678 5.623235 5.623235
0.824512 0.748459 0.000000 0.507643 0.170616 8.099678 5.623235 5.623235
0.719048 0.892525 0.550380 0.895201 0.361512 8.099678 5.623235 5.623235
0.367432 0.245925 0.779083 0.795842 0.563020 0.416448 0.414898 0.414898
0.921833 1.000000 0.453326 0.303163 0.438340 8.099678 7.131723 7.131723
0.881569 0.906217 0.550154 0.458056 0.551389 8.099678 16.064539 8.099678
0.956260 1.000000 0.559435 0.505021 0.254237 8.099678 8.329365 8.099678
0.900869 0.808877 0.351796 0.729926 0.429487 8.099678 5.623235 5.623235
0.851958 1.000000 0.605223 0.933139 0.498739 8.099678 5.623235 5.623235
0.766447 0.551880 0.026831 0.929496 0.487868 8.099678 5.623235 5.623235
0.750591 0.796085 0.268589 0.777427 0.261081 8.099678 5.623235 5.623235
1.000000 0.906129 0.598412 0.344696 0.000000 8.099678 5.623235 5.623235
0.608123 0.752301 0.566085 0.605326 0.537194 8.099678 5.623235 5.623235
0.836131 0.853922 0.363583 0.652735 0.277368 8.099678 6.514062 6.514062
0.953177 0.613914 0.395979 1.000000 0.000000 8.099678 5.623235 5.623235
0.870059 1.000000 0.346823 0.592072 0.464751 8.099678 5.623235 5.623235
0.746883 0.842334 0.467568 0.356988 0.872148 8.099678 5.623235 5.623235
0.678928 0.626220 0.607088 0.420120 0.597567 8.099678 5.623235 5.623235
0.694939 0.844468 0.159797 1.000000 0.122046 8.099678 5.623235 5.623235
0.668412 0.892531 0.541749 0.568025 0.355512 8.099678 5.623235 5.623235
0.782178 0.502421 0.236380 0.409308 0.278413 8.099678 5.623235 5.623235
1.000000 0.990625 0.472840 0.571819 0.000000 8.099678 5.740202 5.740202
0.703316 0.650872 0.114092 0.618614 0.288282 8.099678 5.623235 5.623235
0.641498 0.531657 0.144036 0.506958 0.530111 8.099678 5.623235 5.623235
0.866784 0.934169 0.410795 0.325084 0.178259 8.099678 5.623235 5.623235
0.891011 0.599178 0.034595 0.377923 0.018887 8.099678 5.623235 5.623235
0.833663 0.845048 0.475728 1.000000 0.634601 8.099678 5.623235 5.623235
0.989645 0.716154 0.337656 0.445648 0.000000 8.099678 5.623235 5.623235
0.909751 0.720155 0.579177 0.717994 0.421942 8.099678 6.059221 6.059221
0.796337 0.723763 0.307319 0.632866 0.419817 8.099678 5.679514 5.679514
0.640315 0.588459 0.322588 0.446441 0.361900 8.099678 5.623235 5.623235
0.927201 0.822184 0.109766 0.616122 0.272116 8.099678 5.623235 5.623235
0.446354 0.118470 0.275349 0.097017 0.892592 2.272217 0.369051 0.369051
1.000000 0.523412 0.187930 0.468714 0.326907 8.099678 5.623235 5.623235
0.802820 0.596807 0.488064 0.457422 0.311260 8.099678 5.623235 5.623235
0.870846 0.839852 0.000000 0.879960 0.127998 8.099678 5.623235 5.623235
0.623556 0.712671 0.180818 0.764437 0.978270 8.099678 5.623235 5.623235
0.763849 0.703545 0.363414 0.689026 0.819698 8.099678 5.623235 5.623235
0.723532 0.572953 0.260264 0.509716 0.426403 8.099678 5.623235 5.623235
1.000000 1.000000 0.000000 0.795294 0.170594 8.099678 5.623235 5.623235
0.932300 0.786662 0.199859 0.414656 0.337127 8.099678 6.259698 6.259698
0.992791 0.886636 0.374008 0.970047 0.572134 8.099678 5.623235 5.623235
0.747953 0.849969 0.511216 0.711005 0.514459 8.099678 6.043366 6.043366
0.780299 0.966628 0.000000 0.610548 0.851882 8.099678 5.623235 5.623235
0.721175 0.856817 0.238385 0.487380 0.555984 8.099678 5.795929 5.795929
0.704218 0.953113 0.174887 0.602615 0.170561 8.099678 5.623235 5.623235
0.908232 0.553198 0.105331 0.300832 0.765639 8.099678 5.623235 5.623235
0.975499 0.821592 0.393370 0.475170 0.303300 8.099678 11.835957 8.099678
0.839747 0.956403 0.452592 0.420875 0.484372 8.099678 8.935068 8.099678
0.176214 0.567911 0.900208 0.065954 0.431928 0.006960 0.727971 0.006960
0.931647 0.559408 0.365354 0.391435 0.690031 8.099678 7.268860 7.268860
0.761992 0.975258 0.386213 0.972142 0.135520 8.099678 5.623235 5.623235
0.851691 0.989327 0.376770 0.546486 0.322571 8.099678 5.669251 5.669251
0.835987 0.547033 0.531960 0.393500 0.704095 8.099678 5.623235 5.623235
0.733896 0.959989 0.000000 0.942784 0.000000 8.099678 5.623235 5.623235
0.794028 0.609423 0.307597 0.281701 0.469089 8.099678 5.623235 5.623235
0.917361 0.673884 0.566587 0.350965 0.222382 8.099678 5.623235 5.623235
0.620641 0.954384 0.524528 0.308695 0.741619 8.099678 5.623235 5.623235
1.000000 1.000000 0.511519 0.521976 0.358624 8.099678 5.623235 5.623235
