# gen=0 mediating population
# x0..x(D-1) f0 f1 consensus
0.973011 0.932552 0.080681 0.309266 0.421942 0.909816 0.381213 0.869613 0.822590 0.760817 0.000223 0.000000 0.000000
0.723898 0.797015 0.111076 0.397551 0.023252 0.581461 0.569385 0.822348 0.400145 0.090219 0.000223 0.000000 0.000000
0.902141 0.964701 0.130079 0.366222 0.041341 0.118619 0.925523 0.833658 0.108910 0.632048 0.000223 0.000000 0.000000
0.818935 0.948648 0.150511 0.849565 0.065060 0.492963 0.231530 0.064891 0.511882 0.071718 0.000223 0.000000 0.000000
0.745217 0.889155 0.184491 0.878547 0.070386 0.030728 0.004155 0.101452 0.662415 0.956045 0.000223 0.000000 0.000000
0.958301 0.923028 0.215304 0.437336 0.185205 0.630370 0.632577 0.046421 0.698753 0.706735 0.000223 0.000000 0.000000
0.370969 0.784789 0.579650 0.071245 0.607344 0.760251 0.373584 0.750517 0.736616 0.099179 0.000015 0.000000 0.000000
0.006433 0.978564 0.374754 0.662172 0.798318 0.119578 0.977171 0.943773 0.459739 0.243230 0.000015 0.000001 0.000001
0.679996 0.628341 0.940760 0.708547 0.255101 0.807851 0.030819 0.556404 0.907940 0.913007 0.000000 0.000045 0.000000
0.778927 0.857129 0.956911 0.831848 0.575518 0.930175 0.993020 0.889539 0.800674 0.671394 0.000000 0.000045 0.000000
0.761566 0.469047 0.037060 0.282655 0.734569 0.194400 0.388759 0.201935 0.410952 0.394037 0.000000 0.000020 0.000000
0.804788 0.194197 0.134709 0.176531 0.201334 0.374156 0.516416 0.839595 0.594101 0.359202 0.000000 0.000020 0.000000
0.950258 0.436087 0.537842 0.024010 0.506058 0.867430 0.297294 0.983212 0.169909 0.971539 0.000000 0.000001 0.000000
0.767494 0.446224 0.966514 0.028287 0.986008 0.602239 0.779365 0.582409 0.635197 0.002012 0.000000 0.000001 0.000000
0.988182 0.415249 0.376576 0.137137 0.813720 0.716742 0.851489 0.207423 0.107492 0.234203 0.000000 0.000001 0.000000
0.917761 0.240641 0.694751 0.058341 0.274263 0.065818 0.016665 0.225943 0.536059 0.383488 0.000000 0.000001 0.000000
0.826504 0.780447 0.510721 0.508906 0.338522 0.858833 0.206016 0.713009 0.865265 0.836912 0.000000 0.000000 0.000000
0.875969 0.894841 0.518796 0.570557 0.498730 0.919996 0.687117 0.879576 0.811632 0.716106 0.000000 0.000000 0.000000
0.867289 0.700800 0.058870 0.295961 0.578255 0.552108 0.384986 0.535774 0.616771 0.577427 0.000000 0.000000 0.000000
0.888900 0.563375 0.107695 0.242898 0.311638 0.641986 0.448815 0.854604 0.708346 0.560010 0.000000 0.000000 0.000000
0.961635 0.684319 0.309262 0.166638 0.464000 0.888623 0.339254 0.926413 0.496250 0.866178 0.000000 0.000000 0.000000
0.870253 0.689388 0.523598 0.168777 0.703975 0.756027 0.580289 0.726011 0.728894 0.381414 0.000000 0.000000 0.000000
0.980597 0.673900 0.228629 0.223202 0.617831 0.813279 0.616351 0.538518 0.465041 0.497510 0.000000 0.000000 0.000000
0.945386 0.586596 0.387716 0.183804 0.348103 0.487817 0.198939 0.547778 0.679325 0.572153 0.000000 0.000000 0.000000
0.701947 0.712678 0.525918 0.553049 0.139177 0.694656 0.300102 0.689376 0.654042 0.501613 0.000000 0.000000 0.000000
0.751412 0.827072 0.533993 0.614700 0.299385 0.755818 0.781202 0.855944 0.600409 0.380807 0.000000 0.000000 0.000000
0.742732 0.633031 0.074068 0.340103 0.378910 0.387931 0.479072 0.512141 0.405549 0.242128 0.000000 0.000000 0.000000
0.764343 0.495606 0.122893 0.287041 0.112293 0.477809 0.542900 0.830972 0.497123 0.224711 0.000000 0.000000 0.000000
0.837078 0.616551 0.324459 0.210780 0.264655 0.724445 0.433339 0.902780 0.285027 0.530879 0.000000 0.000000 0.000000
0.745696 0.621620 0.538795 0.212919 0.504630 0.591850 0.674375 0.702379 0.517671 0.046116 0.000000 0.000000 0.000000
0.856040 0.606132 0.243826 0.267344 0.418486 0.649102 0.710437 0.514885 0.253819 0.162211 0.000000 0.000000 0.000000
0.820830 0.518828 0.402914 0.227946 0.148757 0.323640 0.293025 0.524145 0.468102 0.236854 0.000000 0.000000 0.000000
0.791069 0.796521 0.535419 0.537384 0.148221 0.463235 0.478171 0.695031 0.508425 0.772527 0.000000 0.000000 0.000000
0.840534 0.910915 0.543495 0.599035 0.308429 0.524397 0.959271 0.861599 0.454792 0.651721 0.000000 0.000000 0.000000
0.831854 0.716874 0.083569 0.324439 0.387955 0.156510 0.657141 0.517796 0.259931 0.513042 0.000000 0.000000 0.000000
0.853465 0.579449 0.132394 0.271377 0.121338 0.246387 0.720970 0.836626 0.351505 0.495625 0.000000 0.000000 0.000000
0.926200 0.700394 0.333961 0.195116 0.273700 0.493024 0.611408 0.908435 0.139409 0.801793 0.000000 0.000000 0.000000
0.834817 0.705463 0.548297 0.197255 0.513675 0.360429 0.852444 0.708033 0.372053 0.317030 0.000000 0.000000 0.000000
0.945162 0.689975 0.253328 0.251680 0.427531 0.417681 0.888506 0.520540 0.108201 0.433126 0.000000 0.000000 0.000000
0.909951 0.602671 0.412415 0.212282 0.157802 0.092218 0.471094 0.529800 0.322484 0.507768 0.000000 0.000000 0.000000
0.749465 0.788495 0.545636 0.779056 0.160081 0.650407 0.131175 0.310648 0.709911 0.492362 0.000000 0.000000 0.000000
0.798931 0.902889 0.553711 0.840707 0.320289 0.711569 0.612275 0.477215 0.656278 0.371556 0.000000 0.000000 0.000000
0.790250 0.708848 0.093785 0.566110 0.399814 0.343682 0.310144 0.133413 0.461417 0.232877 0.000000 0.000000 0.000000
0.811862 0.571423 0.142610 0.513048 0.133197 0.433560 0.373973 0.452243 0.552992 0.215460 0.000000 0.000000 0.000000
0.884596 0.692368 0.344177 0.436788 0.285559 0.680196 0.264412 0.524052 0.340895 0.521628 0.000000 0.000000 0.000000
0.793214 0.697436 0.558513 0.438926 0.525534 0.547601 0.505448 0.323650 0.573540 0.036865 0.000000 0.000000 0.000000
0.903558 0.681949 0.263544 0.493351 0.439390 0.604853 0.541509 0.136157 0.309687 0.152960 0.000000 0.000000 0.000000
0.868348 0.594645 0.422631 0.453953 0.169662 0.279390 0.124098 0.145417 0.523971 0.227603 0.000000 0.000000 0.000000
0.712607 0.758748 0.562625 0.793547 0.162744 0.419290 0.017487 0.328928 0.785177 0.934526 0.000000 0.000000 0.000000
0.762072 0.873142 0.570701 0.855198 0.322952 0.480452 0.498587 0.495496 0.731545 0.813720 0.000000 0.000000 0.000000
0.753392 0.679101 0.110775 0.580601 0.402477 0.112564 0.196457 0.151693 0.536684 0.675041 0.000000 0.000000 0.000000
0.775003 0.541676 0.159600 0.527539 0.135860 0.202442 0.260286 0.470524 0.628258 0.657624 0.000000 0.000000 0.000000
0.847738 0.662621 0.361166 0.451279 0.288222 0.449079 0.150725 0.542332 0.416162 0.963792 0.000000 0.000000 0.000000
0.756356 0.667690 0.575502 0.453417 0.528197 0.316483 0.391760 0.341931 0.648806 0.479028 0.000000 0.000000 0.000000
0.866700 0.652202 0.280533 0.507842 0.442053 0.373735 0.427822 0.154437 0.384954 0.595124 0.000000 0.000000 0.000000
0.831489 0.564898 0.439621 0.468444 0.172325 0.048273 0.010410 0.163697 0.599237 0.669767 0.000000 0.000000 0.000000
0.819149 0.775685 0.578032 0.572941 0.220153 0.719110 0.331698 0.301413 0.803347 0.809871 0.000000 0.000000 0.000000
0.868614 0.890079 0.586107 0.634592 0.380361 0.780273 0.812798 0.467980 0.749714 0.689064 0.000000 0.000000 0.000000
0.859933 0.696038 0.126182 0.359996 0.459887 0.412385 0.510668 0.124178 0.554853 0.550386 0.000000 0.000000 0.000000
0.881545 0.558613 0.175007 0.306934 0.193269 0.502263 0.574496 0.443008 0.646427 0.532969 0.000000 0.000000 0.000000
0.954280 0.679557 0.376573 0.230673 0.345631 0.748900 0.464935 0.514816 0.434331 0.839137 0.000000 0.000000 0.000000
0.862897 0.684626 0.590909 0.232812 0.585606 0.616304 0.705971 0.314415 0.666975 0.354373 0.000000 0.000000 0.000000
0.973242 0.669138 0.295940 0.287237 0.499462 0.673556 0.742033 0.126922 0.403123 0.470469 0.000000 0.000000 0.000000
0.938031 0.581834 0.455027 0.247839 0.229734 0.348094 0.324621 0.136182 0.617406 0.545111 0.000000 0.000000 0.000000
0.525483 0.706565 0.760205 0.389896 0.431223 0.784051 0.202201 0.653461 0.822278 0.506093 0.000015 0.000000 0.000000
0.574948 0.820959 0.768280 0.451547 0.591431 0.845213 0.683302 0.820028 0.768645 0.385287 0.000015 0.000000 0.000000
0.566267 0.626918 0.308355 0.176950 0.670956 0.477326 0.381171 0.476226 0.573784 0.246608 0.000000 0.000001 0.000000
0.587879 0.489493 0.357180 0.123888 0.404339 0.567203 0.445000 0.795056 0.665359 0.229191 0.000000 0.000000 0.000000
0.660614 0.610438 0.558746 0.047628 0.556701 0.813840 0.335439 0.866865 0.453263 0.535359 0.000000 0.000000 0.000000
0.569231 0.615507 0.773082 0.049766 0.796676 0.681245 0.576474 0.666463 0.685907 0.050595 0.000000 0.000000 0.000000
0.679576 0.600019 0.478113 0.104191 0.710532 0.738497 0.612536 0.478970 0.422054 0.166691 0.000000 0.000000 0.000000
0.644365 0.512715 0.637200 0.064793 0.440804 0.413034 0.195124 0.488230 0.636338 0.241334 0.000000 0.000000 0.000000
0.343215 0.803453 0.657757 0.685359 0.526710 0.463715 0.503995 0.750089 0.683839 0.578118 0.000015 0.000000 0.000000
0.392680 0.917847 0.665833 0.747010 0.686918 0.524877 0.985095 0.916656 0.630206 0.457312 0.000015 0.000000 0.000000
0.384000 0.723806 0.205907 0.472413 0.766443 0.156989 0.682965 0.572854 0.435345 0.318633 0.000015 0.000001 0.000001
0.405611 0.586381 0.254732 0.419351 0.499826 0.246867 0.746794 0.891684 0.526920 0.301216 0.000000 0.000001 0.000000
0.478346 0.707325 0.456298 0.343091 0.652188 0.493504 0.637232 0.963493 0.314824 0.607384 0.000015 0.000001 0.000001
0.386964 0.712394 0.670634 0.345230 0.892163 0.360908 0.878268 0.763091 0.547468 0.122621 0.000015 0.000000 0.000000
0.497308 0.696907 0.375665 0.399655 0.806019 0.418160 0.914330 0.575598 0.283616 0.238717 0.000015 0.000001 0.000001
0.462097 0.609602 0.534753 0.360257 0.536291 0.092698 0.496918 0.584858 0.497899 0.313359 0.000000 0.000001 0.000000
0.884862 0.903906 0.648434 0.145452 0.891019 0.773474 0.076616 0.936575 0.766822 0.907346 0.000000 0.000000 0.000000
0.816752 0.459642 0.122812 0.650065 0.914920 0.869368 0.743325 0.078353 0.984142 0.727072 0.000000 0.000020 0.000000
0.382673 0.328617 0.276740 0.054423 0.292832 0.549111 0.070157 0.518331 0.039673 0.448264 0.000000 0.000000 0.000000
0.973836 0.069369 0.065349 0.088177 0.873242 0.199713 0.475022 0.194450 0.955770 0.785169 0.000000 0.000020 0.000000
0.918609 0.010918 0.302271 0.271389 0.329632 0.046758 0.160872 0.516327 0.185175 0.730243 0.000000 0.000000 0.000000
0.536376 0.919694 0.385527 0.078807 0.660660 0.020342 0.815688 0.511321 0.519840 0.279406 0.000015 0.000001 0.000001
0.908469 0.867589 0.882536 0.948954 0.444726 0.408553 0.207693 0.194057 0.779299 0.027035 0.000000 0.000045 0.000000
0.285541 0.883224 0.885175 0.373348 0.115480 0.853550 0.313419 0.686132 0.577935 0.052762 0.000015 0.000000 0.000000
0.388905 0.261426 0.133985 0.514956 0.249841 0.253381 0.430521 0.917657 0.760329 0.697653 0.000000 0.000000 0.000000
0.652642 0.839733 0.738384 0.274735 0.688411 0.668297 0.468107 0.383373 0.329100 0.808761 0.000000 0.000000 0.000000
0.051107 0.230323 0.624581 0.952566 0.966100 0.494720 0.512751 0.314584 0.316921 0.662934 0.000000 0.000000 0.000000
0.405259 0.730591 0.105835 0.695290 0.015691 0.014565 0.505440 0.221332 0.678237 0.424195 0.000000 0.000001 0.000000
0.146223 0.659154 0.287559 0.482560 0.379280 0.587201 0.757333 0.904948 0.618228 0.452644 0.000000 0.000001 0.000000
0.151708 0.977848 0.348648 0.191497 0.970424 0.216988 0.394539 0.798074 0.364492 0.636675 0.000015 0.000001 0.000001
0.655032 0.900440 0.854672 0.293980 0.183897 0.581091 0.843408 0.096238 0.076244 0.575574 0.000000 0.000048 0.000000
0.233994 0.720667 0.112176 0.856422 0.447283 0.533336 0.262032 0.008850 0.695827 0.012585 0.000000 0.000001 0.000000
0.676190 0.376226 0.804329 0.770894 0.636132 0.123553 0.078846 0.920427 0.455131 0.890041 0.000000 0.000000 0.000000
0.726532 0.958065 0.298547 0.751970 0.885617 0.392641 0.004072 0.132334 0.065282 0.518393 0.000223 0.000000 0.000000
0.718924 0.748595 0.877348 0.274891 0.381697 0.361504 0.797762 0.555410 0.267701 0.169533 0.000000 0.000048 0.000000
0.795600 0.470752 0.724407 0.217559 0.934143 0.924665 0.703428 0.538690 0.264543 0.962060 0.000000 0.000000 0.000000
0.347516 0.705324 0.122736 0.226337 0.637222 0.782439 0.628873 0.555177 0.010881 0.244856 0.000000 0.000001 0.000000
0.008398 0.446240 0.091976 0.024037 0.418072 0.770500 0.057773 0.314247 0.847431 0.903985 0.000000 0.000000 0.000000
0.825709 0.957240 0.569008 0.371029 0.442669 0.306692 0.210270 0.041723 0.218976 0.215209 0.000000 0.000000 0.000000
0.145234 0.636766 0.469568 0.110171 0.312002 0.974745 0.745965 0.663440 0.817222 0.416016 0.000000 0.000001 0.000000
0.503118 0.262472 0.461330 0.999836 0.389688 0.787895 0.457913 0.153331 0.486474 0.983409 0.000000 0.000000 0.000000
0.193893 0.690798 0.434053 0.660011 0.729699 0.528501 0.656283 0.848298 0.811440 0.394553 0.000015 0.000001 0.000001
0.923556 0.498137 0.445196 0.043495 0.590170 0.671453 0.928574 0.171707 0.999957 0.726612 0.000000 0.000000 0.000000
0.011638 0.587591 0.401623 0.205835 0.361366 0.831706 0.154064 0.753675 0.830405 0.568321 0.000000 0.000001 0.000000
0.328824 0.608128 0.367692 0.250259 0.816843 0.982834 0.233042 0.232844 0.974206 0.015244 0.000000 0.000001 0.000000
0.860711 0.054875 0.586255 0.148490 0.817825 0.049802 0.556538 0.532933 0.964119 0.012198 0.000000 0.000001 0.000000
0.106422 0.034652 0.795085 0.104616 0.397514 0.400796 0.717561 0.387789 0.580796 0.754886 0.000000 0.000000 0.000000
0.520586 0.285482 0.319234 0.361376 0.010152 0.040570 0.369973 0.319366 0.413898 0.501790 0.000000 0.000000 0.000000
0.202101 0.080643 0.417471 0.719990 0.398757 0.071841 0.645958 0.815511 0.921980 0.179008 0.000000 0.000000 0.000000
0.645199 0.333281 0.542066 0.153471 0.677738 0.633409 0.339351 0.401464 0.403642 0.995918 0.000000 0.000000 0.000000
0.056905 0.953188 0.960656 0.605710 0.180975 0.863765 0.941150 0.014729 0.081694 0.947169 0.000015 0.000000 0.000000
0.140319 0.265577 0.105790 0.883300 0.404763 0.940465 0.853459 0.872529 0.117065 0.258932 0.000000 0.000000 0.000000
0.063273 0.299334 0.950838 0.698128 0.633747 0.699790 0.133820 0.934630 0.745711 0.751366 0.000000 0.000000 0.000000
0.931612 0.751551 0.990100 0.398498 0.058960 0.882645 0.033611 0.065537 0.747571 0.081030 0.000000 0.000048 0.000000
0.932459 0.910686 0.761644 0.485101 0.275999 0.923768 0.187250 0.115453 0.415981 0.458905 0.000000 0.000045 0.000000
0.403455 0.443110 0.009990 0.702753 0.584519 0.921576 0.109383 0.724435 0.278656 0.512915 0.000000 0.000000 0.000000
0.468598 0.281089 0.153504 0.611958 0.240317 0.261980 0.425862 0.882983 0.578618 0.842710 0.000000 0.000000 0.000000
0.801462 0.262317 0.465661 0.082545 0.637024 0.666893 0.290812 0.583339 0.030004 0.681330 0.000000 0.000001 0.000000
0.412463 0.097641 0.095666 0.069959 0.858296 0.523741 0.007230 0.707616 0.626263 0.242827 0.000000 0.000000 0.000000
0.930301 0.986311 0.738023 0.402073 0.465619 0.236497 0.910379 0.429461 0.844404 0.195354 0.000000 0.000000 0.000000
0.186551 0.117440 0.713707 0.791933 0.045207 0.557524 0.394417 0.873125 0.975600 0.254732 0.000000 0.000000 0.000000
0.649979 0.192543 0.850371 0.505480 0.531377 0.562954 0.682286 0.860964 0.692114 0.558159 0.000000 0.000000 0.000000
0.857166 0.576745 0.707382 0.759735 0.078800 0.889079 0.503529 0.198895 0.134184 0.268336 0.000000 0.000000 0.000000
0.807805 0.042357 0.320169 0.665907 0.628295 0.486484 0.293360 0.119089 0.119018 0.634402 0.000000 0.000000 0.000000
0.551874 0.163073 0.681376 0.876519 0.019347 0.746962 0.245836 0.990273 0.018548 0.996771 0.000000 0.000000 0.000000
0.273121 0.087335 0.265230 0.561380 0.412155 0.157656 0.578772 0.033627 0.577945 0.906335 0.000000 0.000000 0.000000
0.228860 0.662178 0.829361 0.664988 0.451281 0.025983 0.349819 0.914431 0.387067 0.843856 0.000000 0.000000 0.000000
0.383351 0.521089 0.307490 0.794677 0.334979 0.029870 0.275145 0.553571 0.492654 0.912603 0.000000 0.000001 0.000000
0.920484 0.536958 0.222046 0.977604 0.847153 0.116557 0.708632 0.681936 0.241461 0.019439 0.000000 0.000000 0.000000
0.193920 0.007845 0.510086 0.667854 0.831656 0.741041 0.991776 0.709805 0.980691 0.906629 0.000000 0.000000 0.000000
0.073444 0.417391 0.214871 0.679648 0.987810 0.407299 0.278509 0.612151 0.043521 0.242404 0.000000 0.000000 0.000000
0.302075 0.594376 0.018337 0.191597 0.250071 0.188389 0.378887 0.573823 0.531124 0.911495 0.000000 0.000001 0.000000
0.480352 0.424793 0.325175 0.674832 0.785948 0.746969 0.842586 0.658277 0.294886 0.936968 0.000000 0.000000 0.000000
0.094071 0.638467 0.087638 0.273008 0.708410 0.790261 0.663526 0.305391 0.096488 0.882200 0.000000 0.000001 0.000000
0.816450 0.353126 0.904278 0.421563 0.417321 0.539787 0.477920 0.116953 0.523539 0.586152 0.000000 0.000000 0.000000
0.534750 0.685572 0.868642 0.897482 0.617043 0.036149 0.944102 0.630921 0.701668 0.080807 0.000000 0.000000 0.000000
0.443707 0.765573 0.336999 0.083163 0.875408 0.567103 0.435944 0.138534 0.805752 0.765657 0.000015 0.000001 0.000001
0.344279 0.420256 0.137198 0.489635 0.643244 0.805087 0.588338 0.456951 0.286041 0.186157 0.000000 0.000000 0.000000
0.759706 0.526396 0.027219 0.806982 0.580469 0.437460 0.705016 0.768289 0.754152 0.407080 0.000000 0.000000 0.000000
0.419742 0.063903 0.719650 0.166560 0.223702 0.910548 0.545852 0.076738 0.061981 0.881993 0.000000 0.000000 0.000000
0.234709 0.253579 0.360938 0.844822 0.860080 0.998973 0.782308 0.070068 0.479935 0.331236 0.000000 0.000000 0.000000
0.944416 0.133325 0.298229 0.253045 0.785070 0.050989 0.390913 0.173975 0.031919 0.548596 0.000000 0.000000 0.000000
0.031890 0.913557 0.088680 0.604311 0.080593 0.704915 0.501169 0.258247 0.807590 0.532655 0.000000 0.000001 0.000000
0.534548 0.413694 0.031164 0.552299 0.595998 0.121570 0.046464 0.515536 0.525929 0.230861 0.000000 0.000000 0.000000
0.233657 0.685258 0.909218 0.065650 0.534751 0.024835 0.886889 0.888372 0.097242 0.108729 0.000015 0.000000 0.000000
0.075308 0.925157 0.288589 0.165301 0.522282 0.741663 0.887068 0.190754 0.212042 0.181222 0.000015 0.000001 0.000001
0.256327 0.490391 0.293012 0.998618 0.803662 0.556166 0.893119 0.310994 0.028867 0.091987 0.000000 0.000000 0.000000
0.971404 0.292116 0.897895 0.919683 0.491357 0.267230 0.689759 0.627885 0.768204 0.244751 0.000000 0.000000 0.000000
0.319680 0.161646 0.622416 0.347005 0.148381 0.018873 0.605794 0.235016 0.081274 0.858472 0.000000 0.000000 0.000000
0.075767 0.693881 0.703078 0.766142 0.826588 0.678447 0.604466 0.121510 0.475944 0.942892 0.000015 0.000000 0.000000
0.400510 0.481500 0.323221 0.368370 0.730489 0.930026 0.293440 0.329649 0.800151 0.644639 0.000000 0.000000 0.000000
0.847940 0.263789 0.738966 0.961829 0.010026 0.960161 0.364670 0.005781 0.480179 0.848991 0.000000 0.000000 0.000000
0.511922 0.903960 0.506686 0.675080 0.935478 0.105004 0.133861 0.182672 0.850037 0.771570 0.000015 0.000001 0.000001
0.641222 0.018919 0.385567 0.685588 0.181734 0.064382 0.675441 0.646838 0.639548 0.580069 0.000000 0.000000 0.000000
0.318920 0.563308 0.117888 0.579826 0.362494 0.527341 0.848953 0.547040 0.169333 0.723226 0.000000 0.000001 0.000000
0.741632 0.848246 0.527191 0.425157 0.189607 0.158981 0.552699 0.923344 0.194491 0.500544 0.000000 0.000000 0.000000
0.549433 0.586893 0.802876 0.085716 0.554109 0.743407 0.284791 0.061174 0.076043 0.965322 0.000000 0.000000 0.000000
0.648863 0.164906 0.806466 0.529847 0.456024 0.701135 0.133073 0.029970 0.996412 0.870666 0.000000 0.000000 0.000000
0.643231 0.150583 0.242525 0.280063 0.324652 0.899016 0.419515 0.242018 0.124196 0.176783 0.000000 0.000000 0.000000
0.310508 0.872694 0.838774 0.218316 0.431971 0.487878 0.243457 0.373933 0.999017 0.505720 0.000015 0.000000 0.000000
0.701250 0.478870 0.012538 0.715799 0.320395 0.493533 0.163578 0.876002 0.443452 0.839907 0.000000 0.000000 0.000000
0.924792 0.002064 0.292608 0.152988 0.525289 0.256879 0.236664 0.711984 0.384794 0.759174 0.000000 0.000000 0.000000
0.588048 0.497789 0.148781 0.951763 0.863708 0.696229 0.126235 0.216708 0.393172 0.238767 0.000000 0.000000 0.000000
0.660615 0.471446 0.222816 0.689112 0.557840 0.104687 0.368795 0.973780 0.924707 0.184315 0.000000 0.000000 0.000000
0.807869 0.526604 0.278555 0.930660 0.359247 0.863118 0.701898 0.376456 0.201547 0.896181 0.000000 0.000000 0.000000
0.461331 0.542560 0.057068 0.557889 0.669441 0.361483 0.658694 0.481367 0.320709 0.490680 0.000000 0.000001 0.000000
0.408256 0.084655 0.313095 0.041514 0.043665 0.365547 0.587973 0.160050 0.691041 0.192407 0.000000 0.000000 0.000000
0.803229 0.170814 0.188810 0.614239 0.215973 0.529730 0.745661 0.418333 0.314999 0.291687 0.000000 0.000000 0.000000
0.938986 0.214110 0.790407 0.794128 0.614813 0.771160 0.820736 0.804102 0.767683 0.887699 0.000000 0.000000 0.000000
0.804134 0.673676 0.440221 0.332257 0.021234 0.297697 0.183925 0.276673 0.792702 0.056163 0.000000 0.000000 0.000000
0.235208 0.347928 0.699277 0.724406 0.584718 0.809743 0.412880 0.160025 0.086880 0.880188 0.000000 0.000000 0.000000
0.247812 0.755566 0.633459 0.009660 0.413725 0.506866 0.587025 0.915269 0.381105 0.709717 0.000015 0.000000 0.000000
0.500878 0.373939 0.402364 0.759027 0.309702 0.128828 0.975049 0.969378 0.786206 0.604426 0.000000 0.000000 0.000000
0.620251 0.953045 0.810261 0.536704 0.644058 0.521698 0.789263 0.268411 0.217223 0.322593 0.000015 0.000000 0.000000
0.538294 0.546071 0.693582 0.958184 0.775719 0.527976 0.915269 0.126414 0.843874 0.243409 0.000000 0.000000 0.000000
0.217607 0.822193 0.604016 0.872644 0.112338 0.601246 0.916186 0.893697 0.062352 0.435591 0.000000 0.000000 0.000000
0.856987 0.102007 0.602290 0.969579 0.483721 0.617808 0.595132 0.845573 0.356325 0.784561 0.000000 0.000000 0.000000
0.002561 0.197984 0.983822 0.440258 0.519144 0.527072 0.470521 0.374998 0.413823 0.831933 0.000000 0.000000 0.000000
0.653585 0.456738 0.544429 0.488790 0.111495 0.498744 0.856819 0.710089 0.902661 0.023589 0.000000 0.000000 0.000000
0.721169 0.786989 0.436717 0.597401 0.071535 0.997843 0.246163 0.569518 0.586843 0.642295 0.000000 0.000000 0.000000
0.534427 0.374701 0.036892 0.288846 0.128452 0.676718 0.604723 0.952229 0.907645 0.081056 0.000000 0.000000 0.000000
0.454207 0.478395 0.239428 0.345598 0.658313 0.797709 0.850526 0.009202 0.091020 0.116196 0.000000 0.000000 0.000000
0.199614 0.262302 0.191147 0.308229 0.735299 0.169143 0.620626 0.079280 0.495373 0.324454 0.000000 0.000000 0.000000
0.085367 0.958761 0.089965 0.091380 0.695091 0.744404 0.973041 0.991672 0.771599 0.278528 0.000000 0.000001 0.000000
0.195478 0.088000 0.003132 0.516253 0.269143 0.404656 0.277622 0.804140 0.712514 0.589118 0.000000 0.000000 0.000000
0.386553 0.909359 0.821105 0.449219 0.134705 0.227464 0.040553 0.559642 0.075949 0.092668 0.000015 0.000000 0.000000
0.241496 0.181257 0.443597 0.822582 0.011771 0.998103 0.384367 0.796655 0.177264 0.774177 0.000000 0.000000 0.000000
0.995165 0.463516 0.766428 0.137741 0.366818 0.540157 0.059351 0.965023 0.531546 0.170237 0.000000 0.000001 0.000000
0.777850 0.900160 0.816904 0.270568 0.361334 0.201646 0.826022 0.210574 0.503635 0.641685 0.000000 0.000048 0.000000
0.980287 0.374960 0.522079 0.507235 0.162046 0.137269 0.896658 0.303823 0.602852 0.912283 0.000000 0.000000 0.000000
0.007398 0.387654 0.396202 0.011765 0.108697 0.618800 0.647694 0.857358 0.820816 0.002251 0.000000 0.000000 0.000000
0.286881 0.514308 0.253577 0.583009 0.603862 0.727445 0.580016 0.361715 0.977573 0.873806 0.000000 0.000000 0.000000
0.717060 0.528283 0.661684 0.015830 0.177090 0.530932 0.795743 0.402288 0.722692 0.344695 0.000000 0.000000 0.000000
0.347045 0.941652 0.594990 0.561797 0.401888 0.470234 0.932586 0.858189 0.379668 0.970858 0.000015 0.000000 0.000000
0.809699 0.524410 0.620222 0.651184 0.985837 0.587267 0.834045 0.520499 0.304377 0.076224 0.000000 0.000000 0.000000
0.254171 0.406375 0.391202 0.871370 0.646626 0.127917 0.144275 0.542886 0.654625 0.002965 0.000000 0.000000 0.000000
0.584414 0.908080 0.384047 0.288665 0.062195 0.287935 0.807589 0.040306 0.318690 0.261595 0.000015 0.000001 0.000001
0.932071 0.224669 0.747027 0.342548 0.856924 0.729510 0.752303 0.193748 0.437929 0.586922 0.000000 0.000000 0.000000
0.362655 0.556956 0.189843 0.845971 0.540404 0.396040 0.442180 0.939042 0.366092 0.971464 0.000000 0.000001 0.000000
0.215740 0.927085 0.834949 0.954611 0.749711 0.250832 0.645334 0.860569 0.147648 0.608165 0.000000 0.000000 0.000000
0.291943 0.765253 0.256715 0.529964 0.229852 0.803669 0.674454 0.421944 0.423009 0.556371 0.000015 0.000001 0.000001
0.695233 0.642986 0.070494 0.373613 0.718403 0.825761 0.935581 0.784351 0.497254 0.180669 0.000000 0.000000 0.000000
0.343631 0.494863 0.941788 0.816083 0.410941 0.352076 0.615608 0.865591 0.324315 0.472001 0.000000 0.000000 0.000000
0.867009 0.099762 0.228507 0.898011 0.589133 0.923252 0.922666 0.127643 0.610169 0.232675 0.000000 0.000000 0.000000
0.657421 0.767369 0.082073 0.170884 0.448467 0.934072 0.113531 0.090117 0.519888 0.729819 0.000000 0.000000 0.000000
0.206803 0.966440 0.216308 0.869230 0.572180 0.382391 0.039463 0.000340 0.946611 0.907514 0.000000 0.000000 0.000000
0.908960 0.239961 0.484101 0.786301 0.917972 0.238786 0.335073 0.974430 0.837622 0.098304 0.000000 0.000000 0.000000
0.074151 0.467319 0.764042 0.938299 0.338263 0.677577 0.944064 0.311092 0.180592 0.973889 0.000000 0.000000 0.000000
0.359133 0.078252 0.984517 0.747157 0.418214 0.449158 0.883015 0.749964 0.156742 0.244188 0.000000 0.000000 0.000000
0.277761 0.742996 0.362916 0.966557 0.021160 0.148441 0.988700 0.226433 0.209049 0.008010 0.000000 0.000000 0.000000
0.576658 0.376385 0.463996 0.505399 0.324521 0.028458 0.183929 0.713198 0.068669 0.408029 0.000000 0.000000 0.000000
0.807206 0.880751 0.968746 0.238458 0.545556 0.046138 0.667322 0.861294 0.282453 0.773106 0.000000 0.000048 0.000000
0.040162 0.247785 0.710734 0.127779 0.516201 0.160918 0.677930 0.296877 0.161916 0.285527 0.000000 0.000000 0.000000
0.990674 0.742605 0.450918 0.012898 0.743548 0.150378 0.682112 0.589557 0.870128 0.620942 0.000000 0.000000 0.000000
0.881053 0.416738 0.635271 0.730563 0.740762 0.272763 0.974830 0.992152 0.977705 0.749892 0.000000 0.000000 0.000000
0.843210 0.584579 0.213939 0.829477 0.392047 0.871936 0.545616 0.626298 0.878391 0.474615 0.000000 0.000000 0.000000
0.360353 0.487002 0.497195 0.962476 0.288938 0.477292 0.062170 0.778640 0.334380 0.639445 0.000000 0.000000 0.000000
0.083880 0.991780 0.586465 0.762555 0.084770 0.845779 0.830423 0.146005 0.307864 0.510869 0.000015 0.000000 0.000000
0.949552 0.847280 0.199593 0.884481 0.774447 0.787129 0.279862 0.781933 0.013179 0.963295 0.000223 0.000000 0.000000
0.960366 0.210826 0.579875 0.173476 0.810121 0.718796 0.994837 0.983444 0.475354 0.561080 0.000000 0.000000 0.000000
0.075538 0.529603 0.091659 0.081728 0.609321 0.883327 0.212067 0.590837 0.058761 0.460515 0.000000 0.000001 0.000000
0.567299 0.384863 0.634575 0.150660 0.581657 0.177174 0.991346 0.103336 0.131187 0.815551 0.000000 0.000000 0.000000
0.126673 0.872360 0.305816 0.357833 0.789430 0.594190 0.305186 0.706634 0.087889 0.807868 0.000015 0.000001 0.000001
0.366257 0.566192 0.387740 0.949232 0.051775 0.793593 0.398154 0.286167 0.000276 0.968233 0.000000 0.000000 0.000000
0.533487 0.650318 0.879934 0.274206 0.988677 0.184378 0.305442 0.368660 0.399167 0.552115 0.000000 0.000000 0.000000
0.638001 0.824160 0.999843 0.285870 0.010222 0.824153 0.604704 0.463087 0.575504 0.046324 0.000000 0.000000 0.000000
0.678932 0.259932 0.809766 0.195884 0.675148 0.048145 0.205013 0.324997 0.165191 0.865465 0.000000 0.000000 0.000000
0.090176 0.939227 0.013946 0.600243 0.205459 0.737925 0.313507 0.055919 0.995900 0.269642 0.000000 0.000001 0.000000
0.199418 0.949525 0.578998 0.029567 0.493861 0.348641 0.958518 0.231435 0.529663 0.349736 0.000015 0.000000 0.000000
0.117178 0.171349 0.610242 0.048116 0.575149 0.474266 0.515544 0.088874 0.689997 0.475361 0.000000 0.000000 0.000000
0.522601 0.781214 0.211475 0.699191 0.360296 0.110765 0.684569 0.704796 0.446838 0.584911 0.000015 0.000001 0.000001
0.679806 0.802113 0.735254 0.679619 0.163729 0.008860 0.964817 0.966110 0.513264 0.386839 0.000000 0.000000 0.000000
0.793016 0.584072 0.053997 0.298046 0.571896 0.293984 0.593612 0.985592 0.502922 0.468673 0.000000 0.000000 0.000000
0.858616 0.382648 0.924405 0.232094 0.280631 0.027386 0.135378 0.583027 0.578901 0.973679 0.000000 0.000000 0.000000
0.568850 0.320338 0.094599 0.972011 0.941040 0.783579 0.334075 0.834244 0.371959 0.364505 0.000000 0.000000 0.000000
0.178036 0.633910 0.785487 0.364815 0.354925 0.246983 0.763262 0.853088 0.847061 0.443041 0.000000 0.000000 0.000000
0.852418 0.773358 0.052389 0.679181 0.589557 0.500046 0.908721 0.822993 0.151800 0.320677 0.000223 0.000000 0.000000
0.105246 0.173458 0.358862 0.291481 0.590968 0.506674 0.377151 0.991343 0.330639 0.919541 0.000000 0.000000 0.000000
0.993158 0.142405 0.610569 0.325509 0.094401 0.171616 0.369095 0.782698 0.914096 0.016373 0.000000 0.000000 0.000000
0.422285 0.847431 0.507184 0.492766 0.424267 0.037996 0.996949 0.664066 0.357612 0.769974 0.000015 0.000001 0.000001
0.729175 0.264781 0.392496 0.786610 0.559258 0.327386 0.272776 0.460405 0.012830 0.129358 0.000000 0.000000 0.000000
0.382279 0.238438 0.998733 0.587242 0.666994 0.376996 0.000395 0.602254 0.638259 0.755532 0.000000 0.000000 0.000000
0.074952 0.303942 0.565108 0.302769 0.353586 0.253158 0.298899 0.144054 0.226832 0.397223 0.000000 0.000000 0.000000
0.711239 0.975196 0.950838 0.091707 0.685636 0.341853 0.037988 0.206239 0.443434 0.095746 0.000000 0.000048 0.000000
0.634061 0.660513 0.576400 0.174703 0.007560 0.897041 0.886423 0.695081 0.918091 0.173911 0.000000 0.000000 0.000000
0.874275 0.842261 0.039057 0.725192 0.222379 0.233510 0.442583 0.782034 0.061302 0.294165 0.000223 0.000000 0.000000
0.682180 0.618653 0.073234 0.928248 0.183180 0.335779 0.478739 0.818072 0.086532 0.719510 0.000000 0.000000 0.000000
0.122777 0.541053 0.233301 0.870839 0.327308 0.567445 0.445205 0.377197 0.892256 0.745576 0.000000 0.000000 0.000000
0.091655 0.086238 0.420956 0.282513 0.739304 0.405818 0.461454 0.490769 0.578112 0.322988 0.000000 0.000000 0.000000
0.725516 0.907834 0.926060 0.647542 0.619436 0.624683 0.869996 0.351620 0.122260 0.933227 0.000000 0.000045 0.000000
0.326780 0.920578 0.972615 0.346085 0.973376 0.977423 0.366098 0.159512 0.146515 0.364865 0.000015 0.000000 0.000000
0.821408 0.667641 0.786449 0.738982 0.254030 0.596388 0.786253 0.329447 0.796939 0.084281 0.000000 0.000045 0.000000
0.558947 0.435227 0.554478 0.365729 0.576070 0.041698 0.594021 0.439117 0.983586 0.323100 0.000000 0.000000 0.000000
0.380744 0.176155 0.413966 0.704260 0.853854 0.947805 0.319685 0.457825 0.901718 0.087084 0.000000 0.000000 0.000000
0.829202 0.136759 0.331170 0.811293 0.606464 0.134661 0.989152 0.249955 0.217869 0.663049 0.000000 0.000000 0.000000
0.920883 0.859097 0.223186 0.184584 0.253066 0.959292 0.004338 0.246425 0.317881 0.325387 0.000223 0.000000 0.000000
0.765964 0.804515 0.135137 0.539051 0.027031 0.509752 0.561817 0.768007 0.462021 0.401104 0.000223 0.000000 0.000000
0.180458 0.668398 0.127080 0.631898 0.557115 0.239892 0.953232 0.760220 0.771868 0.891509 0.000000 0.000001 0.000000
0.625902 0.884757 0.810026 0.646038 0.387893 0.648804 0.404392 0.687509 0.363779 0.399371 0.000000 0.000000 0.000000
0.583986 0.044833 0.430421 0.771136 0.961346 0.946318 0.083800 0.150957 0.611630 0.955656 0.000000 0.000000 0.000000
0.216695 0.818744 0.736344 0.358185 0.789728 0.104574 0.031393 0.516693 0.716547 0.896213 0.000015 0.000000 0.000000
0.994464 0.654584 0.545301 0.831521 0.339287 0.224127 0.627570 0.363025 0.863724 0.375184 0.000000 0.000000 0.000000
0.888012 0.193173 0.554007 0.827880 0.409343 0.838732 0.628330 0.607294 0.708204 0.926113 0.000000 0.000000 0.000000
0.296530 0.133987 0.549167 0.685431 0.646233 0.841398 0.478249 0.466344 0.415633 0.549762 0.000000 0.000000 0.000000
0.786786 0.603275 0.326459 0.281170 0.688688 0.373582 0.696024 0.899124 0.599177 0.245881 0.000000 0.000000 0.000000
0.422554 0.580945 0.201083 0.735021 0.038419 0.710905 0.917325 0.071235 0.685035 0.172004 0.000000 0.000001 0.000000
0.467948 0.814912 0.376878 0.096859 0.049118 0.034043 0.973514 0.152471 0.407945 0.500621 0.000015 0.000001 0.000001
0.587082 0.200785 0.640555 0.175817 0.744109 0.243570 0.789755 0.536022 0.104878 0.081297 0.000000 0.000000 0.000000
0.656963 0.696909 0.210155 0.760581 0.056789 0.857982 0.629228 0.516710 0.907601 0.149878 0.000000 0.000000 0.000000
0.681585 0.157778 0.160786 0.953872 0.070110 0.466387 0.642468 0.023347 0.425262 0.765516 0.000000 0.000020 0.000000
0.109502 0.519341 0.928443 0.195167 0.089442 0.824470 0.521282 0.540960 0.421722 0.118569 0.000000 0.000000 0.000000
0.103671 0.518208 0.714208 0.008852 0.113527 0.039114 0.702078 0.655408 0.366512 0.759275 0.000000 0.000000 0.000000
0.321581 0.692235 0.311545 0.034460 0.509028 0.372009 0.185587 0.233738 0.406235 0.235498 0.000015 0.000001 0.000001
0.545422 0.823024 0.787255 0.114076 0.110488 0.708304 0.506966 0.484327 0.001314 0.540101 0.000015 0.000000 0.000000
0.951997 0.047363 0.989878 0.616722 0.993425 0.191443 0.075804 0.687508 0.075301 0.712840 0.000000 0.000000 0.000000
0.480163 0.432040 0.887197 0.374077 0.365282 0.297331 0.925819 0.456717 0.442801 0.531211 0.000000 0.000000 0.000000
0.634429 0.788507 0.355856 0.396232 0.363568 0.907966 0.194309 0.981940 0.264389 0.954890 0.000000 0.000001 0.000000
0.423959 0.216552 0.689014 0.600349 0.296673 0.656790 0.249852 0.268450 0.227275 0.151221 0.000000 0.000000 0.000000
0.772637 0.803711 0.747547 0.244766 0.906792 0.192840 0.006317 0.420554 0.294143 0.242783 0.000000 0.000000 0.000000
0.563013 0.023477 0.924226 0.185891 0.513337 0.302068 0.706735 0.296269 0.172290 0.243483 0.000000 0.000000 0.000000
0.391404 0.699422 0.312180 0.573688 0.634749 0.319946 0.539344 0.093647 0.982153 0.576888 0.000015 0.000001 0.000001
0.554521 0.484860 0.051668 0.905758 0.958397 0.860595 0.750536 0.278326 0.975634 0.399832 0.000000 0.000000 0.000000
0.056390 0.217969 0.184467 0.177955 0.907053 0.019135 0.836045 0.048357 0.602987 0.037875 0.000000 0.000000 0.000000
0.817561 0.830042 0.037050 0.050011 0.654254 0.779690 0.023356 0.848418 0.898977 0.684291 0.000223 0.000000 0.000000
0.920515 0.207589 0.794060 0.070690 0.987426 0.627997 0.932558 0.640589 0.466101 0.512916 0.000000 0.000001 0.000000
0.092563 0.142380 0.741902 0.753256 0.687583 0.934212 0.888972 0.694805 0.900901 0.396271 0.000000 0.000000 0.000000
0.440666 0.568539 0.797422 0.168956 0.238477 0.644253 0.423723 0.871844 0.231488 0.382318 0.000000 0.000000 0.000000
0.199658 0.540687 0.776674 0.448670 0.835636 0.055012 0.089966 0.824613 0.946613 0.364366 0.000000 0.000000 0.000000
0.589515 0.575870 0.054281 0.237010 0.485417 0.228804 0.692589 0.759250 0.802858 0.219612 0.000000 0.000001 0.000000
0.178363 0.241768 0.189549 0.260299 0.010659 0.941331 0.278514 0.653610 0.938827 0.157835 0.000000 0.000000 0.000000
0.305251 0.345247 0.924304 0.435430 0.584379 0.183038 0.464856 0.574720 0.685902 0.884240 0.000000 0.000000 0.000000
0.652477 0.596289 0.067838 0.802339 0.671970 0.761375 0.484870 0.764805 0.348955 0.997273 0.000000 0.000000 0.000000
0.376423 0.720665 0.701153 0.400233 0.947682 0.939901 0.486201 0.986544 0.746666 0.736646 0.000015 0.000000 0.000000
0.623905 0.583793 0.861028 0.844175 0.534578 0.807814 0.815870 0.621384 0.502143 0.267726 0.000000 0.000000 0.000000
0.892997 0.363059 0.286421 0.002281 0.786983 0.484662 0.090630 0.593084 0.817314 0.074037 0.000000 0.000001 0.000000
0.895775 0.824427 0.304243 0.934227 0.194671 0.404334 0.206664 0.607526 0.391432 0.172755 0.000000 0.000000 0.000000
