# gen=50 CA size=200
# x0..x(D-1) consensus
0.027268 0.493558 0.438184 20.399084
1.000000 0.313508 0.569627 15.288351
0.090598 0.914110 0.041751 24.330021
0.730779 0.340921 0.532375 27.494065
0.034967 0.037578 0.030858 13.138366
0.085385 0.465378 0.071604 13.138366
0.247197 0.842441 0.478730 44.744421
0.051453 0.012899 0.193239 13.138366
0.771547 0.289492 0.528537 23.181485
0.077178 0.888553 0.058983 21.462645
0.767154 0.303978 0.000434 12.537248
0.078673 1.000000 0.223865 26.154645
0.085491 0.961564 0.231681 25.927647
0.052896 1.000000 0.150215 22.794855
0.020894 0.621045 0.898432 6.501666
0.228303 0.826339 0.458096 28.345711
0.407509 0.816387 0.071371 8.256619
0.901896 0.319748 0.537181 34.771028
0.776668 0.322784 0.537181 56.817087
0.074928 0.959030 0.155098 24.465141
0.089854 0.975456 0.047749 21.099894
0.087661 0.942747 0.112574 25.687122
0.696365 0.227971 0.026611 22.382890
0.056004 0.959098 0.082055 22.104893
0.785983 0.042569 0.032717 12.537248
0.077178 0.944568 0.058630 23.468350
0.290207 0.842931 0.377545 30.737140
0.086162 1.000000 0.399693 24.751302
0.262979 0.767422 0.422398 27.391297
0.074866 0.981562 0.082080 22.934219
0.042124 0.000000 0.290406 23.769335
0.818791 0.313673 0.531782 76.891096
0.077886 0.928020 0.072448 23.783716
0.067118 1.000000 0.109727 23.042316
0.090054 1.000000 0.449724 23.973393
0.250176 0.765904 0.503989 22.045215
0.019553 1.000000 0.034885 20.549410
0.262076 0.835007 0.410924 88.943614
0.069644 0.966432 0.020180 21.005034
0.089895 0.848141 0.043486 20.697616
0.054196 1.000000 0.054864 21.098892
0.041350 0.964874 0.040581 21.054768
0.879864 0.219664 0.030115 22.382890
0.605583 0.199314 0.027675 22.382890
0.089854 0.804266 0.288931 20.399084
0.046476 0.800047 0.461067 20.399084
0.090557 1.000000 0.268583 28.190212
0.000000 0.593069 0.402130 20.399084
0.000000 0.967206 0.087326 20.399084
0.000000 0.916983 0.039141 20.399084
0.283169 0.809717 0.351128 55.051087
0.000000 0.867817 0.024187 20.399084
1.000000 0.699536 0.000000 8.256619
0.084143 0.769067 0.482098 20.399084
0.090598 0.914110 0.141049 25.166959
0.052896 0.937078 0.000000 21.211204
0.000000 0.524387 0.169871 20.399084
0.000000 1.000000 0.129230 20.399084
0.031347 0.986000 0.000000 20.427566
0.000000 0.507381 0.476042 20.399084
0.056059 0.682363 0.001693 20.399084
0.041066 0.965150 0.000000 20.760211
0.090269 0.613249 0.238758 20.399084
0.000000 0.751303 0.032519 20.399084
0.000000 1.000000 0.256085 20.399084
0.073497 0.727494 0.000000 20.399084
0.000000 0.536440 0.010790 20.399084
0.000000 0.783656 0.392289 20.399084
0.090598 0.560517 0.072819 20.399084
0.019263 0.825651 0.431675 20.399084
0.043706 0.068403 0.279800 20.399084
0.046877 0.720588 0.481633 20.399084
0.065721 0.558699 0.000000 20.399084
0.077178 0.918289 0.038188 23.157179
0.000000 0.744338 0.000000 20.399084
0.078314 0.903276 0.000000 22.319345
0.031426 0.500000 0.351774 20.399084
0.090054 1.000000 0.201351 27.172481
0.000000 0.791034 0.337601 20.399084
0.056924 0.649963 0.000000 20.399084
0.000000 0.491544 0.060091 20.399084
0.000000 0.925030 0.472828 20.399084
0.067617 0.875174 0.427099 20.399084
0.040452 0.632922 0.155180 20.399084
0.084776 0.673735 0.168729 20.399084
0.085385 0.837997 0.193336 20.399084
0.072833 0.519281 0.309778 20.399084
0.018861 0.860083 0.000000 20.399084
0.077178 1.000000 0.251725 25.905816
0.007898 0.956623 0.314153 20.399084
0.000000 0.969157 0.162306 20.399084
0.000000 0.491039 0.183312 20.399084
0.000000 0.875589 0.074706 20.399084
0.000000 0.595307 0.287025 20.399084
0.000000 0.680984 0.035220 20.399084
0.000000 0.949417 0.190740 20.399084
0.000000 0.947347 0.046446 20.399084
0.012392 0.676955 0.409160 20.399084
0.042693 0.601859 0.000000 20.399084
0.001710 0.799965 0.232521 20.399084
0.000000 0.774899 0.000000 20.399084
0.074037 0.577696 0.241649 20.399084
0.279945 0.870083 0.328217 50.495116
0.000000 0.711378 0.000000 20.399084
0.000000 0.504736 0.345897 20.399084
0.000000 1.000000 0.314168 20.399084
0.062799 0.893947 0.383969 20.399084
0.000000 0.497762 0.425857 20.399084
0.000000 0.657923 0.108348 20.399084
0.000000 0.641858 0.272350 20.399084
0.794178 0.224718 0.030008 22.382890
0.000000 0.815337 0.097282 20.399084
0.063645 1.000000 0.319604 21.746786
0.077178 0.918289 0.000000 22.215909
0.000000 0.838877 0.385577 20.399084
0.000000 0.754389 0.274494 20.399084
0.078530 0.847532 0.000000 20.399084
0.000000 0.899778 0.160850 20.399084
0.000000 0.607295 0.215427 20.399084
0.089806 1.000000 0.338341 27.388789
0.058572 0.638108 0.317728 20.399084
0.000000 0.584622 0.000000 20.399084
0.720657 0.296779 0.521605 29.870564
0.089169 0.894535 0.305001 20.399084
0.000000 0.730410 0.200532 20.399084
0.086118 0.662371 0.409114 20.399084
0.072160 0.607411 0.377103 20.399084
0.000000 0.538961 0.088192 20.399084
0.000000 0.565614 0.278985 20.399084
0.000000 0.621518 0.000000 20.399084
0.000000 0.784161 0.129305 20.399084
0.299233 0.777701 0.363003 26.874046
0.000000 1.000000 0.067235 20.399084
0.000000 0.499354 0.000000 20.399084
0.000000 1.000000 0.495012 20.399084
0.000000 0.777408 0.068117 20.399084
0.000733 0.925909 0.308839 20.399084
0.038589 0.861474 0.322637 20.399084
0.274090 0.809717 0.383562 75.012055
0.051194 0.516187 0.000000 20.399084
0.000000 0.486501 0.272125 20.399084
0.000000 0.968697 0.021044 20.399084
0.000000 0.987129 0.439887 20.399084
0.000000 0.737302 0.245872 20.399084
0.000000 0.957927 0.282682 20.399084
0.000000 0.824571 0.286384 20.399084
0.050702 1.000000 0.086165 21.961674
0.000000 0.876780 0.297255 20.399084
0.000000 1.000000 0.407074 20.399084
0.000000 0.909511 0.401172 20.399084
0.031360 0.902523 0.253705 20.399084
0.050735 0.484229 0.377996 20.399084
0.032393 0.686281 0.093500 20.399084
0.000000 0.589149 0.134508 20.399084
0.051349 0.860962 0.000000 20.399084
0.000000 0.672148 0.285843 20.399084
0.000000 0.507641 0.312580 20.399084
0.000000 0.926485 0.346237 20.399084
0.000000 0.752882 0.432801 20.399084
0.000000 0.969777 0.358118 20.399084
0.034967 0.666281 0.024253 20.399084
0.038589 0.484560 0.000000 20.399084
0.000000 0.947079 0.435209 20.399084
0.057671 0.803459 0.049098 20.399084
0.001159 0.584932 0.472859 20.399084
0.089566 1.000000 0.222881 27.593541
0.082375 0.943739 0.191295 24.608108
0.000000 0.909823 0.267892 20.399084
0.000000 0.720530 0.325731 20.399084
0.000000 0.923667 0.231647 20.399084
0.000000 0.767219 0.362404 20.399084
0.000000 0.596631 0.072815 20.399084
0.087561 1.000000 0.388100 25.514889
0.000000 0.541612 0.136046 20.399084
0.000000 0.570051 0.374757 20.399084
0.040832 0.826574 0.251158 20.399084
0.000000 0.947424 0.378839 20.399084
0.000000 0.783131 0.474472 20.399084
0.000000 0.894906 0.000000 20.399084
0.000000 0.805691 0.000000 20.399084
0.000000 0.543724 0.441307 20.399084
0.028257 0.901598 0.472828 20.399084
0.054035 0.988076 0.113378 22.568462
0.000000 0.658976 0.000000 20.399084
0.064566 0.776704 0.256794 20.399084
0.089169 1.000000 0.305001 27.759766
0.081402 1.000000 0.117152 23.580679
0.001751 0.870083 0.249384 20.399084
0.000000 0.812103 0.493663 20.399084
0.000000 0.818203 0.136293 20.399084
0.077309 1.000000 0.135264 24.243622
0.046877 0.833596 0.411778 20.399084
0.000000 0.610434 0.340646 20.399084
0.000000 0.587088 0.252436 20.399084
0.020451 0.813603 0.400234 20.399084
0.226318 0.820351 0.514098 22.481595
0.000000 0.947241 0.111762 20.399084
0.012828 0.673979 0.483001 20.399084
0.000000 0.580164 0.326514 20.399084
0.059383 0.760676 0.000000 20.399084
