# gen=300 mediating population
# x0..xd fitness
0.300000 0.187500 90.000000
0.910603 0.450761 0.000000
0.300000 0.187500 90.000000
0.034793 0.014334 88.443486
0.409308 0.040471 88.945784
0.563000 0.769368 61.364923
0.306792 0.144443 89.715994
0.113873 0.165209 89.231484
0.300000 0.187500 90.000000
0.201020 0.777728 0.000000
0.075332 0.127377 89.008394
0.300000 0.187500 90.000000
0.431857 0.078176 89.109657
0.879132 0.317841 0.000000
0.669694 0.207560 0.000000
0.300000 0.187500 90.000000
0.969637 0.437553 0.000000
0.321841 0.834416 66.653071
0.300000 0.187500 90.000000
0.455338 0.244269 85.525865
0.123902 0.342668 36.498771
0.461210 0.194723 89.337551
0.653986 0.937970 18.073405
0.262790 0.873849 0.000000
0.219298 0.935134 0.000000
0.641702 0.088653 0.000000
0.300000 0.187500 90.000000
0.770402 0.488495 54.770240
0.300000 0.187500 90.000000
0.225178 0.088913 89.289442
0.647965 0.685294 51.711783
0.300000 0.187500 90.000000
0.813094 0.083689 0.000000
0.801293 0.653650 52.961331
0.245254 0.000000 88.760949
0.377580 0.913085 60.639761
0.300000 0.187500 90.000000
0.892299 0.724358 0.000000
0.078393 0.998350 0.000000
0.419521 0.678356 66.090699
0.705967 0.513392 54.886743
0.378044 0.833873 69.375172
0.902013 0.349723 0.000000
0.363543 0.082071 89.266346
0.548730 0.477674 58.813519
0.102822 0.000000 88.542508
0.413460 0.982849 18.756876
0.693227 0.144650 0.000000
0.140801 0.360253 18.284418
0.017479 0.770946 0.000000
0.193221 0.444565 0.000000
0.464154 0.491013 61.444344
0.008406 0.828643 0.000000
0.279286 0.000000 88.778078
0.000875 0.220249 88.161848
0.300000 0.187500 90.000000
0.705069 0.879055 30.896667
0.855700 0.685620 0.000000
0.591365 0.147140 88.790075
0.712573 0.466632 54.873605
0.097836 0.036743 88.722123
0.558482 0.468329 58.331911
0.111625 0.679711 0.000000
0.572006 0.818061 61.061555
0.200679 0.860503 0.000000
0.011735 0.554325 0.000000
0.434798 0.165428 89.434508
0.274495 1.000000 0.000000
0.610504 0.637732 53.471117
0.444405 0.778059 66.968332
0.808138 0.527149 54.698819
0.010121 0.341736 37.355036
0.994815 0.065603 0.000000
0.173136 0.158511 89.451489
0.281870 0.657945 0.000000
0.040213 0.181098 88.946474
0.720901 0.356312 0.000000
0.565666 0.878336 61.153025
0.592682 0.221096 88.123550
0.342126 0.724213 66.479320
0.300000 0.187500 90.000000
0.702705 0.758995 46.855879
0.713885 0.527575 54.865780
0.968115 0.194022 0.000000
0.513287 0.205795 89.017146
0.033256 0.176635 88.916722
0.483031 0.132059 89.174369
0.946798 0.798163 0.000000
0.365271 0.814471 68.628011
0.342794 0.139253 89.639286
0.163580 0.967096 0.000000
0.117174 0.964842 0.000000
0.731198 0.840710 37.314311
0.066141 0.225580 87.898705
0.805174 0.629127 53.668441
0.658823 0.780257 44.851727
0.099334 0.818466 0.000000
0.275831 0.252953 83.872376
0.638485 0.421642 54.948898
0.000000 0.000000 88.278527
0.568693 0.136906 88.861994
0.517177 0.681044 62.815433
0.669257 0.724411 49.505789
0.751395 0.151197 0.000000
0.945045 0.274837 0.000000
0.146809 0.694221 0.000000
0.587410 0.006594 88.344802
0.364894 0.426233 60.750069
0.861728 0.197053 0.000000
0.135967 0.166829 89.321313
0.118751 0.038060 88.781537
0.300000 0.187500 90.000000
0.125013 0.390389 0.000000
0.144268 0.000478 88.630100
0.263318 0.497953 0.000000
0.567471 0.618730 59.996291
0.576007 0.133711 88.827556
0.856750 0.167979 0.000000
0.422253 0.550246 63.364273
0.215488 0.944846 0.000000
0.938535 0.934016 0.000000
0.728210 0.445036 54.843025
0.009265 0.781998 0.000000
0.296457 0.181346 89.954251
0.073642 0.584813 0.000000
0.946634 0.391046 0.000000
0.513425 0.020954 88.613973
0.064354 0.000000 88.451582
0.726074 0.752588 47.400813
0.939805 0.208576 0.000000
0.839301 0.902335 0.000000
0.161151 0.179085 89.434443
0.284821 0.081701 89.307862
0.662714 0.707317 50.564662
0.663722 0.069521 0.000000
0.434905 0.350198 29.151344
0.535340 0.891248 61.837094
0.135687 0.466175 0.000000
0.514147 0.646296 62.528543
0.583249 0.606979 59.195322
0.211464 0.164456 89.610046
0.341187 0.493929 61.954769
0.752140 0.899431 26.892894
0.205928 0.000000 88.722768
0.765780 0.399528 54.769614
0.735289 0.532362 54.823882
0.886117 0.578970 0.000000
0.546587 0.044701 88.635567
0.733008 0.757926 46.947841
0.359513 0.306392 63.557572
0.109266 0.183122 89.226557
0.300000 0.187500 90.000000
0.526713 0.854229 63.294622
0.394758 0.587173 64.361332
0.642726 0.898754 27.033765
0.124236 0.478527 0.000000
0.482998 0.451310 60.251659
0.631594 0.341818 0.000000
0.906954 0.924777 0.000000
0.519675 0.012537 88.555464
0.749013 0.200174 0.000000
0.557819 0.132127 88.894298
0.217534 0.729201 0.000000
0.679167 0.120662 0.000000
0.280589 0.132325 89.630316
0.965404 0.925902 0.000000
0.963214 0.354924 0.000000
0.237875 0.002536 88.771343
0.954883 0.343704 0.000000
0.211839 0.894573 0.000000
0.777130 0.680120 51.938822
0.526639 0.981192 19.873012
0.428755 0.734152 66.934173
0.626848 0.558826 54.792593
0.779354 0.791649 43.645492
0.300000 0.187500 90.000000
0.354522 0.721831 66.807771
0.489201 0.243829 85.580007
0.160158 0.169501 89.420795
0.346995 0.677244 65.779840
0.000000 0.181519 88.783772
0.938260 0.181543 0.000000
0.647349 0.521610 54.971570
0.324225 0.734114 65.976540
0.338801 0.073555 89.241327
0.183458 0.074773 89.126976
0.371555 0.168568 89.683781
0.923428 0.518089 0.000000
0.486530 0.498841 61.070222
0.759770 0.011236 0.000000
0.427718 0.462180 61.420065
0.298464 0.257319 82.879799
0.273753 0.311135 60.733198
0.539071 0.374349 0.871630
0.127116 0.212086 88.939682
0.721323 0.126097 0.000000
0.312988 0.565012 0.000000
0.826806 0.261603 0.000000
0.112503 0.091390 89.015262
0.124835 0.401745 0.000000
0.300000 0.187500 90.000000
0.058800 0.607909 0.000000
0.287242 0.104132 89.453559
0.582799 0.870041 60.477473
0.888413 0.568886 0.000000
0.439153 0.881697 66.552185
0.320929 0.641091 64.408705
0.551206 0.465715 58.540009
0.142313 0.125101 89.241916
0.522276 0.943295 46.943663
0.256267 0.347841 31.525044
0.140972 0.617909 0.000000
0.947526 0.040863 0.000000
0.018735 0.792329 0.000000
0.300000 0.187500 90.000000
0.887786 0.451126 0.000000
0.396735 0.239422 86.346992
0.255079 0.042634 89.039937
0.434798 0.165428 89.434508
0.412560 0.992320 9.263225
0.590079 0.120379 88.745511
0.404832 0.833128 69.236521
0.301513 0.299197 67.481454
0.768418 0.008669 0.000000
0.381248 0.000000 88.737299
0.695463 0.827711 39.185573
0.000000 0.162478 88.773259
0.968928 0.257491 0.000000
0.377685 0.000000 88.740985
0.901017 0.643236 0.000000
0.113273 0.318988 55.605440
0.836451 0.016529 0.000000
0.788042 0.904316 25.867332
0.923279 0.403930 0.000000
0.685682 0.400507 54.901092
0.176589 0.809329 0.000000
0.548760 0.969335 29.768175
0.264172 0.468275 0.000000
0.300000 0.187500 90.000000
0.152067 0.677739 0.000000
0.652103 0.492894 54.984593
0.170097 0.137358 89.379525
0.515966 0.837273 63.824403
0.210679 0.797693 0.000000
0.964460 0.716582 0.000000
0.649622 0.830523 38.793471
0.349001 0.779328 67.542564
0.300000 0.187500 90.000000
0.469912 0.159590 89.287292
0.053423 0.076724 88.767571
0.604221 0.327983 0.000000
0.884131 0.157406 0.000000
0.970645 0.725909 0.000000
0.962773 0.027041 0.000000
0.086352 0.052511 88.766594
0.969889 0.236393 0.000000
0.991476 0.334638 0.000000
0.548828 0.406250 57.635337
0.390016 0.160489 89.593885
0.303455 0.559297 0.000000
0.727358 0.114279 0.000000
0.949867 0.884968 0.000000
0.662866 0.926417 20.897383
0.300000 0.187500 90.000000
0.552006 0.553190 59.814015
0.373004 0.819480 69.011113
0.492382 0.554671 61.908562
0.907049 0.265295 0.000000
0.175693 0.092226 89.200308
0.622182 0.686700 51.645176
0.372800 0.637885 65.401739
0.789183 0.897448 27.301250
0.272177 0.078322 89.279821
0.786069 0.074657 0.000000
0.635774 0.495309 54.984757
0.953088 0.288446 0.000000
0.394154 0.171910 89.604440
0.763408 0.502297 54.783060
0.118591 0.298353 67.901564
0.912149 0.968077 0.000000
0.283447 0.887072 0.000000
0.397657 0.110583 89.360681
0.194468 0.399724 0.000000
0.166329 0.854266 0.000000
0.917449 0.579577 0.000000
0.145032 0.000000 88.628770
0.300000 0.187500 90.000000
0.546492 0.598882 60.633036
0.197036 0.268739 79.784848
0.274856 0.004703 88.807093
0.996759 0.675408 0.000000
0.053046 0.163053 88.986398
0.260932 0.651438 0.000000
0.827818 0.544557 0.000000
0.297360 0.531819 0.000000
0.443109 0.149636 89.368969
0.281893 0.050635 89.106197
0.269524 0.682495 0.000000
0.740969 0.379218 54.807642
0.300000 0.187500 90.000000
