# Party-0 optima (Phase 1b)
# x0..x(D-1) party_fit f0 f1 consensus
0.150995 0.808658 89.691491 89.691491 89.376992 89.376992
0.821989 0.202252 81.522693 81.522693 82.535312 81.522693
0.369601 0.031126 70.925910 70.925910 0.599328 0.599328
0.871383 0.225813 70.636227 70.636227 32.538001 32.538001
0.836548 0.186020 63.495289 63.495289 49.966903 49.966903
0.168212 0.713695 61.588683 61.588683 54.777967 54.777967
0.217667 0.785036 48.636253 48.636253 41.964528 41.964528
0.916784 0.237093 45.056891 45.056891 13.584940 13.584940
