# gen=290 x0..xd f
0.902491 0.465476 55.000000
0.768377 0.787692 0.000000
0.156762 0.465476 0.000000
0.000000 0.339309 0.000000
0.535203 0.278688 0.000000
0.784650 0.281441 0.000000
0.316319 0.141840 0.000000
0.093145 0.414585 0.000000
0.535203 0.465476 0.067030
0.507539 0.778318 0.000000
0.407104 0.466385 0.000000
0.156762 0.278688 89.675748
0.874000 0.631568 0.000000
0.595242 0.200050 0.000000
0.156762 0.911631 0.000000
0.448626 0.847571 0.000000
0.928913 0.546623 43.801745
0.972046 0.913129 0.000000
0.608653 0.918798 0.000000
0.966306 0.257310 27.026056
0.946321 0.662163 0.000000
0.902491 0.278688 35.976616
0.991902 0.253046 21.505023
0.155014 0.130366 0.000000
0.937921 0.945898 0.000000
0.535203 0.645902 65.000000
0.319616 0.438685 0.000000
0.156762 0.645902 0.000000
0.372354 0.234715 0.000000
0.582367 0.876372 0.000000
0.611763 0.661590 0.000000
1.000000 0.374169 25.604263
0.172106 0.467557 0.000000
0.591972 0.353491 0.000000
0.902491 0.465476 55.000000
0.824971 0.998076 0.000000
0.694819 0.034649 0.000000
0.021437 0.982920 0.000000
0.160911 0.781948 0.000000
0.959865 0.203563 23.683019
0.099380 0.908200 0.000000
0.417848 0.924583 0.000000
0.616275 0.999015 0.000000
0.535203 0.278688 0.000000
0.718847 0.462295 0.000000
0.156762 0.278688 89.675748
0.259081 0.261074 0.000000
0.620648 0.551924 0.000000
0.347512 0.462542 0.000000
0.582729 0.100671 0.000000
0.211667 0.093534 0.000000
0.088991 0.351072 0.000000
0.919806 0.005923 7.935553
0.384482 0.573266 0.000000
0.791461 0.450990 0.000000
0.984368 0.225273 21.136254
0.085385 0.254274 0.000000
0.902491 0.278688 35.976616
0.830456 0.354601 31.507303
0.744629 0.460649 0.000000
0.003688 0.575727 0.000000
0.902491 0.465476 55.000000
0.137621 0.439362 0.000000
0.535203 0.465476 0.067030
0.535203 0.645902 65.000000
0.661073 0.777063 0.000000
0.535203 0.278688 0.000000
0.993386 0.390145 27.896714
0.064219 0.956565 0.000000
0.806230 0.469859 27.467327
0.535203 0.911631 0.000000
0.095245 0.183053 0.000000
0.687940 0.201727 0.000000
0.161014 0.199302 0.000000
0.372640 0.660285 0.000000
0.098423 0.138785 0.000000
0.789281 0.205783 0.000000
0.535203 0.278688 0.000000
0.156762 0.465476 0.000000
0.935634 0.201057 26.450804
0.038344 0.219508 0.000000
0.512631 0.409017 0.000000
0.917671 0.170112 24.607018
0.005413 0.628300 0.000000
0.032965 0.876844 0.000000
0.879701 0.667109 0.000000
0.602145 0.113467 0.000000
0.535203 0.645902 65.000000
0.872134 0.654689 0.000000
0.844486 0.884485 0.000000
0.842584 0.976249 0.000000
0.156762 0.278688 89.675748
0.156762 0.645902 0.000000
0.381020 0.443806 0.000000
0.631912 0.221804 0.000000
0.353429 0.787697 0.000000
0.695215 0.445118 0.000000
0.902491 0.465476 55.000000
0.902491 0.278688 35.976616
0.808706 0.984138 0.000000
0.876908 0.079930 15.058352
0.906429 0.160494 23.918689
0.380126 0.706949 0.000000
0.535203 0.911631 0.000000
0.347512 0.462542 0.000000
0.100347 0.790025 0.000000
0.288212 0.888212 0.000000
0.252178 0.542466 0.000000
0.537006 0.252245 0.000000
0.655435 0.982437 0.000000
0.062215 0.818763 0.000000
0.292912 0.925875 0.000000
0.535203 0.465476 0.067030
0.118325 0.492160 0.000000
0.953866 0.450723 40.230885
0.675318 0.136681 0.000000
0.835224 0.268189 27.183110
0.676054 0.852268 0.000000
0.657324 0.138182 0.000000
0.530773 0.349259 0.000000
0.208659 0.828353 0.000000
0.910401 0.467549 52.727874
0.162339 0.462295 0.000000
0.719422 0.814933 0.000000
0.858718 0.906753 0.000000
0.330603 0.321781 0.000000
0.535675 0.041756 0.000000
0.156762 0.645902 0.000000
0.236371 0.103826 0.000000
0.506785 0.495455 0.000000
0.535203 0.465476 0.067030
0.995932 0.467291 28.276626
0.926572 0.308418 37.584890
0.920674 0.082962 15.697403
0.156762 0.278688 89.675748
0.110543 0.070616 0.000000
0.796300 0.790998 0.000000
0.637841 0.239400 0.000000
0.166049 0.867791 0.000000
0.771405 0.058265 0.000000
0.156762 0.462295 0.000000
0.905500 0.465476 54.139427
0.920014 0.720129 0.000000
0.901312 0.270654 35.155474
0.130015 0.653918 0.000000
0.156762 0.911631 0.000000
0.005968 0.465191 0.000000
0.535203 0.278688 0.000000
0.772471 0.343441 0.000000
0.403557 0.816573 0.000000
0.902491 0.278688 35.976616
0.869001 0.909828 0.000000
0.212522 0.271249 0.000000
0.139649 0.498103 0.000000
0.054503 0.618863 0.000000
0.757047 0.258912 0.000000
0.535203 0.465476 0.067030
0.905500 0.465476 54.139427
0.534413 0.368207 0.000000
0.535203 0.911631 0.000000
0.823245 0.867520 0.000000
0.549749 0.671148 0.000015
0.755427 0.520396 0.000000
0.360797 0.709982 0.000000
0.172466 0.046292 0.000000
0.828121 0.264292 25.467441
0.831952 0.751724 0.000000
0.911807 0.706279 0.000000
0.535203 0.278688 0.000000
0.627181 0.763456 0.000000
0.156762 0.465476 0.000000
0.275388 0.364497 0.000000
0.902491 0.465476 55.000000
0.902491 0.278688 35.976616
0.535203 0.465476 0.067030
0.668068 0.762911 0.000000
0.535203 0.645902 65.000000
0.069041 0.363114 0.000000
0.416127 0.084931 0.000000
0.832046 0.867621 0.000000
0.923797 0.380227 44.393004
0.156762 0.278688 89.675748
0.665041 0.939090 0.000000
0.246026 0.284600 0.000000
0.726441 0.651008 0.000000
0.420180 0.615768 0.000000
0.306996 0.141038 0.000000
0.869508 0.123767 18.943045
0.987553 0.477304 30.643756
0.155052 0.098396 0.000000
0.535203 0.278688 0.000000
0.156762 0.911631 0.000000
0.177727 0.680473 0.000000
0.259253 0.091482 0.000000
0.198519 0.975741 0.000000
0.902491 0.278688 35.976616
0.156762 0.278688 89.675748
0.359352 0.026840 0.000000
0.727721 0.062864 0.000000
0.074030 0.375267 0.000000
0.511386 0.903786 0.000000
0.755489 0.828091 0.000000
0.359038 0.837032 0.000000
0.066436 0.921017 0.312890
0.933671 0.508097 45.082530
0.902491 0.278688 35.976616
0.896976 0.696239 0.000000
0.611411 0.231928 0.000000
0.535203 0.911631 0.000000
0.341283 0.086323 0.000000
1.000000 0.373797 25.592242
0.187301 0.012623 0.000000
0.702321 0.163230 0.000000
0.319234 0.401235 0.000000
0.156762 0.645902 0.000000
0.257071 0.551918 0.000000
0.053699 0.380424 0.000000
0.535203 0.278688 0.000000
0.736864 0.035294 0.000000
0.902491 0.465476 55.000000
0.742915 0.962301 0.000000
0.888472 0.668691 0.000000
0.156762 0.278688 89.675748
0.933145 0.002154 7.005534
0.535203 0.645902 65.000000
0.517083 0.044337 0.000000
0.639348 0.838691 0.000000
0.754085 0.864165 0.000000
0.359180 0.170566 0.000000
0.905486 0.848090 0.000000
0.535203 0.278688 0.000000
0.156770 0.017896 0.000000
0.906655 0.281650 36.240361
0.424409 0.570734 0.000000
0.365973 0.893750 0.000000
0.156762 0.465476 0.000000
0.902491 0.465476 55.000000
0.345328 0.319833 0.000000
0.535203 0.465476 0.067030
0.588058 0.509170 0.000000
0.535203 0.465476 0.067030
0.148353 0.078441 0.000000
0.372013 0.465476 0.000000
0.281609 0.531696 0.000000
0.738695 0.404287 0.000000
0.643925 0.070281 0.000003
0.156762 0.911631 0.000000
0.726387 0.650367 0.000000
0.902491 0.278688 35.976616
0.434975 0.361609 0.000000
0.061417 0.645902 0.000000
0.645455 0.341563 0.000000
0.276796 0.152983 0.000000
0.923602 0.154396 22.747893
0.026251 0.062460 0.000000
0.535203 0.645902 65.000000
0.810003 0.087490 8.292994
0.849585 0.863147 0.000000
0.069445 0.999204 0.000000
0.841220 0.533069 36.173899
0.918327 0.058105 13.264875
0.942299 0.738182 0.000000
0.156762 0.645902 0.000000
0.343265 0.118197 0.000000
0.165489 0.606682 0.000000
0.535203 0.645902 65.000000
0.695842 0.490981 0.000000
0.196835 0.213279 0.000000
0.156762 0.278688 89.675748
0.037259 0.755045 0.000000
0.902491 0.465476 55.000000
0.410687 0.718219 0.000000
0.459663 0.641055 0.000000
0.504012 0.852794 0.000000
0.929611 0.039330 10.911575
0.902491 0.278688 35.976616
0.703396 0.396223 0.000000
0.535203 0.278688 0.000000
0.108542 0.325589 0.000000
0.156762 0.465476 0.000000
0.911097 0.406875 48.544157
0.691553 0.274764 0.000000
0.273627 0.566933 0.000000
0.908067 0.149005 22.729556
0.774754 0.712151 0.000000
0.202940 0.530651 0.000000
0.061417 0.911631 65.233662
0.535203 0.465476 0.067030
0.017155 0.387665 0.000000
0.165728 0.992921 0.000000
0.535640 0.682982 0.000003
0.336833 0.167347 0.000000
0.061417 0.465476 0.000000
0.061417 0.278688 0.000000
0.281870 0.441682 0.000000
0.874482 0.000000 6.921655
1.000000 0.080752 6.907562
0.902491 0.465476 55.000000
0.523563 0.117274 0.000000
0.674225 0.585249 0.000000
# OSA solutions
0.156762 0.278688 89.675748
0.535203 0.645902 65.000000
0.061417 0.911631 65.233662
0.902491 0.465476 55.000000
0.634624 0.109526 51.701471
0.902605 0.452550 53.683136
0.906409 0.378996 46.121464
0.903180 0.494273 52.060584
0.904040 0.402214 48.541816
0.904617 0.329208 41.108440
0.898917 0.387692 47.012451
0.899979 0.480518 53.308061
0.897755 0.407961 48.987795
0.896692 0.365733 44.707150
0.908067 0.462295 53.372539
0.908958 0.455580 52.893558
0.902960 0.373629 45.644820
0.902491 0.458476 54.287063
0.900986 0.490089 52.456611
0.918609 0.456507 50.300848
0.904352 0.444288 52.777438
0.893037 0.473742 52.168320
0.894036 0.418033 49.596920
0.914612 0.431670 50.114194
0.902491 0.427952 51.178350
0.897528 0.320010 40.117231
0.905671 0.356229 43.836588
0.887040 0.315770 39.125881
0.891492 0.395231 47.185017
0.919262 0.483813 49.852966
0.900468 0.305149 38.661239
0.877741 0.331815 39.657063
0.886820 0.486649 50.026723
0.895447 0.501919 50.777106
0.889695 0.461707 51.320605
0.897191 0.534871 47.771794
0.898561 0.431490 51.360809
0.904898 0.322277 40.399611
0.896075 0.462295 53.136737
0.910355 0.418893 49.749615
0.925535 0.489625 47.965790
0.889429 0.345403 42.213287
0.892674 0.495627 50.839340
0.862220 0.427355 42.846327
0.908123 0.366298 44.771523
0.875064 0.434616 46.550128
0.913865 0.440742 50.885714
0.908071 0.523763 48.852960
0.902491 0.411553 49.508235
0.923070 0.319545 39.014802
0.956738 0.490890 39.271789
0.908658 0.479392 52.737433
0.899717 0.440693 52.354269
0.883358 0.493667 48.820887
0.920087 0.529936 46.728271
0.957764 0.388089 37.336698
0.887786 0.437639 49.928171
0.917639 0.386921 45.901943
0.913634 0.310097 38.857682
0.922547 0.336823 40.696833
0.916880 0.397732 46.966548
0.945769 0.397956 40.841035
0.851287 0.515419 39.498271
0.894506 0.374233 45.430918
0.940699 0.379470 40.995556
0.852243 0.437210 40.344406
0.881318 0.307430 37.802637
0.924789 0.437674 48.022713
0.954472 0.471431 40.121755
0.916930 0.354576 42.974146
0.864063 0.358764 39.543896
0.876323 0.398697 44.887611
0.880552 0.428459 47.680245
0.879948 0.349600 41.552504
0.943692 0.439264 42.918467
0.886715 0.374370 44.682570
0.893926 0.521079 48.830076
0.886139 0.514865 48.132094
0.921626 0.520189 47.190044
0.955205 0.427976 39.448344
0.859625 0.338079 37.149928
0.939616 0.354605 39.500709
0.870974 0.479362 45.876387
0.943161 0.410039 42.071008
0.901007 0.291560 37.282387
0.859996 0.474664 42.811375
0.892079 0.450241 51.642388
0.935444 0.505789 44.720448
0.845488 0.409443 37.728147
0.955740 0.462295 39.768090
0.959480 0.413601 37.867124
0.915033 0.411163 48.407326
0.914533 0.295613 37.360862
0.954705 0.376400 37.527896
0.884059 0.531311 46.471173
0.933121 0.491466 45.849026
0.956822 0.517432 38.585767
0.942330 0.451237 43.514558
0.868878 0.375679 41.731877
0.869490 0.349113 39.850318
0.861413 0.390757 41.003094
0.854802 0.545947 39.088853
0.935289 0.415605 44.333250
0.887078 0.354888 42.905418
0.915240 0.508007 49.338229
0.938621 0.526742 42.929591
0.951735 0.361371 37.371939
0.847284 0.462540 39.208982
0.925649 0.347639 41.292663
0.940752 0.336774 37.925499
0.848505 0.424172 38.998033
0.860643 0.483509 42.892024
0.921786 0.535418 45.989348
0.911259 0.542493 46.765143
0.849547 0.491511 39.628545
0.873739 0.522195 44.951338
0.867865 0.460372 45.083920
0.862219 0.446620 43.324062
0.864384 0.408019 42.630444
0.936713 0.391676 42.659817
