# gen=10 mediating population
# x0..x(D-1) f0 f1 consensus
0.000000 0.450574 0.032420 0.993962 0.134260 0.830134 1.000000 0.546713 0.441025 0.723129 8.930718 9.294826 8.930718
0.430309 0.042940 0.115355 0.078606 1.000000 0.101428 0.346054 0.637954 1.000000 1.000000 8.930718 8.162585 8.162585
0.000000 0.024038 0.108059 0.908923 0.586926 1.000000 0.000000 0.000000 0.000000 0.476415 8.930718 6.993608 6.993608
0.403714 0.251500 0.013490 0.114415 0.382569 0.267115 0.000000 0.208553 1.000000 0.287419 8.930718 8.162585 8.162585
0.000000 0.292034 0.111982 0.522699 0.000000 0.733490 0.146591 0.818171 0.804336 0.186408 8.930718 6.993608 6.993608
0.094491 0.308421 0.000000 0.371865 0.842116 0.377454 1.000000 1.000000 0.174986 0.288841 8.930718 6.993608 6.993608
0.181229 0.398043 0.063131 1.000000 1.000000 0.705039 0.352060 0.303869 0.512698 0.516828 8.930718 9.294826 8.930718
0.000000 0.000000 0.000000 0.958054 0.698852 0.381802 0.346875 0.426863 0.827907 0.940156 8.930718 6.993608 6.993608
0.090362 0.149516 0.207035 0.597661 0.340616 0.701306 0.099756 0.352471 0.992036 0.952440 8.930718 6.993608 6.993608
0.000000 0.000000 0.326881 1.000000 0.591761 0.722355 0.000000 0.736884 0.000000 0.106818 8.930718 7.051122 7.051122
0.077211 0.456260 0.202837 1.000000 1.000000 0.309387 0.667715 0.567651 0.679679 0.295850 8.930718 9.294826 8.930718
0.230114 0.432337 0.180257 0.910557 0.805809 0.558563 0.535456 0.000000 0.803691 0.056537 8.930718 9.294826 8.930718
0.083847 0.175223 0.000000 1.000000 0.438795 0.774447 0.554691 0.163842 1.000000 0.395744 8.930718 6.993608 6.993608
0.166138 0.383632 0.000000 0.700196 0.067676 0.590349 1.000000 0.215559 0.189880 0.427736 8.930718 9.294826 8.930718
0.000000 0.000000 0.000000 0.456559 0.985398 0.000000 0.212553 0.822230 0.743742 0.633072 8.930718 6.993608 6.993608
0.000000 0.416631 0.000000 0.986245 0.675337 0.982762 0.436243 0.260249 0.598489 0.000000 8.930718 9.294826 8.930718
0.000000 0.107427 0.298954 1.000000 0.823455 0.000000 0.515301 0.000000 0.796701 0.565532 8.930718 7.051122 7.051122
0.441577 0.367015 0.122373 0.369944 0.710874 0.000000 0.401091 0.000000 0.789373 0.000000 8.930718 8.162585 8.162585
0.338426 0.375370 0.177896 1.000000 0.163011 0.658198 0.664794 0.371395 0.000000 0.748077 8.930718 9.294826 8.930718
0.199395 0.398028 0.205656 0.815796 0.000000 0.292876 0.108000 0.080003 0.533503 0.000000 8.930718 9.294826 8.930718
0.375421 0.465695 0.243536 1.000000 0.156204 0.417252 0.554151 0.757268 1.000000 0.439437 8.930718 9.294826 8.930718
0.023525 0.466016 0.000000 0.860516 1.000000 0.616937 0.540643 0.239151 0.000000 0.443483 8.930718 9.294826 8.930718
0.338280 0.451816 0.181552 0.861679 0.065640 0.915583 0.645250 0.683587 1.000000 0.673585 8.930718 9.294826 8.930718
0.463083 0.011957 0.076852 0.646394 0.160683 0.152640 0.000000 0.218695 0.443023 0.973781 8.930718 8.162585 8.162585
0.000000 0.195988 0.202790 0.613728 0.895409 0.081139 0.069082 0.000000 0.294637 0.241197 8.930718 6.993608 6.993608
0.446744 0.253047 0.132137 0.889118 0.216633 0.733433 0.849853 0.916757 0.696936 0.000000 8.930718 8.162585 8.162585
0.426791 0.104395 0.122669 0.385947 1.000000 0.316672 0.859633 0.436210 0.202691 0.557841 8.930718 8.162585 8.162585
0.262720 0.413480 0.000000 0.851300 1.000000 0.762009 0.834461 0.539893 0.096065 0.531922 8.930718 9.294826 8.930718
0.396416 0.000000 0.000000 0.661753 0.952023 0.374651 0.272636 0.450909 0.830104 0.263366 8.930718 8.162585 8.162585
0.461312 0.187671 0.017406 1.000000 1.000000 0.737806 0.231932 0.079287 0.078947 0.474714 8.930718 8.162585 8.162585
0.000000 0.440132 0.130003 1.000000 0.791518 0.168183 0.033185 0.000000 0.302766 0.000000 8.930718 9.294826 8.930718
0.000000 0.422352 0.000000 0.938206 0.173168 0.256356 0.326503 0.480108 0.486531 0.450775 8.930718 9.294826 8.930718
0.420706 0.336919 0.126388 0.444472 0.957113 0.214021 0.817814 0.295290 0.930777 1.000000 8.930718 8.162585 8.162585
0.245529 0.370887 0.110420 0.794843 0.635423 1.000000 0.160863 0.651806 0.919502 0.441361 8.930718 9.294826 8.930718
0.018206 0.370077 0.000000 0.714688 0.408940 0.000000 0.539072 0.000000 0.288255 0.990021 8.930718 9.294826 8.930718
0.422332 0.000000 0.184583 0.924336 0.957151 0.070891 0.401780 0.228536 0.764583 0.413578 8.930718 8.162585 8.162585
0.193458 0.399127 0.000000 1.000000 0.459375 1.000000 0.536478 0.527094 0.958576 0.391001 8.930718 9.294826 8.930718
0.358419 0.331416 0.268142 0.675231 0.684622 0.973477 0.784302 0.395110 0.573499 0.288377 8.930718 6.993608 6.993608
0.000000 0.348037 0.000000 0.940384 1.000000 0.314387 0.430886 0.336338 0.378098 0.198659 8.930718 9.294826 8.930718
0.109721 0.357127 0.123325 0.808568 0.618855 0.148901 0.485621 0.362084 0.303341 0.000000 8.930718 9.294826 8.930718
0.013825 0.165767 0.308896 0.867321 0.000000 0.000000 0.000000 0.063904 1.000000 0.088233 8.930718 7.051122 7.051122
0.096893 0.364775 0.000000 0.957744 1.000000 0.038229 0.907062 0.480195 1.000000 0.683408 8.930718 9.294826 8.930718
0.000000 0.000000 0.000000 0.271377 1.000000 0.300837 0.000000 0.553592 0.552197 0.512622 8.930718 6.993608 6.993608
0.435249 0.000000 0.067664 0.840530 0.926720 0.065463 0.000000 0.554600 0.602091 0.225967 8.930718 8.162585 8.162585
0.064796 0.000000 0.111383 0.000000 1.000000 0.329404 0.035434 0.245615 0.776098 0.217798 8.930718 6.993608 6.993608
0.000000 0.000000 0.033715 0.295732 1.000000 0.098601 0.993123 0.450431 0.614018 0.656138 8.930718 6.993608 6.993608
0.000280 0.371911 0.094771 1.000000 0.626813 0.852702 0.400754 0.967852 0.075943 0.375429 8.930718 9.294826 8.930718
0.278095 0.355531 0.164268 0.940982 0.247928 0.822999 1.000000 0.733160 1.000000 0.952905 8.930718 9.294826 8.930718
0.142200 0.316778 0.096048 0.900765 0.000000 0.998722 0.656273 0.744514 0.627439 0.913621 8.930718 6.993608 6.993608
0.211166 0.357454 0.092291 1.000000 0.625688 0.692471 0.739962 0.315450 0.283899 0.809676 8.930718 9.294826 8.930718
0.442182 0.029456 0.228466 0.213999 0.205430 0.399591 0.393113 0.319278 0.248179 0.934503 8.930718 8.162585 8.162585
0.277230 0.146017 0.065963 0.938490 0.359723 0.863767 0.550419 0.868950 1.000000 0.824935 8.930718 6.993608 6.993608
0.245218 0.000000 0.274155 0.160981 0.851690 0.340214 0.581655 0.352771 0.199339 0.874726 8.930718 6.993608 6.993608
0.273226 0.450149 0.000000 1.000000 0.163712 0.943752 0.620194 0.636241 0.308033 1.000000 8.930718 9.294826 8.930718
0.066469 0.451378 0.185337 1.000000 0.384123 0.758561 0.454095 0.290138 0.457242 0.000000 8.930718 9.294826 8.930718
0.000000 0.407973 0.003018 0.903793 0.687592 0.219877 0.000000 0.000000 0.188676 0.924920 8.930718 9.294826 8.930718
0.227941 0.413810 0.041105 1.000000 0.000000 1.000000 0.666771 0.000000 0.838587 0.679013 8.930718 9.294826 8.930718
0.430547 0.000000 0.101742 0.140193 1.000000 0.128592 0.459973 0.343665 0.731917 0.663343 8.930718 8.162585 8.162585
0.332750 0.404931 0.121627 0.862705 0.000000 1.000000 0.000000 0.018793 0.588935 0.220876 8.930718 9.294826 8.930718
0.380293 0.477489 0.183829 0.886281 1.000000 1.000000 0.658026 0.755750 0.616194 1.000000 8.930718 9.294826 8.930718
0.126865 0.412612 0.006037 1.000000 0.967993 0.386149 0.195603 0.065819 0.284750 0.562720 8.930718 9.294826 8.930718
0.351459 0.438878 0.102283 0.961189 0.972977 0.937240 0.173041 0.755750 1.000000 1.000000 8.930718 9.294826 8.930718
0.243008 0.400789 0.103775 0.837337 0.071230 0.261791 0.608000 0.354335 0.439506 0.142770 8.930718 9.294826 8.930718
0.318786 0.464352 0.000000 1.000000 0.337668 0.706561 0.369873 0.856867 0.799244 0.000000 8.930718 9.294826 8.930718
0.074089 0.452325 0.237962 0.901905 0.825992 0.107152 1.000000 0.635789 0.882922 0.537571 8.930718 9.294826 8.930718
0.000000 0.377017 0.000000 0.932669 0.927562 0.478788 0.323067 0.969795 0.461382 1.000000 8.930718 9.294826 8.930718
0.139888 0.477886 0.089211 0.880174 0.461627 0.641959 0.000000 0.000000 0.055956 0.548139 8.930718 9.294826 8.930718
0.196532 0.475534 0.026484 1.000000 0.601766 1.000000 0.514438 0.790779 0.724665 1.000000 8.930718 9.294826 8.930718
0.097671 0.397878 0.000000 1.000000 0.899947 0.080756 0.081010 0.524106 0.246865 1.000000 8.930718 9.294826 8.930718
0.309413 0.153173 0.316600 0.863049 0.436220 0.687940 0.930044 1.000000 0.532822 0.742838 8.930718 7.051122 7.051122
0.396416 0.000000 0.000000 0.767489 0.950644 0.256770 0.268311 0.337750 0.649791 0.388730 8.930718 8.162585 8.162585
0.409914 0.142559 0.000000 0.000000 0.448349 0.000000 0.202737 0.275573 0.639324 0.428276 8.930718 8.162585 8.162585
0.008463 0.000000 0.000000 0.819419 0.975322 0.261581 0.887445 0.917746 1.000000 0.619477 8.930718 6.993608 6.993608
0.036013 0.022838 0.155356 0.664501 0.427160 0.785819 0.142859 0.000000 0.536268 0.000000 8.930718 6.993608 6.993608
0.264345 0.414002 0.159878 1.000000 0.729822 0.499397 1.000000 0.355738 0.606395 0.684926 8.930718 9.294826 8.930718
0.412874 0.397330 0.110420 0.390688 0.636639 1.000000 0.000000 0.313689 0.688881 0.192862 8.930718 8.162585 8.162585
0.230990 0.000000 0.000000 0.618182 0.015320 0.727087 0.632376 0.404150 0.316717 0.910888 8.930718 6.993608 6.993608
0.415975 0.038932 0.082211 0.538062 0.250841 0.939925 0.682492 0.038540 0.064438 0.849509 8.930718 8.162585 8.162585
0.064141 0.049200 0.270464 0.803345 0.894945 0.846512 0.379955 0.082181 0.363354 0.245068 8.930718 6.993608 6.993608
0.398248 0.127645 0.056408 0.160829 0.784732 0.000000 0.383016 0.160425 0.799908 0.274302 8.930718 8.162585 8.162585
0.416351 0.000000 0.000000 0.235009 1.000000 0.000000 0.459973 0.270463 1.000000 0.684429 8.930718 8.162585 8.162585
0.067834 0.447917 0.000000 1.000000 0.992993 0.384464 1.000000 0.568942 0.874206 0.631423 8.930718 9.294826 8.930718
0.217887 0.384066 0.071962 1.000000 0.214987 0.699925 0.797694 0.901928 0.623293 0.548350 8.930718 9.294826 8.930718
0.427432 0.314098 0.000000 0.668956 0.294145 0.919312 0.000000 0.000000 0.560185 0.184064 8.930718 8.162585 8.162585
0.075397 0.453857 0.094001 0.802113 0.000000 0.456639 0.804462 0.424439 0.374633 0.359571 8.930718 9.294826 8.930718
0.114808 0.409862 0.237962 1.000000 0.951220 0.120852 0.541350 0.954150 0.748603 0.719457 8.930718 9.294826 8.930718
0.230114 0.451378 0.185337 0.937592 0.950692 0.676498 0.477062 0.090576 0.610341 0.000000 8.930718 9.294826 8.930718
0.000000 0.000000 0.000000 0.235953 1.000000 0.000000 0.000000 0.595237 0.939960 0.972355 8.930718 6.993608 6.993608
0.298273 0.416131 0.048985 0.811692 1.000000 0.013338 0.700198 0.478917 1.000000 0.218182 8.930718 9.294826 8.930718
0.291484 0.468751 0.000000 1.000000 0.806337 0.833240 0.000000 1.000000 0.603300 0.475355 8.930718 9.294826 8.930718
0.442483 0.000000 0.000000 0.818706 0.770633 0.000000 0.000000 0.671943 0.801159 0.000000 8.930718 8.162585 8.162585
0.000000 0.412809 0.022416 1.000000 0.286104 0.930748 1.000000 0.249938 0.187262 0.317605 8.930718 9.294826 8.930718
0.111528 0.140082 0.287017 0.651650 0.000000 0.576259 0.582768 0.881926 0.691416 1.000000 8.930718 7.051122 7.051122
0.227306 0.106670 0.244411 0.012266 0.667024 0.000000 0.419548 0.688854 0.886299 0.110246 8.930718 6.993608 6.993608
0.091970 0.370077 0.000000 0.850882 0.440918 0.233636 0.669452 0.596811 0.577502 1.000000 8.930718 9.294826 8.930718
0.292898 0.386893 0.175267 0.741500 0.463268 0.408711 0.834810 0.735008 0.366678 0.320783 8.930718 9.294826 8.930718
0.379441 0.447534 0.195510 0.982509 0.128672 0.000000 0.714180 0.491469 1.000000 0.078567 8.930718 9.294826 8.930718
0.000000 0.417805 0.022416 0.768741 0.603812 0.536022 0.597462 0.000000 0.114178 1.000000 8.930718 9.294826 8.930718
0.000000 0.418708 0.000000 0.821130 0.910109 0.498502 0.000000 0.324716 0.000000 1.000000 8.930718 9.294826 8.930718
0.344903 0.210761 0.113468 1.000000 1.000000 0.952152 0.964158 0.729296 0.521961 0.630093 8.930718 6.993608 6.993608
0.041056 0.386213 0.131124 0.950796 0.000000 0.415110 0.246518 0.487832 0.776089 0.015374 8.930718 9.294826 8.930718
0.079832 0.089985 0.000000 0.717379 0.059703 0.150531 0.503408 0.128988 0.365236 0.105069 8.930718 6.993608 6.993608
0.047051 0.409514 0.022416 0.916418 0.231286 0.430748 0.533860 0.011575 0.497857 0.477443 8.930718 9.294826 8.930718
0.000000 0.000000 0.000000 0.756185 0.887319 0.093050 0.551641 0.896833 0.149315 0.934322 8.930718 6.993608 6.993608
0.047051 0.371911 0.022416 1.000000 0.336780 0.546949 0.481468 0.162861 0.341170 0.351449 8.930718 9.294826 8.930718
0.400343 0.260656 0.175090 0.327420 0.452972 0.023170 0.693835 0.683114 0.703591 0.080721 8.930718 8.162585 8.162585
0.272343 0.267711 0.231207 0.474233 0.250465 1.000000 0.000000 0.000000 0.423593 0.000000 8.930718 6.993608 6.993608
0.000000 0.405969 0.139587 0.880111 0.982647 0.482762 0.149041 0.468551 0.451239 0.095072 8.930718 9.294826 8.930718
0.420615 0.400099 0.202961 0.583218 0.000000 0.855074 0.000000 0.000000 0.609926 0.127757 8.930718 8.162585 8.162585
0.396586 0.434911 0.222267 0.988784 0.168047 0.166760 0.724966 0.635624 0.310458 0.000000 8.930718 8.162585 8.162585
0.311652 0.468822 0.121627 1.000000 0.000000 0.978788 0.000000 0.000000 0.235838 0.087422 8.930718 9.294826 8.930718
0.123810 0.434922 0.000000 1.000000 1.000000 0.819741 0.376351 1.000000 0.672739 1.000000 8.930718 9.294826 8.930718
0.277578 0.245925 0.119880 0.396334 0.635261 0.000000 0.758318 0.857211 0.418405 0.344757 8.930718 6.998213 6.998213
0.103838 0.251882 0.288625 0.693609 0.493350 0.232195 0.000000 0.048391 0.352785 0.245412 8.930718 7.051122 7.051122
0.057521 0.359862 0.000336 0.729142 0.786442 0.000000 0.933526 0.762789 1.000000 0.855640 8.930718 9.294826 8.930718
0.223567 0.367015 0.101395 0.709343 0.561773 0.000000 0.188933 0.000000 0.921848 0.070743 8.930718 9.294826 8.930718
0.256336 0.400252 0.150291 0.851228 0.300405 0.500676 0.672249 0.041224 0.000000 1.000000 8.930718 9.294826 8.930718
0.399599 0.597607 0.664833 0.519616 0.985885 0.000000 0.420720 0.299508 0.084783 0.434345 8.838613 10.989736 8.838613
0.000000 0.464671 0.000000 1.000000 0.355681 1.000000 1.000000 0.472460 0.185299 0.000000 8.930718 9.294826 8.930718
0.376219 0.341372 0.056235 1.000000 0.185581 0.649495 0.331664 0.443563 0.273567 0.465084 8.930718 9.294826 8.930718
0.000781 0.200228 0.156533 0.965255 1.000000 0.275528 0.097002 0.441083 0.583136 0.816144 8.930718 6.994677 6.994677
0.000000 0.407683 0.026661 0.726967 0.648529 0.340605 0.312782 1.000000 0.542326 0.093061 8.930718 9.294826 8.930718
0.430309 0.221666 0.115355 0.000000 0.835053 0.109539 0.338514 0.613545 0.532177 1.000000 8.930718 8.162585 8.162585
0.424161 0.068851 0.000000 0.374229 0.550270 0.151834 0.382595 0.086175 1.000000 0.829322 8.930718 8.162585 8.162585
0.044947 0.398028 0.113365 0.757521 0.000000 0.316139 0.324735 0.327765 0.440525 0.225886 8.930718 9.294826 8.930718
0.325019 0.439909 0.266057 0.861001 0.000551 0.446351 0.429140 0.416559 1.000000 0.077025 8.930718 9.294826 8.930718
0.340561 0.390893 0.092477 0.824079 0.659408 0.483025 1.000000 0.855983 0.559576 0.868391 8.930718 9.294826 8.930718
0.026529 0.358283 0.120940 1.000000 1.000000 0.000000 0.611641 1.000000 0.974005 0.587767 8.930718 9.294826 8.930718
0.256140 0.464349 0.162513 1.000000 0.473573 0.166321 0.197802 0.783416 1.000000 0.023062 8.930718 9.294826 8.930718
0.461384 0.120636 0.073892 1.000000 0.658713 0.000000 0.315473 0.282475 0.726638 0.613167 8.930718 8.170747 8.170747
0.191034 0.420443 0.224951 0.768742 0.375131 0.326374 0.224896 0.660888 1.000000 0.000000 8.930718 9.294826 8.930718
0.000000 0.251117 0.039936 0.522554 0.000000 0.023591 0.404024 0.267153 0.352604 0.818226 8.930718 6.993608 6.993608
0.324260 0.395299 0.045625 1.000000 0.287780 0.083380 0.884001 0.000000 0.334806 0.568469 8.930718 9.294826 8.930718
0.425012 0.042463 0.000000 0.959777 0.033696 0.284580 1.000000 0.391626 1.000000 0.088933 8.930718 8.162585 8.162585
0.264875 0.338920 0.000000 0.839543 0.000000 0.370289 0.433584 0.404111 0.774530 0.140821 8.930718 9.294826 8.930718
0.463237 0.000000 0.140459 0.267369 0.930563 0.408286 0.000000 0.741987 0.868284 0.000000 8.930718 8.162585 8.162585
0.000000 0.383148 0.000000 1.000000 0.859729 0.502111 1.000000 0.717003 0.371107 1.000000 8.930718 9.294826 8.930718
0.430079 0.000000 0.000000 1.000000 1.000000 0.732846 0.371231 0.273793 0.701569 0.531398 8.930718 8.162585 8.162585
0.038400 0.346751 0.085009 1.000000 0.725324 0.025862 0.500299 0.000000 0.651279 0.951422 8.930718 9.294826 8.930718
0.162924 0.000000 0.000000 0.710859 0.153263 0.000000 0.000000 1.000000 0.664960 0.319677 8.930718 6.993608 6.993608
0.000000 0.433116 0.000000 1.000000 0.036500 0.721870 0.343453 0.529111 0.227007 0.504691 8.930718 9.294826 8.930718
0.179270 0.347162 0.107965 0.753885 0.206859 0.518153 0.402139 0.551672 1.000000 0.077025 8.930718 9.294826 8.930718
0.421749 0.203164 0.000000 0.675042 0.886224 0.304500 0.691152 0.176394 0.154190 0.813813 8.930718 8.162585 8.162585
0.032505 0.375413 0.000000 0.699897 0.080188 0.000000 0.529439 0.000000 0.361112 0.732176 8.930718 9.294826 8.930718
0.293114 0.468751 0.025072 0.943140 0.886224 1.000000 0.000000 1.000000 0.638868 0.619149 8.930718 9.294826 8.930718
0.376502 0.451559 0.000000 0.926981 0.012386 0.246272 0.618064 0.541800 0.166510 0.000000 8.930718 9.294826 8.930718
0.341121 0.050021 0.146595 0.831843 0.416019 0.000000 0.619343 0.568314 1.000000 0.731741 8.930718 6.993608 6.993608
0.000000 0.339686 0.113221 1.000000 0.227118 0.347880 0.193877 0.423818 0.625485 0.337974 8.930718 9.294826 8.930718
0.213726 0.336822 0.000000 0.736692 0.429461 0.130754 0.911450 0.739886 0.660876 0.421644 8.930718 9.294826 8.930718
0.004231 0.422352 0.000000 0.887021 0.160829 0.000000 0.634277 0.750657 0.858056 0.586415 8.930718 9.294826 8.930718
0.012776 0.194552 0.124024 0.866526 0.335003 0.207882 0.486274 0.413912 0.398577 0.704613 8.930718 7.004119 7.004119
0.015907 0.433649 0.084978 0.889002 0.031829 0.068874 0.288841 0.500245 1.000000 0.000000 8.930718 9.294826 8.930718
0.125082 0.437558 0.135678 1.000000 0.099376 1.000000 0.272070 0.632158 0.008478 1.000000 8.930718 9.294826 8.930718
0.447237 0.455720 0.144232 0.862683 0.376760 1.000000 0.576713 0.082881 0.000000 0.014314 8.930718 8.162585 8.162585
0.000000 0.317199 0.313882 0.812505 0.011385 0.651052 0.000000 0.000000 1.000000 0.666041 8.930718 7.051122 7.051122
0.000280 0.399668 0.094771 1.000000 0.663032 0.796758 0.739221 0.894428 0.196632 0.582746 8.930718 9.294826 8.930718
0.198320 0.148275 0.100294 0.383938 0.395260 0.199919 0.193495 0.458192 0.515977 0.000000 8.930718 6.993608 6.993608
0.166305 0.000000 0.034203 0.639743 0.000000 0.339083 0.237463 0.487590 0.367658 0.405615 8.930718 6.993608 6.993608
0.000000 0.184732 0.035095 0.580688 0.885098 0.892906 0.210360 0.486919 0.090913 0.170383 8.930718 6.993608 6.993608
0.122765 0.448836 0.180777 1.000000 0.982880 0.329698 0.706764 0.336332 1.000000 0.751505 8.930718 9.296758 8.930718
0.318373 0.364775 0.000000 1.000000 0.684701 0.115680 1.000000 0.634978 1.000000 0.976490 8.930718 9.294826 8.930718
0.354412 0.453123 0.263122 1.000000 0.199727 0.091931 1.000000 0.386536 1.000000 0.511207 8.930718 9.294826 8.930718
0.457082 0.225030 0.046972 0.476307 0.000000 0.000000 0.508578 0.024060 0.669713 0.000000 8.930718 8.162585 8.162585
0.176806 0.196641 0.127961 0.569921 0.123891 0.113941 0.964801 0.535952 0.166736 0.118422 8.930718 6.993608 6.993608
0.205236 0.423413 0.125666 0.912156 1.000000 0.403695 0.625564 0.000000 0.690555 0.360129 8.930718 9.294826 8.930718
0.015292 0.386848 0.064555 0.804621 0.877179 0.703975 0.052883 1.000000 0.747891 0.326686 8.930718 9.294826 8.930718
0.325698 0.338920 0.000000 0.952735 0.000000 0.215180 0.151751 0.758694 1.000000 0.000000 8.930718 9.294826 8.930718
0.000000 0.446061 0.000000 0.773151 0.202037 0.000000 0.470323 1.000000 0.619194 0.933814 8.930718 9.294826 8.930718
0.403963 0.000000 0.148391 0.250410 0.970825 0.344773 0.275420 0.722648 0.767346 0.591886 8.930718 8.162585 8.162585
0.440440 0.289809 0.170138 0.889118 0.072743 1.000000 0.407853 0.916757 0.647452 0.000000 8.930718 8.162585 8.162585
0.435139 0.104395 0.117684 0.240672 1.000000 0.000000 0.609633 0.000000 0.013959 0.069513 8.930718 8.162585 8.162585
0.185295 0.247026 0.052905 1.000000 0.882325 0.025862 0.263948 0.750447 0.838596 0.758900 8.930718 6.993713 6.993713
0.223912 0.363691 0.133624 0.995099 0.074441 0.733998 1.000000 0.820917 0.651531 0.048350 8.930718 9.294826 8.930718
0.738268 0.932745 0.687381 0.126079 0.444914 0.197319 0.671791 0.128883 0.671175 0.521567 6.112784 10.989736 6.112784
0.341257 0.012019 0.212119 0.310500 0.502109 0.625676 0.000000 0.532941 0.764410 0.000000 8.930718 6.993608 6.993608
0.090179 0.367567 0.089608 0.943359 0.929920 0.239386 0.483971 0.120163 0.698127 0.529116 8.930718 9.294826 8.930718
0.000000 0.000000 0.103754 1.000000 0.866801 0.047725 0.000000 0.336908 0.497141 0.502323 8.930718 6.993608 6.993608
0.451468 0.223385 0.144232 0.772393 0.686580 0.821362 0.520436 0.305524 0.333229 0.324052 8.930718 8.162585 8.162585
0.165240 0.427052 0.097441 1.000000 0.848398 0.390186 0.940614 1.000000 0.707095 0.583556 8.930718 9.294826 8.930718
0.107651 0.370029 0.059069 0.902077 0.016828 0.351447 0.026726 0.514177 0.526601 0.000000 8.930718 9.294826 8.930718
0.426597 0.106670 0.127723 0.126242 0.227294 0.466910 0.196556 0.304402 0.812822 0.742999 8.930718 8.162585 8.162585
0.000000 0.454053 0.000000 0.707705 0.929622 0.169403 0.000000 0.639019 0.309597 1.000000 8.930718 9.294826 8.930718
0.245525 0.383676 0.150291 1.000000 0.364371 0.781422 0.371854 0.908535 0.000000 1.000000 8.930718 9.294826 8.930718
0.000000 0.469962 0.000000 1.000000 0.060653 0.012931 0.569795 0.000000 0.202591 1.000000 8.930718 9.294826 8.930718
0.460078 0.398288 0.000000 0.606203 1.000000 0.000000 0.713631 0.037954 0.661272 0.000000 8.930718 8.162585 8.162585
0.000000 0.421984 0.111736 0.961823 0.028050 0.601581 0.583331 0.227942 1.000000 0.825102 8.930718 9.294826 8.930718
0.000000 0.370907 0.053708 0.884708 0.528050 0.509641 0.714515 0.178164 1.000000 1.000000 8.930718 9.294826 8.930718
0.331347 0.442604 0.270175 0.938206 0.501738 0.113933 0.526859 0.337276 0.457684 0.838231 8.930718 9.294826 8.930718
0.269283 0.191170 0.261352 0.083363 0.639703 0.000000 0.000000 0.137954 0.535487 0.913647 8.930718 6.993608 6.993608
0.000000 0.458080 0.000000 0.727613 0.495501 0.000000 0.000000 0.881124 0.415636 1.000000 8.930718 9.294826 8.930718
0.577136 0.505309 0.188401 0.972076 0.846600 0.286108 0.938489 0.424168 0.199088 0.171887 9.704374 8.162585 8.162585
0.019954 0.394343 0.000000 0.946377 0.000000 0.677963 0.325525 0.000000 0.969114 0.621209 8.930718 9.294826 8.930718
0.201037 0.431046 0.233837 1.000000 0.311321 0.297613 1.000000 0.347872 1.000000 0.738995 8.930718 9.294826 8.930718
0.296542 0.264776 0.000000 0.122739 0.499069 0.000000 0.541267 0.480125 0.917871 1.000000 8.930718 6.993608 6.993608
0.324519 0.350492 0.178002 0.791609 0.670644 0.392909 0.806422 0.588058 0.463605 0.387388 8.930718 9.294826 8.930718
0.000000 0.075529 0.020010 0.317648 0.696313 0.092203 0.383289 0.672838 0.559322 0.813817 8.930718 6.993608 6.993608
0.001309 0.405270 0.199005 1.000000 1.000000 0.275776 1.000000 0.316985 0.591031 0.858293 8.930718 9.294826 8.930718
0.000000 0.369433 0.000000 0.984571 0.927562 0.557681 0.018250 1.000000 0.942065 1.000000 8.930718 9.294826 8.930718
0.222933 0.430853 0.158992 1.000000 0.648926 0.209475 0.263778 0.024854 0.474022 0.862595 8.930718 9.294826 8.930718
0.000000 0.387463 0.000000 0.722420 0.662139 0.519249 0.696057 0.261363 0.443414 0.000000 8.930718 9.294826 8.930718
0.420877 0.402358 0.232716 0.835628 0.627388 0.234653 0.380243 0.518110 0.688814 1.000000 8.930718 8.162585 8.162585
0.103623 0.432642 0.220477 1.000000 0.251008 1.000000 0.142633 0.889580 0.626286 0.548296 8.930718 9.294826 8.930718
0.430907 0.298126 0.117684 0.192172 0.843409 0.128834 0.513940 0.000000 0.000000 0.000000 8.930718 8.162585 8.162585
0.000000 0.432531 0.000000 1.000000 0.822720 0.238516 0.870069 0.929200 0.772241 0.289295 8.930718 9.294826 8.930718
0.221604 0.230630 0.265456 0.633293 0.000000 1.000000 0.000000 0.690176 0.732225 0.000000 8.930718 6.993608 6.993608
0.094050 0.393038 0.088484 0.964441 0.135478 0.299231 0.701136 0.299872 0.000000 0.147286 8.930718 9.294826 8.930718
0.000000 0.472309 0.104977 0.807196 0.725324 0.000000 0.202311 0.000000 0.652095 0.867863 8.930718 9.294826 8.930718
0.412725 0.473068 0.024665 0.721663 0.000000 1.000000 0.563665 0.182160 0.495684 0.924980 8.930718 8.162585 8.162585
0.430790 0.000000 0.000000 0.494245 0.032940 0.265452 0.669102 0.374387 0.323187 0.933696 8.930718 8.162585 8.162585
0.178431 0.363956 0.069665 0.790414 1.000000 0.674945 0.702915 1.000000 0.566739 1.000000 8.930718 9.294826 8.930718
0.266161 0.469603 0.093467 1.000000 0.422905 0.043134 0.564109 0.041616 0.699288 0.229477 8.930718 9.294826 8.930718
0.035913 0.465662 0.130676 0.742858 0.189939 0.184145 0.669452 0.227066 0.640235 1.000000 8.930718 9.294826 8.930718
0.167694 0.350445 0.000000 1.000000 0.000000 0.528912 0.473458 0.000000 0.543620 0.172742 8.930718 9.294826 8.930718
0.172452 0.465242 0.057070 1.000000 1.000000 0.676100 0.988302 0.740083 0.767009 0.649751 8.930718 9.294826 8.930718
0.000000 0.359862 0.000336 1.000000 1.000000 0.274474 0.933526 0.616035 0.775499 0.834704 8.930718 9.294826 8.930718
0.110627 0.342969 0.115496 0.705227 0.125455 0.361751 0.562429 0.434621 0.443169 0.000000 8.930718 9.294826 8.930718
0.204980 0.000000 0.000000 1.000000 1.000000 0.000000 0.045753 0.249460 0.535177 0.536539 8.930718 6.993608 6.993608
0.160119 0.465662 0.130676 0.896963 0.165951 0.021484 0.668769 0.188921 0.822807 1.000000 8.930718 9.294826 8.930718
0.130233 0.000000 0.000000 0.279881 0.785201 0.209906 0.000000 0.268672 0.835558 0.345477 8.930718 6.993608 6.993608
0.000000 0.367422 0.143851 0.785931 0.722762 0.285486 0.638593 0.111704 0.306166 0.886806 8.930718 9.294826 8.930718
0.000000 0.000000 0.143064 0.921790 1.000000 0.915863 0.271898 0.376649 0.256950 0.348195 8.930718 6.993608 6.993608
0.198208 0.395680 0.289064 1.000000 0.869696 0.611146 0.000000 0.000000 0.494350 0.000000 8.930718 9.294826 8.930718
0.028882 0.360785 0.137756 1.000000 1.000000 0.000000 0.723325 1.000000 0.914750 1.000000 8.930718 9.294826 8.930718
0.375421 0.453416 0.245045 0.979337 0.000000 0.343740 0.739098 0.345794 0.693952 0.789257 8.930718 9.294826 8.930718
0.356031 0.422770 0.025072 1.000000 0.690949 0.000000 0.550615 0.079604 0.217162 0.466640 8.930718 9.294826 8.930718
0.000000 0.467234 0.138898 0.995496 0.989433 0.000000 0.597142 0.410070 0.877152 0.798035 8.930718 9.294826 8.930718
0.115323 0.412612 0.000000 0.881043 0.757397 0.386149 0.000000 0.703350 0.254730 1.000000 8.930718 9.294826 8.930718
0.163598 0.000000 0.000000 0.790582 0.596083 0.000000 0.008449 0.550255 0.788751 0.516757 8.930718 6.993608 6.993608
0.063695 0.386419 0.000000 0.954081 0.379791 0.385552 0.275534 0.309616 0.079902 0.209906 8.930718 9.294826 8.930718
0.000000 0.372944 0.000000 1.000000 0.162641 0.773860 0.359382 0.137113 1.000000 0.526047 8.930718 9.294826 8.930718
0.116932 0.407766 0.149499 0.740565 0.000000 0.297367 0.761374 0.234057 0.000000 0.482855 8.930718 9.294826 8.930718
0.000000 0.383148 0.000000 0.702457 0.872068 0.536022 0.917788 0.380937 0.259156 1.000000 8.930718 9.294826 8.930718
0.432212 0.278008 0.000000 0.978856 0.371760 0.000000 0.624505 0.549140 0.538644 0.000000 8.930718 8.162585 8.162585
0.166138 0.384914 0.000000 0.697945 0.384553 0.090349 0.856491 0.184364 0.535806 0.826754 8.930718 9.294826 8.930718
0.000000 0.409514 0.022416 0.768741 0.356014 0.430748 0.910150 0.000000 0.302431 0.817605 8.930718 9.294826 8.930718
0.137460 0.365891 0.215061 0.715963 0.000000 0.498457 0.599735 0.477973 0.286749 0.000000 8.930718 9.294826 8.930718
0.179270 0.337374 0.220114 0.910209 0.058549 0.174884 0.000000 0.811885 0.519670 0.412528 8.930718 9.294826 8.930718
0.325019 0.439909 0.266057 0.996028 0.000000 0.637252 0.544495 0.335383 0.959032 1.000000 8.930718 9.294826 8.930718
0.445586 0.000000 0.000000 0.106755 0.962381 0.000000 0.496561 0.977065 0.807009 0.764263 8.930718 8.162585 8.162585
0.398611 0.000000 0.000000 0.709352 0.627610 0.081537 0.000000 0.891327 0.575488 0.066367 8.930718 8.162585 8.162585
0.000000 0.422896 0.000000 1.000000 0.366866 0.000000 1.000000 0.824342 1.000000 0.970057 8.930718 9.294826 8.930718
0.057668 0.296460 0.301965 0.490410 0.085079 0.294166 0.969969 0.000000 0.000000 0.184944 8.930718 7.051122 7.051122
0.275686 0.439420 0.000000 1.000000 1.000000 0.000000 0.259379 0.351999 0.042704 1.000000 8.930718 9.294826 8.930718
0.428527 0.121418 0.087634 0.671138 0.460907 0.000000 1.000000 0.847451 0.000000 0.000000 8.930718 8.162585 8.162585
0.063695 0.417805 0.003552 0.768342 0.252913 0.739052 1.000000 0.129566 0.000000 1.000000 8.930718 9.294826 8.930718
0.234311 0.338832 0.000000 0.811483 0.702773 0.663307 1.000000 0.132342 0.855679 0.918213 8.930718 9.294826 8.930718
0.433985 0.123705 0.185413 0.579972 0.000000 0.830153 0.172815 0.035837 0.240324 1.000000 8.930718 8.162585 8.162585
0.463083 0.263914 0.076852 0.648159 0.286809 0.000000 0.284638 0.297618 0.508651 1.000000 8.930718 8.163737 8.163737
0.000000 0.433872 0.000168 0.934431 0.351659 0.190979 0.337541 0.491560 0.407116 0.667772 8.930718 9.294826 8.930718
0.151418 0.231502 0.271029 0.357218 0.815519 0.085983 0.082251 0.317809 0.378287 0.236588 8.930718 6.993608 6.993608
0.043317 0.468356 0.000000 1.000000 0.222189 0.651731 0.793653 0.350351 0.593140 0.572224 8.930718 9.294826 8.930718
0.012776 0.242195 0.124024 0.830485 0.492659 0.207882 0.557324 0.785960 0.410021 0.593720 8.930718 7.068912 7.068912
0.065117 0.432531 0.000000 0.900427 0.899144 0.227455 1.000000 0.567374 0.620539 1.000000 8.930718 9.294826 8.930718
0.000000 0.370878 0.000000 0.722420 0.974263 0.485887 0.273713 0.233364 0.094335 0.348950 8.930718 9.294826 8.930718
0.068261 0.411368 0.011526 0.903793 0.962204 0.469576 0.006244 0.000000 0.073974 0.800778 8.930718 9.294826 8.930718
0.011648 0.390773 0.000000 1.000000 0.366866 0.000000 0.656721 0.744229 1.000000 0.813136 8.930718 9.294826 8.930718
0.400343 0.419028 0.196611 0.714336 0.404020 0.000000 0.925699 0.619749 0.945024 0.322307 8.930718 8.162585 8.162585
0.000000 0.370077 0.000000 0.772139 0.418326 0.092180 0.074504 0.257251 0.352483 0.854383 8.930718 9.294826 8.930718
0.157964 0.000000 0.000000 0.649079 0.205613 0.683051 0.500920 0.610736 0.507174 0.871223 8.930718 6.993608 6.993608
0.018857 0.394383 0.130676 1.000000 0.000000 0.238853 1.000000 0.360750 0.678631 1.000000 8.930718 9.294826 8.930718
0.000000 0.146650 0.024935 0.526616 0.595333 0.657036 0.000000 0.305768 0.477614 0.550489 8.930718 6.993608 6.993608
0.000000 0.395680 0.289064 0.986245 0.894374 0.482762 0.101619 0.044631 0.639434 0.000000 8.930718 9.294826 8.930718
0.000000 0.432531 0.000000 1.000000 1.000000 0.366901 1.000000 0.822948 0.702761 0.225282 8.930718 9.294826 8.930718
0.150764 0.443083 0.000000 0.853751 1.000000 0.395010 1.000000 0.541605 0.270300 0.992775 8.930718 9.294826 8.930718
0.143627 0.351551 0.145483 0.963248 0.659408 0.000000 1.000000 0.945278 0.651050 0.905901 8.930718 9.294826 8.930718
0.420706 0.180371 0.057510 0.486215 0.809552 0.714021 0.706264 0.069925 0.855679 0.990393 8.930718 8.162585 8.162585
0.420770 0.240447 0.150690 0.754048 0.061477 0.485358 0.505858 0.283472 0.500790 0.039970 8.930718 8.162585 8.162585
0.160868 0.464344 0.000000 0.876394 0.000000 0.456639 0.786196 0.160225 0.712104 0.441599 8.930718 9.294826 8.930718
0.000000 0.357454 0.000000 0.808488 0.483112 0.657026 0.539072 0.276796 0.064353 0.969838 8.930718 9.294826 8.930718
0.000000 0.407211 0.142862 1.000000 0.180599 0.000000 0.987512 1.000000 0.835798 0.933210 8.930718 9.294826 8.930718
0.054745 0.400914 0.062070 1.000000 0.914993 0.404688 0.785539 0.142730 1.000000 0.868776 8.930718 9.294826 8.930718
0.000000 0.000000 0.000000 0.850992 0.704877 1.000000 0.250691 0.326250 0.811187 0.612025 8.930718 6.993608 6.993608
0.210041 0.397574 0.097969 0.835937 0.748860 0.239386 0.320972 0.167193 1.000000 0.070631 8.930718 9.294826 8.930718
0.104938 0.020125 0.000000 1.000000 0.078764 0.554605 0.973458 0.384370 0.532810 0.072722 8.930718 6.993608 6.993608
0.160868 0.452325 0.000000 0.876413 0.689347 0.000000 0.824609 0.340275 1.000000 0.537571 8.930718 9.294826 8.930718
0.400882 0.438490 0.017606 1.000000 0.708009 0.597307 1.000000 0.756010 0.208016 0.788893 8.930718 8.162585 8.162585
0.216406 0.162899 0.047324 0.413167 1.000000 0.402506 0.876240 0.432873 0.000000 1.000000 8.930718 6.993629 6.993629
0.318241 0.426139 0.150291 1.000000 0.364371 0.642536 0.401530 0.746426 0.122635 1.000000 8.930718 9.294826 8.930718
0.337016 0.166442 0.007946 0.112541 0.655927 0.000000 0.391271 0.000000 0.404088 0.459557 8.930718 6.993608 6.993608
0.397908 0.278127 0.000000 1.000000 0.580115 0.736258 0.885951 0.000000 0.036431 0.177816 8.930718 8.162585 8.162585
0.125747 0.450966 0.121627 0.730622 0.018590 1.000000 0.000000 0.000000 0.463740 0.715887 8.930718 9.294826 8.930718
0.135438 0.451086 0.156593 0.939238 1.000000 1.000000 0.103353 1.000000 0.626216 0.060473 8.930718 9.294826 8.930718
0.250779 0.224359 0.137036 0.585337 0.997955 0.000000 0.052959 0.659865 1.000000 0.878411 8.930718 6.993608 6.993608
0.118737 0.241926 0.286902 0.583675 0.901004 0.116823 0.111573 0.149941 0.496724 0.488521 8.930718 7.051122 7.051122
0.133989 0.372834 0.143851 0.727823 0.891692 0.025862 0.647379 0.000000 0.415094 0.886806 8.930718 9.294826 8.930718
0.008508 0.424229 0.242019 0.940554 0.039450 0.916630 0.204158 0.283883 0.414664 0.000000 8.930718 9.294826 8.930718
0.000000 0.341424 0.000000 0.932669 1.000000 0.467219 0.289830 1.000000 0.349131 0.969435 8.930718 9.294826 8.930718
0.134257 0.390773 0.135173 1.000000 0.606427 0.000000 0.947548 0.634173 1.000000 0.750499 8.930718 9.294826 8.930718
0.274809 0.397574 0.097969 0.870559 0.755404 0.039608 0.320972 0.277283 1.000000 0.361222 8.930718 9.294826 8.930718
0.028392 0.000000 0.281603 0.436399 0.797779 0.611506 0.000000 0.741640 0.000000 0.930183 8.930718 6.993608 6.993608
0.000000 0.000000 0.000000 0.000000 0.747748 0.672180 0.000000 0.665102 0.571506 0.172844 8.930718 6.993608 6.993608
0.298878 0.364762 0.113987 0.716821 0.000000 0.374948 0.871460 0.705522 0.628307 0.000000 8.930718 9.294826 8.930718
0.096748 0.425904 0.162513 0.902077 0.635809 0.072665 0.360894 0.485663 0.889818 0.023062 8.930718 9.294826 8.930718
0.245529 0.370887 0.110420 0.804153 0.635423 1.000000 0.532025 0.852525 0.976087 0.000000 8.930718 9.294826 8.930718
0.083153 0.422352 0.017101 1.000000 0.000000 0.351447 0.017932 0.483303 0.400890 0.153582 8.930718 9.294826 8.930718
0.000000 0.382659 0.000000 1.000000 1.000000 0.252018 0.300362 0.106231 1.000000 0.000000 8.930718 9.294826 8.930718
0.400343 0.431046 0.233837 1.000000 0.275700 0.147481 0.925699 0.580104 0.945024 0.302101 8.930718 8.162585 8.162585
0.023568 0.383736 0.177355 0.798359 0.860667 0.000000 0.468046 1.000000 1.000000 1.000000 8.930718 9.294826 8.930718
0.299516 0.384263 0.000000 0.777819 0.843663 0.024933 0.000000 0.751850 0.694911 0.000000 8.930718 9.294826 8.930718
0.099280 0.006051 0.000000 0.483663 0.804467 0.871524 0.549326 0.557804 0.090774 0.000000 8.930718 6.993608 6.993608
