# Party-0 optima (Phase 1b)
# x0..x(D-1) party_fit f0 f1 consensus
0.328907 0.741695 0.888988 0.514890 0.502241 0.219991 0.685253 0.116206 0.877145 0.159575 6.980206 6.980206 2.604937 2.604937
0.377358 0.849146 0.666592 0.899094 0.065092 0.704537 0.037658 0.394503 0.766091 0.098608 6.980206 6.980206 0.652067 0.652067
0.076461 0.964618 0.752649 0.536639 0.648306 0.009727 0.425408 0.175445 0.000952 0.622934 6.980206 6.980206 3.815439 3.815439
0.217667 0.785036 0.675635 0.726516 0.567722 0.307701 0.348336 0.135854 0.865679 0.489176 6.980206 6.980206 0.652067 0.652067
0.049324 0.803043 0.846495 0.902680 0.369981 0.941699 0.732934 0.480237 0.238691 0.927871 6.980206 6.980206 2.604937 2.604937
0.382016 0.854486 0.932336 0.958671 0.004615 0.134866 0.339204 0.289835 0.063689 0.909809 6.980206 6.980206 2.604937 2.604937
0.301811 0.622634 0.835817 0.888422 0.932127 0.289109 0.182332 0.552689 0.453161 0.579929 6.980206 6.980206 2.604937 2.604937
0.264098 0.919927 0.695704 0.819419 0.443036 0.801919 0.651303 0.054812 0.484683 0.704033 6.980206 6.980206 0.652067 0.652067
