# gen=200 mediating population
# x0..x(D-1) f0 f1 consensus
0.058172 0.805835 0.166545 0.565740 0.671968 0.090081 0.138536 0.820541 0.000000 0.815487 0.205753 0.187678 0.187678
0.984380 0.442706 0.348885 0.213849 0.509649 0.486721 0.668378 0.690038 0.999883 0.218001 0.187678 0.187678 0.187678
0.735243 0.352619 0.598515 0.000000 0.943270 0.608892 0.655876 0.000000 0.829515 0.690335 0.187678 0.187678 0.187678
0.709477 1.000000 0.388173 0.210982 0.896427 0.213496 0.368734 0.114993 0.642844 0.000000 0.187678 0.187678 0.187678
0.997054 0.786925 0.519937 0.772310 0.759047 0.000000 0.000000 1.000000 0.800948 0.784494 0.187678 0.187678 0.187678
0.620997 0.612387 0.268892 0.521750 0.570480 0.647307 0.724869 0.781711 0.782095 0.205872 0.205753 0.187678 0.187678
0.769076 0.625065 0.359260 0.331564 0.341877 0.000000 0.647852 0.317549 0.021891 0.356781 0.187678 0.187678 0.187678
0.431538 0.714924 0.224054 0.364842 0.323423 0.000000 0.913765 0.572546 0.237590 0.140516 0.205753 0.187678 0.187678
0.265323 0.517902 0.232885 0.860812 0.850878 0.213555 0.892173 0.057208 0.836514 0.944967 0.205753 0.187678 0.187678
0.971608 0.818690 0.298586 0.721336 0.212971 0.865085 0.755057 0.016594 0.596185 0.617900 0.187678 0.187678 0.187678
0.310022 0.530152 0.139943 0.451133 0.525105 0.917404 0.204866 0.533668 0.767014 0.020461 0.205753 0.187678 0.187678
0.464719 0.482293 0.124428 0.483071 0.809103 0.564044 0.715453 0.580998 0.267306 0.524692 0.205753 0.187678 0.187678
0.766534 0.352745 0.860789 0.608591 0.901345 0.386063 0.497820 0.763302 0.967340 0.194186 0.187678 0.187678 0.187678
0.952599 0.623163 0.792327 0.049118 0.917015 0.532494 0.462155 0.244471 0.648532 0.711192 0.187678 0.187678 0.187678
0.342434 0.896059 0.191676 0.678167 0.815776 0.074143 0.542277 0.933976 0.371998 0.951691 0.205753 0.187678 0.187678
0.942924 0.548303 0.597709 0.419813 0.943027 0.513062 0.330682 0.954150 0.801848 0.816647 0.187678 0.187678 0.187678
0.505339 0.762725 0.335233 0.754974 0.860175 0.125432 0.624820 0.279375 0.594471 0.968249 0.205753 0.187678 0.187678
1.000000 0.297001 0.807650 0.456616 0.231576 0.355618 0.699662 0.019016 1.000000 0.176146 0.187678 0.187678 0.187678
1.000000 0.481219 0.441002 0.602661 0.532584 0.200556 0.000000 0.477145 0.207864 0.508420 0.187678 0.187678 0.187678
0.605939 0.299659 0.327368 0.283073 0.018295 0.007901 0.977955 0.448047 0.100136 0.003951 0.425828 0.187678 0.187678
0.730624 0.939159 0.464974 0.216058 0.882764 0.789648 0.749891 0.112528 0.238097 0.354568 0.187678 0.187678 0.187678
0.874522 0.621497 0.435513 0.094346 0.270735 0.373320 0.714619 0.628641 0.207613 0.368288 0.187678 0.187678 0.187678
0.831948 0.556959 0.145546 0.274904 0.308645 0.512793 0.533363 0.840839 0.157425 0.522689 0.187678 0.187678 0.187678
0.829477 0.583329 0.687231 0.613972 0.297256 0.215090 0.000000 0.054562 0.343657 0.812912 0.187678 0.187678 0.187678
0.480349 0.775910 0.129773 0.187626 0.074410 0.679066 0.521459 0.211616 0.296608 0.042343 0.205753 0.187678 0.187678
0.000000 0.877049 0.109499 0.653297 0.309811 0.817145 0.416952 0.722722 0.970758 1.000000 0.205753 0.187678 0.187678
0.952309 0.965908 0.400449 0.604689 0.049656 0.949155 0.550857 0.590155 0.285446 0.695919 0.187678 0.187678 0.187678
0.772781 0.445895 0.364075 0.434253 0.712869 0.410038 0.610523 1.000000 0.363570 0.589595 0.188134 0.187678 0.187678
0.178297 0.702079 0.147445 0.177574 0.486001 0.482031 0.721754 0.646571 0.800318 0.593319 0.205753 0.187678 0.187678
0.954891 0.834631 0.247164 0.424391 0.300510 0.527390 0.343438 0.909940 0.340459 0.932299 0.187678 0.187678 0.187678
0.945625 0.236828 0.550712 0.001957 0.016378 0.751588 0.297102 0.443889 0.453337 0.489823 0.187678 0.187678 0.187678
0.772187 1.000000 0.578647 0.100106 0.078560 0.303897 0.116173 0.456056 0.835723 0.000000 0.187678 0.187678 0.187678
0.136666 0.811312 0.000000 0.440675 0.533293 0.000000 0.750500 0.510907 0.229902 0.584718 0.205753 0.187678 0.187678
0.359596 1.000000 0.000000 0.660990 0.000000 0.916878 0.000000 0.605452 0.177850 0.670354 0.205753 0.187678 0.187678
0.785108 0.481836 0.467463 0.765957 0.370407 1.000000 0.133606 0.159446 0.697674 0.825539 0.187678 0.187678 0.187678
0.000000 0.624188 0.000000 0.713222 0.988176 0.048913 0.762039 0.000000 0.593552 1.000000 0.205753 0.187678 0.187678
0.000000 0.956300 0.000000 0.180396 0.287982 0.786078 0.415385 0.286649 0.558176 0.420251 0.205753 0.187678 0.187678
1.000000 0.695104 0.801376 0.273923 0.392118 0.251696 0.524675 0.774062 0.104151 0.037993 0.187678 0.187678 0.187678
0.808271 0.504679 0.571185 0.803115 0.739846 0.322400 0.774099 1.000000 0.169294 0.988601 0.187678 0.187678 0.187678
0.104027 0.467722 0.256979 0.515096 0.489230 0.792986 0.414943 0.524832 0.352080 0.763464 0.205753 0.187678 0.187678
0.337955 0.767781 0.060949 0.062918 0.326586 0.639984 0.443527 0.264852 0.704041 0.674153 0.205753 0.187678 0.187678
0.728892 0.550573 0.656857 0.378187 0.616920 0.791770 0.651501 0.492496 0.275085 0.361514 0.603414 0.187932 0.187932
1.000000 1.000000 0.306210 0.651530 0.518800 0.496077 0.238376 0.439915 0.877565 0.739001 0.187678 0.187678 0.187678
0.028088 0.538383 0.267276 0.170500 0.409969 0.522550 0.450442 0.874093 0.301086 0.007003 0.205753 0.187678 0.187678
0.932699 0.630409 0.216713 0.174390 0.938905 0.986688 0.984993 0.710517 0.825846 0.175647 0.187678 0.187678 0.187678
0.937027 0.735614 0.849876 0.140817 0.944397 0.387886 0.214410 0.606862 0.454081 0.694415 0.187678 0.187678 0.187678
0.878251 0.913985 0.538119 0.164322 0.766447 1.000000 0.879769 0.009974 0.000000 0.319694 0.187678 0.187678 0.187678
0.201960 0.326661 0.219980 0.367723 0.787202 0.370808 0.213183 0.893118 0.823120 0.581665 0.425828 0.187678 0.187678
0.828231 0.643989 0.106011 0.568921 0.623877 0.670303 0.000000 0.450693 1.000000 0.922858 0.187678 0.187678 0.187678
0.842571 1.000000 0.427148 0.579478 0.175115 0.000000 0.739984 0.469099 0.041040 0.387208 0.187678 0.187678 0.187678
0.928822 0.669975 0.550199 0.796989 0.694263 0.721691 0.380399 0.467647 0.961195 0.932903 0.187678 0.187678 0.187678
0.832710 0.485199 0.365084 0.686985 0.640289 0.641874 0.607928 0.335356 0.373688 0.596674 0.187678 0.187678 0.187678
1.000000 0.478839 0.288406 0.677548 0.741801 0.291589 0.125531 1.000000 1.000000 0.547468 0.187678 0.187678 0.187678
0.716358 1.000000 0.487639 0.677546 0.929555 0.000000 0.568258 1.000000 0.239625 1.000000 0.187678 0.187678 0.187678
1.000000 0.773012 0.619493 0.231588 1.000000 0.539203 0.333296 0.624992 0.413240 1.000000 0.187678 0.187678 0.187678
0.883497 0.610415 0.289216 0.852222 1.000000 0.303022 0.160742 0.193536 0.405605 0.307555 0.393640 0.187678 0.187678
0.628427 0.884208 0.217025 0.147260 0.867704 0.297729 0.150287 0.883442 0.486337 0.579438 0.205753 0.187678 0.187678
0.975568 0.393763 0.084745 0.669846 0.804904 0.247288 0.446860 0.908983 0.463962 0.689482 0.187678 0.187678 0.187678
0.749121 0.599604 0.132785 0.000000 0.509946 0.424011 0.736993 0.216774 1.000000 0.034573 0.187678 0.187678 0.187678
1.000000 1.000000 0.763844 0.000000 0.846816 0.644075 0.265777 0.082442 0.411906 0.376917 0.187678 0.187678 0.187678
1.000000 0.640319 0.345779 0.521597 0.196005 0.160442 0.545053 0.208635 0.858496 0.637327 0.187678 0.187678 0.187678
0.909010 0.305446 0.715951 0.115138 0.792328 0.546832 0.982801 0.675621 0.151842 0.382153 0.187678 0.187678 0.187678
0.695370 0.646640 0.191573 0.273619 0.487852 0.000000 0.115384 0.793338 0.000000 0.636759 0.187678 0.187678 0.187678
0.888400 0.948987 0.572882 0.357335 1.000000 0.380792 0.058500 0.628555 0.805441 0.908439 0.187678 0.187678 0.187678
0.844007 1.000000 0.330848 0.039503 0.708103 0.558830 0.000000 0.540155 0.917424 0.615270 0.187678 0.187678 0.187678
0.713567 0.546274 0.707764 0.839549 0.964570 0.000000 1.000000 0.704983 0.825257 0.619415 0.187678 0.187678 0.187678
0.000000 0.508825 0.122279 0.000000 0.218915 0.710775 0.563648 0.768258 0.135843 0.366696 0.205753 0.187678 0.187678
0.975208 1.000000 0.618845 0.404003 0.761605 0.792059 0.344740 0.307102 0.396680 0.258054 0.187678 0.187678 0.187678
0.895647 0.887306 0.526328 0.776369 0.616651 0.748910 0.986262 0.013515 0.758784 0.294421 0.187678 0.187678 0.187678
1.000000 0.793731 0.673653 0.388355 1.000000 0.719704 0.654808 0.000000 0.035934 0.000000 0.187678 0.187678 0.187678
0.813137 0.593446 0.641750 0.572213 0.625460 0.853023 0.699806 1.000000 0.854846 0.000000 0.187678 0.187678 0.187678
0.817137 0.366308 0.534156 0.001329 0.729212 0.806576 0.917824 0.264491 0.188958 0.316909 0.194168 0.187678 0.187678
0.513188 0.328979 0.254079 0.773060 0.210533 0.670272 0.474001 0.000000 0.294367 0.121386 0.425828 0.187678 0.187678
0.812199 0.281045 0.161833 0.372943 0.029694 0.655054 0.993419 1.000000 0.520042 0.000000 0.187678 0.187678 0.187678
1.000000 1.000000 0.595560 0.744859 0.527015 0.915686 0.378877 0.659861 0.000058 0.000000 0.187678 0.187678 0.187678
0.741302 0.285852 0.507174 0.166607 0.271507 0.960638 0.078991 0.683526 0.068540 0.576432 0.187678 0.187678 0.187678
0.778425 0.246401 0.741014 0.748402 0.000000 0.914026 0.981303 0.000000 0.308277 0.411179 0.187678 0.187678 0.187678
1.000000 1.000000 0.252946 0.637049 0.358759 0.964137 0.307067 0.707583 0.000000 0.032552 0.187678 0.187678 0.187678
0.536786 0.656404 0.190073 0.618005 0.589644 0.000000 0.806103 0.384799 0.000000 0.726865 0.205753 0.187678 0.187678
1.000000 0.809966 0.372557 0.774429 1.000000 0.142820 0.290754 0.587865 0.308183 0.270108 0.187678 0.187678 0.187678
0.103067 0.761362 0.128834 0.178864 0.449402 0.263610 0.607645 0.257378 0.813756 0.249038 0.245193 0.187678 0.187678
0.051482 0.681224 0.194413 0.485965 0.547027 0.637890 0.560635 0.575883 0.523233 0.893429 0.205753 0.187678 0.187678
0.918160 0.688341 0.638276 0.528487 0.749863 0.587345 0.311656 0.534588 0.850026 0.694892 0.187678 0.187678 0.187678
0.000000 0.362231 0.000000 0.000000 0.193129 0.000000 0.440604 0.024087 0.000000 1.000000 0.425828 0.187678 0.187678
0.469149 0.517045 0.184020 0.401018 0.440112 0.081396 0.683880 0.265176 0.409660 0.894098 0.205753 0.187678 0.187678
1.000000 0.896214 0.525303 0.468717 0.127430 0.127015 0.631780 0.000000 0.358539 0.731567 0.187678 0.187678 0.187678
0.339396 0.771710 0.215599 0.123923 0.474668 0.273419 1.000000 0.730974 0.399375 0.539517 0.205753 0.187678 0.187678
0.247644 0.653113 0.094495 0.767040 0.356654 0.872655 0.139003 0.337556 0.223827 0.054508 0.205753 0.187678 0.187678
0.189404 0.581779 0.038114 0.324369 0.198215 0.039473 0.655571 0.466265 0.539546 0.090424 0.205753 0.187678 0.187678
0.198125 0.650890 0.079810 0.236431 0.515808 0.734306 0.235351 0.320234 0.554966 0.209541 0.205753 0.187678 0.187678
1.000000 0.598003 0.694794 0.000000 0.546454 0.839973 0.089126 0.397105 0.319821 0.397113 0.187678 0.187678 0.187678
0.853070 0.386483 0.637142 0.373282 0.255497 0.293897 0.673274 0.219893 0.789553 0.562690 0.187678 0.187678 0.187678
0.819231 0.268081 0.733318 0.238029 0.245381 0.518105 0.278888 0.000000 0.795573 1.000000 0.187678 0.187678 0.187678
0.451559 0.935430 0.242962 0.277983 0.245458 0.034665 0.161983 0.446806 0.201860 0.228144 0.205753 0.187678 0.187678
0.778010 0.715439 0.645405 0.919291 0.569830 0.782269 0.249207 0.273831 0.434506 0.559987 0.393640 0.187678 0.187678
0.865762 0.882183 0.595257 0.016516 0.294056 0.276443 0.832353 0.692949 0.387203 0.799460 0.187678 0.187678 0.187678
0.000000 0.503280 0.336621 0.130229 0.637510 0.848739 0.568337 0.611785 0.897140 0.818559 0.205753 0.187678 0.187678
0.668917 0.748822 0.190589 0.027480 0.788309 1.000000 0.619810 1.000000 0.885964 0.000000 0.205753 0.187678 0.187678
0.072785 0.514354 0.323459 0.703388 0.506730 0.289560 0.035208 0.549012 0.000000 0.318566 0.205753 0.187678 0.187678
1.000000 0.872485 0.883163 0.192698 1.000000 0.550155 0.201883 0.474829 0.474752 0.000000 0.187678 0.187678 0.187678
0.211168 0.915384 0.213519 0.000000 0.683872 0.490040 0.301811 0.838700 0.973113 0.681052 0.205753 0.187678 0.187678
0.666445 0.799926 0.327604 0.164202 1.000000 0.452603 0.000000 0.584290 0.526171 0.507926 0.205753 0.187678 0.187678
0.372147 1.000000 0.012857 0.342452 0.244167 0.435439 0.705632 0.206145 0.864792 0.000000 0.205753 0.187678 0.187678
0.671879 0.833788 0.147560 0.221316 0.406525 0.203272 0.739300 0.620938 0.456936 0.818133 0.205753 0.187678 0.187678
0.399871 0.424031 0.042803 0.178852 0.000000 0.844788 1.000000 0.935153 0.409104 0.161406 0.205753 0.187678 0.187678
0.953299 0.508667 0.837190 0.431682 0.965860 0.407066 0.283729 0.559953 0.588925 0.752812 0.187678 0.187678 0.187678
0.697284 0.759292 0.131681 0.552410 0.052150 0.096522 0.791998 0.554545 0.193595 0.796950 0.187678 0.187678 0.187678
0.766292 1.000000 0.608971 0.450121 0.296258 0.102191 0.518343 0.703369 0.053182 0.082614 0.187678 0.187678 0.187678
0.434295 0.808750 0.303382 0.415376 0.245412 0.787086 0.793473 0.879880 0.326479 0.995836 0.205753 0.187678 0.187678
0.732287 0.420360 0.151018 0.583746 0.688190 0.316217 0.815177 0.841722 0.998335 0.142922 0.187678 0.187678 0.187678
1.000000 1.000000 0.516466 0.574495 0.715973 0.805292 0.418862 0.000000 0.000000 0.014227 0.187678 0.187678 0.187678
0.853536 0.297636 0.739727 0.689731 0.690241 0.793859 0.099425 0.136962 0.425672 0.778920 0.187678 0.187678 0.187678
0.000000 0.553603 0.171215 0.661346 0.601047 1.000000 0.658345 0.508160 0.740313 0.259412 0.205753 0.187678 0.187678
1.000000 0.777459 0.228572 0.243202 0.559362 0.000000 0.582835 0.085109 0.689574 0.476777 0.187678 0.187678 0.187678
0.841376 0.412724 0.885076 0.266270 0.823734 0.545563 0.153469 0.246127 0.808505 0.675053 0.187678 0.187678 0.187678
0.745795 0.314533 0.225085 0.079057 0.031268 0.430794 0.882744 0.391476 0.369698 0.593197 0.187678 0.187678 0.187678
0.760925 0.687092 0.725650 0.000000 0.837024 1.000000 1.000000 0.169545 0.092691 0.585605 0.187767 0.187678 0.187678
0.756436 0.837460 0.268732 0.850471 0.829291 0.435928 0.232436 0.088459 0.030402 0.989270 0.187678 0.187678 0.187678
0.834528 0.719773 0.549218 0.794215 0.890487 0.140490 0.863311 0.795336 0.867067 0.639547 0.187678 0.187678 0.187678
0.309620 0.494502 0.093988 0.731359 1.000000 0.051257 0.735350 0.000000 0.693335 1.000000 0.205753 0.187678 0.187678
1.000000 0.639187 0.329446 0.390396 0.660279 0.000000 0.954277 0.694797 0.000000 0.598721 0.187678 0.187678 0.187678
1.000000 0.509050 0.069720 0.478870 0.113591 0.571024 0.736288 0.394062 0.711000 0.622314 0.187678 0.187678 0.187678
0.951589 0.554476 0.229113 0.641795 0.454546 0.249022 0.845773 0.866954 0.275839 0.506814 0.187678 0.187678 0.187678
0.866522 0.440081 0.647079 0.678335 0.506138 0.271167 0.982549 1.000000 0.070423 1.000000 0.187678 0.187678 0.187678
0.886528 0.604529 0.570780 0.893382 0.053282 0.053674 1.000000 1.000000 0.102992 0.346763 0.393640 0.187678 0.187678
0.722518 0.634313 0.395530 0.600441 0.219871 0.274495 0.546930 1.000000 0.211394 0.400481 0.187678 0.187678 0.187678
0.028324 0.317419 0.270723 0.119011 0.225046 0.507589 0.995235 0.629018 0.286622 0.318143 0.425828 0.187678 0.187678
1.000000 0.833609 0.507073 0.554576 0.131732 0.707509 0.588408 0.464598 1.000000 0.053301 0.187678 0.187678 0.187678
0.643287 0.461808 0.000000 0.547220 0.336516 0.774177 0.299017 0.000000 0.723446 1.000000 0.205753 0.187678 0.187678
0.572829 0.443657 0.261966 0.479081 0.305749 0.493104 0.334530 0.151849 0.609548 0.686250 0.205753 0.187678 0.187678
0.869760 0.710119 0.748959 0.276039 0.548006 0.933625 0.890880 0.103402 0.328843 0.406415 0.187678 0.187678 0.187678
0.644903 0.733770 0.287582 0.093686 0.422402 0.432302 0.643626 0.439295 0.508775 0.677892 0.205753 0.187678 0.187678
0.095418 0.626406 0.214578 0.146057 0.592053 0.244157 0.421432 0.555884 0.565727 0.000000 0.205753 0.189437 0.189437
0.000000 0.754654 0.250404 0.689090 0.055925 0.411390 0.572055 0.921766 0.873475 0.691361 0.205753 0.187678 0.187678
0.045592 0.882541 0.183493 0.755399 0.221284 0.513765 0.657390 0.000000 0.055686 1.000000 0.205753 0.187678 0.187678
0.274459 0.691560 0.324813 0.000000 0.205650 0.904888 0.178349 0.238311 0.285088 1.000000 0.205753 0.187678 0.187678
0.394879 0.936457 0.207128 0.725645 0.000000 0.558472 0.362710 0.532362 1.000000 0.366044 0.205753 0.187678 0.187678
0.608274 0.900364 0.149369 0.404925 1.000000 0.082830 0.416501 0.811306 0.202205 0.470238 0.205753 0.187678 0.187678
0.852075 1.000000 0.855237 0.381496 0.096056 0.261409 0.334969 0.330950 0.344181 0.332965 0.187678 0.187678 0.187678
1.000000 0.547007 0.568301 0.187973 0.012645 0.559402 0.415768 0.228724 0.386887 0.505787 0.187678 0.187678 0.187678
0.629010 0.675116 0.332629 0.583414 0.584503 0.346365 0.199078 0.970099 0.418746 0.331490 0.205753 0.187678 0.187678
0.739082 0.851779 0.257116 0.168691 0.270009 0.617071 0.903215 0.160035 0.499223 0.447130 0.187678 0.187678 0.187678
0.989045 0.522763 0.325861 0.304497 0.295533 0.140586 0.757151 0.891890 0.695322 0.575274 0.187678 0.187678 0.187678
0.819307 0.522865 0.501385 0.039681 0.211646 0.355020 0.447700 0.568497 0.958342 0.339253 0.187678 0.187678 0.187678
0.937323 0.750594 0.164959 0.534086 0.653372 0.632408 0.132242 0.004581 0.293803 0.933735 0.187678 0.187678 0.187678
1.000000 0.571687 0.557463 0.363264 0.511345 0.770092 0.117625 0.760082 1.000000 0.535608 0.187678 0.187678 0.187678
0.828490 0.718204 0.858722 0.369192 0.000000 0.809135 0.356881 0.476420 0.240385 0.540866 0.187678 0.187678 0.187678
0.836545 0.960492 0.327761 0.350038 0.574591 0.680499 0.556107 0.671186 0.000000 0.726056 0.187678 0.187678 0.187678
0.854487 0.940060 0.573177 0.731411 0.608097 0.293542 0.046242 0.504058 0.639348 0.881882 0.187678 0.187678 0.187678
0.981197 0.580899 0.464225 0.383320 0.680573 0.622641 0.641500 0.319405 0.892007 0.513536 0.187678 0.187678 0.187678
0.964869 0.723438 0.751190 0.407516 0.891686 0.680936 0.467236 0.426218 0.891073 0.007597 0.187678 0.187678 0.187678
0.866867 0.240171 0.193654 0.108878 0.971071 0.165719 0.400849 0.023073 0.009451 0.579356 0.187678 0.187678 0.187678
0.747409 0.423552 0.826067 0.216353 0.394665 0.821480 0.159001 0.164410 0.255275 0.074973 0.187678 0.187678 0.187678
0.251061 0.614397 0.196689 0.628999 0.916568 0.197491 0.782027 0.664188 0.790420 0.186695 0.205916 0.187678 0.187678
0.303459 0.490434 0.313016 0.214523 0.358829 0.866840 0.871430 0.338114 0.439260 0.514849 0.205753 0.187678 0.187678
0.629556 0.686846 0.333579 0.657709 0.461901 0.351834 0.000000 0.750750 0.598891 0.850050 0.205753 0.187678 0.187678
0.496696 0.895142 0.323872 0.478655 0.379671 0.805411 0.854289 0.388699 0.387510 0.248463 0.205753 0.187678 0.187678
0.760002 0.656534 0.632580 0.000000 0.020334 0.957363 0.353681 0.221564 0.500701 0.578691 0.187678 0.187678 0.187678
0.628149 0.939298 0.083772 0.568744 0.841308 0.414670 0.060040 0.949037 0.834200 0.681137 0.205753 0.187678 0.187678
0.262369 1.000000 0.099245 0.403757 0.823361 0.831773 0.888205 0.789167 0.897975 0.066568 0.205753 0.187678 0.187678
0.006331 0.735585 0.102653 0.034977 0.591867 0.824388 0.121939 0.305110 0.419190 0.754236 0.205753 0.187678 0.187678
0.745727 0.871721 0.748268 0.000000 0.342501 1.000000 0.645404 0.787479 0.736430 0.350547 0.187678 0.187678 0.187678
0.986034 0.609731 0.132065 0.240995 0.245745 0.816606 0.838928 0.185156 0.729363 0.965852 0.187678 0.187678 0.187678
0.921779 0.776887 0.445999 0.812690 0.143128 0.399121 0.867854 0.915479 0.057793 0.037532 0.187678 0.187678 0.187678
0.000000 0.299219 0.059654 0.214700 0.000000 0.616940 1.000000 1.000000 0.681861 0.227609 0.425828 0.187678 0.187678
0.835253 0.602533 0.757919 0.325687 0.803613 0.038896 0.378589 0.241841 0.434079 0.599061 0.187678 0.187678 0.187678
0.791072 0.895367 0.680166 0.089240 0.281774 0.390228 0.364772 0.571536 0.486257 0.064308 0.187678 0.187678 0.187678
0.040409 0.859461 0.243563 0.466986 0.308336 0.831688 0.062051 0.778350 0.749112 0.807617 0.205753 0.187678 0.187678
1.000000 0.746272 0.790405 0.423448 0.581276 1.000000 0.256232 0.000000 0.338913 0.460744 0.187678 0.187678 0.187678
0.000000 0.887676 0.331652 0.312599 0.139128 0.734823 0.025744 1.000000 0.868120 0.851031 0.205753 0.187678 0.187678
0.365557 0.650873 0.152664 0.344611 0.837656 0.774128 0.138744 0.630798 0.793020 0.995600 0.205753 0.187678 0.187678
0.807013 0.833383 0.530051 0.105284 0.423989 0.934821 0.225775 0.799475 0.892887 0.211523 0.187678 0.187678 0.187678
0.851472 0.619395 0.509663 0.755659 0.517194 0.000000 1.000000 0.700394 0.316090 1.000000 0.187678 0.187678 0.187678
1.000000 0.459346 0.452714 0.778577 0.346601 0.000000 0.782701 0.842984 0.563316 0.884101 0.187678 0.187678 0.187678
0.871849 0.435199 0.266857 0.625001 0.581495 0.279715 0.000000 0.871573 1.000000 0.494114 0.187678 0.187678 0.187678
0.709942 0.451694 0.531284 0.316260 0.668355 0.953754 0.240674 0.308955 0.597901 1.000000 0.187678 0.187678 0.187678
1.000000 1.000000 0.128307 0.468221 0.246204 1.000000 0.385475 0.819898 0.432326 0.283189 0.187678 0.187678 0.187678
0.959571 0.397388 0.166404 0.363997 0.181703 0.730438 0.669056 0.330936 0.868604 0.820710 0.187678 0.187678 0.187678
0.348384 0.717712 0.158952 0.776084 0.994709 0.317194 0.782804 0.592880 0.930281 0.131434 0.205753 0.187678 0.187678
0.712589 0.813646 0.061822 0.353074 0.444847 0.292623 0.583745 0.465130 0.552609 0.937635 0.187678 0.187678 0.187678
0.721655 0.769366 0.820380 0.892026 0.872862 0.822389 0.755667 0.230487 0.679498 0.328913 0.393640 0.187678 0.187678
1.000000 0.892602 0.194147 0.711055 0.425129 0.754707 0.498213 0.901460 0.029123 0.624069 0.187678 0.187678 0.187678
0.989353 0.603618 0.474854 0.715128 0.632434 0.289926 0.030257 0.584849 0.643431 0.442487 0.187678 0.187678 0.187678
0.294025 0.466798 0.207216 0.408358 0.261562 0.966569 0.920053 0.301977 0.637233 0.515087 0.205753 0.187678 0.187678
0.692954 0.412740 0.142205 0.498624 0.467282 0.535650 0.299565 0.813893 0.935094 0.177405 0.187678 0.187678 0.187678
0.623132 0.844627 0.239100 0.250792 0.310397 0.630601 0.691152 0.265785 0.606907 0.272179 0.205753 0.187678 0.187678
0.890966 0.551686 0.074764 0.784771 0.170515 0.857979 0.743253 0.571056 0.820806 0.061293 0.187678 0.187678 0.187678
0.856661 0.992006 0.304107 0.913555 1.000000 0.000000 0.393321 0.827837 0.396590 0.320563 0.393640 0.187678 0.187678
0.930415 1.000000 0.130202 0.727837 1.000000 0.258593 0.000000 0.569670 0.421987 0.073213 0.187678 0.187678 0.187678
1.000000 0.253105 0.499769 0.257174 0.409633 1.000000 0.580400 0.000000 0.367967 0.716705 0.187678 0.187678 0.187678
1.000000 0.429159 0.259905 0.356295 0.497532 0.562981 1.000000 0.564755 0.368604 1.000000 0.187678 0.187678 0.187678
0.711427 0.533943 0.093347 0.396787 0.443348 0.785399 0.024507 0.660092 0.990080 0.519653 0.187678 0.187678 0.187678
0.180123 0.546492 0.215176 0.593141 0.202906 0.906794 0.261334 0.724067 0.561350 0.357181 0.205753 0.187678 0.187678
0.845577 0.658319 0.570328 0.416599 0.346211 0.366439 0.066145 0.373870 0.000000 0.318625 0.187678 0.187678 0.187678
0.876381 0.834417 0.692146 0.417873 0.937509 0.672128 0.222778 0.658608 0.636935 0.945954 0.187678 0.187678 0.187678
0.505078 0.424261 0.328955 0.095356 0.683190 0.506803 0.365511 0.629155 0.645875 0.808237 0.205753 0.187678 0.187678
0.652851 0.711614 0.117636 0.289559 0.268065 0.740577 0.826942 0.374930 0.946398 0.353970 0.205753 0.187678 0.187678
1.000000 0.439934 0.410506 0.252365 0.559596 0.265139 1.000000 0.558253 0.362448 0.000000 0.187678 0.187678 0.187678
0.895119 0.488855 0.548291 0.839315 0.115057 0.846476 1.000000 0.000000 0.468875 0.658310 0.187678 0.187678 0.187678
0.931403 0.906070 0.241603 0.512444 0.195827 0.951243 0.353073 0.868419 0.562897 0.330358 0.187678 0.187678 0.187678
0.989829 0.539410 0.559368 0.132016 0.807980 0.311419 0.571370 0.197293 0.795317 0.688369 0.187678 0.187678 0.187678
0.037772 0.499493 0.203037 0.354152 0.900910 0.929637 0.677690 0.653235 0.301067 0.613725 0.205753 0.187678 0.187678
0.604323 0.817681 0.204806 0.005201 0.658955 0.061969 0.254654 0.796158 0.291382 0.950543 0.205753 0.187678 0.187678
0.809153 0.802080 0.142691 0.565339 0.885566 0.977218 0.774279 0.706320 0.034001 0.476246 0.187678 0.187678 0.187678
0.837624 0.564277 0.491900 0.793479 1.000000 0.170037 0.127693 0.378180 0.494439 0.000000 0.187678 0.187678 0.187678
0.970356 0.842419 0.604237 0.153689 0.622722 0.241769 0.450408 0.470965 0.236664 0.703694 0.187678 0.187678 0.187678
1.000000 0.821911 0.847559 0.522477 0.912437 0.143945 0.246294 0.237119 0.589059 0.833669 0.187678 0.187678 0.187678
0.840461 0.359104 0.585762 0.944644 0.211893 0.844045 0.786359 0.000000 0.315420 0.660667 0.393640 0.187678 0.187678
0.958259 0.855051 0.435248 0.589796 0.322039 0.678761 0.635621 0.057130 0.299851 0.163728 0.187678 0.187678 0.187678
0.738296 0.879128 0.281698 0.553184 1.000000 0.198808 0.172627 0.915652 0.406616 0.796587 0.187678 0.187678 0.187678
0.498341 0.351982 0.243608 0.855148 0.595851 0.746495 0.908887 0.439004 0.789310 0.415904 0.425828 0.187678 0.187678
0.846935 1.000000 0.382781 0.327369 0.714909 0.040977 0.075853 0.222092 0.405587 0.061619 0.187678 0.187678 0.187678
0.681174 0.815376 0.120364 0.332956 0.328046 0.000000 0.493076 0.563062 0.000000 0.691498 0.205753 0.187678 0.187678
0.560856 0.617984 0.303877 0.302706 0.700401 0.162107 0.526335 0.000000 0.290230 0.822139 0.205753 0.187678 0.187678
0.012967 0.850249 0.253841 0.405296 0.866291 0.549505 0.722155 0.248487 0.272562 0.322812 0.206628 0.187678 0.187678
0.325453 0.457294 0.258028 0.576661 0.815061 0.131382 0.944168 0.968104 0.256823 0.837666 0.205753 0.187678 0.187678
0.851929 0.661012 0.887975 0.123226 0.540309 0.785616 0.750119 0.761929 0.992325 0.371671 0.187678 0.187678 0.187678
0.733012 1.000000 0.403667 0.370562 0.788201 0.449964 0.000000 0.677070 0.950694 0.536912 0.187678 0.187678 0.187678
0.750906 0.372913 0.121434 0.329437 0.480764 0.082961 0.227969 0.742858 0.826034 0.782506 0.187678 0.187678 0.187678
0.550435 0.872394 0.075015 0.046537 0.956229 0.489827 0.410192 0.599634 0.838897 0.508151 0.205753 0.187678 0.187678
1.000000 0.749175 0.755215 0.760594 0.717291 0.000000 0.261257 0.652907 0.321133 1.000000 0.187678 0.187678 0.187678
1.000000 0.402501 0.789591 0.653265 0.336806 0.407817 0.216154 0.000000 1.000000 0.359363 0.187678 0.187678 0.187678
0.929498 0.655285 0.308199 0.735879 0.536280 0.114397 0.712744 0.574888 0.090398 0.632691 0.187678 0.187678 0.187678
0.902746 0.802938 0.561932 0.746700 0.402477 0.748910 0.797417 0.128653 0.758784 0.267051 0.187678 0.187678 0.187678
0.890722 0.299910 0.404450 0.165015 0.077033 0.588918 0.730124 0.066133 0.482383 0.518184 0.187678 0.187678 0.187678
0.075203 0.974089 0.000000 0.099492 0.419397 0.587109 0.566521 0.391422 1.000000 0.115192 0.205753 0.187678 0.187678
1.000000 0.287313 0.810327 0.679667 0.468723 0.799161 0.671334 0.168527 0.845573 0.800530 0.187678 0.187678 0.187678
0.610193 0.556507 0.045183 0.075889 0.471048 0.104338 0.000000 0.690594 1.000000 0.283533 0.205753 0.187678 0.187678
0.266056 0.767692 0.168099 0.021192 0.568373 0.652974 0.000000 0.227145 0.357642 1.000000 0.205753 0.187678 0.187678
0.981957 0.276078 0.862332 0.169748 0.158823 0.929311 0.369952 0.280058 0.627208 0.965560 0.187678 0.187678 0.187678
0.931587 0.861346 0.643816 0.594149 0.736781 0.334790 0.327841 0.000000 0.136668 0.133081 0.187678 0.187678 0.187678
1.000000 1.000000 0.345023 0.345178 0.975748 0.407750 0.000000 0.364477 1.000000 1.000000 0.187678 0.187678 0.187678
0.715590 0.835416 0.531298 0.239998 0.750091 0.162260 0.152102 0.174363 0.487389 0.346432 0.187678 0.187678 0.187678
0.000000 0.795419 0.101513 0.074840 0.238607 0.648287 0.293659 0.438005 0.046073 1.000000 0.205753 0.187678 0.187678
0.796903 0.670138 0.554490 0.684273 0.138783 0.929256 0.435825 0.000000 0.262423 0.000000 0.187678 0.187678 0.187678
0.853446 0.639037 0.894275 0.266563 0.671002 0.844343 0.774829 0.242144 0.171633 0.459080 0.192914 0.187678 0.187678
0.726823 0.724372 0.307564 0.647586 0.094525 0.249100 0.290789 0.700501 0.723893 0.259210 0.187678 0.187678 0.187678
0.000000 0.910065 0.000000 0.131943 0.756253 0.762407 0.201025 0.579658 0.348012 0.603927 0.205753 0.187678 0.187678
0.674954 0.757112 0.005335 0.342017 0.166076 0.887387 0.327570 0.550566 0.827085 0.638665 0.205753 0.187678 0.187678
1.000000 0.547968 0.652022 0.597991 0.146008 1.000000 0.000000 0.618364 0.014299 0.310794 0.187678 0.187678 0.187678
0.452652 0.941579 0.058726 0.861959 0.854527 0.051883 0.054028 0.388360 0.914317 0.663026 0.205753 0.187678 0.187678
0.574154 0.519780 0.132352 0.815097 0.520110 0.847136 0.203074 0.324647 0.730653 0.666257 0.205753 0.187678 0.187678
0.749550 0.481189 0.118497 0.154997 0.199338 0.350128 0.993600 0.490288 0.623624 0.422414 0.187678 0.187678 0.187678
0.342434 0.920509 0.305709 0.823611 0.771995 0.000000 0.341016 0.740039 0.459907 0.868525 0.205753 0.187678 0.187678
0.576541 0.553807 0.048542 0.583428 0.453595 0.453240 0.344725 0.192366 0.781452 0.881335 0.205753 0.187678 0.187678
0.411666 0.367375 0.149303 0.611329 1.000000 0.058995 0.772528 0.087964 0.263753 0.607112 0.425828 0.187678 0.187678
0.073841 0.740328 0.057928 0.383442 0.611519 0.246059 0.738645 0.320123 0.416147 0.316723 0.217172 0.187678 0.187678
0.116456 1.000000 0.180273 0.487495 0.000000 0.934314 0.264719 0.787659 1.000000 0.086597 0.205753 0.187678 0.187678
0.500000 0.401252 0.292953 0.003298 0.015078 0.801498 0.496541 0.843616 0.087600 0.055641 0.205753 0.187678 0.187678
1.000000 0.769020 0.101277 0.619594 0.000000 0.800071 0.520430 0.684092 0.694275 0.325999 0.187678 0.187678 0.187678
0.191530 0.848357 0.097198 0.726942 0.888004 0.051612 0.467388 0.633372 0.579548 0.292004 0.209419 0.187678 0.187678
0.984405 0.279649 0.719835 0.679644 0.143893 0.405275 0.889944 0.730703 0.000000 0.506132 0.187678 0.187678 0.187678
0.089445 0.780827 0.275734 0.476681 0.054546 0.215715 0.964193 0.842320 0.980951 0.679581 0.205753 0.187678 0.187678
0.788183 1.000000 0.116218 0.060960 0.996353 1.000000 0.450375 1.000000 0.632016 0.000000 0.187678 0.187678 0.187678
0.262369 1.000000 0.042817 0.175449 0.980800 1.000000 0.582937 0.978212 0.557885 0.177052 0.205753 0.187678 0.187678
1.000000 0.549911 0.503905 0.860103 0.686801 0.140841 0.360571 0.333500 0.087069 0.333329 0.393640 0.187678 0.187678
0.859936 0.881435 0.425395 0.208402 0.969625 0.650339 0.596954 0.893379 0.615969 0.688562 0.187678 0.187678 0.187678
0.102935 0.735781 0.120385 0.066443 0.302081 0.663634 0.000000 0.440314 0.408154 0.993650 0.205753 0.187678 0.187678
0.973915 0.538560 0.799380 0.151281 0.423741 0.427670 0.934047 0.649315 0.049499 0.173110 0.187678 0.187678 0.187678
0.981062 1.000000 0.163978 0.873922 0.595009 0.552843 0.503638 0.785631 0.998910 0.388156 0.393640 0.187678 0.187678
0.839467 0.743155 0.068371 0.223399 0.904123 0.317911 0.658520 0.226458 0.864835 0.000000 0.187678 0.187678 0.187678
0.939853 1.000000 0.394130 0.710240 0.631658 0.223558 0.198166 1.000000 0.000000 0.881663 0.187678 0.187678 0.187678
0.598923 0.401293 0.061111 0.673400 0.407072 0.732841 0.140691 0.775010 0.332275 0.460947 0.205753 0.187678 0.187678
0.760925 0.509707 0.616317 0.061486 1.000000 0.792040 0.768561 0.437246 0.092691 0.832688 0.190099 0.187678 0.187678
0.804232 0.503587 0.694816 0.144475 0.895367 0.475954 0.459839 0.392415 0.616215 0.776797 0.187678 0.187678 0.187678
0.000000 1.000000 0.036732 0.677081 0.847230 0.448998 0.685865 0.878852 0.589852 0.487801 0.205753 0.187678 0.187678
0.775637 0.538303 0.605482 0.224752 0.787865 0.819045 1.000000 0.335686 0.143684 0.632209 0.245903 0.187678 0.187678
0.421570 0.388289 0.199782 0.708043 0.289102 0.149646 0.992065 0.926320 0.796461 0.408432 0.205753 0.187678 0.187678
0.181281 0.948510 0.239816 0.799357 0.599063 0.573447 0.384654 0.717085 0.199810 0.621931 0.205753 0.187678 0.187678
0.740064 0.500569 0.331738 0.516592 0.692908 0.046341 0.913851 0.574737 0.037286 0.044339 0.187678 0.187678 0.187678
0.925984 0.910563 0.730461 0.205976 0.976243 0.618148 0.259910 0.364966 0.041180 0.198670 0.187678 0.187678 0.187678
0.452307 0.999124 0.000000 0.032836 0.522364 0.000000 0.666800 0.536674 0.179264 0.828938 0.205753 0.187678 0.187678
0.697879 0.493583 0.064230 0.549092 0.528346 0.418014 0.850363 0.612440 0.000000 0.000000 0.187678 0.187678 0.187678
0.000000 0.853533 0.130991 0.579260 0.159632 0.384138 0.601190 0.520394 0.382435 0.040691 0.205753 0.187678 0.187678
0.600139 0.655101 0.112723 0.228017 0.314473 0.323540 0.850552 0.440599 0.490604 0.156471 0.205753 0.187678 0.187678
0.941467 0.360679 0.675151 0.820987 0.117530 0.990164 0.035552 0.470727 0.035597 0.318866 0.187678 0.187678 0.187678
0.324733 0.547520 0.097921 0.336553 0.224429 0.920296 0.256673 0.789304 0.737997 0.359178 0.205753 0.187678 0.187678
0.947883 0.349720 0.619440 0.148258 0.623044 0.603970 0.319941 0.557615 0.777762 0.454813 0.187678 0.187678 0.187678
1.000000 1.000000 0.424294 0.000000 1.000000 0.675300 0.009029 0.323403 0.606765 0.325968 0.187678 0.187678 0.187678
0.873930 0.952744 0.677598 0.303273 0.159207 0.114318 0.520825 0.302609 0.194593 0.278078 0.187678 0.187678 0.187678
0.948983 0.384404 0.162107 0.578110 0.393042 0.223291 0.294737 0.087825 0.799651 0.486603 0.187678 0.187678 0.187678
0.784543 0.355792 0.422136 0.552754 0.673705 0.732877 0.633302 0.944501 0.522393 0.829664 0.187678 0.187678 0.187678
0.950368 0.526760 0.437972 0.772893 0.648488 0.195003 0.439497 0.744876 0.100382 0.749384 0.187678 0.187678 0.187678
0.483650 1.000000 0.000000 0.805732 0.443919 0.434756 0.000000 0.217893 0.832686 1.000000 0.205753 0.187678 0.187678
1.000000 0.694143 0.146291 0.120613 0.256902 0.393108 0.912748 0.153246 0.287171 0.307517 0.187678 0.187678 0.187678
0.854208 0.705280 0.120800 0.181787 0.395721 0.319985 0.476224 0.419686 0.534342 0.704532 0.187678 0.187678 0.187678
0.241482 0.480693 0.265259 0.487573 0.863863 0.555106 0.258993 0.923039 0.902455 0.031285 0.205753 0.187678 0.187678
0.680437 0.708099 0.025963 0.599283 0.485815 0.867259 0.996448 1.000000 0.735830 0.369454 0.205753 0.187678 0.187678
0.831847 0.850162 0.849831 0.079582 0.661583 0.525974 0.582192 0.739631 0.273950 0.086828 0.187678 0.187678 0.187678
0.856942 0.689318 0.897167 0.185948 0.774336 0.781847 0.741539 0.038465 0.166291 0.178663 0.187678 0.187678 0.187678
0.277719 0.901630 0.036994 0.729468 0.683864 0.400063 0.058629 0.092990 0.515413 0.903265 0.205753 0.187678 0.187678
0.864509 0.821530 0.070711 0.297815 1.000000 0.705252 0.833089 0.757423 0.512242 0.589672 0.187678 0.187678 0.187678
0.000000 0.827665 0.000000 0.375885 0.494482 0.756975 0.180493 0.702304 1.000000 0.191907 0.205753 0.187678 0.187678
0.000000 1.000000 0.167270 0.851452 0.260049 0.142194 0.903820 0.839207 0.294625 0.476795 0.205753 0.187678 0.187678
0.870067 1.000000 0.422528 0.160070 0.756822 0.467567 0.435504 0.512597 1.000000 0.526555 0.187678 0.187678 0.187678
1.000000 0.891321 0.845656 0.235401 1.000000 0.686445 0.097299 0.464841 0.229310 0.096463 0.187678 0.187678 0.187678
0.629671 1.000000 0.006826 0.861418 0.325640 0.497325 0.301281 0.115916 1.000000 0.800173 0.205753 0.187678 0.187678
0.746208 0.254594 0.639772 0.514531 0.382400 0.568636 0.991838 0.906793 0.647006 0.151913 0.187678 0.187678 0.187678
0.776506 0.659481 0.817072 0.311917 0.647231 0.350329 0.544936 0.977808 0.046223 0.223654 0.187678 0.187678 0.187678
0.898345 0.814229 0.363636 0.000000 0.919224 0.425542 0.424126 0.372789 0.310803 0.857828 0.187678 0.187678 0.187678
