# gen=50 mediating population
# x0..x(D-1) f0 f1 consensus
0.270686 0.927713 0.947721 2.539577 4.004515 2.539577
0.256428 0.912693 0.810706 2.539577 4.004515 2.539577
0.000000 1.000000 1.000000 2.539577 4.004515 2.539577
0.127423 0.714145 1.000000 2.539577 4.004515 2.539577
0.708096 0.500974 0.747559 18.031751 5.407024 5.407024
0.455048 0.672884 1.000000 2.539577 5.407024 2.539577
0.187323 0.555934 1.000000 2.539577 4.004515 2.539577
0.453844 0.953688 0.774842 2.539577 5.407024 2.539577
0.138272 0.832998 0.925837 2.539577 10.273409 2.539577
0.273685 0.557387 0.567716 2.539577 7.559221 2.539577
0.459037 0.775985 0.877734 2.539577 5.407024 2.539577
0.378927 0.865131 0.813302 2.539577 4.004515 2.539577
0.298256 0.502250 0.365406 2.539577 3.652770 2.539577
0.485105 0.837605 0.747892 2.539577 5.407024 2.539577
0.428540 0.926636 1.000000 2.539577 4.004515 2.539577
0.000000 0.530279 1.000000 2.539577 4.004515 2.539577
0.327988 0.568023 0.820089 2.539577 4.004515 2.539577
0.303035 0.629155 1.000000 2.539577 4.004515 2.539577
0.194720 0.532531 0.858689 2.539577 4.004515 2.539577
0.000000 0.691050 1.000000 2.539577 4.004515 2.539577
0.487137 0.616885 0.756330 2.539577 5.407024 2.539577
0.171566 0.401057 0.938867 2.539577 4.004515 2.539577
0.144564 1.000000 0.874107 2.539577 4.004515 2.539577
0.000000 0.898493 0.814629 2.539577 4.004515 2.539577
0.447446 0.515152 0.841380 2.539577 5.407024 2.539577
0.441864 0.553104 0.962920 2.539577 4.004515 2.539577
0.003032 0.831334 1.000000 2.539577 4.004515 2.539577
0.000000 0.389525 1.000000 2.539577 4.004515 2.539577
0.126163 0.641555 0.893491 2.539577 4.004515 2.539577
0.475828 0.357601 0.759431 2.539577 5.407024 2.539577
0.000000 0.635978 0.831686 2.539577 4.004515 2.539577
0.465696 0.380579 1.000000 2.539577 5.407024 2.539577
0.321609 0.743137 0.854976 2.539577 4.004515 2.539577
0.118618 0.940233 1.000000 2.539577 4.004515 2.539577
0.612718 0.695961 0.956494 0.450725 5.407024 0.450725
0.072449 0.530967 0.852352 2.539577 4.004515 2.539577
0.091067 0.861424 0.101871 2.539577 0.182340 0.182340
0.327854 0.906824 0.630611 2.539577 0.182340 0.182340
0.792457 0.434047 0.311540 0.603271 0.323380 0.323380
0.285514 0.793963 0.956494 2.539577 4.004515 2.539577
0.663202 0.904181 0.314325 0.603271 0.323380 0.323380
0.708884 0.180629 0.162272 0.784315 10.484574 0.784315
0.034664 0.181900 0.540126 0.265945 0.770822 0.265945
0.389847 0.386655 0.879492 2.539577 4.004515 2.539577
0.805815 0.046324 0.030434 0.784315 0.549504 0.549504
0.011026 0.462175 0.511354 2.539577 0.182340 0.182340
0.066240 0.242840 0.070710 0.265945 0.770822 0.265945
0.587416 0.778172 0.521676 0.603271 0.323380 0.323380
0.300500 0.181552 0.155959 0.265945 0.770822 0.265945
0.951886 0.000000 0.950447 0.784315 1.008133 0.784315
0.711158 0.797855 0.052171 6.030270 0.323380 0.323380
0.266246 0.323592 0.074763 2.539577 0.770822 0.770822
0.920827 0.110700 0.310956 0.784315 0.549504 0.549504
0.087029 0.111812 0.358026 0.265945 0.770822 0.265945
0.861698 0.579498 0.775550 15.718631 5.407024 5.407024
0.934625 0.020328 0.768579 0.784315 1.008133 0.784315
0.475131 1.000000 0.901248 2.539577 5.407024 2.539577
0.304737 0.419425 1.000000 2.539577 4.004515 2.539577
0.913945 0.049647 0.188166 0.784315 0.549504 0.549504
0.108149 0.568645 1.000000 2.539577 4.004515 2.539577
0.351860 0.316428 0.542777 2.539577 0.770822 0.770822
0.637635 0.409120 0.108657 0.603271 0.323380 0.323380
0.729573 0.254250 0.615023 0.784315 0.549504 0.549504
0.455158 0.807199 1.000000 2.539577 5.407024 2.539577
0.833936 0.646806 0.311965 0.603271 0.323380 0.323380
1.000000 1.000000 0.857233 0.450725 5.407024 0.450725
0.015678 0.020199 0.506956 0.265945 0.770822 0.265945
0.671566 0.000000 0.762679 0.784315 1.008133 0.784315
0.223941 0.529669 1.000000 2.539577 4.004515 2.539577
0.000000 0.794359 1.000000 2.539577 4.004515 2.539577
0.000000 0.756963 0.863984 2.539577 4.004515 2.539577
0.481409 0.957345 0.451197 2.539577 0.323380 0.323380
0.000000 1.000000 1.000000 2.539577 4.004515 2.539577
0.827408 0.053137 0.682220 0.784315 1.008133 0.784315
0.067327 0.165394 0.611743 0.265945 0.770822 0.265945
0.590997 0.159480 0.914822 0.784315 1.008133 0.784315
0.545717 0.014182 0.568218 0.784315 0.549504 0.549504
0.324307 0.134147 0.968354 3.898907 0.770822 0.770822
0.796672 0.078449 0.411465 0.784315 0.549504 0.549504
0.838003 0.921445 0.897680 0.450725 5.407024 0.450725
0.851697 0.987628 0.399411 0.603271 0.323380 0.323380
0.503672 0.000000 0.147963 0.784315 0.549504 0.549504
0.281396 1.000000 0.950011 2.539577 4.004515 2.539577
0.507639 0.120731 0.047910 0.784315 0.549504 0.549504
0.720182 0.192863 0.869814 0.784315 3.010811 0.784315
0.597293 0.036897 0.285399 0.784315 0.549504 0.549504
0.737284 0.978284 0.890948 0.450725 5.407024 0.450725
0.835955 0.302163 0.743224 0.784315 5.407024 0.784315
0.953880 0.650724 0.201388 0.603271 0.323380 0.323380
0.023297 0.673277 0.486834 2.539577 0.182340 0.182340
0.270008 0.763802 0.840651 2.539577 4.004515 2.539577
0.972280 0.984879 0.567288 0.603271 0.323380 0.323380
0.459037 0.775985 0.877734 2.539577 5.407024 2.539577
0.317328 0.650302 0.991725 2.539577 4.004515 2.539577
0.597414 0.632864 0.815684 0.450725 11.226438 0.450725
0.861594 0.988898 0.273398 0.603271 0.323380 0.323380
0.398338 0.122408 0.862184 0.265945 0.770822 0.265945
0.192054 0.405041 0.810459 2.539577 4.004515 2.539577
0.178703 0.688828 1.000000 2.539577 4.004515 2.539577
0.357980 0.793330 0.621466 2.844301 0.182340 0.182340
0.918483 0.400359 0.396522 0.603271 0.323380 0.323380
0.394298 0.789182 0.329603 2.539577 0.182340 0.182340
0.138272 0.832998 0.925837 2.539577 10.273409 2.539577
0.889571 0.719683 0.775550 0.450725 5.407024 0.450725
0.415815 0.719048 1.000000 2.539577 4.004515 2.539577
0.000000 0.340316 0.000000 2.539577 0.770822 0.770822
0.000945 0.357538 0.693644 2.539577 0.770822 0.770822
0.188825 0.132758 0.438033 0.265945 0.770822 0.265945
0.333776 0.450151 0.893356 2.539577 4.004515 2.539577
0.264939 0.724031 0.816892 2.539577 4.004515 2.539577
0.000000 1.000000 0.879779 2.539577 4.004515 2.539577
0.916960 0.732581 0.001733 0.603271 0.323380 0.323380
0.631819 0.877238 0.743894 0.450725 5.407024 0.450725
0.711804 0.465474 0.659220 0.603271 0.323380 0.323380
0.572795 0.328125 0.620056 0.603271 0.323380 0.323380
0.490487 0.965308 0.124629 2.539577 0.323380 0.323380
0.000000 0.980306 1.000000 2.539577 4.004515 2.539577
0.021278 0.484386 0.822183 2.539577 4.004515 2.539577
0.568822 0.287007 0.346476 0.784315 0.549504 0.549504
0.273685 0.557387 0.567716 2.539577 7.559221 2.539577
0.995520 0.263079 0.727277 0.784315 1.008133 0.784315
0.546192 0.441200 0.911769 0.450725 5.407024 0.450725
0.405458 1.000000 1.000000 2.539577 4.004515 2.539577
0.209529 0.097842 0.683850 0.265945 0.770822 0.265945
0.931347 0.298600 0.052165 0.784315 0.323380 0.323380
0.848818 0.279680 0.245476 0.784315 0.549504 0.549504
0.490167 0.376382 0.156618 2.539577 0.323380 0.323380
0.816481 0.000000 0.422418 0.784315 0.549504 0.549504
0.300618 0.093600 0.202680 0.265945 0.770822 0.265945
0.246530 0.263561 0.207984 0.265945 0.770822 0.265945
0.000000 0.926932 1.000000 2.539577 4.004515 2.539577
0.000000 0.611533 1.000000 2.539577 4.004515 2.539577
0.867130 0.675306 0.457813 0.603271 0.323380 0.323380
0.610469 0.404827 0.262792 0.603271 0.323380 0.323380
0.830427 0.827243 0.858676 0.450725 5.407024 0.450725
0.507960 0.853024 0.472688 0.603271 0.323380 0.323380
0.459037 0.775985 0.877734 2.539577 5.407024 2.539577
0.075447 0.736851 0.315939 2.539577 0.182340 0.182340
0.949443 0.007135 0.622726 0.784315 0.549504 0.549504
0.929872 0.000000 0.980535 0.784315 1.008133 0.784315
0.655536 0.281055 0.000628 0.784315 0.549504 0.549504
0.875133 0.800186 1.000000 0.450725 5.407024 0.450725
0.653942 0.596350 0.628408 0.603271 0.323380 0.323380
0.430509 0.222679 0.934205 0.265945 0.770822 0.265945
0.277469 0.903474 1.000000 2.539577 4.004515 2.539577
0.423267 0.216765 0.991419 0.265945 0.770822 0.265945
0.310418 0.721876 0.293150 2.539577 0.182340 0.182340
0.837558 0.482447 0.767712 0.450725 5.407024 0.450725
0.933668 0.368995 0.027044 0.603271 0.323380 0.323380
0.677426 0.102303 0.462522 1.385247 0.549504 0.549504
0.256278 1.000000 1.000000 2.539577 4.004515 2.539577
0.048231 0.323343 0.380257 2.539577 0.770822 0.770822
0.000000 1.000000 1.000000 2.539577 4.004515 2.539577
0.544595 0.062946 0.479088 0.784315 0.549504 0.549504
0.233882 0.984944 0.548169 2.539577 0.182340 0.182340
0.000000 0.820380 0.911911 2.539577 4.004515 2.539577
0.202641 0.754107 0.657682 2.539577 0.182340 0.182340
0.128654 0.813402 0.313484 2.539577 0.182340 0.182340
0.131948 0.831641 0.948485 2.539577 4.004515 2.539577
0.730543 0.752441 0.596531 0.603271 0.323380 0.323380
0.550660 0.525054 0.483620 0.603271 0.323380 0.323380
0.105828 0.454925 0.958128 2.539577 4.004515 2.539577
0.812470 0.710880 0.082102 10.019627 0.323380 0.323380
0.289367 0.360201 0.938282 2.539577 0.770822 0.770822
0.167792 0.071076 0.031742 0.265945 0.770822 0.265945
0.740186 0.336085 0.097455 0.603271 0.323380 0.323380
0.168806 1.000000 0.887433 2.539577 4.004515 2.539577
0.772186 0.680277 0.795866 0.450725 11.612504 0.450725
0.420258 0.506959 0.921705 2.539577 4.004515 2.539577
0.532512 0.024864 0.721832 0.784315 1.008133 0.784315
0.759881 0.336565 0.223542 0.603271 0.323380 0.323380
0.000000 0.404334 1.000000 2.539577 4.004515 2.539577
0.824451 0.195434 0.535064 0.784315 0.549504 0.549504
0.895703 0.272068 0.308820 0.784315 0.549504 0.549504
0.486791 0.284207 0.515562 0.265945 0.549504 0.265945
0.184082 0.517227 0.495233 2.539577 0.182340 0.182340
0.749682 0.877326 0.487092 0.603271 0.323380 0.323380
0.804818 0.184219 0.865942 1.174518 1.008133 1.008133
0.169275 0.705535 1.000000 2.539577 4.004515 2.539577
0.366366 0.598925 1.000000 2.539577 4.004515 2.539577
0.736171 1.000000 0.931189 0.450725 5.407024 0.450725
0.346061 0.371712 0.391173 2.539577 0.770822 0.770822
0.150575 0.405218 1.000000 2.539577 4.004515 2.539577
0.664538 0.192299 0.983132 0.784315 1.008133 0.784315
0.073246 1.000000 1.000000 2.539577 4.004515 2.539577
0.425381 1.000000 0.959188 2.539577 4.004515 2.539577
0.485105 0.837605 0.747892 2.539577 5.407024 2.539577
0.293327 0.029291 0.477111 0.265945 0.770822 0.265945
0.259668 1.000000 1.000000 2.539577 4.004515 2.539577
0.000000 0.558792 1.000000 2.539577 4.004515 2.539577
0.160389 0.987939 0.806319 2.539577 4.004515 2.539577
0.769082 0.502086 0.786738 11.062401 5.407024 5.407024
0.355077 0.875172 0.936000 2.539577 4.004515 2.539577
0.985250 0.789405 0.390232 0.603271 0.323380 0.323380
0.614160 0.193796 0.909070 0.784315 1.008133 0.784315
0.026265 0.172645 0.143880 0.265945 0.770822 0.265945
0.000000 0.767695 0.815389 2.539577 4.004515 2.539577
0.280309 0.835902 0.083481 2.539577 0.182340 0.182340
0.245775 0.693303 0.273235 2.539577 0.182340 0.182340
0.358799 0.165303 0.429680 0.265945 0.770822 0.265945
0.714281 0.465762 0.786120 2.476706 5.407024 2.476706
0.429420 0.264060 0.694556 0.265945 0.770822 0.265945
0.636906 0.129853 0.012226 0.784315 0.549504 0.549504
0.591274 0.253793 0.766940 16.462711 14.010041 14.010041
0.978277 0.340714 0.935760 0.450725 5.407024 0.450725
0.696940 0.403433 0.003165 0.603271 0.323380 0.323380
0.847708 0.175731 0.452614 0.784315 0.549504 0.549504
0.081639 1.000000 1.000000 2.539577 4.004515 2.539577
0.310413 0.599783 0.670472 2.539577 3.198864 2.539577
0.000000 0.673815 1.000000 2.539577 4.004515 2.539577
0.467856 0.465470 0.999489 2.539577 5.407024 2.539577
0.094080 0.825262 0.959911 2.539577 4.004515 2.539577
0.249793 0.597305 0.235410 2.539577 0.182340 0.182340
0.142459 0.541474 0.321422 2.539577 0.182340 0.182340
0.549357 0.904290 0.928841 0.450725 5.407024 0.450725
0.420394 0.106942 0.059126 0.265945 0.770822 0.265945
0.366911 0.907771 0.386496 2.539577 0.182340 0.182340
0.422287 0.045709 0.215868 0.265945 0.770822 0.265945
0.573287 0.592110 0.843177 0.450725 15.043095 0.450725
0.724224 0.787325 0.368268 0.603271 0.323380 0.323380
0.636172 0.139071 0.665973 0.784315 1.008133 0.784315
0.675034 0.198713 0.140937 0.784315 0.549504 0.549504
0.125453 0.341889 0.506326 2.539577 0.770822 0.770822
0.255214 0.659480 0.973371 2.539577 4.004515 2.539577
0.465691 0.241204 0.219922 0.265945 0.549504 0.265945
0.862229 0.332010 0.095976 0.603271 0.323380 0.323380
0.381396 0.641304 0.819457 2.539577 4.004515 2.539577
0.797163 0.643498 0.245629 0.603271 0.323380 0.323380
0.000000 0.969961 1.000000 2.539577 4.004515 2.539577
0.157453 0.806780 1.000000 2.539577 4.004515 2.539577
0.752458 0.838124 0.742752 0.450725 5.407024 0.450725
0.840217 0.302022 0.746591 0.784315 5.407024 0.784315
0.227269 0.778184 0.811240 2.539577 4.004515 2.539577
0.423945 0.513841 0.504443 2.539577 0.182340 0.182340
0.592999 0.755386 0.762763 0.450725 5.407024 0.450725
0.439695 1.000000 1.000000 2.539577 4.004515 2.539577
0.999895 0.926493 0.834283 0.450725 5.407024 0.450725
0.060731 0.534432 0.612409 2.539577 0.182340 0.182340
0.676336 0.569649 1.000000 0.450725 5.407024 0.450725
0.446283 0.753120 0.999871 2.539577 5.407024 2.539577
0.093247 0.196181 0.934929 0.265945 0.770822 0.265945
0.451554 0.001233 0.020952 0.265945 0.549504 0.265945
0.918725 0.591568 0.794489 2.829367 5.407024 2.829367
0.305933 0.160369 0.749520 0.265945 0.770822 0.265945
0.175581 0.652296 0.344260 2.539577 0.182340 0.182340
0.000000 1.000000 0.967746 2.539577 4.004515 2.539577
0.351620 0.911794 1.000000 2.539577 4.004515 2.539577
0.052099 0.526669 1.000000 2.539577 4.004515 2.539577
1.000000 0.000000 0.503786 0.784315 0.549504 0.549504
0.042597 0.730371 0.922615 2.539577 4.004515 2.539577
0.262266 1.000000 1.000000 2.539577 4.004515 2.539577
1.000000 0.000000 0.822060 0.784315 1.008133 0.784315
0.527590 0.181035 0.750209 0.784315 11.987682 0.784315
0.948661 0.877766 0.234977 0.603271 0.323380 0.323380
0.844625 0.939870 0.777678 0.450725 5.407024 0.450725
0.147269 0.139008 0.193821 0.265945 0.770822 0.265945
0.025126 0.638653 0.581641 2.539577 0.182340 0.182340
0.084707 0.655142 0.982710 2.539577 4.004515 2.539577
0.142644 0.914634 1.000000 2.539577 4.004515 2.539577
0.463851 0.337555 1.000000 2.539577 5.407024 2.539577
0.136105 0.409908 0.343200 2.539577 0.182340 0.182340
0.477682 0.919468 0.434585 2.539577 0.323380 0.323380
0.025278 0.810814 0.935876 2.539577 4.004515 2.539577
0.074190 0.925863 0.023407 2.539577 0.182340 0.182340
0.462376 0.589020 0.365406 2.539577 0.323380 0.323380
0.700302 0.022157 0.796975 0.784315 1.008133 0.784315
0.366096 0.158838 0.946575 0.360584 0.770822 0.360584
0.532887 0.260824 0.324265 0.784315 0.549504 0.549504
0.000000 1.000000 1.000000 2.539577 4.004515 2.539577
0.758516 0.119527 0.322676 0.784315 0.549504 0.549504
0.986482 0.834860 0.519717 0.603271 0.323380 0.323380
0.307213 0.472465 0.811077 2.539577 4.004515 2.539577
0.908204 0.071620 0.694141 0.784315 1.008133 0.784315
0.222970 0.112333 0.881769 0.269460 0.770822 0.269460
0.415672 0.844888 0.872947 2.539577 4.004515 2.539577
0.693804 0.811604 0.895894 0.450725 5.407024 0.450725
0.000000 0.686990 1.000000 2.539577 4.004515 2.539577
0.712696 0.897404 0.356425 0.603271 0.323380 0.323380
0.592325 0.681574 0.087009 0.603271 0.323380 0.323380
0.413286 0.906435 0.559386 2.539577 0.182340 0.182340
0.182212 0.839572 0.983199 2.539577 4.004515 2.539577
0.334001 0.273319 0.240969 0.265945 0.770822 0.265945
0.253046 0.649517 0.037735 2.539577 0.182340 0.182340
0.767338 0.769196 0.205738 0.603271 0.323380 0.323380
0.204905 0.631188 0.848887 2.539577 4.004515 2.539577
0.243266 0.276354 0.649230 0.265945 0.770822 0.265945
0.627101 0.365989 0.122531 0.603271 0.323380 0.323380
0.000000 0.564217 1.000000 2.539577 4.004515 2.539577
0.991118 0.220979 0.509157 0.784315 0.549504 0.549504
0.344467 0.626288 1.000000 2.539577 4.004515 2.539577
0.814595 0.531486 0.706869 0.450725 0.323380 0.323380
0.062812 0.446196 0.322872 2.539577 0.182340 0.182340
0.004336 0.120085 0.316565 0.265945 0.770822 0.265945
0.217880 1.000000 1.000000 2.539577 4.004515 2.539577
0.638146 0.771318 0.222510 2.831930 0.323380 0.323380
0.730891 0.492813 0.892170 0.450725 5.407024 0.450725
0.161644 0.583461 1.000000 2.539577 4.004515 2.539577
0.431619 0.998764 0.917307 2.539577 4.004515 2.539577
0.000000 0.865989 0.966159 2.539577 4.004515 2.539577
0.290017 0.236187 0.234354 0.265945 0.770822 0.265945
