# gen=170 x0..xd f
0.315339 0.219874 0.511030 0.341435 0.590061 0.604333 0.664998 0.499492 0.372903 0.434737 71.452409
0.561247 0.357326 0.627071 0.858235 0.002026 0.337343 0.297812 0.004127 0.147124 0.763627 31.868282
0.292812 0.286116 0.586809 0.459799 0.287098 0.655040 0.392625 0.176338 0.623732 0.457396 63.583820
0.233993 0.310698 0.415194 0.609591 0.403992 0.472319 0.506708 0.582322 0.465800 0.430839 76.782554
0.288389 0.227945 0.651855 0.605904 0.601802 0.554012 0.444349 0.451965 0.463909 0.551125 75.726562
0.296728 0.284350 0.529020 0.463092 0.426747 0.486925 0.508940 0.571240 0.397006 0.434261 79.867981
0.316817 0.256662 0.477780 0.543484 0.519943 0.518982 0.428912 0.490570 0.596793 0.596550 79.384094
0.292093 0.317365 0.498420 0.613358 0.567228 0.549688 0.361264 0.534526 0.645994 0.556183 74.272355
0.191289 0.309664 0.429363 0.487673 0.473852 0.481099 0.518788 0.497711 0.460197 0.391694 77.496463
0.246209 0.288812 0.469189 0.486116 0.394048 0.507913 0.432823 0.524813 0.492962 0.534368 81.408831
0.300935 0.264220 0.475852 0.502143 0.487049 0.210757 0.908639 0.391189 0.454958 0.476466 60.469832
0.232504 0.282717 0.405596 0.493638 0.544384 0.544280 0.500314 0.431537 0.566892 0.599845 78.910212
0.315061 0.264037 0.479000 0.503173 0.449764 0.548907 0.328398 0.489602 0.554566 0.565325 77.375739
0.402756 0.434082 0.638788 0.501480 0.562659 0.505608 0.512167 0.488978 0.564660 0.591807 64.600653
0.074481 0.221268 0.531493 0.509009 0.255401 0.392829 0.440449 0.430160 0.597057 0.470875 62.770051
0.281451 0.337283 0.502671 0.656463 0.475551 0.545017 0.476419 0.629160 0.554094 0.250415 69.569748
0.310159 0.243733 0.386278 0.505889 0.527821 0.416084 0.427006 0.380628 0.365874 0.564052 74.982782
0.284930 0.287424 0.432269 0.595862 0.510370 0.402115 0.530935 0.686161 0.539071 0.408662 74.772028
0.801092 0.420333 0.269213 0.634033 0.223388 0.670023 0.579913 0.337720 0.768221 0.190820 47.211028
0.211489 0.237324 0.432839 0.527401 0.638776 0.504516 0.576749 0.632239 0.473022 0.552206 75.405876
0.369172 0.773898 0.158829 0.268709 0.205068 0.421114 0.954802 0.288773 0.377113 0.250204 40.291739
0.250222 0.249433 0.393151 0.466561 0.465279 0.355866 0.545653 0.405875 0.377861 0.527902 75.677934
0.525291 0.797073 0.024126 0.548242 0.365472 0.595692 0.743663 0.285081 0.110017 0.019591 34.200964
0.229407 0.269384 0.456582 0.476037 0.433028 0.491902 0.709089 0.471830 0.469724 0.507566 76.269518
0.278765 0.245680 0.521324 0.543659 0.585978 0.354543 0.510576 0.382084 0.521403 0.525331 77.582374
0.220800 0.325910 0.660076 0.616768 0.442808 0.471224 0.650178 0.539874 0.572521 0.473799 72.449338
0.257160 0.353691 0.452516 0.587622 0.484066 0.595187 0.494217 0.476563 0.632961 0.595922 74.358332
0.269839 0.264713 0.500017 0.499982 0.500005 0.499984 0.499997 0.499986 0.499987 0.500005 89.997775
0.273416 0.251862 0.396915 0.415528 0.530155 0.470690 0.636894 0.426194 0.479085 0.478719 77.893000
0.204123 0.282138 0.602033 0.537591 0.461421 0.591217 0.446358 0.509361 0.598941 0.502734 77.233017
0.280113 0.285600 0.504168 0.545681 0.406869 0.355347 0.461205 0.537174 0.542265 0.407097 77.669548
0.881511 0.725089 0.584503 0.649165 0.447352 0.295273 0.189291 0.748076 0.659644 0.785629 37.646034
0.259179 0.270847 0.485575 0.495960 0.355009 0.516302 0.470566 0.417905 0.412458 0.428629 78.279116
0.184719 0.293624 0.522499 0.513711 0.283091 0.491016 0.489448 0.626867 0.388315 0.339652 69.470763
0.361293 0.210403 0.440331 0.474257 0.468216 0.436452 0.431417 0.345255 0.567430 0.489663 73.719142
0.244426 0.216139 0.514943 0.517984 0.682082 0.505213 0.623660 0.742907 0.462642 0.587035 69.664966
0.243894 0.263519 0.330249 0.547607 0.592811 0.470981 0.554268 0.505046 0.467453 0.538254 77.484188
0.272261 0.271075 0.544688 0.520152 0.285565 0.488351 0.442301 0.348614 0.444112 0.401104 73.130187
0.309696 0.233298 0.457868 0.481461 0.589600 0.582394 0.633215 0.447454 0.503419 0.556989 77.313439
0.133578 0.284007 0.392428 0.444191 0.435912 0.427541 0.525863 0.374277 0.700861 0.656063 66.510237
0.282506 0.217045 0.492902 0.462656 0.622248 0.429550 0.505357 0.544189 0.486792 0.449171 79.389497
0.294602 0.295430 0.580743 0.612927 0.371942 0.342258 0.341907 0.512817 0.430481 0.612246 71.240591
0.262684 0.291752 0.365754 0.521811 0.582749 0.522162 0.523581 0.507752 0.407421 0.377174 76.908733
0.269787 0.230525 0.450566 0.506684 0.264775 0.634035 0.495170 0.567073 0.562596 0.447829 72.818243
0.302995 0.262482 0.511813 0.592196 0.564750 0.590903 0.632866 0.430724 0.443282 0.508751 77.191734
0.257162 0.267293 0.593572 0.468838 0.560463 0.482493 0.612610 0.719046 0.439436 0.461354 73.891380
0.294159 0.653833 0.498458 0.289799 0.479813 0.528283 0.629950 0.464546 0.406171 0.375157 55.758016
0.312924 0.254931 0.447748 0.551785 0.653713 0.434768 0.432844 0.463436 0.465122 0.472489 77.551518
0.285051 0.272203 0.436135 0.543739 0.557946 0.582910 0.506646 0.548964 0.561426 0.519335 81.217360
0.329312 0.278815 0.516104 0.540693 0.552606 0.566672 0.457629 0.588520 0.464386 0.476319 79.590892
0.258983 0.299786 0.486023 0.474680 0.355315 0.546848 0.640787 0.384325 0.721564 0.486093 71.014813
0.440349 0.892671 0.702534 0.125989 0.433067 0.694369 0.959877 0.244725 0.473840 0.378340 50.381932
0.094638 0.235952 0.384172 0.407040 0.603410 0.509451 0.544852 0.627400 0.569468 0.589536 66.374898
0.287893 0.229774 0.620499 0.541685 0.369851 0.494280 0.561223 0.741176 0.387278 0.498703 70.838322
0.202426 0.595273 0.712800 0.749402 0.732079 0.974905 0.945542 0.913034 0.072334 0.001641 31.420965
0.298787 0.238943 0.478999 0.618262 0.525369 0.578148 0.408908 0.561025 0.497216 0.547151 78.520122
0.232979 0.000000 0.303600 0.584594 0.513543 0.865980 0.526338 0.487022 0.510040 0.581139 52.154357
0.267779 0.244460 0.480200 0.583234 0.487178 0.646503 0.594985 0.602143 0.553045 0.571503 76.314501
0.149257 0.883168 0.046911 0.385293 0.934025 0.616314 0.517766 0.099341 0.783469 0.419086 36.300505
0.221444 0.215293 0.412980 0.555274 0.645873 0.588902 0.536515 0.506784 0.470178 0.329984 73.139699
0.259259 0.266620 0.481726 0.694143 0.492899 0.618882 0.446005 0.560413 0.546740 0.570368 75.342674
0.507667 0.555142 0.093895 0.420191 0.198691 0.292681 0.785971 0.916119 0.099875 0.307788 30.331123
0.267374 0.259721 0.447734 0.444321 0.522000 0.465419 0.478823 0.494994 0.435954 0.431702 82.608723
0.347540 0.327963 0.540581 0.473683 0.534556 0.528909 0.646948 0.479446 0.514640 0.563198 75.421310
0.353204 0.222476 0.458900 0.416130 0.585375 0.573652 0.443869 0.280502 0.488116 0.693601 68.655599
0.188356 0.291141 0.608687 0.498926 0.445907 0.509062 0.482038 0.602405 0.516104 0.388071 75.632700
0.276852 0.327472 0.436685 0.471451 0.322287 0.515238 0.427374 0.434422 0.526470 0.495033 75.922797
0.287779 0.272619 0.594190 0.584333 0.457421 0.536314 0.475524 0.493461 0.335275 0.290708 72.732857
0.329735 0.267457 0.480054 0.554132 0.571309 0.611616 0.631114 0.603768 0.546128 0.555793 75.330891
0.367939 0.259541 0.413822 0.491145 0.560977 0.614027 0.408720 0.467420 0.321132 0.330661 69.681217
0.417802 0.269992 0.429777 0.471552 0.516287 0.503315 0.608370 0.447890 0.426577 0.453288 71.704219
0.269836 0.264748 0.500007 0.499993 0.499987 0.500055 0.499998 0.500110 0.500000 0.499997 89.991580
0.243078 0.275327 0.343087 0.631308 0.566182 0.528533 0.369158 0.533741 0.426995 0.511002 74.554748
0.226635 0.269401 0.441990 0.790449 0.452459 0.329418 0.535254 0.567422 0.503414 0.268798 65.528830
0.849036 0.175971 0.003662 0.330353 0.671092 0.340365 0.322102 0.058698 0.659208 0.357048 30.619991
0.236003 0.247544 0.428633 0.355265 0.511412 0.628527 0.491558 0.722500 0.510523 0.444761 71.962900
0.300962 0.292342 0.555946 0.566970 0.436451 0.466740 0.504692 0.569666 0.532098 0.544060 80.706570
0.287485 0.518113 0.805873 0.497587 0.671961 0.171748 0.717876 0.819699 0.905116 0.956028 33.569971
0.299316 0.234858 0.471459 0.403802 0.419167 0.499989 0.375675 0.530616 0.538947 0.579637 77.657598
0.294959 0.284266 0.579311 0.523745 0.541257 0.504284 0.764163 0.458164 0.542204 0.484462 73.340451
0.303271 0.212387 0.443698 0.556888 0.762853 0.499994 0.566780 0.538839 0.457589 0.500000 72.284135
0.245408 0.357249 0.509688 0.596323 0.407611 0.659737 0.520353 0.446232 0.570276 0.664985 70.993656
0.302359 0.246956 0.512978 0.374906 0.116321 0.551833 0.467244 0.513795 0.470473 0.505127 66.350098
0.314723 0.276907 0.430686 0.474380 0.467544 0.492805 0.541255 0.368286 0.605353 0.521180 77.977484
0.391341 0.392973 0.830993 0.396119 0.254762 0.644840 0.460676 0.370701 0.918054 0.598240 49.209566
0.288719 0.239274 0.560384 0.568475 0.533730 0.565520 0.468619 0.480987 0.517599 0.576939 81.023027
0.266125 0.270697 0.582723 0.570575 0.519479 0.633135 0.545707 0.449772 0.447825 0.510710 78.969546
0.223040 0.227177 0.407283 0.372058 0.280641 0.414272 0.610846 0.662340 0.558553 0.582782 68.557973
0.204925 0.266524 0.404095 0.391794 0.568123 0.450625 0.552163 0.147896 0.454052 0.560321 66.194109
0.206493 0.246218 0.415024 0.622735 0.496111 0.642835 0.518954 0.333258 0.457566 0.475729 73.090388
0.719087 0.426637 0.210892 0.541510 0.197060 0.600265 0.405435 0.939354 0.793196 0.662951 50.101819
0.196988 0.275615 0.302849 0.562994 0.377085 0.587103 0.390701 0.066050 0.469412 0.445177 59.432858
0.264907 0.299999 0.429374 0.527333 0.521923 0.369469 0.508571 0.395613 0.568849 0.429056 77.461211
0.251732 0.270046 0.571442 0.533707 0.505291 0.478106 0.664939 0.519089 0.614842 0.527688 77.335927
0.284391 0.292424 0.443892 0.457648 0.498010 0.483090 0.567053 0.402992 0.507218 0.403310 79.816441
0.265165 0.293114 0.641206 0.467255 0.602717 0.520093 0.666250 0.602837 0.721500 0.483249 70.079490
0.288855 0.255673 0.522799 0.448220 0.470697 0.546092 0.475441 0.516456 0.385411 0.510973 81.587723
0.123995 0.090763 0.299590 0.317104 0.528606 0.194477 0.727463 0.640767 0.186669 0.803027 45.531729
0.911026 0.858269 0.706623 0.924439 0.705094 0.848883 0.201601 0.649741 0.826727 0.208235 24.681235
0.269843 0.264702 0.500012 0.499997 0.500001 0.499989 0.499997 0.499998 0.499992 0.500002 89.998833
0.320212 0.273521 0.566736 0.534039 0.560437 0.613649 0.511008 0.565414 0.330685 0.984478 58.877349
0.749693 0.601999 0.494768 0.284771 0.172393 0.710877 0.755948 0.081321 0.258370 0.018708 43.870119
0.186926 0.256183 0.340000 0.554975 0.409190 0.499125 0.374063 0.530541 0.436750 0.460374 73.591658
0.328275 0.251858 0.616466 0.422426 0.485761 0.530171 0.581163 0.456863 0.434713 0.500332 77.829302
0.207419 0.614607 0.504015 0.716634 0.426625 0.384760 0.134103 0.885097 0.760479 0.663039 39.856760
0.307611 0.226316 0.620796 0.636931 0.567459 0.631108 0.437244 0.462097 0.535195 0.653875 72.406986
0.296366 0.264672 0.478191 0.677181 0.515251 0.560892 0.406040 0.632154 0.547013 0.481523 75.258744
0.308783 0.287179 0.494092 0.522277 0.444805 0.460397 0.411634 0.557618 0.442655 0.496067 80.718737
0.292844 0.218462 0.653564 0.597966 0.525531 0.584990 0.382873 0.401308 0.473032 0.506777 74.439314
0.329753 0.258444 0.509708 0.543091 0.524501 0.523538 0.616369 0.520473 0.466801 0.512431 80.012542
0.171183 0.484275 0.690648 0.208654 0.459097 0.898197 0.415784 0.976508 0.054596 0.724746 33.941041
0.321521 0.245153 0.755055 0.411573 0.603034 0.499994 0.471066 0.461066 0.511356 0.540919 72.164640
0.309654 0.263952 0.423078 0.529094 0.536146 0.519023 0.595958 0.468190 0.456699 0.436771 80.146125
0.282301 0.230639 0.403155 0.626939 0.515201 0.619232 0.440182 0.500361 0.542417 0.487491 77.253315
0.960695 0.560171 0.157490 0.731870 0.991311 0.735438 0.641336 0.376607 0.217713 0.332545 30.940912
0.003409 0.258535 0.315975 0.921818 0.914537 0.164930 0.915643 0.981691 0.459568 0.130344 25.530048
0.276817 0.346220 0.621108 0.495812 0.573862 0.467636 0.476591 0.625827 0.588010 0.570349 74.501462
0.351232 0.276130 0.657258 0.557246 0.560860 0.491495 0.560165 0.421419 0.556067 0.460231 74.992570
0.215499 0.303325 0.346854 0.314446 0.432195 0.410884 0.386932 0.534678 0.530687 0.539204 71.789778
0.286072 0.272693 0.439027 0.490876 0.549202 0.692741 0.470058 0.461513 0.513485 0.466431 77.504640
0.999795 0.782441 0.444485 0.520989 0.703593 0.213866 0.994371 0.977168 0.647784 0.664442 25.496598
0.244833 0.287884 0.538077 0.649294 0.397301 0.458490 0.418696 0.450327 0.385246 0.520913 75.740576
0.496874 0.357266 0.779995 0.744808 0.638056 0.911632 0.835752 0.177782 0.622920 0.714558 38.705857
0.338262 0.251442 0.459074 0.453405 0.403004 0.570037 0.445494 0.414080 0.404906 0.629751 74.823165
0.255761 0.263682 0.427289 0.403919 0.591998 0.554019 0.337489 0.495436 0.420793 0.534833 75.998993
0.232256 0.330448 0.350584 0.696579 0.495850 0.525918 0.394020 0.420469 0.558101 0.522321 71.700227
0.255965 0.237581 0.458134 0.515594 0.606459 0.540531 0.650915 0.675294 0.428443 0.539693 74.056264
0.261478 0.333165 0.679546 0.521643 0.610211 0.581719 0.526470 0.375076 0.588090 0.163350 64.171990
0.274285 0.253907 0.495155 0.464955 0.567095 0.562824 0.555441 0.679069 0.422980 0.599556 75.922341
0.381960 0.239980 0.624200 0.410042 0.450993 0.497167 0.368653 0.583231 0.378654 0.535064 71.001461
0.245371 0.261727 0.571470 0.489905 0.449659 0.536372 0.463129 0.443481 0.520686 0.428931 81.714681
0.254763 0.270251 0.418438 0.485307 0.538600 0.364986 0.478659 0.266020 0.435025 0.536397 73.092852
0.599161 0.379525 0.743342 0.832724 0.547097 0.871339 0.492599 0.663548 0.954299 0.774633 48.711409
0.209506 0.272270 0.515622 0.578176 0.466466 0.518339 0.484118 0.611840 0.457251 0.401227 77.943561
0.242013 0.291297 0.534039 0.552742 0.371708 0.578249 0.500091 0.418570 0.476050 0.385783 77.025789
0.254305 0.135030 0.604206 0.264570 0.430492 0.411948 0.476004 0.401054 0.474469 0.452735 67.738986
0.261281 0.232680 0.649057 0.401317 0.442360 0.481135 0.539791 0.534930 0.445408 0.484182 77.847726
0.309532 0.319053 0.509699 0.263207 0.602279 0.581821 0.707413 0.434909 0.345856 0.559529 66.960764
0.173682 0.252440 0.475170 0.454963 0.643229 0.555495 0.554360 0.739264 0.503666 0.538668 70.262768
0.235080 0.275467 0.484706 0.528820 0.310066 0.496093 0.648584 0.449778 0.502215 0.399080 74.255812
0.179260 0.279947 0.231535 0.576627 0.468702 0.550075 0.358197 0.554681 0.467584 0.419374 68.619999
0.251340 0.271813 0.432397 0.613916 0.428154 0.534402 0.355839 0.579171 0.457558 0.597601 75.642186
0.280971 0.289689 0.500504 0.572528 0.424340 0.519194 0.620104 0.768323 0.618483 0.408547 70.050824
0.230199 0.256037 0.375527 0.515840 0.461478 0.473967 0.536326 0.421806 0.465500 0.514114 79.755292
0.217908 0.313559 0.554548 0.393737 0.377024 0.624612 0.565833 0.590228 0.447488 0.593894 73.235580
0.256361 0.222014 0.586654 0.693663 0.603646 0.626280 0.497513 0.644241 0.395566 0.515078 71.055015
0.330585 0.269245 0.584739 0.457969 0.525182 0.638966 0.445882 0.334894 0.513874 0.473351 74.649647
0.499506 0.224039 0.090854 0.377730 0.874469 0.472436 0.751764 0.907272 0.338618 0.313981 39.080743
0.282580 0.274475 0.549495 0.325516 0.498447 0.459096 0.675748 0.667059 0.658520 0.186386 63.438789
0.146678 0.551663 0.271058 0.121749 0.269142 0.208497 0.766376 0.499870 0.058857 0.450312 30.212628
0.275768 0.280889 0.546349 0.454278 0.401983 0.430064 0.493042 0.509560 0.448793 0.491460 81.437794
0.742512 0.253040 0.737370 0.385307 0.254764 0.344460 0.210016 0.815723 0.030912 0.933235 38.215673
0.145170 0.258455 0.324054 0.535677 0.463130 0.587321 0.516565 0.492598 0.401822 0.615288 70.448851
0.235619 0.291937 0.358607 0.598004 0.468811 0.559878 0.458629 0.578677 0.561072 0.375941 75.173876
0.269839 0.297952 0.481220 0.582807 0.386562 0.478178 0.457417 0.624834 0.371522 0.500030 76.244302
0.316228 0.291458 0.505990 0.477049 0.503880 0.526143 0.589804 0.547751 0.700076 0.401226 74.797291
0.275257 0.327314 0.483955 0.638503 0.479449 0.411784 0.456895 0.703950 0.638304 0.512807 71.601527
0.431764 0.764719 0.755100 0.500044 0.710001 0.500012 0.664998 0.500007 0.620013 0.500001 79.995093
0.265979 0.247638 0.435048 0.609993 0.528434 0.498275 0.413137 0.561104 0.493488 0.420739 79.226598
0.617149 0.897604 0.300835 0.168715 0.163828 0.332866 0.330853 0.492182 0.509435 0.859857 45.059729
0.253773 0.256113 0.419015 0.387086 0.402056 0.389266 0.587038 0.452623 0.422976 0.553042 75.955460
0.926364 0.280914 0.836406 0.980349 0.205913 0.985758 0.871507 0.196110 0.248916 0.738819 37.590142
0.297717 0.280048 0.425149 0.444322 0.381132 0.516754 0.581193 0.480318 0.627686 0.406141 76.207499
0.244789 0.253724 0.390914 0.391330 0.328322 0.401725 0.490142 0.505502 0.387303 0.590417 73.265957
0.266628 0.246074 0.576696 0.519286 0.276114 0.475918 0.750103 0.637403 0.400821 0.487275 67.979366
0.334629 0.211419 0.579075 0.493892 0.604309 0.567633 0.475263 0.430507 0.477719 0.536609 76.826112
0.268365 0.197933 0.475397 0.552250 0.493421 0.566539 0.501969 0.615581 0.478064 0.333969 75.473225
0.229441 0.320591 0.552957 0.447108 0.486641 0.419899 0.412357 0.536449 0.492799 0.484636 78.868877
0.301038 0.292342 0.556003 0.566970 0.436403 0.466740 0.504543 0.415410 0.532091 0.544060 80.309058
0.254320 0.263968 0.529312 0.486471 0.406461 0.483282 0.562032 0.477707 0.512754 0.497436 82.932972
0.271352 0.295804 0.513956 0.479540 0.374429 0.503148 0.494933 0.354514 0.646553 0.473202 75.686031
0.733920 0.280242 0.959987 0.945124 0.396431 0.354473 0.896444 0.140678 0.951535 0.433237 34.079384
0.295871 0.252972 0.483640 0.352642 0.449185 0.402054 0.473593 0.398576 0.435340 0.473375 76.914473
0.057488 0.842940 0.982243 0.893982 0.313292 0.882184 0.243614 0.583888 0.385602 0.527816 33.892642
0.210261 0.326496 0.545557 0.458169 0.484421 0.525567 0.888930 0.504913 0.485833 0.512070 65.705397
0.269843 0.264702 0.500012 0.499997 0.500001 0.499989 0.499997 0.499998 0.499992 0.500002 89.998833
0.234141 0.286287 0.490167 0.435882 0.422018 0.512318 0.488802 0.330010 0.558880 0.560326 76.944558
0.617789 0.184412 0.991394 0.039644 0.434262 0.126878 0.461136 0.440561 0.224151 0.548733 27.252677
0.975131 0.272321 0.402682 0.523138 0.578106 0.534555 0.551861 0.444220 0.572197 0.432741 48.717239
0.212556 0.256611 0.477899 0.517543 0.489073 0.490817 0.624003 0.548967 0.489130 0.415266 78.966534
0.433744 0.780588 0.777370 0.307357 0.964462 0.874183 0.951810 0.035858 0.633507 0.491552 49.764688
0.430065 0.618450 0.907137 0.015956 0.551142 0.185495 0.602208 0.059769 0.321932 0.875760 40.890047
0.240927 0.247688 0.472557 0.671295 0.523939 0.537643 0.694222 0.620186 0.548477 0.508922 72.868275
0.200405 0.280378 0.350684 0.545063 0.322108 0.394016 0.508677 0.587719 0.580131 0.498968 72.105939
0.255567 0.295481 0.503116 0.437329 0.580119 0.425765 0.571660 0.505137 0.493706 0.454619 80.611236
0.283916 0.283415 0.639169 0.464596 0.506739 0.388682 0.466617 0.516801 0.448920 0.443220 78.304499
0.316869 0.297070 0.430062 0.447713 0.555820 0.464579 0.504390 0.250389 0.471033 0.411943 72.525727
0.242009 0.298627 0.452344 0.430873 0.499966 0.485253 0.458007 0.505872 0.573631 0.485386 81.660559
0.384174 0.924448 0.461839 0.076483 0.223229 0.349259 0.263390 0.688039 0.906053 0.592652 40.267861
0.306151 0.259305 0.496328 0.515726 0.382322 0.460273 0.468941 0.436929 0.504392 0.358298 77.877158
0.436314 0.238257 0.606335 0.549780 0.550226 0.667238 0.533599 0.396132 0.558014 0.436992 67.148132
0.742523 0.925620 0.946144 0.300023 0.277260 0.414848 0.855609 0.822071 0.824888 0.886198 26.659815
0.278123 0.209267 0.651175 0.541918 0.389991 0.401050 0.519869 0.388728 0.479148 0.497358 74.841116
0.286758 0.202345 0.437607 0.450115 0.481814 0.475163 0.519440 0.409689 0.500443 0.560357 79.448264
0.268972 0.241884 0.440599 0.385514 0.588255 0.517053 0.544664 0.657259 0.507879 0.579535 76.093403
0.247838 0.269393 0.393074 0.655498 0.556145 0.546230 0.472724 0.519884 0.649335 0.383713 73.940019
0.285114 0.315443 0.462369 0.466613 0.592966 0.773673 0.543321 0.405090 0.506912 0.445218 71.122369
0.217343 0.267074 0.523069 0.477803 0.552088 0.480354 0.425158 0.594843 0.499545 0.521915 80.359737
0.503136 0.835593 0.393621 0.865971 0.549960 0.753012 0.907932 0.422100 0.251933 0.561910 48.205968
0.418129 0.127993 0.655509 0.516202 0.559470 0.792954 0.347215 0.840090 0.409269 0.541315 53.778762
0.303266 0.348795 0.494980 0.605666 0.419666 0.539483 0.549142 0.683659 0.435718 0.421408 72.481482
0.302841 0.256519 0.249085 0.480487 0.506682 0.526728 0.644277 0.492262 0.472268 0.595060 72.112165
0.263742 0.231996 0.475751 0.534425 0.504915 0.545084 0.466184 0.513540 0.512450 0.405366 82.318308
0.269843 0.264735 0.500012 0.499986 0.500001 0.499928 0.499997 0.499964 0.499992 0.499911 89.992400
0.477600 0.325712 0.339563 0.080724 0.969258 0.343906 0.941555 0.849756 0.535202 0.779458 32.959213
0.274373 0.300729 0.556770 0.458845 0.427391 0.479415 0.465465 0.609257 0.519939 0.524630 80.232325
0.258254 0.268769 0.485291 0.507387 0.450234 0.573603 0.437030 0.524417 0.508744 0.544736 82.953732
0.306843 0.243953 0.515568 0.475856 0.465225 0.461916 0.410146 0.489441 0.489653 0.551862 81.809619
0.300681 0.246668 0.550693 0.584576 0.576707 0.531159 0.530239 0.515254 0.443403 0.471034 80.787738
0.269843 0.764704 0.500012 0.500056 0.500001 0.500013 0.499997 0.500007 0.499992 0.499993 59.839300
0.329978 0.173697 0.508811 0.532946 0.530723 0.529287 0.459208 0.448788 0.535584 0.572130 76.567530
0.335444 0.299989 0.488553 0.627541 0.536656 0.533342 0.503536 0.498051 0.629193 0.642373 74.406556
0.278976 0.275566 0.430597 0.496450 0.489266 0.424967 0.510671 0.624893 0.529689 0.446302 80.017065
0.218495 0.233274 0.509961 0.568956 0.426102 0.485694 0.607523 0.424221 0.477147 0.490171 78.471666
0.270734 0.228447 0.498069 0.477951 0.465147 0.396525 0.528622 0.531334 0.515886 0.400180 80.286184
0.266588 0.245307 0.605082 0.558815 0.410167 0.454523 0.646801 0.579309 0.557138 0.454672 76.153056
0.248236 0.293372 0.551142 0.349601 0.564014 0.542263 0.511638 0.544136 0.386353 0.528448 77.087310
0.286207 0.243933 0.495147 0.562988 0.646129 0.547370 0.559080 0.419627 0.561862 0.460639 77.875112
0.260246 0.250859 0.456106 0.410161 0.379969 0.474305 0.525429 0.481032 0.593901 0.487089 79.191559
0.205584 0.294504 0.514209 0.365494 0.298117 0.496954 0.563865 0.372250 0.385384 0.596269 70.347204
0.389784 0.105743 0.587930 0.681066 0.272954 0.391117 0.994827 0.146299 0.733874 0.213613 40.700140
0.253805 0.267292 0.514341 0.576752 0.442984 0.381790 0.478376 0.386051 0.464351 0.582591 77.822105
0.259086 0.308221 0.463174 0.536373 0.575574 0.316815 0.476289 0.495172 0.670167 0.493766 74.033474
0.263935 0.271798 0.505886 0.545751 0.487397 0.512898 0.570968 0.667546 0.606410 0.364693 75.433199
0.975745 0.154406 0.009183 0.858435 0.923247 0.861164 0.897377 0.622605 0.551495 0.613953 35.199067
0.733184 0.904382 0.369118 0.554160 0.457656 0.538890 0.456413 0.554359 0.566627 0.527343 43.444325
0.184282 0.358628 0.583813 0.512781 0.247048 0.700807 0.569201 0.433641 0.248937 0.458544 61.995866
0.267865 0.272747 0.533785 0.490768 0.558401 0.633581 0.660781 0.556820 0.639408 0.469608 74.709274
0.295794 0.292053 0.524220 0.508057 0.608740 0.574740 0.460168 0.547465 0.513959 0.583751 79.490172
0.226032 0.192227 0.511443 0.574014 0.523523 0.455090 0.335372 0.417431 0.515245 0.388849 73.898411
0.295029 0.276962 0.573292 0.481174 0.562533 0.615127 0.461605 0.465986 0.516235 0.453862 80.038303
0.308513 0.263929 0.490470 0.525615 0.580572 0.565100 0.365928 0.362761 0.480395 0.507337 76.789708
0.266552 0.271197 0.478637 0.509938 0.532365 0.509798 0.494417 0.393929 0.439757 0.504599 82.618120
0.289818 0.304262 0.633487 0.483887 0.461291 0.514411 0.586052 0.550997 0.680124 0.491435 75.019846
0.000000 0.264576 0.555484 0.496299 0.430020 0.096978 0.384116 0.398130 0.518018 0.246627 49.400310
0.328373 0.244948 0.641041 0.468667 0.648890 0.644547 0.473371 0.432452 0.505037 0.473959 73.594569
0.268602 0.245306 0.423593 0.548674 0.579257 0.564071 0.550095 0.349900 0.425073 0.408633 76.180577
0.295978 0.295147 0.575650 0.534234 0.445786 0.539993 0.463217 0.601451 0.446598 0.379945 77.792412
0.334014 0.275789 0.442711 0.465460 0.519112 0.531045 0.409300 0.427009 0.387730 0.494938 77.716942
0.323676 0.290406 0.592675 0.507186 0.494055 0.532781 0.555805 0.413542 0.539706 0.517365 79.423650
0.319386 0.276786 0.517450 0.481670 0.591004 0.463903 0.393858 0.499443 0.501562 0.481223 80.011213
0.228842 0.278509 0.572860 0.534474 0.513227 0.592177 0.382610 0.441700 0.621390 0.587495 75.919687
0.382866 0.258459 0.515299 0.564949 0.625666 0.456296 0.486723 0.513616 0.546035 0.506727 75.082765
0.225164 0.270322 0.466613 0.502541 0.531365 0.561029 0.496037 0.545782 0.411262 0.505134 81.403624
0.097709 0.354317 0.627303 0.934924 0.552624 0.320555 0.154129 0.323542 0.426545 0.589714 48.368844
0.342285 0.309893 0.532275 0.561571 0.346545 0.541588 0.515150 0.415013 0.565552 0.667189 72.445045
0.298810 0.272853 0.484875 0.594494 0.465968 0.540550 0.439995 0.454699 0.566661 0.397845 79.258574
0.314340 0.422616 0.387790 0.528265 0.078119 0.665056 0.503653 0.240167 0.577575 0.032310 45.665103
0.201564 0.258463 0.471748 0.483534 0.570197 0.375581 0.464319 0.506128 0.530499 0.362688 76.207104
0.269836 0.264698 0.500007 0.500006 0.499987 0.499994 0.499998 0.499994 0.500000 0.500000 89.998562
0.340959 0.251825 0.577329 0.618109 0.578219 0.412566 0.463309 0.602395 0.526570 0.466905 75.456516
0.250518 0.280499 0.539672 0.491591 0.393965 0.419075 0.477477 0.685815 0.579682 0.516274 75.683798
0.270679 0.270004 0.458793 0.497087 0.604946 0.567917 0.434090 0.450638 0.499594 0.479014 81.062018
0.320330 0.257853 0.581730 0.349417 0.432891 0.435394 0.582551 0.470367 0.497498 0.541021 76.489915
0.351496 0.369039 0.692344 0.598135 0.326863 0.406439 0.480996 0.570639 0.663488 0.123180 57.742339
0.292561 0.250779 0.453198 0.510763 0.580389 0.424966 0.441509 0.549031 0.559962 0.462848 80.532623
0.271421 0.183682 0.879379 0.356777 0.302077 0.078101 0.696395 0.134946 0.508860 0.958595 39.495067
0.210814 0.286598 0.599902 0.466407 0.499564 0.570780 0.516285 0.547929 0.507266 0.453741 79.420216
0.278293 0.352545 0.650228 0.500056 0.463582 0.436871 0.487858 0.579399 0.478912 0.374164 74.063660
0.251883 0.242646 0.433396 0.418031 0.501893 0.613017 0.508757 0.507140 0.547238 0.447564 79.836199
0.234886 0.267342 0.407257 0.507007 0.604524 0.447346 0.517658 0.549239 0.465112 0.480514 79.994021
0.988915 0.540036 0.100743 0.779493 0.953400 0.669392 0.573598 0.587837 0.383562 0.242082 30.041634
0.299995 0.248334 0.564619 0.495073 0.478434 0.437602 0.403401 0.673905 0.444079 0.438361 76.157823
0.267379 0.263920 0.536127 0.549719 0.416331 0.517064 0.556408 0.625892 0.551893 0.427028 78.883584
0.274812 0.251647 0.433186 0.507246 0.702663 0.566702 0.667164 0.600007 0.620013 0.627129 70.344425
0.237300 0.307778 0.465771 0.501992 0.546592 0.445958 0.555775 0.626127 0.474715 0.501935 79.172475
0.287342 0.250839 0.436685 0.534994 0.467024 0.515214 0.427377 0.495002 0.577722 0.492040 82.012152
0.278640 0.285889 0.419117 0.461420 0.507838 0.404235 0.409949 0.570764 0.498000 0.461575 79.546540
0.250875 0.006439 0.468956 0.655330 0.431019 0.560548 0.422277 0.592261 0.481207 0.360705 58.459152
0.285291 0.251242 0.526985 0.431140 0.436086 0.550535 0.498744 0.754603 0.464384 0.538667 73.783713
0.216503 0.272878 0.600818 0.413477 0.332836 0.519061 0.538831 0.401268 0.505037 0.619532 73.746772
0.975569 0.793184 0.093688 0.604571 0.736635 0.911533 0.936106 0.143703 0.354445 0.634922 27.224556
0.244738 0.261348 0.545200 0.513473 0.485442 0.435371 0.501927 0.358065 0.579846 0.594674 78.018844
0.277056 0.248662 0.557028 0.479611 0.495510 0.627106 0.590734 0.477598 0.508489 0.516863 80.135739
0.245449 0.240589 0.486466 0.466994 0.547361 0.517793 0.395076 0.493374 0.444456 0.473996 81.411798
0.202873 0.275206 0.544830 0.511585 0.596902 0.499535 0.514961 0.618997 0.516695 0.575396 77.571806
0.431764 0.764704 0.755100 0.500056 0.710001 0.500013 0.664998 0.500007 0.620013 0.499993 79.995010
0.279466 0.246740 0.362754 0.506580 0.513221 0.529188 0.472070 0.571296 0.521542 0.414583 79.351126
0.868020 0.505121 0.687177 0.735346 0.662661 0.336060 0.343164 0.551579 0.307691 0.262185 48.288053
0.269833 0.264713 0.500003 0.499982 0.500008 0.499984 0.499988 0.499986 0.499998 0.500005 89.997854
0.253218 0.269700 0.385065 0.442187 0.455668 0.465489 0.477772 0.443661 0.555609 0.592595 79.187887
0.264740 0.271699 0.376569 0.704010 0.460462 0.609874 0.497706 0.483040 0.550765 0.495621 74.553112
0.282128 0.238038 0.576360 0.563977 0.467572 0.484628 0.594386 0.536712 0.491751 0.484643 81.031062
0.313033 0.236617 0.548265 0.587773 0.505532 0.554159 0.381069 0.442530 0.593269 0.457234 77.247561
0.439524 0.288317 0.500664 0.382150 0.461321 0.506332 0.476603 0.345325 0.559954 0.479139 68.342282
0.308113 0.288296 0.352844 0.241261 0.406908 0.636470 0.639785 0.316914 0.882848 0.868839 51.453927
0.284146 0.268096 0.469190 0.555935 0.615027 0.498631 0.523446 0.526740 0.515245 0.479328 81.954346
0.293088 0.254393 0.521610 0.452581 0.625301 0.481531 0.519687 0.210959 0.399204 0.545345 70.518374
0.281576 0.242757 0.497864 0.495711 0.444392 0.565776 0.516439 0.555664 0.589531 0.517741 81.686317
0.297109 0.262131 0.492388 0.513620 0.621083 0.514460 0.418679 0.653588 0.575730 0.477919 76.758661
0.248059 0.257515 0.630410 0.463224 0.191022 0.563146 0.457431 0.351442 0.412206 0.496341 67.864350
0.296424 0.266517 0.344135 0.575758 0.488339 0.449668 0.510582 0.471849 0.578024 0.501863 78.315814
0.818026 0.289941 0.003767 0.594300 0.868050 0.600540 0.159615 0.252467 0.944767 0.726832 36.806127
0.309017 0.240213 0.514948 0.570627 0.519605 0.504821 0.491386 0.477171 0.586145 0.485863 81.703392
0.422900 0.318677 0.237797 0.845448 0.949268 0.695561 0.053481 0.921945 0.830749 0.969845 26.959763
0.276141 0.305746 0.596764 0.480032 0.494164 0.479429 0.579162 0.512471 0.575431 0.496261 80.392213
0.276357 0.274526 0.560081 0.538044 0.444177 0.386989 0.519736 0.554075 0.510107 0.538817 80.758946
0.310474 0.314840 0.493665 0.450722 0.450486 0.358723 0.363470 0.550382 0.432676 0.426224 74.868213
0.294945 0.293783 0.497355 0.340495 0.434901 0.592966 0.446058 0.433610 0.511528 0.705024 72.641915
0.283857 0.250021 0.500774 0.414382 0.547511 0.516019 0.542644 0.473980 0.547249 0.537759 82.482419
# OSA solutions
0.269843 0.264702 0.500012 0.499997 0.500001 0.499989 0.499997 0.499998 0.499992 0.500002 89.998833
0.256191 0.277973 0.429191 0.516234 0.481587 0.507946 0.501904 0.502771 0.485742 0.480613 85.058086
0.260766 0.282483 0.469073 0.545564 0.475645 0.504836 0.492627 0.542880 0.490873 0.520033 85.091219
0.269057 0.238375 0.465686 0.480881 0.501914 0.509092 0.528665 0.516993 0.479069 0.462383 85.214298
0.269057 0.260106 0.499643 0.494065 0.504500 0.505071 0.501394 0.463169 0.507037 0.510222 87.672895
0.265465 0.263076 0.490711 0.472426 0.451797 0.510681 0.524611 0.533713 0.498260 0.545502 85.178408
0.275375 0.273033 0.487849 0.472553 0.474874 0.499879 0.456360 0.475144 0.470868 0.539542 85.299486
0.276295 0.254552 0.490045 0.471699 0.488316 0.444224 0.519156 0.470586 0.511925 0.491885 85.554824
0.259920 0.270354 0.550191 0.529697 0.519550 0.507769 0.544863 0.506235 0.471345 0.505291 85.171401
0.264202 0.250416 0.537358 0.508367 0.514365 0.493116 0.537454 0.461606 0.512513 0.520939 85.580270
0.272021 0.258229 0.479102 0.555292 0.505599 0.474489 0.475226 0.497983 0.476225 0.543100 85.109183
0.299419 0.263500 0.493106 0.501548 0.496558 0.498739 0.468759 0.500185 0.517827 0.500573 86.238687
0.271836 0.251377 0.523240 0.484325 0.501151 0.527673 0.480117 0.532037 0.541865 0.466814 85.419301
0.292050 0.265975 0.471954 0.500067 0.504500 0.510091 0.501394 0.505089 0.507037 0.502817 87.046052
0.259536 0.257998 0.543760 0.549216 0.510988 0.515160 0.470184 0.512939 0.473676 0.508174 85.227789
0.268462 0.264857 0.549667 0.520441 0.490637 0.480499 0.499138 0.482060 0.525392 0.518049 86.117556
0.263975 0.240120 0.527128 0.504746 0.458776 0.490690 0.514338 0.511104 0.522084 0.521627 85.552987
0.249678 0.264342 0.517299 0.485234 0.489002 0.522083 0.503627 0.497506 0.498903 0.500396 87.129589
0.276128 0.282067 0.544755 0.466313 0.496066 0.514915 0.467672 0.491098 0.505497 0.507394 85.666494
0.269057 0.300485 0.499643 0.479044 0.504500 0.522614 0.501394 0.504887 0.507037 0.462584 85.232302
0.253833 0.256728 0.465371 0.501443 0.519067 0.477635 0.487756 0.556427 0.482392 0.486879 85.241721
0.257629 0.254290 0.533385 0.493849 0.501089 0.517711 0.456111 0.506292 0.520152 0.483366 85.969039
0.269788 0.254033 0.470984 0.504633 0.479006 0.479085 0.452152 0.493824 0.479828 0.480495 85.870590
0.269057 0.240480 0.499643 0.529968 0.504500 0.514933 0.501394 0.504285 0.507037 0.475206 86.435213
0.259862 0.273372 0.499803 0.491297 0.512861 0.527378 0.461247 0.475362 0.500880 0.515510 86.422224
0.274986 0.263894 0.516196 0.530423 0.543400 0.549950 0.472277 0.493335 0.510146 0.470684 85.091869
0.269057 0.260086 0.499643 0.500067 0.504500 0.510091 0.542633 0.495566 0.507037 0.502817 87.394540
0.255134 0.246460 0.486390 0.509306 0.479382 0.537711 0.479713 0.539235 0.488509 0.461980 85.044962
0.287449 0.251182 0.499322 0.517609 0.487780 0.475516 0.496144 0.535972 0.519351 0.477431 85.987562
0.278556 0.260305 0.531356 0.448973 0.525917 0.507979 0.539996 0.484682 0.482617 0.496656 85.306231
0.280438 0.261774 0.514101 0.471510 0.478941 0.554558 0.531725 0.492749 0.528817 0.497547 85.326121
0.290959 0.258559 0.532375 0.445261 0.505880 0.501966 0.469822 0.505706 0.486685 0.480000 85.146858
0.270462 0.277344 0.473555 0.473950 0.490505 0.483404 0.461464 0.487026 0.484112 0.538832 85.691860
0.279530 0.259554 0.517520 0.497401 0.484798 0.529554 0.503613 0.526521 0.531281 0.517425 86.475612
0.271037 0.262627 0.518368 0.488822 0.485999 0.513525 0.536630 0.505480 0.535350 0.535759 86.072173
0.269057 0.288577 0.499643 0.446817 0.504500 0.505731 0.501394 0.506428 0.507037 0.470874 85.643396
0.277349 0.249467 0.530212 0.454571 0.533356 0.515345 0.510160 0.475526 0.523201 0.485601 85.308058
0.272901 0.254744 0.508370 0.500399 0.515434 0.510640 0.520589 0.446306 0.493100 0.529563 85.960454
0.249953 0.263500 0.540366 0.501548 0.492611 0.498739 0.491447 0.500185 0.543036 0.500573 85.984400
0.288801 0.262232 0.518957 0.462919 0.476007 0.517717 0.487660 0.533539 0.492986 0.501296 85.892223
0.288333 0.256575 0.518589 0.529283 0.477561 0.540293 0.469797 0.497403 0.515314 0.526725 85.373010
0.273581 0.263292 0.513880 0.479457 0.468793 0.527138 0.475751 0.472487 0.543201 0.512467 85.684915
0.283887 0.249997 0.482401 0.440449 0.490160 0.527288 0.493823 0.504682 0.513400 0.496339 85.446391
0.270445 0.258874 0.503229 0.542965 0.500437 0.486138 0.497405 0.494767 0.499256 0.510603 87.259229
0.290686 0.282628 0.501571 0.499580 0.533352 0.533917 0.486330 0.486632 0.505234 0.496625 85.853160
0.269057 0.276202 0.499643 0.514785 0.504500 0.500643 0.501394 0.494225 0.507037 0.463203 87.359546
0.288470 0.278747 0.516965 0.461391 0.488100 0.477476 0.514355 0.536048 0.480337 0.508424 85.487269
0.269057 0.258000 0.499643 0.483902 0.504500 0.502391 0.501394 0.501782 0.507037 0.475894 88.126325
0.276923 0.292974 0.477661 0.519562 0.503249 0.546789 0.486940 0.501969 0.483386 0.523018 85.208826
0.277333 0.269976 0.486444 0.477459 0.499087 0.509250 0.446051 0.506511 0.497215 0.519073 86.226658
0.297689 0.277260 0.525844 0.507978 0.482877 0.466189 0.485911 0.497097 0.509582 0.472593 85.431117
0.279727 0.265975 0.536304 0.500067 0.437742 0.510091 0.492159 0.495566 0.493837 0.502817 85.678440
0.250352 0.257555 0.457966 0.499917 0.501824 0.500890 0.521096 0.480106 0.506875 0.490784 86.297686
0.257804 0.256287 0.486385 0.510379 0.466448 0.511529 0.523541 0.477881 0.505027 0.451245 85.684524
0.248409 0.261675 0.555827 0.496755 0.512484 0.501810 0.482722 0.460209 0.488506 0.499341 85.268185
0.262424 0.276238 0.529829 0.455339 0.486654 0.513725 0.485773 0.509033 0.453420 0.479378 85.308468
0.270954 0.266857 0.498395 0.513782 0.496902 0.485763 0.497560 0.518490 0.496806 0.510534 88.297547
0.270919 0.240684 0.495821 0.473482 0.516533 0.494760 0.526856 0.514349 0.458943 0.491457 85.676246
0.264087 0.287072 0.474279 0.468719 0.486042 0.501507 0.473438 0.508588 0.481091 0.460264 85.428041
0.279112 0.253011 0.485394 0.558938 0.516722 0.472299 0.474746 0.490205 0.509880 0.520508 85.316887
0.269157 0.268674 0.519124 0.504234 0.497616 0.506492 0.496841 0.430057 0.494937 0.467247 85.414557
0.261183 0.264840 0.475457 0.524655 0.486326 0.532693 0.521227 0.450928 0.458953 0.482100 85.041845
0.266886 0.289537 0.504025 0.444551 0.515708 0.511336 0.461958 0.494804 0.502547 0.481342 85.062357
0.252680 0.270586 0.489614 0.501441 0.561569 0.501974 0.497954 0.483649 0.511549 0.494195 85.787199
0.277995 0.265975 0.539992 0.500067 0.491354 0.510091 0.507135 0.495566 0.487799 0.502817 87.307606
0.273634 0.280572 0.491189 0.495755 0.540497 0.519607 0.452729 0.535185 0.481648 0.476382 85.091975
0.257803 0.268060 0.467885 0.523467 0.455026 0.497807 0.471057 0.535009 0.506019 0.490352 85.467731
0.273061 0.285213 0.477890 0.484774 0.494671 0.467264 0.517378 0.553641 0.478102 0.481513 85.117588
0.271905 0.282326 0.507463 0.514206 0.517363 0.461466 0.465176 0.506833 0.480620 0.505607 86.043037
0.268703 0.276705 0.441889 0.493817 0.487819 0.477471 0.495618 0.483361 0.518723 0.547098 85.085605
0.265658 0.258940 0.474177 0.510765 0.474302 0.502534 0.463161 0.533803 0.544420 0.507199 85.535085
0.280220 0.284037 0.509008 0.474965 0.471567 0.513236 0.499654 0.482943 0.522289 0.515741 86.211304
0.269057 0.248716 0.499643 0.494911 0.504500 0.548517 0.501394 0.485118 0.507037 0.512185 86.520869
0.271826 0.271706 0.489307 0.529403 0.473530 0.479384 0.481347 0.498596 0.504217 0.468166 86.549809
0.263799 0.263500 0.484997 0.501548 0.510292 0.498739 0.471781 0.500185 0.496668 0.500573 87.968868
0.274432 0.269189 0.478743 0.502361 0.532486 0.520398 0.463706 0.517565 0.536806 0.513708 85.879077
0.289813 0.251861 0.489419 0.543730 0.459523 0.527174 0.491413 0.500237 0.508741 0.506755 85.391466
0.268190 0.265975 0.514868 0.500067 0.479150 0.510091 0.491147 0.495566 0.453034 0.502817 86.838705
0.251636 0.268597 0.503465 0.485057 0.468427 0.549466 0.476971 0.470316 0.522333 0.510000 85.278245
0.248100 0.269358 0.495635 0.518456 0.513777 0.506934 0.477208 0.519591 0.468347 0.525690 86.030662
0.265540 0.256224 0.520447 0.489888 0.499189 0.471958 0.479828 0.479743 0.450880 0.487057 85.964990
0.273100 0.264320 0.512114 0.500043 0.526821 0.499321 0.489461 0.499069 0.512445 0.501165 88.051533
0.267881 0.275387 0.498195 0.515030 0.471708 0.525948 0.529083 0.487242 0.485314 0.511988 86.636799
0.270675 0.253400 0.433241 0.482951 0.501628 0.491989 0.525556 0.485936 0.510099 0.470747 85.210063
0.269673 0.259925 0.500469 0.513679 0.500313 0.459555 0.499896 0.446139 0.499767 0.519003 85.908365
0.258580 0.273966 0.522399 0.501211 0.457887 0.507199 0.500042 0.470970 0.517070 0.485867 86.222675
0.267776 0.269110 0.525318 0.486142 0.519383 0.499802 0.486096 0.479550 0.479906 0.561744 85.546929
0.260100 0.257073 0.469309 0.513641 0.475788 0.489492 0.461632 0.465013 0.504105 0.500156 85.946418
0.273351 0.251228 0.527538 0.502876 0.454925 0.504092 0.535139 0.470045 0.470326 0.500540 85.404385
0.285745 0.277579 0.495791 0.553433 0.534961 0.466559 0.518399 0.521774 0.498982 0.504816 85.067262
0.260073 0.259203 0.501715 0.480242 0.514569 0.441962 0.512957 0.540752 0.486033 0.478009 85.265972
0.280816 0.281313 0.502672 0.485640 0.494427 0.510585 0.513231 0.540070 0.480503 0.449352 85.417921
0.246223 0.251873 0.499621 0.503182 0.502475 0.550696 0.525785 0.499168 0.539436 0.500408 85.133317
0.269826 0.278828 0.499945 0.504554 0.499851 0.462007 0.499999 0.454173 0.499946 0.484579 86.175817
0.278349 0.259676 0.533249 0.451655 0.517042 0.492493 0.497754 0.488264 0.476796 0.455748 85.317272
0.270314 0.260254 0.500599 0.507674 0.500102 0.484952 0.499523 0.498578 0.499806 0.496121 88.898406
0.267581 0.265065 0.512834 0.495572 0.467216 0.502688 0.543279 0.501286 0.547030 0.500658 85.828310
0.269844 0.264527 0.500014 0.499873 0.500051 0.499892 0.500007 0.452195 0.500001 0.499764 87.278771
0.280664 0.251105 0.525584 0.513148 0.463410 0.498415 0.484504 0.507722 0.493872 0.543522 85.793096
0.267165 0.278086 0.471940 0.539921 0.496355 0.519287 0.481824 0.505074 0.498875 0.524850 86.222295
0.270574 0.265637 0.525856 0.512996 0.477519 0.472509 0.509241 0.495686 0.495486 0.523971 86.986692
0.275090 0.258935 0.472564 0.500032 0.471678 0.509261 0.487098 0.494353 0.548413 0.484854 86.128688
0.264272 0.265975 0.456296 0.500067 0.459203 0.510091 0.513339 0.495566 0.502295 0.502817 86.400327
0.256930 0.255276 0.464474 0.470735 0.543837 0.491968 0.537712 0.493363 0.494439 0.520554 85.266998
0.278987 0.236355 0.490115 0.534633 0.531353 0.521232 0.492830 0.532089 0.488690 0.498763 85.204958
0.248882 0.256385 0.452968 0.490532 0.478820 0.522140 0.501772 0.514580 0.496958 0.508888 85.856182
0.273802 0.255367 0.521694 0.496782 0.496777 0.520962 0.530707 0.506260 0.450604 0.502817 86.086993
0.272903 0.274784 0.513568 0.516569 0.494891 0.523532 0.530326 0.445852 0.508192 0.531744 85.460734
0.287867 0.280942 0.505749 0.451971 0.506428 0.491381 0.500112 0.506081 0.467280 0.481502 85.605141
0.264931 0.260312 0.523089 0.497736 0.467596 0.479655 0.479208 0.483049 0.465637 0.500279 86.375613
0.282861 0.255655 0.499320 0.550621 0.522723 0.475979 0.501628 0.529689 0.534395 0.480410 85.243967
0.271496 0.231879 0.504399 0.498808 0.504500 0.484078 0.501394 0.483947 0.532925 0.487833 85.725048
0.258613 0.260186 0.493948 0.506090 0.510160 0.456244 0.486385 0.462731 0.505417 0.477431 86.093422
0.276082 0.283170 0.515415 0.454470 0.501626 0.466812 0.516248 0.500980 0.476111 0.486161 85.668049
0.277352 0.270495 0.481807 0.535084 0.487764 0.505323 0.497237 0.477831 0.504575 0.431941 85.168329
0.269057 0.265975 0.422375 0.500067 0.504500 0.510091 0.501394 0.495566 0.507037 0.502817 85.505508
0.270771 0.262594 0.500257 0.512571 0.535980 0.505314 0.469384 0.507320 0.500648 0.503892 87.150403
0.295595 0.242568 0.480020 0.500067 0.466703 0.490566 0.494761 0.473439 0.483754 0.476482 85.179263
0.273203 0.267909 0.514927 0.477319 0.518928 0.512718 0.505777 0.471908 0.471379 0.494209 86.878210
0.261589 0.269475 0.489329 0.513662 0.458433 0.519339 0.516338 0.507573 0.518840 0.546913 85.741463
