# gen=310 x0..xd f
0.273636 0.261355 0.764923 0.723518 0.902188 0.493085 0.782630 0.525502 0.184392 0.303538 49.719665
0.487421 0.705588 0.855156 0.442969 0.242675 0.097789 0.990885 0.843055 0.528926 0.973623 41.534397
0.668681 0.727068 0.467939 0.547575 0.089257 0.535940 0.903954 0.617802 0.741649 0.139274 40.606874
0.298399 0.282954 0.454940 0.429359 0.419092 0.600415 0.434248 0.465322 0.451850 0.592350 78.058659
0.256040 0.285959 0.479041 0.586019 0.474976 0.712616 0.500000 0.500000 0.574098 0.503509 75.891100
0.269841 0.264706 0.500000 0.500000 0.500000 0.500000 0.500000 0.500000 0.500000 0.500000 90.000000
0.298561 0.312774 0.083579 0.623889 0.433363 0.602759 0.484252 0.379126 0.455770 0.495579 62.603041
0.071716 0.079448 0.886460 0.162601 0.449261 0.564313 0.579770 0.281066 0.678522 0.839975 41.404233
0.765237 0.408484 0.212788 0.595461 0.559807 0.709697 0.582806 0.556472 0.389887 0.843986 58.092126
0.341398 0.134585 0.511930 0.529260 0.646174 0.357276 0.526608 0.682206 0.299317 0.489627 64.863459
0.200689 0.265461 0.455359 0.608769 0.590190 0.467253 0.529665 0.518912 0.522354 0.324010 74.709455
0.429366 0.760091 0.711423 0.512277 0.712558 0.607696 0.770391 0.558788 0.572495 0.501855 72.813089
0.164391 0.257036 0.489541 0.387219 0.438109 0.581041 0.462866 0.515868 0.463782 0.392079 74.286829
0.255614 0.004642 0.389767 0.704422 0.464375 0.496489 0.508888 0.541998 0.459449 0.579455 58.460124
0.245188 0.278163 0.517687 0.471407 0.582671 0.464627 0.475905 0.460698 0.573584 0.464848 81.805654
0.216833 0.089654 0.509124 0.348012 0.394322 0.497785 0.512174 0.449709 0.609971 0.747454 62.740848
0.360846 0.301498 0.546660 0.642900 0.473715 0.497133 0.480772 0.513938 0.266740 0.450145 70.779496
0.334403 0.212713 0.470044 0.640324 0.597088 0.527190 0.503281 0.574113 0.284085 0.551900 71.162171
0.927343 0.420977 0.538141 0.348686 0.776423 0.648364 0.595814 0.745208 0.780376 0.869283 47.211732
0.618790 0.513817 0.755052 0.957851 0.519467 0.587197 0.594097 0.664790 0.342955 0.051616 44.587527
0.213500 0.046452 0.449718 0.492168 0.543872 0.522674 0.345822 0.570659 0.478538 0.241649 59.780750
0.252149 0.289169 0.548885 0.505933 0.595951 0.608139 0.586443 0.471396 0.541102 0.479788 79.062279
0.269841 0.264706 0.500000 0.500000 0.500000 0.500000 0.500000 0.500000 0.500000 0.500000 90.000000
0.292661 0.268991 0.504818 0.459406 0.479510 0.354456 0.522225 0.453851 0.566929 0.485354 79.747099
0.079583 0.216652 0.250789 0.215303 0.350060 0.369073 0.542506 0.287079 0.597875 0.446670 55.149215
0.301900 0.261580 0.417537 0.442929 0.310452 0.460203 0.404701 0.458278 0.426609 0.465222 75.096761
0.228107 0.231004 0.517524 0.614912 0.541557 0.538348 0.460015 0.588244 0.535924 0.500000 78.989295
0.231790 0.355348 0.549393 0.512816 0.455020 0.558000 0.290308 0.426243 0.792351 0.630859 64.910791
0.276018 0.041612 0.461608 0.504108 0.596452 0.500686 0.562866 0.536034 0.601673 0.501968 64.284850
0.307055 0.168464 0.336700 0.503654 0.442767 0.624166 0.455650 0.433633 0.397895 0.573690 71.520164
0.332141 0.262811 0.488627 0.708277 0.461669 0.414869 0.174832 0.564258 0.421011 0.397631 65.048987
0.126779 0.331055 0.563069 0.531027 0.316528 0.148245 0.597467 0.602540 0.210126 0.512035 56.205190
0.675939 0.656350 0.245381 0.667167 0.620071 0.257167 0.069738 0.824747 0.213774 0.396582 45.092558
0.244514 0.280264 0.490040 0.688748 0.466619 0.310848 0.503546 0.493976 0.501933 0.440131 73.968805
0.285012 0.292820 0.675767 0.574971 0.435885 0.682124 0.433738 0.561639 0.716837 0.604849 68.429513
0.269682 0.264706 0.500684 0.500000 0.499715 0.500000 0.500884 0.500000 0.499708 0.500000 89.930196
0.051035 0.185561 0.477247 0.344795 0.914588 0.556161 0.484919 0.951421 0.770341 0.470067 43.604722
0.285342 0.219186 0.578421 0.729776 0.544455 0.515754 0.442421 0.417523 0.655719 0.611014 70.606723
0.823586 0.659048 0.626327 0.133018 0.278886 0.463573 0.078079 0.730936 0.653393 0.849835 40.722284
0.263822 0.267370 0.528873 0.592144 0.467935 0.458637 0.454370 0.490948 0.577395 0.385889 79.599119
0.263351 0.165843 0.959443 0.712539 0.081620 0.291134 0.235161 0.409518 0.363542 0.225652 42.987323
0.286296 0.264554 0.527316 0.515551 0.388897 0.592227 0.509093 0.445878 0.605317 0.495079 79.066577
0.297547 0.271266 0.157489 0.345233 0.388263 0.622420 0.429188 0.527691 0.438026 0.537168 65.681301
0.297792 0.228491 0.419872 0.602699 0.536372 0.389487 0.444697 0.469314 0.521004 0.524612 78.208659
0.315704 0.236887 0.515772 0.656160 0.573572 0.567208 0.550645 0.316147 0.382981 0.594788 71.679557
0.282164 0.317380 0.396154 0.562518 0.440590 0.579387 0.504694 0.509392 0.503733 0.587242 78.240530
0.323513 0.295402 0.448548 0.440785 0.433309 0.698587 0.407624 0.450689 0.541257 0.512349 74.296609
0.269841 0.264706 0.500000 0.500000 0.500000 0.500000 0.500000 0.500000 0.500000 0.500000 90.000000
0.082750 0.363323 0.860763 0.475110 0.673024 0.372855 0.770676 0.439274 0.504811 0.123854 47.778052
0.287622 0.259893 0.435923 0.630253 0.428854 0.455554 0.604820 0.546026 0.539263 0.533224 77.921493
0.382810 0.241049 0.940890 0.492440 0.788413 0.432247 0.213765 0.569893 0.653292 0.414216 51.999099
0.290245 0.163741 0.482240 0.602268 0.318605 0.588032 0.478676 0.428503 0.532134 0.500785 72.379468
0.226521 0.253350 0.513982 0.505054 0.498547 0.347415 0.598683 0.464938 0.485924 0.516624 78.355402
0.269841 0.228472 0.444258 0.713952 0.642541 0.500000 0.794184 0.481056 0.586331 0.537328 66.556108
0.245821 0.283258 0.455502 0.547739 0.509582 0.495141 0.624359 0.398212 0.446892 0.549065 78.811396
0.311950 0.270456 0.545772 0.403916 0.602867 0.469636 0.539479 0.511519 0.424377 0.544184 78.845963
0.287124 0.297794 0.536945 0.520859 0.544897 0.579601 0.469839 0.466753 0.468118 0.478161 82.238639
0.249352 0.227560 0.403699 0.458582 0.522189 0.535326 0.430913 0.526082 0.456718 0.455274 80.403932
0.298286 0.248010 0.445913 0.380896 0.442877 0.508868 0.518803 0.571951 0.549690 0.387298 77.935055
0.314606 0.298436 0.540418 0.571496 0.413474 0.597246 0.560502 0.397903 0.464019 0.489397 77.256857
0.074823 0.284592 0.296930 0.558485 0.397949 0.420790 0.309800 0.519800 0.477347 0.561877 62.450765
0.268810 0.268101 0.453924 0.505139 0.480474 0.603552 0.537289 0.479325 0.593345 0.418658 80.067942
0.129018 0.109751 0.526221 0.087686 0.183470 0.126696 0.176351 0.596406 0.366410 0.878921 37.847661
0.298557 0.273621 0.557388 0.546047 0.529574 0.476899 0.597532 0.523994 0.464683 0.510196 81.677851
0.298848 0.266601 0.554993 0.339095 0.452368 0.393785 0.460399 0.492492 0.291906 0.470543 72.813771
0.269841 0.264706 0.500000 0.500000 0.500000 0.500000 0.500000 0.500000 0.500000 0.500000 90.000000
0.264148 0.097147 0.458212 0.610069 0.537206 0.509625 0.476569 0.375861 0.394504 0.532222 68.418798
0.310511 0.254498 0.549279 0.495282 0.405060 0.478109 0.646937 0.474874 0.450065 0.544449 77.967542
0.213786 0.206592 0.428960 0.524679 0.487260 0.526424 0.493759 0.266659 0.686569 0.425015 69.934085
0.170965 0.066920 0.387801 0.015309 0.731857 0.917289 0.673876 0.715010 0.449805 0.455624 41.383560
0.287024 0.512008 0.430139 0.514388 0.434221 0.537314 0.511379 0.598446 0.672814 0.463294 60.364945
0.326484 0.298510 0.474865 0.544119 0.574520 0.624035 0.438164 0.549371 0.400344 0.397625 75.456483
0.269841 0.264706 0.500000 0.500000 0.500000 0.500000 0.500000 0.500000 0.500000 0.500000 90.000000
0.363550 0.283301 0.457639 0.575148 0.553428 0.458395 0.551454 0.453273 0.477527 0.653296 74.700397
0.267557 0.230166 0.477421 0.519963 0.576131 0.510431 0.784944 0.389402 0.536588 0.554243 71.225294
0.230776 0.162932 0.644832 0.472702 0.542779 0.444719 0.479359 0.636753 0.400276 0.536033 72.074465
0.390933 0.290201 0.615631 0.482993 0.565751 0.518815 0.587451 0.536532 0.570080 0.485838 73.395554
0.186684 0.205264 0.464118 0.789261 0.377613 0.358095 0.519229 0.444252 0.641871 0.476666 65.812056
0.733856 0.392855 0.177854 0.811078 0.248089 0.544937 0.237074 0.711369 0.888179 0.871501 48.018909
0.310821 0.260300 0.465500 0.485389 0.642823 0.601417 0.655100 0.465438 0.363350 0.434354 73.292360
0.125492 0.644650 0.428153 0.767385 0.669942 0.949317 0.667675 0.581199 0.944832 0.669692 40.806976
0.231984 0.313003 0.651408 0.608855 0.360877 0.548374 0.660260 0.356749 0.677215 0.448667 67.957792
0.377994 0.898671 0.470135 0.125116 0.159682 0.205888 0.873178 0.507682 0.537404 0.508561 44.361428
0.279941 0.765008 0.482287 0.536802 0.231309 0.433164 0.498832 0.562780 0.346453 0.494366 51.094885
0.255738 0.273010 0.524442 0.447663 0.476070 0.561363 0.495519 0.453077 0.704338 0.568895 76.371495
0.243817 0.293183 0.423992 0.567932 0.616896 0.458758 0.634496 0.563915 0.463347 0.470369 76.605808
0.276188 0.276253 0.413976 0.476874 0.418922 0.473169 0.437138 0.490542 0.475489 0.463534 81.592989
0.322902 0.288298 0.542910 0.535489 0.617984 0.508239 0.483143 0.557856 0.506316 0.472975 79.637405
0.202128 0.243980 0.512986 0.524849 0.563301 0.531007 0.508382 0.503886 0.029217 0.558896 61.641005
0.163217 0.267634 0.658892 0.449617 0.500967 0.473059 0.419703 0.453605 0.382881 0.553993 72.659390
0.319231 0.243687 0.537601 0.644443 0.374598 0.439746 0.473777 0.579636 0.400489 0.619817 73.613727
0.235634 0.271593 0.501520 0.504984 0.374216 0.477970 0.507061 0.423842 0.533145 0.523771 80.469425
0.266843 0.260973 0.354287 0.641233 0.404450 0.480084 0.557465 0.569500 0.624626 0.609450 73.265865
0.263606 0.247239 0.708891 0.726983 0.544582 0.416601 0.469783 0.521224 0.626344 0.367305 68.682640
0.198880 0.256078 0.531830 0.332429 0.674673 0.464889 0.486699 0.550030 0.819916 0.552306 65.441191
0.112865 0.509987 0.409485 0.212866 0.871259 0.392449 0.389434 0.393126 0.591780 0.327507 45.867907
0.188053 0.358300 0.276279 0.530446 0.339792 0.503170 0.465013 0.459890 0.450133 0.593367 68.331580
0.288018 0.275781 0.506138 0.584266 0.543614 0.533125 0.514218 0.363212 0.401067 0.628924 76.406424
0.316422 0.329857 0.345836 0.536690 0.479234 0.567311 0.629463 0.486345 0.384448 0.576679 73.033359
0.277732 0.496603 0.662969 0.504384 0.579769 0.587030 0.565134 0.439307 0.431048 0.424605 61.484760
0.481280 0.825252 0.289020 0.529949 0.724502 0.102225 0.296303 0.430583 0.809661 0.177234 46.058443
0.269841 0.264706 0.500000 0.500000 0.500000 0.500000 0.500000 0.500000 0.500000 0.500000 90.000000
0.275889 0.249538 0.449082 0.659759 0.516072 0.451501 0.453968 0.441244 0.561488 0.604217 77.034285
0.439973 0.279346 0.454913 0.709262 0.376708 0.896110 0.647770 0.240372 0.867877 0.439589 47.928640
0.215039 0.264286 0.463433 0.525686 0.712616 0.410227 0.449442 0.578848 0.340781 0.454481 71.841431
0.269841 0.264706 0.500000 0.500000 0.500000 0.500000 0.500000 0.500000 0.500000 0.500000 90.000000
0.244986 0.152403 0.430270 0.385436 0.272608 0.535631 0.482610 0.484438 0.631621 0.425701 68.590447
0.886850 0.509465 0.237182 0.624846 0.336557 0.268016 0.454341 0.544273 0.978489 0.604828 43.877841
0.263045 0.202752 0.536680 0.622628 0.599546 0.573224 0.389161 0.618805 0.584548 0.549627 73.748242
0.275412 0.243158 0.366230 0.639868 0.545142 0.442410 0.269862 0.422262 0.561561 0.528696 71.276952
0.257610 0.230023 0.337844 0.448260 0.396597 0.457850 0.518225 0.535285 0.577867 0.480208 76.738755
0.321509 0.347231 0.501682 0.641872 0.648003 0.649867 0.450679 0.485264 0.616749 0.553694 70.519806
0.372504 0.269614 0.439571 0.440624 0.501926 0.474180 0.547353 0.463035 0.461985 0.507381 77.370689
0.218428 0.274543 0.390222 0.457438 0.543207 0.430868 0.512732 0.534216 0.410225 0.554426 78.295272
0.240412 0.304456 0.473879 0.361035 0.634063 0.415342 0.454632 0.480132 0.427009 0.608083 74.598944
0.230107 0.232723 0.627151 0.436705 0.434059 0.542468 0.498802 0.466179 0.541650 0.616146 77.049321
0.281290 0.241772 0.398057 0.498148 0.506423 0.446846 0.424927 0.568700 0.484402 0.570491 79.952695
0.255200 0.319844 0.515251 0.444144 0.515896 0.387999 0.470002 0.481277 0.417968 0.476861 79.162884
0.294673 0.303031 0.474231 0.490944 0.302796 0.466154 0.496867 0.461491 0.596120 0.509785 76.177917
0.257697 0.295000 0.414725 0.365268 0.543052 0.461545 0.523877 0.500231 0.494697 0.553406 79.201818
0.269841 0.264706 0.500000 0.500000 0.500000 0.500000 0.500000 0.500000 0.500000 0.500000 90.000000
0.236597 0.218071 0.589092 0.484544 0.562227 0.415168 0.458592 0.574805 0.498443 0.500000 78.887772
0.222063 0.263227 0.040977 0.599783 0.287593 0.412198 0.493758 0.523511 0.703930 0.487991 57.617341
0.295920 0.267992 0.493560 0.471152 0.410106 0.559594 0.617449 0.657381 0.402991 0.457173 75.522872
0.273588 0.312319 0.595003 0.551396 0.550098 0.488079 0.677973 0.611914 0.430386 0.696050 71.126916
0.214771 0.255152 0.425417 0.523207 0.600786 0.404603 0.479708 0.595788 0.589124 0.440416 76.389057
0.217388 0.166858 0.389354 0.389730 0.379627 0.473430 0.404947 0.510765 0.460670 0.751506 67.434783
0.209224 0.260723 0.397140 0.497055 0.347530 0.490296 0.490969 0.489654 0.415032 0.522588 76.709099
0.337401 0.303241 0.454995 0.573526 0.460570 0.426897 0.571521 0.443232 0.570959 0.415355 76.549609
0.316215 0.300051 0.749623 0.525161 0.649381 0.465562 0.666697 0.488393 0.581740 0.534380 69.157868
0.580617 0.652519 0.319393 0.037853 0.328346 0.946473 0.378100 0.249505 0.641095 0.896404 41.477714
0.277175 0.217422 0.281169 0.287825 0.183718 0.682298 0.140273 0.462988 0.524589 0.412868 55.222090
0.285348 0.158696 0.998554 0.195335 0.138286 0.565497 0.570879 0.736005 0.752316 0.269186 42.543932
0.269841 0.264706 0.500000 0.500000 0.500000 0.500000 0.500000 0.500000 0.500000 0.500000 90.000000
0.216435 0.272487 0.628253 0.453446 0.508815 0.392530 0.566780 0.414322 0.317375 0.501573 73.365124
0.431746 0.436338 0.405300 0.377092 0.442407 0.507147 0.589709 0.499270 0.409040 0.539808 62.088356
0.279003 0.277213 0.542234 0.572420 0.506937 0.565089 0.393409 0.527607 0.586372 0.460992 79.618352
0.374572 0.039781 0.336352 0.500064 0.448055 0.547502 0.382887 0.763222 0.422998 0.577224 56.576481
0.201375 0.279735 0.465621 0.369783 0.548339 0.465834 0.331970 0.312666 0.423633 0.597258 70.516569
0.347458 0.244371 0.428468 0.499407 0.511098 0.488192 0.574334 0.558162 0.480842 0.432769 78.427476
0.141825 0.148551 0.364621 0.597407 0.590142 0.536816 0.385232 0.478704 0.445779 0.625118 66.261756
0.275919 0.301073 0.444991 0.534879 0.601795 0.509286 0.076008 0.510177 0.518935 0.449376 64.396248
0.277968 0.274067 0.468270 0.431763 0.468667 0.589607 0.522650 0.499902 0.280858 0.509095 75.618813
0.343310 0.250413 0.410287 0.408373 0.464539 0.579591 0.442494 0.540653 0.533335 0.542053 77.128186
0.300531 0.228573 0.417602 0.654643 0.672309 0.516585 0.541210 0.518237 0.489992 0.504362 74.863806
0.431746 0.764706 0.755000 0.500000 0.710000 0.500000 0.665000 0.500000 0.620000 0.500000 80.000000
0.269841 0.764706 0.500000 0.500000 0.500000 0.500000 0.500000 0.500000 0.500000 0.500000 59.839070
0.258476 0.263024 0.546571 0.492667 0.386268 0.568164 0.450242 0.566417 0.541267 0.518105 80.277474
0.270924 0.300411 0.523415 0.481206 0.559926 0.623816 0.388873 0.535576 0.548366 0.476708 78.492364
0.303195 0.258983 0.408758 0.512593 0.359826 0.412834 0.521861 0.472950 0.561964 0.592297 76.866841
0.327338 0.471439 0.541394 0.094584 0.601756 0.677121 0.157730 0.494005 0.317960 0.748618 46.509438
0.270981 0.139671 0.748295 0.475934 0.254551 0.233984 0.517771 0.525303 0.327751 0.428903 59.628298
0.264949 0.254290 0.394702 0.518703 0.581461 0.509219 0.537328 0.557282 0.358246 0.486144 78.116135
0.269841 0.264706 0.500000 0.500000 0.500000 0.500000 0.500000 0.500000 0.500000 0.500000 90.000000
0.431746 0.262463 0.755000 0.501172 0.710000 0.497518 0.665000 0.495566 0.620000 0.499273 62.068334
0.293628 0.217088 0.558859 0.599016 0.473101 0.523128 0.493547 0.609189 0.516128 0.414076 78.037534
0.302157 0.253050 0.425551 0.441774 0.441305 0.612581 0.423025 0.529839 0.360973 0.580372 75.858082
0.276352 0.255059 0.293164 0.471421 0.384755 0.483352 0.519153 0.488654 0.366972 0.463982 74.192410
0.269841 0.264706 0.500000 0.500000 0.500000 0.500000 0.500000 0.500000 0.500000 0.500000 90.000000
0.885739 0.200318 0.574601 0.707447 0.508268 0.625021 0.983862 0.652883 0.652170 0.941744 44.919253
0.312917 0.228533 0.489878 0.587970 0.566882 0.432111 0.512120 0.564858 0.344800 0.493544 76.476633
0.169431 0.247457 0.459979 0.415494 0.671062 0.566610 0.435009 0.486677 0.604135 0.562405 72.248373
0.318083 0.237398 0.408519 0.409615 0.504064 0.503341 0.368008 0.566234 0.469241 0.479294 77.221160
0.321286 0.271722 0.482339 0.403544 0.464168 0.491416 0.591276 0.389419 0.588298 0.495717 77.450238
0.319511 0.325288 0.433269 0.548763 0.544470 0.380858 0.636847 0.483405 0.534323 0.410009 74.636847
0.283901 0.274848 0.557906 0.465384 0.448344 0.461974 0.527279 0.420557 0.612494 0.513211 80.207600
0.259766 0.255942 0.460795 0.648735 0.536551 0.451822 0.472763 0.381189 0.534273 0.505513 78.059922
0.321649 0.295900 0.480142 0.461621 0.451197 0.404251 0.512151 0.572254 0.468116 0.505978 79.734504
0.215393 0.235987 0.575978 0.517903 0.575009 0.398962 0.470922 0.526122 0.395289 0.625056 75.692436
0.135326 0.058380 0.231363 0.723692 0.426931 0.349622 0.414782 0.235764 0.729455 0.912141 43.625607
0.231563 0.314897 0.542808 0.354388 0.582954 0.585930 0.570734 0.522744 0.495932 0.404057 75.369914
0.263367 0.318911 0.570422 0.421564 0.467070 0.576441 0.461193 0.400266 0.484946 0.483880 78.529941
0.243360 0.254486 0.473349 0.431184 0.493526 0.379868 0.515163 0.505855 0.507288 0.401778 79.712455
0.262932 0.202515 0.438057 0.445330 0.473312 0.417540 0.568384 0.499368 0.415854 0.530712 78.474126
0.183744 0.812663 0.503164 0.263250 0.671017 0.266676 0.568286 0.510067 0.551018 0.580521 53.444677
0.246010 0.264568 0.308197 0.402147 0.552420 0.572703 0.403157 0.552385 0.355797 0.497633 72.993124
0.269841 0.264706 0.500000 0.500000 0.500000 0.500000 0.500000 0.500000 0.500000 0.500000 90.000000
0.897855 0.234172 0.992471 0.499077 0.231790 0.413310 0.274987 0.672615 0.560457 0.798853 41.589706
0.222544 0.256808 0.528791 0.524355 0.479690 0.451625 0.559679 0.485812 0.413207 0.496092 81.294783
0.266167 0.290403 0.504170 0.566659 0.621595 0.647390 0.447462 0.579475 0.375233 0.544387 74.941621
0.298425 0.279935 0.531627 0.436814 0.720308 0.509571 0.688677 0.503453 0.440717 0.478800 72.287846
0.264701 0.243869 0.644429 0.630498 0.547959 0.492252 0.406877 0.479670 0.437614 0.501271 76.666873
0.283248 0.259128 0.502091 0.468435 0.428889 0.672998 0.473575 0.439830 0.561516 0.460365 77.740446
0.275145 0.265834 0.617503 0.473072 0.590354 0.588511 0.504332 0.557535 0.352794 0.567695 76.032586
0.228488 0.292943 0.475785 0.501620 0.626845 0.538489 0.492261 0.501947 0.577539 0.485357 79.633736
0.246613 0.236538 0.855947 0.552798 0.501922 0.517062 0.557085 0.579063 0.485679 0.524270 68.342486
0.278834 0.238182 0.553171 0.459401 0.474189 0.550933 0.572329 0.471656 0.519117 0.576897 81.398151
0.322354 0.271108 0.367854 0.468633 0.564003 0.591698 0.528261 0.442857 0.628664 0.457626 75.715243
0.258913 0.273842 0.555785 0.247479 0.608275 0.484400 0.469037 0.512948 0.539039 0.506836 73.675398
0.214116 0.509426 0.571092 0.545073 0.295294 0.911833 0.528653 0.477127 0.159168 0.258842 45.231004
0.169521 0.215182 0.683671 0.325795 0.491042 0.838483 0.200300 0.234561 0.736857 0.044642 44.258446
0.238429 0.415645 0.627622 0.470854 0.494474 0.513660 0.478019 0.399700 0.451381 0.604875 69.800387
0.285227 0.278206 0.612785 0.379266 0.607212 0.553732 0.382635 0.410506 0.431411 0.569373 74.469581
0.272608 0.292493 0.374707 0.548412 0.565233 0.531282 0.624262 0.454488 0.593670 0.421784 76.237185
0.258935 0.245645 0.418720 0.532746 0.627729 0.563942 0.606337 0.436959 0.444645 0.430441 76.899392
0.206966 0.289512 0.252157 0.509116 0.311759 0.390148 0.441813 0.476273 0.583687 0.551058 68.828792
0.285800 0.255374 0.481828 0.511597 0.581115 0.501556 0.504267 0.451328 0.478659 0.397623 81.642951
0.291035 0.188268 0.379032 0.558771 0.578266 0.452106 0.501534 0.461336 0.536497 0.534835 76.903462
0.285239 0.283873 0.454480 0.355121 0.598687 0.651747 0.435528 0.448877 0.508277 0.574605 74.901662
0.296692 0.241451 0.577491 0.481665 0.557927 0.462356 0.499000 0.568178 0.372974 0.511923 79.133367
0.299406 0.232665 0.402890 0.477722 0.435730 0.576097 0.470515 0.443551 0.532903 0.405827 78.542212
0.298178 0.289217 0.531238 0.602579 0.262667 0.472457 0.657544 0.606632 0.412070 0.678783 68.000949
0.659949 0.592340 0.419926 0.423590 0.344020 0.176433 0.648343 0.009582 0.859165 0.899600 42.439749
0.269841 0.264706 0.500000 0.500000 0.500000 0.500000 0.500000 0.500000 0.500000 0.500000 90.000000
0.269841 0.264706 0.500000 0.500000 0.500000 0.500000 0.500000 0.500000 0.500000 0.500000 90.000000
0.289291 0.276108 0.614020 0.430816 0.311350 0.490313 0.376579 0.417206 0.406238 0.321015 70.434829
0.245212 0.294709 0.510362 0.482248 0.432750 0.422499 0.493700 0.476515 0.464064 0.562160 81.558675
0.016215 0.269215 0.320437 0.657736 0.312986 0.755814 0.195399 0.591439 0.841610 0.203140 42.908941
0.293883 0.243738 0.505478 0.560310 0.583560 0.491485 0.605457 0.405055 0.418111 0.497424 78.457068
0.259896 0.168476 0.559649 0.526996 0.553685 0.564189 0.524884 0.413585 0.496388 0.549970 76.618730
0.255918 0.215330 0.455477 0.513497 0.590661 0.495382 0.489477 0.541790 0.654400 0.401850 76.638769
0.285045 0.274646 0.405302 0.506223 0.481332 0.531144 0.608952 0.624621 0.380728 0.458304 76.670726
0.304769 0.276140 0.532931 0.514826 0.384862 0.566229 0.585689 0.557116 0.494559 0.487368 79.443279
0.239324 0.246131 0.583395 0.482065 0.558949 0.397437 0.489767 0.581801 0.547931 0.483352 79.340459
0.271347 0.270030 0.489012 0.510827 0.417081 0.614036 0.576245 0.541027 0.538348 0.404325 78.853427
0.236822 0.351402 0.575613 0.554780 0.531066 0.510854 0.570784 0.402332 0.451499 0.422395 75.680577
0.319865 0.344642 0.550889 0.602320 0.575290 0.920938 0.482654 0.526976 0.371230 0.386472 61.098646
0.368103 0.275102 0.356549 0.493845 0.431440 0.622470 0.529658 0.353637 0.437475 0.580854 71.415501
0.292959 0.266000 0.264916 0.505737 0.584399 0.513954 0.523674 0.455159 0.597468 0.595237 73.346591
0.272991 0.302657 0.508855 0.576288 0.417513 0.486404 0.590310 0.525382 0.424151 0.483872 79.679627
0.254805 0.283681 0.392305 0.453624 0.515634 0.499864 0.493262 0.540074 0.555693 0.514257 81.749297
0.289798 0.326087 0.525654 0.443865 0.755616 0.551158 0.531874 0.466929 0.617062 0.505140 71.783884
0.381186 0.113753 0.684670 0.950465 0.612611 0.199298 0.066140 0.709363 0.670382 0.666086 40.617167
0.294896 0.244474 0.469337 0.585340 0.464692 0.433557 0.508777 0.439211 0.620000 0.487142 79.224330
0.260060 0.292331 0.628491 0.467140 0.505033 0.414751 0.450761 0.418121 0.508806 0.281747 73.426855
0.671732 0.453400 0.594532 0.494032 0.210336 0.269292 0.502240 0.995359 0.276553 0.585400 46.000818
0.289568 0.255337 0.542747 0.536568 0.606558 0.541772 0.549973 0.514249 0.431149 0.529925 80.777828
0.186976 0.323881 0.578729 0.554716 0.475286 0.477075 0.473689 0.399011 0.449559 0.599864 74.961051
0.297418 0.262344 0.452826 0.490619 0.609858 0.512841 0.299827 0.479598 0.523716 0.425729 75.629046
0.336206 0.245646 0.424676 0.616136 0.975622 0.761045 0.590567 0.023373 0.386538 0.633133 46.059592
0.252791 0.269523 0.412949 0.449279 0.458391 0.520232 0.427364 0.504779 0.634630 0.511923 79.060170
0.793409 0.613652 0.435869 0.333898 0.023356 0.022091 0.836989 0.205401 0.966014 0.330865 40.131623
0.250060 0.259137 0.423564 0.438378 0.529526 0.523221 0.481805 0.447123 0.559871 0.444700 81.504761
0.267545 0.271065 0.455362 0.532364 0.341758 0.571462 0.525347 0.498007 0.508294 0.483876 79.454242
0.243390 0.322194 0.528309 0.577115 0.452097 0.529279 0.480094 0.556473 0.451141 0.531719 79.966302
0.294897 0.323212 0.399965 0.610756 0.547958 0.418014 0.527331 0.536641 0.381578 0.559570 75.451654
0.209338 0.220779 0.601985 0.632648 0.581262 0.539366 0.402213 0.507448 0.485448 0.566122 74.961212
0.297466 0.301723 0.423814 0.518321 0.532286 0.500473 0.653721 0.455127 0.601599 0.641044 74.880946
0.335266 0.141245 0.557874 0.559589 0.589550 0.295017 0.497824 0.711484 0.349983 0.527548 64.928135
0.279596 0.249089 0.467444 0.617457 0.449097 0.550836 0.503845 0.483568 0.458121 0.481062 81.250873
0.259267 0.247875 0.566233 0.450674 0.441155 0.442149 0.508750 0.557375 0.532687 0.487398 82.027072
0.959729 0.218226 0.148781 0.412471 0.456523 0.811182 0.786429 0.898252 0.586458 0.691410 42.428431
0.281673 0.274433 0.481481 0.525069 0.512337 0.453044 0.588287 0.401166 0.488675 0.378341 79.104654
0.236522 0.240349 0.504801 0.560918 0.437910 0.530647 0.465837 0.589539 0.580332 0.475774 80.029646
0.257305 0.250416 0.660408 0.696759 0.650841 0.505713 0.448114 0.453854 0.430676 0.492882 72.164862
0.184347 0.214692 0.526978 0.459672 0.460177 0.483204 0.433422 0.584996 0.287176 0.608351 71.386453
0.269841 0.264706 0.500000 0.500000 0.500000 0.500000 0.500000 0.500000 0.500000 0.500000 90.000000
0.222092 0.628619 0.592622 0.520646 0.943451 0.060998 0.393574 0.391761 0.725603 0.982842 42.380779
0.302388 0.287487 0.464343 0.433020 0.511681 0.403676 0.413869 0.593105 0.668818 0.454214 75.228602
0.244857 0.257187 0.431602 0.512168 0.487794 0.651917 0.591727 0.371889 0.554674 0.521482 76.211955
0.302798 0.261021 0.571033 0.467802 0.557555 0.590803 0.424289 0.458516 0.532680 0.515579 80.111188
0.243876 0.264626 0.385816 0.509677 0.417046 0.418657 0.504609 0.579779 0.387213 0.612238 75.982083
0.230223 0.208718 0.556099 0.533064 0.517055 0.501601 0.392749 0.348543 0.565860 0.551744 75.762463
0.262785 0.272752 0.440784 0.532459 0.489644 0.486134 0.446893 0.476078 0.517241 0.577458 83.039971
0.225674 0.280422 0.462308 0.343890 0.444161 0.444389 0.529156 0.511315 0.482886 0.425402 77.736679
0.132129 0.158741 0.956139 0.379456 0.208444 0.100353 0.386036 0.830666 0.725903 0.440150 40.723571
0.240305 0.678664 0.560331 0.598346 0.597893 0.581738 0.383134 0.647863 0.585772 0.538830 56.393537
0.252570 0.460582 0.484210 0.466901 0.443078 0.452522 0.634363 0.619729 0.421869 0.459102 65.522650
0.252426 0.233363 0.533499 0.585956 0.632976 0.335733 0.561664 0.738396 0.617028 0.461249 69.198076
0.245863 0.286017 0.438027 0.546484 0.611734 0.546494 0.425456 0.547556 0.443040 0.434983 78.682607
0.339194 0.280513 0.437787 0.550934 0.484169 0.642086 0.368335 0.451022 0.519138 0.565106 75.086195
0.431746 0.764706 0.755000 0.500000 0.710000 0.500000 0.665000 0.500000 0.620000 0.500000 80.000000
0.281178 0.279930 0.504829 0.514237 0.436619 0.555944 0.417665 0.483637 0.298367 0.483020 76.454246
0.313635 0.266897 0.491171 0.418211 0.686947 0.401708 0.612302 0.529842 0.504723 0.626354 73.165461
0.264479 0.248962 0.532061 0.534457 0.527339 0.501320 0.467783 0.517913 0.468611 0.618968 81.861087
0.326159 0.309502 0.563913 0.475071 0.525889 0.458960 0.591491 0.454882 0.462373 0.333110 75.512001
0.268050 0.254447 0.475649 0.519227 0.467833 0.531450 0.591307 0.543061 0.487866 0.561944 82.459607
0.235309 0.261226 0.508872 0.633764 0.557209 0.572361 0.483054 0.491664 0.443367 0.544977 79.169331
0.272046 0.309773 0.426228 0.403473 0.497453 0.585554 0.461869 0.527513 0.466299 0.472041 79.585275
0.284706 0.275907 0.534437 0.498007 0.441797 0.562877 0.444219 0.495598 0.421496 0.444291 81.531467
0.300995 0.263221 0.444843 0.497144 0.448553 0.461595 0.534657 0.602916 0.575007 0.532365 80.310241
0.257228 0.258198 0.499116 0.500621 0.519763 0.461875 0.462757 0.399012 0.467953 0.499257 82.992529
0.390596 0.395759 0.427319 0.712558 0.282135 0.343726 0.205647 0.436876 0.197647 0.322398 51.931767
0.276256 0.273614 0.487647 0.521267 0.546085 0.427691 0.491414 0.578637 0.397828 0.557627 80.407630
0.221761 0.305984 0.934617 0.489896 0.390078 0.308307 0.482341 0.579892 0.313979 0.457665 59.087680
0.339219 0.356509 0.602622 0.451207 0.471824 0.701435 0.463485 0.547260 0.587428 0.383836 69.828601
0.274417 0.310111 0.660712 0.513487 0.516261 0.410152 0.599275 0.432361 0.645656 0.534152 74.043058
0.305577 0.265136 0.276286 0.428409 0.501071 0.493139 0.405462 0.493586 0.491781 0.477512 75.030918
0.175904 0.228914 0.355997 0.474827 0.478400 0.561392 0.366768 0.478020 0.445794 0.489025 73.723534
0.248399 0.280918 0.495014 0.409049 0.482726 0.515914 0.487200 0.463585 0.483450 0.406859 81.594962
0.310467 0.260929 0.445989 0.428656 0.380342 0.449502 0.515082 0.431930 0.530598 0.481680 79.091702
0.233335 0.246743 0.470773 0.566921 0.537548 0.515190 0.561831 0.526008 0.538633 0.509416 82.199385
0.201919 0.164875 0.341056 0.500000 0.371004 0.466355 0.400464 0.491697 0.471711 0.735633 67.179507
0.344401 0.253474 0.537296 0.468791 0.486185 0.540136 0.510595 0.499840 0.423239 0.547360 79.825427
0.224099 0.258030 0.398358 0.544860 0.609413 0.615720 0.536076 0.339860 0.564057 0.529034 74.211093
0.250842 0.229635 0.473328 0.638350 0.355137 0.470659 0.494467 0.515943 0.058598 0.516607 61.956829
0.199378 0.284014 0.578714 0.525614 0.413761 0.456907 0.500106 0.474575 0.472284 0.571209 78.473193
0.215588 0.246230 0.688548 0.486695 0.576305 0.332109 0.582193 0.530467 0.569641 0.373727 71.161000
0.326992 0.287976 0.445935 0.441010 0.463555 0.544010 0.699781 0.520322 0.302696 0.496980 71.813982
0.256884 0.273036 0.540702 0.465606 0.576550 0.560319 0.476761 0.538256 0.503879 0.489012 82.958958
0.224926 0.291492 0.486552 0.463508 0.525177 0.536499 0.605834 0.571502 0.434844 0.483068 79.533572
0.212941 0.281013 0.568615 0.413358 0.561776 0.528871 0.390360 0.525607 0.564445 0.470291 77.706904
0.269624 0.284336 0.560490 0.525785 0.500254 0.405882 0.500391 0.499216 0.489081 0.454104 82.625799
0.281065 0.199067 0.449650 0.488000 0.411002 0.370507 0.552269 0.480918 0.499238 0.525194 77.672388
0.312870 0.255290 0.474554 0.326882 0.462989 0.437576 0.344306 0.649350 0.555037 0.677104 69.996669
0.355324 0.805402 0.823818 0.670701 0.336893 0.228904 0.145968 0.320831 0.429785 0.006902 42.007961
0.253779 0.236198 0.426699 0.452180 0.413178 0.469434 0.505000 0.510567 0.496735 0.573241 80.923071
0.197775 0.228543 0.632080 0.451745 0.561497 0.491721 0.502742 0.557220 0.494841 0.495193 77.341906
0.269841 0.264706 0.500000 0.500000 0.500000 0.500000 0.500000 0.500000 0.500000 0.500000 90.000000
0.205912 0.259359 0.507953 0.663947 0.357048 0.547534 0.383546 0.442938 0.220716 0.579047 66.890073
# OSA solutions
0.269841 0.264706 0.500000 0.500000 0.500000 0.500000 0.500000 0.500000 0.500000 0.500000 90.000000
0.276698 0.278927 0.515205 0.495718 0.524147 0.533423 0.491949 0.517546 0.486780 0.447108 85.526106
0.263950 0.270212 0.490902 0.459979 0.497167 0.484095 0.481941 0.464141 0.533560 0.482936 85.894490
0.273051 0.277382 0.495174 0.468729 0.506030 0.549867 0.484389 0.501326 0.490763 0.498216 86.195726
0.269057 0.260106 0.499643 0.494065 0.504500 0.505071 0.501394 0.463169 0.507037 0.510222 87.672895
0.270473 0.263128 0.511575 0.503697 0.501016 0.516036 0.479305 0.499748 0.470225 0.487341 87.524611
0.263176 0.265854 0.535100 0.479524 0.493736 0.529519 0.472982 0.516074 0.529610 0.512529 86.080610
0.276295 0.254552 0.490045 0.471699 0.488316 0.444224 0.519156 0.470586 0.511925 0.491885 85.554824
0.263028 0.253506 0.487878 0.495078 0.460274 0.514280 0.483255 0.474020 0.512265 0.451255 85.575485
0.264202 0.250416 0.537358 0.508367 0.514365 0.493116 0.537454 0.461606 0.512513 0.520939 85.580270
0.269841 0.264705 0.500000 0.500000 0.499999 0.530235 0.439603 0.500002 0.500000 0.500000 86.155435
0.299419 0.263500 0.493106 0.501548 0.496558 0.498739 0.468759 0.500185 0.517827 0.500573 86.238687
0.279129 0.251038 0.521116 0.463021 0.489616 0.515623 0.514211 0.469252 0.524983 0.510152 85.974059
0.292050 0.265975 0.471954 0.500067 0.504500 0.510091 0.501394 0.505089 0.507037 0.502817 87.046052
0.255789 0.262353 0.522154 0.492280 0.468024 0.501168 0.499329 0.493366 0.537876 0.511409 86.453884
0.268462 0.264857 0.549667 0.520441 0.490637 0.480499 0.499138 0.482060 0.525392 0.518049 86.117556
0.263975 0.240120 0.527128 0.504746 0.458776 0.490690 0.514338 0.511104 0.522084 0.521627 85.552987
0.249678 0.264342 0.517299 0.485234 0.489002 0.522083 0.503627 0.497506 0.498903 0.500396 87.129589
0.276128 0.282067 0.544755 0.466313 0.496066 0.514915 0.467672 0.491098 0.505497 0.507394 85.666494
0.274983 0.267976 0.470651 0.506365 0.475029 0.537420 0.486206 0.467917 0.507538 0.466451 85.795342
0.260951 0.250314 0.520881 0.496825 0.509325 0.505771 0.485944 0.492500 0.559615 0.496035 85.817100
0.257629 0.254290 0.533385 0.493849 0.501089 0.517711 0.456111 0.506292 0.520152 0.483366 85.969039
0.269788 0.254033 0.470984 0.504633 0.479006 0.479085 0.452152 0.493824 0.479828 0.480495 85.870590
0.269057 0.240480 0.499643 0.529968 0.504500 0.514933 0.501394 0.504285 0.507037 0.475206 86.435213
0.259862 0.273372 0.499803 0.491297 0.512861 0.527378 0.461247 0.475362 0.500880 0.515510 86.422224
0.254899 0.272866 0.509311 0.502896 0.496722 0.496338 0.439155 0.494890 0.491014 0.503950 85.996067
0.269057 0.260086 0.499643 0.500067 0.504500 0.510091 0.542633 0.495566 0.507037 0.502817 87.394540
0.269842 0.264704 0.556423 0.500001 0.499997 0.500000 0.500000 0.499998 0.500003 0.500002 86.788373
0.287449 0.251182 0.499322 0.517609 0.487780 0.475516 0.496144 0.535972 0.519351 0.477431 85.987562
0.283992 0.263252 0.490368 0.477219 0.514364 0.508544 0.531660 0.486683 0.470413 0.472942 86.235720
0.267792 0.253454 0.491066 0.526364 0.517237 0.540048 0.479801 0.538951 0.520754 0.484152 85.684127
0.287787 0.265287 0.494003 0.468203 0.530243 0.488469 0.485539 0.459332 0.480076 0.525668 85.546911
0.270462 0.277344 0.473555 0.473950 0.490505 0.483404 0.461464 0.487026 0.484112 0.538832 85.691860
0.279530 0.259554 0.517520 0.497401 0.484798 0.529554 0.503613 0.526521 0.531281 0.517425 86.475612
0.271037 0.262627 0.518368 0.488822 0.485999 0.513525 0.536630 0.505480 0.535350 0.535759 86.072173
0.269057 0.288577 0.499643 0.446817 0.504500 0.505731 0.501394 0.506428 0.507037 0.470874 85.643396
0.268852 0.273256 0.499154 0.476763 0.503961 0.522972 0.562851 0.491950 0.514883 0.505823 85.733310
0.272901 0.254744 0.508370 0.500399 0.515434 0.510640 0.520589 0.446306 0.493100 0.529563 85.960454
0.249953 0.263500 0.540366 0.501548 0.492611 0.498739 0.491447 0.500185 0.543036 0.500573 85.984400
0.288801 0.262232 0.518957 0.462919 0.476007 0.517717 0.487660 0.533539 0.492986 0.501296 85.892223
0.274232 0.255600 0.459213 0.497503 0.464528 0.502649 0.494101 0.512457 0.489469 0.488304 86.521342
0.273581 0.263292 0.513880 0.479457 0.468793 0.527138 0.475751 0.472487 0.543201 0.512467 85.684915
0.286308 0.267504 0.471026 0.504899 0.467857 0.514407 0.509134 0.512058 0.477651 0.474447 86.205299
0.270445 0.258874 0.503229 0.542965 0.500437 0.486138 0.497405 0.494767 0.499256 0.510603 87.259229
0.290686 0.282628 0.501571 0.499580 0.533352 0.533917 0.486330 0.486632 0.505234 0.496625 85.853160
0.269057 0.276202 0.499643 0.514785 0.504500 0.500643 0.501394 0.494225 0.507037 0.463203 87.359546
0.264806 0.271138 0.470584 0.462072 0.505407 0.498029 0.515449 0.500523 0.521659 0.532561 86.250153
0.269057 0.258000 0.499643 0.483902 0.504500 0.502391 0.501394 0.501782 0.507037 0.475894 88.126325
0.268614 0.267880 0.481711 0.500000 0.455330 0.498720 0.507432 0.500000 0.448024 0.500000 85.923342
0.277333 0.269976 0.486444 0.477459 0.499087 0.509250 0.446051 0.506511 0.497215 0.519073 86.226658
0.284786 0.260352 0.508024 0.517659 0.494156 0.506681 0.525951 0.487925 0.452922 0.466039 85.786905
0.279727 0.265975 0.536304 0.500067 0.437742 0.510091 0.492159 0.495566 0.493837 0.502817 85.678440
0.250352 0.257555 0.457966 0.499917 0.501824 0.500890 0.521096 0.480106 0.506875 0.490784 86.297686
0.257804 0.256287 0.486385 0.510379 0.466448 0.511529 0.523541 0.477881 0.505027 0.451245 85.684524
0.269685 0.267121 0.467212 0.486448 0.502367 0.540926 0.461695 0.489618 0.500624 0.483489 86.053041
0.269206 0.276312 0.493828 0.481374 0.477241 0.506313 0.525276 0.513826 0.542687 0.486726 86.287807
0.270954 0.266857 0.498395 0.513782 0.496902 0.485763 0.497560 0.518490 0.496806 0.510534 88.297547
0.270919 0.240684 0.495821 0.473482 0.516533 0.494760 0.526856 0.514349 0.458943 0.491457 85.676246
0.265918 0.250111 0.501285 0.485516 0.501235 0.499246 0.504040 0.509329 0.504990 0.554427 86.347743
0.259125 0.269927 0.532167 0.463153 0.504617 0.520309 0.490617 0.513752 0.499038 0.516767 86.455787
0.246233 0.283569 0.536839 0.484294 0.508102 0.470922 0.487216 0.504817 0.491756 0.486037 85.537019
0.269456 0.269281 0.483240 0.489152 0.490340 0.503251 0.489742 0.499729 0.460628 0.514884 87.179933
0.278264 0.266129 0.491196 0.505930 0.499480 0.518754 0.525292 0.484240 0.455476 0.472463 86.248317
0.252680 0.270586 0.489614 0.501441 0.561569 0.501974 0.497954 0.483649 0.511549 0.494195 85.787199
0.277995 0.265975 0.539992 0.500067 0.491354 0.510091 0.507135 0.495566 0.487799 0.502817 87.307606
0.269841 0.248799 0.500000 0.522471 0.499999 0.499996 0.500000 0.499993 0.500000 0.527951 87.336860
0.261519 0.277936 0.488372 0.516550 0.487387 0.468259 0.477639 0.500492 0.500132 0.460583 86.185022
0.287073 0.271350 0.503411 0.516797 0.501776 0.536052 0.489472 0.488038 0.469268 0.499976 86.412547
0.271905 0.282326 0.507463 0.514206 0.517363 0.461466 0.465176 0.506833 0.480620 0.505607 86.043037
0.255336 0.269737 0.500025 0.510559 0.509432 0.499379 0.546115 0.496665 0.499997 0.537008 86.172777
0.265658 0.258940 0.474177 0.510765 0.474302 0.502534 0.463161 0.533803 0.544420 0.507199 85.535085
0.280220 0.284037 0.509008 0.474965 0.471567 0.513236 0.499654 0.482943 0.522289 0.515741 86.211304
0.269057 0.248716 0.499643 0.494911 0.504500 0.548517 0.501394 0.485118 0.507037 0.512185 86.520869
0.271826 0.271706 0.489307 0.529403 0.473530 0.479384 0.481347 0.498596 0.504217 0.468166 86.549809
0.263799 0.263500 0.484997 0.501548 0.510292 0.498739 0.471781 0.500185 0.496668 0.500573 87.968868
0.274432 0.269189 0.478743 0.502361 0.532486 0.520398 0.463706 0.517565 0.536806 0.513708 85.879077
0.250747 0.261012 0.517183 0.475499 0.510687 0.531642 0.481478 0.476070 0.511050 0.514222 86.159826
0.268190 0.265975 0.514868 0.500067 0.479150 0.510091 0.491147 0.495566 0.453034 0.502817 86.838705
0.276533 0.267187 0.499696 0.527106 0.560990 0.499533 0.515423 0.491684 0.463746 0.498088 85.498004
0.248100 0.269358 0.495635 0.518456 0.513777 0.506934 0.477208 0.519591 0.468347 0.525690 86.030662
0.265540 0.256224 0.520447 0.489888 0.499189 0.471958 0.479828 0.479743 0.450880 0.487057 85.964990
0.273100 0.264320 0.512114 0.500043 0.526821 0.499321 0.489461 0.499069 0.512445 0.501165 88.051533
0.267881 0.275387 0.498195 0.515030 0.471708 0.525948 0.529083 0.487242 0.485314 0.511988 86.636799
0.267315 0.233040 0.533963 0.504262 0.519318 0.500782 0.510665 0.494133 0.476927 0.508987 85.625452
0.269673 0.259925 0.500469 0.513679 0.500313 0.459555 0.499896 0.446139 0.499767 0.519003 85.908365
0.258580 0.273966 0.522399 0.501211 0.457887 0.507199 0.500042 0.470970 0.517070 0.485867 86.222675
0.267776 0.269110 0.525318 0.486142 0.519383 0.499802 0.486096 0.479550 0.479906 0.561744 85.546929
0.260100 0.257073 0.469309 0.513641 0.475788 0.489492 0.461632 0.465013 0.504105 0.500156 85.946418
0.267761 0.258323 0.500826 0.558772 0.492680 0.505831 0.528137 0.501295 0.498883 0.508914 86.149229
0.244933 0.247702 0.485035 0.500021 0.532558 0.485815 0.488276 0.525262 0.525384 0.493358 85.550288
0.269841 0.264706 0.500000 0.500000 0.500000 0.500000 0.500000 0.500000 0.442609 0.500000 86.733251
0.258518 0.271329 0.521236 0.488582 0.461752 0.506008 0.521288 0.484453 0.496502 0.495977 86.680820
0.265892 0.260428 0.486925 0.504458 0.507686 0.461694 0.543146 0.477279 0.520467 0.528180 85.806760
0.269826 0.278828 0.499945 0.504554 0.499851 0.462007 0.499999 0.454173 0.499946 0.484579 86.175817
0.250247 0.262899 0.485215 0.525533 0.487452 0.533700 0.472738 0.494916 0.507623 0.469177 85.867504
0.270314 0.260254 0.500599 0.507674 0.500102 0.484952 0.499523 0.498578 0.499806 0.496121 88.898406
0.267581 0.265065 0.512834 0.495572 0.467216 0.502688 0.543279 0.501286 0.547030 0.500658 85.828310
0.269841 0.264706 0.500000 0.500000 0.500000 0.500000 0.500000 0.464645 0.500000 0.500000 87.987557
0.280664 0.251105 0.525584 0.513148 0.463410 0.498415 0.484504 0.507722 0.493872 0.543522 85.793096
0.267165 0.278086 0.471940 0.539921 0.496355 0.519287 0.481824 0.505074 0.498875 0.524850 86.222295
0.270574 0.265637 0.525856 0.512996 0.477519 0.472509 0.509241 0.495686 0.495486 0.523971 86.986692
0.275090 0.258935 0.472564 0.500032 0.471678 0.509261 0.487098 0.494353 0.548413 0.484854 86.128688
0.264272 0.265975 0.456296 0.500067 0.459203 0.510091 0.513339 0.495566 0.502295 0.502817 86.400327
0.269081 0.261904 0.505602 0.510649 0.543864 0.502720 0.510976 0.543066 0.490155 0.503545 86.315079
0.278097 0.262042 0.477170 0.484640 0.485141 0.483794 0.510341 0.466191 0.517188 0.474364 86.536483
0.248882 0.256385 0.452968 0.490532 0.478820 0.522140 0.501772 0.514580 0.496958 0.508888 85.856182
0.273802 0.255367 0.521694 0.496782 0.496777 0.520962 0.530707 0.506260 0.450604 0.502817 86.086993
0.268103 0.265617 0.525651 0.511941 0.517353 0.530274 0.512380 0.511652 0.524229 0.469045 86.460913
0.287867 0.280942 0.505749 0.451971 0.506428 0.491381 0.500112 0.506081 0.467280 0.481502 85.605141
0.264931 0.260312 0.523089 0.497736 0.467596 0.479655 0.479208 0.483049 0.465637 0.500279 86.375613
0.263448 0.266162 0.520293 0.504923 0.476921 0.496941 0.513265 0.484944 0.520338 0.487051 87.385425
0.271496 0.231879 0.504399 0.498808 0.504500 0.484078 0.501394 0.483947 0.532925 0.487833 85.725048
0.258613 0.260186 0.493948 0.506090 0.510160 0.456244 0.486385 0.462731 0.505417 0.477431 86.093422
0.276082 0.283170 0.515415 0.454470 0.501626 0.466812 0.516248 0.500980 0.476111 0.486161 85.668049
0.267601 0.259476 0.471845 0.459486 0.463050 0.466990 0.492426 0.487704 0.516778 0.484292 85.687253
0.269057 0.265975 0.422375 0.500067 0.504500 0.510091 0.501394 0.495566 0.507037 0.502817 85.505508
0.270771 0.262594 0.500257 0.512571 0.535980 0.505314 0.469384 0.507320 0.500648 0.503892 87.150403
0.269841 0.270046 0.500000 0.491438 0.500000 0.504821 0.500000 0.455342 0.500000 0.485863 87.215825
0.273203 0.267909 0.514927 0.477319 0.518928 0.512718 0.505777 0.471908 0.471379 0.494209 86.878210
0.261589 0.269475 0.489329 0.513662 0.458433 0.519339 0.516338 0.507573 0.518840 0.546913 85.741463
