# gen=210 x0..xd f
0.304310 0.275582 81.964348
0.991636 0.230983 66.764068
0.073692 0.631231 67.373630
0.470492 0.301335 25.164492
0.015154 0.308182 67.120546
0.431512 0.909751 34.144570
0.965756 0.657208 55.967843
0.731720 0.468574 87.353170
0.434684 0.505572 25.587702
0.659891 0.202186 46.985537
0.293119 0.175563 66.438425
0.367284 0.161787 54.476547
0.617692 0.149117 34.576517
0.423760 0.214894 40.215736
0.965756 0.275582 77.577316
0.831818 0.212348 30.965849
0.040139 0.468574 89.997273
0.667961 0.717389 51.779426
0.253775 0.957422 7.437195
0.188416 0.014654 15.695569
0.140757 0.406486 60.617190
0.932789 0.651408 50.425661
0.656758 0.365412 62.517186
0.979226 0.438599 54.788688
0.364833 0.164938 55.425903
0.424157 0.209818 39.909582
0.713990 0.564987 62.427101
0.040139 0.500000 85.734147
0.358209 0.483654 45.620224
0.198317 0.181491 31.023360
0.023478 0.133790 44.292123
0.878613 0.353062 46.223660
0.019947 0.433289 82.589780
0.113890 0.587202 57.860812
0.526082 0.676241 23.840532
0.202093 0.443557 44.567705
0.098163 0.628160 61.938746
0.325463 0.397295 62.271118
0.040139 0.468574 89.997273
0.422466 0.004348 24.548954
0.661146 0.722384 50.158652
0.008212 0.231933 56.641070
0.000000 0.240193 57.010729
0.304310 0.275582 81.964348
0.985504 0.453542 52.217098
0.306695 0.144014 62.128301
0.731720 0.500000 84.515883
0.886889 0.672068 40.294817
0.304310 0.275582 81.964348
0.213756 0.350699 38.861203
0.931909 0.295197 66.163078
0.365746 0.758390 45.182578
0.354443 0.828603 52.853935
0.128621 0.385689 62.808539
0.889049 0.563841 35.432129
0.184071 0.859652 28.274297
0.982555 0.313862 70.290404
0.040033 0.468574 89.968627
0.742826 0.240653 57.236959
0.015180 0.481812 82.788951
0.731720 0.500000 84.515883
0.498151 0.938977 17.146996
0.336414 0.354723 65.786384
0.835235 0.963973 13.342222
0.376374 0.599160 26.245896
0.499705 0.022487 5.173998
0.304310 0.865419 63.678671
0.950291 0.750136 51.571366
0.023219 0.519819 81.584229
0.167985 0.910715 25.154228
0.385900 0.174531 50.241560
0.734719 0.380387 75.733023
0.233896 0.510267 35.503585
0.615726 0.177663 37.162945
0.040139 0.468574 89.997273
0.423568 0.347310 39.887130
0.731522 0.468631 87.361020
0.281489 0.682863 39.990843
0.346784 0.337919 64.707787
0.937587 0.718599 52.035120
0.288576 0.273901 76.662716
0.965756 0.500000 46.552413
0.642991 0.278842 52.197556
0.805942 0.984587 6.430011
0.636282 0.230456 46.212800
0.009673 0.447691 81.015427
0.923533 0.517413 41.117103
0.919794 0.123026 50.866107
0.731702 0.543687 78.774768
0.299662 0.897122 60.145498
0.418841 0.316498 42.427339
0.040139 0.618697 74.780487
0.297547 0.933615 55.535235
0.381556 0.673409 34.056223
0.304310 0.468574 52.899428
0.324836 0.990723 48.083524
0.458443 0.516239 18.100532
0.886333 0.088696 39.634875
0.647545 0.320658 56.886871
0.102326 0.878487 36.266759
0.965756 0.275582 77.577316
0.266246 0.515748 26.424790
0.851786 0.905676 21.278507
0.040139 0.468574 89.997273
1.000000 0.470580 48.260770
0.731522 0.468631 87.361020
0.637210 0.693394 47.457342
0.836731 0.600610 26.269772
0.304310 0.865419 63.678671
0.987485 0.817801 43.463665
0.914027 0.073191 43.861827
0.911502 0.751678 44.472785
0.019689 0.410468 80.250420
0.620514 0.520677 55.990780
0.367431 0.402014 53.223075
0.000000 0.529807 76.026962
0.304301 0.275607 81.968092
1.000000 0.325853 64.364575
0.098685 0.167570 45.960157
0.494485 0.317669 16.806320
0.110630 0.392984 67.768515
0.304310 0.618697 32.520695
0.855565 0.667738 32.594871
0.604468 0.025673 19.042939
0.303903 0.063835 50.052578
0.965756 0.865419 38.411663
0.000000 0.341797 69.441626
0.320621 0.292510 75.852105
0.420355 0.064363 31.164993
0.228652 0.898759 17.195321
0.040139 0.657208 69.625946
0.315463 0.008782 41.566392
0.335077 0.812456 55.592156
0.979680 0.052053 45.477862
0.040139 0.484287 87.868155
0.279411 0.836318 56.571977
0.150072 0.362147 56.019561
1.000000 0.675115 51.625851
0.248280 0.642370 27.708981
0.826914 0.276824 30.223535
0.327328 0.808937 56.368217
0.435773 0.921124 32.796484
0.511184 0.747036 12.533748
0.730348 0.624901 70.275361
0.965756 0.500000 46.552413
0.040139 0.468574 89.997273
0.861429 0.603718 32.077761
0.952123 0.734860 53.417892
0.731702 0.468625 87.360131
0.304310 0.275582 81.964348
0.161163 0.026168 21.033047
0.084128 0.224171 54.598269
0.040139 0.275582 63.787401
0.580435 0.387583 43.801643
0.691070 0.673467 59.477244
0.520892 0.345939 26.122898
0.516298 0.259814 20.972114
0.564549 0.647180 32.886779
0.040139 0.468574 89.997273
0.304310 0.865419 63.678671
0.823842 0.992030 8.914448
0.370719 0.440558 48.337721
0.247871 0.715999 26.008436
0.995422 0.910111 32.012686
0.058641 0.367836 75.370950
0.990133 0.535548 40.536225
0.304310 0.200520 70.669297
0.282322 0.406769 60.860270
0.965756 0.275582 77.577316
0.636340 0.399504 59.369277
0.809852 0.187519 22.811188
0.731720 0.468574 87.353170
0.361072 0.846365 51.969002
0.040139 0.657208 69.625946
0.968605 0.100943 52.763693
0.045700 0.004942 27.012383
0.955031 0.071780 48.420801
0.040139 0.468574 89.997273
0.472868 0.219966 23.876699
0.338522 0.454820 52.549749
1.000000 0.257923 65.780462
0.220729 0.326968 35.944117
0.315202 0.970743 51.070671
0.060085 0.263455 61.587491
0.928617 0.110924 51.010650
0.139246 0.608633 52.609268
0.699743 0.301793 63.704735
0.091470 0.326118 65.905418
0.887872 0.240205 50.681070
0.805417 0.519009 13.106587
0.426571 0.185272 38.104006
0.929156 0.416843 54.694539
0.414691 0.908270 38.280520
0.251855 0.859388 16.485049
0.731720 0.473373 87.964223
0.213829 0.866585 22.693695
0.040104 0.468631 89.987194
0.425356 0.908098 35.688377
0.034288 0.647502 70.691045
0.373809 0.301259 57.953515
0.721698 0.553797 77.080820
0.699785 0.381108 72.890403
0.050313 0.741251 57.816063
0.000000 0.333729 68.515441
0.303003 0.294855 79.072824
0.358412 0.648208 33.962595
0.738772 0.374015 74.771156
0.012176 0.903100 34.895868
0.097784 0.184998 48.245985
0.959350 0.649738 54.737513
0.040139 0.468574 89.997273
0.193381 0.374548 45.269947
0.108396 0.540799 68.535474
0.319651 0.941326 54.703590
0.504763 0.709398 12.331096
0.768302 0.118702 40.234298
0.564867 0.321671 36.818133
0.304310 0.275582 81.964348
0.043292 0.337405 72.161904
0.740102 0.867091 39.056755
0.625194 0.390696 56.012670
0.608349 0.837933 30.893162
0.731720 0.618697 70.452157
0.289618 0.445370 55.920322
0.040139 0.468574 89.997273
0.097956 0.626285 62.009844
0.000000 0.315809 66.406358
0.884577 0.480410 37.993264
0.295507 0.670759 39.157135
0.628736 0.409933 57.745669
0.236769 0.577770 30.085619
0.688985 0.992105 20.954039
0.747697 0.941183 28.986004
0.386890 0.262287 53.733585
0.040139 0.468574 89.997273
0.180362 0.289918 43.875509
0.955327 0.627651 51.846795
0.488643 0.351462 18.076006
0.300862 0.652945 36.968290
0.991740 0.134523 55.652850
0.965756 0.275582 77.577316
0.040139 0.468574 89.997273
0.439703 0.110553 29.513241
0.441040 0.701561 25.864544
0.600800 0.584248 40.713199
0.000000 0.637541 65.277331
0.450704 0.521574 19.777994
0.001044 0.670014 63.410434
0.731720 0.618697 70.452157
0.012011 0.834295 44.284674
0.423975 0.211260 40.020863
0.488568 0.103309 13.971182
0.962251 0.975848 24.811706
0.040139 0.393512 79.803676
0.965756 0.275582 77.577316
0.972934 0.011320 39.974949
0.646793 0.216065 46.535865
0.025809 0.397024 79.485656
0.040139 0.865419 40.679110
0.946569 0.055020 45.596548
0.857807 0.660277 33.033589
0.816946 0.016107 14.668668
0.699036 0.254661 57.804062
0.751789 0.617463 68.789311
0.304310 0.275582 81.964348
0.040139 0.468574 89.997273
0.985518 0.705996 54.975508
0.024560 0.221017 56.095391
0.000568 0.350169 70.474675
0.166630 0.192239 38.418488
0.861727 0.562958 29.877263
0.206872 0.237674 33.795238
0.859504 0.242554 41.098563
0.304310 0.468574 52.899428
0.731522 0.473454 87.976136
0.272112 0.894037 9.932382
0.270293 0.422381 57.027248
0.385593 0.013747 33.723566
0.112910 0.187407 46.725668
0.881655 0.978194 18.855965
0.051398 0.424286 83.209354
0.665283 0.597146 55.276975
0.732860 0.130609 42.937637
0.758095 0.355125 70.736173
0.353199 0.416623 54.958029
0.378722 0.855582 47.775711
0.402457 0.876743 41.875781
0.274957 0.187103 65.331540
0.490407 0.874379 20.045984
0.040139 0.468574 89.997273
0.313884 0.081061 52.466122
0.443822 0.861663 31.638164
0.714825 0.921963 31.306429
0.181883 0.951107 18.739283
0.965756 0.275582 77.577316
0.002721 0.094921 38.183035
0.775194 0.755217 52.320775
0.317744 0.349126 69.993566
0.365959 0.745768 43.935645
0.034106 0.524047 82.281149
# OSA solutions
0.040139 0.468574 89.997273
0.731522 0.473454 87.976136
0.304301 0.275607 81.968092
0.064541 0.515212 80.690291
0.726051 0.516327 82.155483
0.000000 0.463499 78.748217
0.038152 0.424924 84.043575
0.725453 0.452249 84.711175
0.033717 0.493694 86.145448
0.751574 0.473883 82.355011
0.039197 0.437955 85.831058
0.017565 0.481261 83.452932
0.045270 0.468624 88.566216
0.079326 0.477618 78.970861
0.040139 0.449318 87.382736
0.751754 0.438037 80.641579
0.000000 0.466230 78.764907
0.741249 0.448425 83.724327
0.000000 0.461775 78.731413
0.050174 0.481171 86.715065
0.304409 0.273156 81.618976
0.725185 0.415734 80.195812
0.040139 0.455930 88.280720
0.712183 0.463635 82.359165
0.305179 0.290545 79.727779
0.731720 0.480004 87.143237
0.036534 0.474867 88.678258
0.731720 0.427884 82.006454
0.040139 0.473754 89.298629
0.040139 0.512744 84.003356
0.011877 0.487459 81.687182
0.707189 0.429954 79.034937
0.010456 0.505820 80.276586
0.726372 0.473608 86.520638
0.010142 0.469905 81.604859
0.731720 0.500000 84.515883
0.738113 0.485948 85.537361
0.040104 0.487886 87.379321
0.019734 0.463797 84.253188
0.000000 0.469446 78.768879
0.033372 0.457190 87.553165
0.733046 0.511602 82.974739
0.047525 0.433625 84.821965
0.040139 0.443381 86.576363
0.040997 0.535469 80.913991
0.053484 0.463210 86.197508
0.742741 0.512276 82.009036
0.043461 0.450891 87.423454
0.035149 0.469770 88.593372
0.747000 0.501291 82.317903
0.030401 0.505530 84.290416
0.722399 0.438002 82.659396
0.040104 0.484259 87.871980
0.036348 0.400269 80.660712
0.000000 0.468589 78.769481
0.727040 0.463842 86.190808
0.047824 0.439329 85.482588
0.731720 0.437209 83.231993
0.034106 0.524047 82.281149
0.069023 0.444709 81.294626
0.034325 0.437106 85.424613
0.000000 0.467207 78.767909
0.035058 0.483514 87.523513
0.739676 0.528838 80.376757
0.048819 0.397352 80.025448
0.047602 0.413580 82.243381
0.738898 0.454366 84.749530
0.040139 0.461164 88.991521
0.036499 0.462409 88.679186
0.741249 0.465334 85.070812
0.734520 0.448798 84.652108
0.040104 0.433056 85.174125
0.728803 0.493283 85.280834
0.031870 0.419292 82.915979
0.048905 0.497887 85.327058
0.020069 0.534986 79.376824
0.023017 0.499974 83.587015
0.030473 0.443247 85.621989
0.040104 0.490978 86.959360
0.041410 0.417921 83.109480
0.046106 0.494151 86.148752
0.719304 0.479395 84.437228
0.051398 0.424286 83.209354
0.008241 0.438983 80.211022
0.733374 0.458695 85.992467
0.028161 0.465968 86.628567
0.303778 0.295203 79.045765
0.000000 0.468944 78.769377
0.028336 0.450016 85.843488
0.040139 0.407262 81.671080
0.731773 0.515713 82.450837
0.038983 0.550295 78.898814
0.731720 0.470951 87.664797
0.040104 0.476269 88.957012
0.043105 0.484865 87.639714
0.040139 0.499527 85.798380
0.026272 0.445849 85.040025
0.054694 0.496123 84.472945
0.302078 0.285863 80.295581
0.044696 0.457644 88.042826
0.310141 0.268665 79.719908
0.050194 0.470233 87.179939
0.053001 0.517799 82.410701
0.731720 0.454979 85.567184
0.713396 0.487398 82.537835
0.029317 0.513600 83.177876
0.000000 0.467846 78.769026
0.019947 0.433289 82.589780
0.311383 0.260868 78.691066
0.023875 0.483325 85.027847
0.305102 0.262167 79.945036
0.017122 0.419048 80.685941
0.731720 0.484287 86.580658
0.726573 0.487175 85.706834
0.001561 0.483940 79.006596
0.052641 0.420370 82.576615
0.060186 0.406929 79.922343
0.022888 0.489975 84.366087
0.059461 0.478531 84.430234
0.731522 0.468631 87.361020
