# Party-0 optima (Phase 1b)
# x0..x(D-1) party_fit f0 f1 consensus
0.541330 0.220306 84.090399 84.090399 74.248136 74.248136
0.559902 0.198866 82.614230 82.614230 78.550962 78.550962
0.570784 0.152148 80.378254 80.378254 83.224531 80.378254
0.581571 0.160613 80.001979 80.001979 83.907807 80.001979
0.475256 0.145117 79.661563 79.661563 58.775802 58.775802
0.451783 0.314893 78.736882 78.736882 59.497323 59.497323
0.472429 0.104293 77.326962 77.326962 58.775802 58.775802
0.495682 0.049679 76.483497 76.483497 58.775802 58.775802
