# gen=100 party=1
# sp x0..x(D-1) party_fit
0 0.842707 0.756008 0.466335 0.933965 0.317882 34.290413
1 0.813050 0.502314 0.266196 0.977497 0.692299 33.940780
2 0.673046 0.823033 0.766803 0.944895 0.773236 33.940780
3 0.622953 0.877083 0.565856 0.930515 0.251966 33.940780
4 0.632543 0.770503 0.816617 0.400706 0.173288 26.633344
5 0.740184 0.388634 0.866445 0.299028 0.571415 26.633344
6 0.858765 0.538365 0.884534 0.690090 0.485300 26.633344
7 0.894487 0.416733 0.539937 0.457649 0.916369 26.633344
