# Final mediating pop (post Phase 4)
# x0..x(D-1) f0 f1 consensus
0.549777 0.303297 89.995244 89.974365 89.974365
0.393828 0.830205 89.991068 89.987772 89.987772
0.553693 0.300257 89.984845 89.854838 89.854838
0.393742 0.831012 89.955906 89.748857 89.748857
0.549329 0.302933 89.987750 89.893556 89.893556
0.393932 0.830630 89.978584 89.899455 89.899455
0.557432 0.298687 89.916462 89.656624 89.656624
0.554281 0.300754 89.978247 89.927832 89.927832
0.956721 0.912744 47.619436 43.822212 43.822212
0.392921 0.830843 89.944244 89.960589 89.944244
0.552526 0.301573 89.996684 89.984490 89.984490
0.369890 0.848510 76.249825 80.538632 76.249825
0.551139 0.302414 89.999948 89.999842 89.999842
0.096443 0.768931 30.503446 30.297772 30.297772
0.957813 0.847157 34.504566 28.538509 28.538509
0.095210 0.769449 30.439000 30.297772 30.297772
0.913828 0.286860 22.633310 72.474005 22.633310
0.909606 0.361772 22.633310 35.048334 22.633310
0.909493 0.396746 22.633310 37.555569 22.633310
0.897727 0.541267 22.633310 30.863222 22.633310
0.059084 0.538162 22.633310 30.297772 22.633310
0.919029 0.216227 22.633310 24.316010 22.633310
0.091446 0.553620 22.633310 51.287814 22.633310
0.041239 0.569105 22.633310 30.297772 22.633310
0.007505 0.548938 22.633310 30.297772 22.633310
0.909606 0.326174 22.633310 26.753199 22.633310
0.918086 0.152460 22.633310 34.812400 22.633310
0.914883 0.183981 22.633310 26.749267 22.633310
0.548458 0.304928 89.976471 89.766597 89.766597
0.552184 0.298774 89.957875 89.015967 89.015967
0.095591 0.768992 30.379999 30.297772 30.297772
0.096321 0.771940 30.243299 30.297772 30.243299
0.095532 0.767792 30.050530 30.297772 30.050530
0.958349 0.833787 35.226699 28.538509 28.538509
0.395286 0.829343 89.987575 89.990885 89.987575
0.095689 0.768873 30.364064 30.297772 30.297772
0.890512 0.544556 22.633310 23.809291 22.633310
0.550405 0.302782 89.998061 89.992767 89.992767
0.092174 1.000000 10.912119 30.297772 10.912119
0.096719 0.771548 30.451370 30.297772 30.297772
0.000000 1.000000 10.912119 30.297772 10.912119
0.095716 0.769465 30.527227 30.297772 30.297772
0.049154 1.000000 10.912119 30.297772 10.912119
0.000000 0.908291 10.912119 30.297772 10.912119
0.005002 0.968478 10.912119 30.297772 10.912119
0.000000 0.565522 22.633310 30.297772 22.633310
0.919712 0.141935 22.633310 25.652928 22.633310
0.865066 0.415082 22.633310 7.437881 7.437881
0.910050 0.418322 22.633310 31.543708 22.633310
0.920255 0.094817 22.633310 17.788300 17.788300
0.901730 0.000000 22.633310 7.437881 7.437881
0.868208 0.010181 22.633310 7.437881 7.437881
0.918333 0.152743 22.633310 36.439540 22.633310
0.900976 0.796533 10.912119 7.025763 7.025763
0.901571 0.941444 10.912119 7.025763 7.025763
0.868860 0.754874 10.912119 7.025763 7.025763
0.885051 1.000000 10.912119 7.025763 7.025763
0.914955 0.763185 10.912119 7.025763 7.025763
0.906305 0.858468 10.912119 7.025763 7.025763
0.925687 0.654700 10.912119 11.935694 10.912119
0.867826 0.797095 10.912119 7.025763 7.025763
0.917519 0.982677 10.912119 7.025763 7.025763
0.916492 0.621545 10.912119 27.084136 10.912119
0.873302 0.967034 10.912119 7.025763 7.025763
0.892254 0.548830 22.633310 26.678066 22.633310
0.474316 0.346398 78.311679 53.634644 53.634644
0.591702 0.279456 86.456630 78.092806 78.092806
0.548907 0.303555 89.985996 89.949266 89.949266
0.551209 0.302623 89.999720 89.993636 89.993636
0.554984 0.299114 89.963652 89.651217 89.651217
0.528885 0.314605 88.849009 86.453184 86.453184
0.392537 0.832070 89.818182 89.434333 89.434333
0.412044 0.819078 84.189632 84.995444 84.189632
0.394539 0.830254 89.996412 89.912883 89.912883
0.556395 0.300001 89.930858 89.660680 89.660680
0.919525 0.138262 22.633310 26.993626 22.633310
0.249717 0.929292 10.912119 9.572312 9.572312
0.536160 0.310904 89.481366 88.202527 88.202527
0.348154 0.859245 58.265600 64.542589 58.265600
0.616164 0.267121 81.185347 64.490420 64.490420
0.497044 0.331829 83.669409 71.408575 71.408575
0.638826 0.252917 75.242905 47.121119 47.121119
0.891355 0.105502 22.633310 7.437881 7.437881
0.527348 0.315624 88.700882 85.815460 85.815460
0.534498 0.312580 89.397628 87.299591 87.299591
0.532103 0.314181 89.223164 86.389874 86.389874
0.530213 0.733683 10.912119 13.115307 10.912119
0.489240 0.336753 81.967282 65.602581 65.602581
0.740701 0.902176 20.806073 0.156494 0.156494
0.191834 0.770293 43.956378 0.156494 0.156494
0.403478 0.570949 10.912119 0.156494 0.156494
0.228924 0.634597 10.912119 0.156494 0.156494
0.247418 0.672151 10.912119 0.156494 0.156494
0.656348 0.801905 14.729051 0.156494 0.156494
0.095146 0.769569 30.460322 30.297772 30.297772
0.627815 0.828473 25.794536 0.156494 0.156494
0.770507 0.547117 22.633310 0.156494 0.156494
0.696012 0.731229 10.912119 0.156494 0.156494
0.812665 0.852819 10.972343 0.156494 0.156494
0.919054 0.887614 10.912119 7.025763 7.025763
0.636222 0.546548 22.633310 0.156494 0.156494
0.780614 0.679831 10.912119 0.156494 0.156494
0.665490 0.921619 24.839625 0.156494 0.156494
0.343452 0.676593 10.912119 0.156494 0.156494
0.438524 0.673604 10.912119 0.156494 0.156494
0.223043 0.767655 44.800477 0.156494 0.156494
0.505793 0.548470 27.873844 0.156494 0.156494
0.460640 0.784591 36.974127 54.291637 36.974127
0.369129 0.628055 10.912119 0.156494 0.156494
0.226285 0.709129 14.940340 0.156494 0.156494
0.770793 0.974020 12.364306 0.156494 0.156494
0.678789 0.552230 22.633310 0.156494 0.156494
0.560423 0.711304 10.912119 4.558622 4.558622
0.091087 0.599861 10.912119 30.297772 10.912119
0.642791 0.859420 34.397398 0.156494 0.156494
0.394101 0.829731 89.999777 89.949994 89.949994
0.395201 0.829163 89.982832 89.964721 89.964721
0.381880 0.839238 86.064108 87.698246 86.064108
0.541685 0.936062 19.590770 0.156494 0.156494
0.358695 0.737145 18.352094 0.156494 0.156494
0.928118 0.119968 22.633310 7.437881 7.437881
0.532565 0.321495 88.773077 78.117616 78.117616
0.082428 0.709135 16.600646 30.297772 16.600646
0.707338 0.800283 11.845892 0.156494 0.156494
0.747474 0.913844 18.531678 0.156494 0.156494
0.751921 0.640414 10.912119 0.156494 0.156494
0.918341 0.379886 22.633310 7.437881 7.437881
0.551208 0.303867 89.992226 89.737019 89.737019
0.868208 0.010181 22.633310 7.437881 7.437881
0.867826 0.797095 10.912119 7.025763 7.025763
0.447609 0.364896 70.812462 32.584184 32.584184
0.190603 0.464209 22.633310 0.089244 0.089244
0.322018 0.653928 10.912119 0.156494 0.156494
0.500405 0.910210 32.359101 0.156494 0.156494
0.030491 0.980578 10.912119 30.297772 10.912119
0.349389 0.414687 39.103430 3.528547 3.528547
0.609401 0.266826 83.265806 63.606899 63.606899
0.320633 0.222541 22.657143 0.089244 0.089244
0.192295 0.251270 22.633310 0.089244 0.089244
0.099578 0.324516 22.633310 0.089244 0.089244
0.373940 0.871951 54.487965 3.700029 3.700029
0.047923 0.532814 22.633310 0.089244 0.089244
0.794426 0.173231 28.804611 0.740337 0.740337
0.098848 0.330058 22.633310 0.089244 0.089244
0.278772 0.560233 22.633310 0.156494 0.156494
0.636222 0.546548 22.633310 0.156494 0.156494
0.298677 0.904749 13.145835 16.113593 13.145835
0.878555 0.443898 22.633310 7.437881 7.437881
0.068789 0.795885 19.779432 30.297772 19.779432
0.885051 1.000000 10.912119 7.025763 7.025763
0.770071 0.871330 14.426765 0.156494 0.156494
0.353411 0.094052 22.633310 0.089244 0.089244
0.102336 0.619366 10.912119 0.156494 0.156494
0.613936 0.289087 78.858498 23.615211 23.615211
0.005002 0.968478 10.912119 30.297772 10.912119
0.229091 0.223011 22.633310 0.089244 0.089244
0.035578 0.995629 10.912119 30.297772 10.912119
0.225580 0.972657 10.912119 0.444473 0.444473
0.085176 1.000000 10.912119 30.297772 10.912119
0.110202 0.124054 22.633310 0.089244 0.089244
0.212004 0.071779 22.633310 0.089244 0.089244
0.374548 0.134582 22.633310 0.089244 0.089244
0.714403 0.428627 23.019589 0.089244 0.089244
0.512524 0.359801 80.757016 21.782978 21.782978
0.970814 0.333351 0.000125 0.000128 0.000125
0.984750 0.147808 18.888264 0.000128 0.000128
0.541685 0.936062 19.590770 0.156494 0.156494
0.399787 0.360492 52.390753 3.358186 3.358186
0.816947 0.831292 10.912119 0.156494 0.156494
0.000000 0.560696 22.633310 30.297772 22.633310
0.404287 0.823388 87.934967 88.773617 87.934967
0.689230 0.910584 25.788422 0.156494 0.156494
0.088607 0.779268 26.573473 30.297772 26.573473
0.088805 0.996211 10.912119 30.297772 10.912119
0.132872 0.044205 22.633310 0.089244 0.089244
0.425727 0.218665 37.763651 0.089244 0.089244
0.524525 0.196138 61.372914 0.089244 0.089244
0.370656 0.848268 76.709058 79.897415 76.709058
0.468284 0.774472 27.197764 38.528831 27.197764
0.894774 0.670819 10.912119 7.025763 7.025763
0.642791 0.859420 34.397398 0.156494 0.156494
0.676485 0.601560 10.912119 0.156494 0.156494
0.270223 0.451435 22.633310 0.157692 0.157692
0.265782 0.503226 22.633310 0.217232 0.217232
0.438524 0.673604 10.912119 0.156494 0.156494
0.551208 0.303867 89.992226 89.737019 89.737019
0.434449 0.768611 30.099734 1.146543 1.146543
0.696012 0.731229 10.912119 0.156494 0.156494
0.291842 0.489010 22.633310 0.364572 0.364572
0.377160 0.416480 47.995153 5.005545 5.005545
0.916373 0.169998 22.633310 32.332337 22.633310
0.909066 0.408530 22.633310 33.393308 22.633310
0.002486 0.151838 22.633310 0.089244 0.089244
0.781331 0.156131 31.157195 1.146695 1.146695
0.880024 0.502586 22.633310 11.986023 11.986023
0.492628 0.703231 10.912119 0.156494 0.156494
0.072567 0.655069 10.912119 30.297772 10.912119
0.592154 0.708593 10.912119 1.330112 1.330112
0.442401 0.363833 68.679211 33.366805 33.366805
0.098308 0.735493 22.428791 0.156494 0.156494
0.025018 0.557551 22.633310 30.297772 22.633310
0.480202 0.550966 29.470513 0.156494 0.156494
0.316815 0.689766 10.912119 0.156494 0.156494
0.448826 0.090314 22.633310 0.089244 0.089244
0.369192 0.243239 30.527138 0.089244 0.089244
0.000000 0.891180 10.912119 30.297772 10.912119
0.193533 0.331274 22.633310 0.089244 0.089244
0.330122 0.339163 32.523834 0.091007 0.091007
0.594539 0.497347 27.588751 0.089244 0.089244
0.899812 0.208008 22.633310 7.437881 7.437881
0.714199 0.785243 10.912119 0.156494 0.156494
0.705509 0.607322 10.912119 0.156494 0.156494
0.108110 0.687447 13.236217 0.156494 0.156494
0.189564 0.033576 22.633310 0.089244 0.089244
0.820243 0.675260 10.912119 0.156494 0.156494
0.762389 0.493344 22.633310 0.089244 0.089244
0.015851 0.620553 10.912119 30.297772 10.912119
0.959438 0.809945 15.044209 28.538509 15.044209
0.455549 0.684674 10.912119 0.156494 0.156494
0.005754 0.312834 22.633310 0.089244 0.089244
0.557586 0.015716 22.633310 0.089244 0.089244
0.247418 0.672151 10.912119 0.156494 0.156494
0.147605 0.237727 22.633310 0.089244 0.089244
0.084832 0.759279 26.354364 30.297772 26.354364
0.028093 0.878014 10.912119 30.297772 10.912119
0.814623 0.145816 23.760171 0.428819 0.428819
0.000000 1.000000 10.912119 30.297772 10.912119
0.397693 0.822702 88.665636 78.612485 78.612485
0.604508 0.726046 10.912119 0.164142 0.164142
0.656348 0.801905 14.729051 0.156494 0.156494
0.147539 0.696334 14.231065 0.156494 0.156494
0.627815 0.828473 25.794536 0.156494 0.156494
0.889919 0.532511 22.633310 27.233453 22.633310
0.770507 0.547117 22.633310 0.156494 0.156494
0.410647 0.822867 86.553743 80.414670 80.414670
0.037825 0.570816 22.633310 30.297772 22.633310
0.348368 0.443907 38.707374 1.768002 1.768002
0.235110 0.015584 22.633310 0.089244 0.089244
0.812665 0.852819 10.972343 0.156494 0.156494
0.777830 0.021102 22.633310 0.089244 0.089244
0.827382 0.882671 10.912119 0.156494 0.156494
0.882148 0.094167 22.633310 7.437881 7.437881
0.780614 0.679831 10.912119 0.156494 0.156494
0.049154 1.000000 10.912119 30.297772 10.912119
0.551208 0.303867 89.992226 89.737019 89.737019
0.187511 0.193953 22.633310 0.089244 0.089244
0.665490 0.921619 24.839625 0.156494 0.156494
0.343452 0.676593 10.912119 0.156494 0.156494
0.000000 0.542917 22.633310 30.297772 22.633310
0.279055 0.108135 22.633310 0.089244 0.089244
0.092948 0.771837 29.380543 30.297772 29.380543
0.223043 0.767655 44.800477 0.156494 0.156494
0.920788 0.771850 10.912119 7.025763 7.025763
0.654243 0.036211 28.425810 0.089244 0.089244
0.501062 0.684651 10.912119 0.156494 0.156494
0.469855 0.208313 47.896781 0.089244 0.089244
0.437794 0.401366 64.173594 7.228680 7.228680
0.877098 0.451609 22.633310 7.437881 7.437881
0.902898 0.137100 22.633310 7.437881 7.437881
0.000000 0.908291 10.912119 30.297772 10.912119
0.318579 0.868156 40.125649 20.585988 20.585988
0.369129 0.628055 10.912119 0.156494 0.156494
0.659992 0.224840 70.526061 19.599954 19.599954
0.285629 0.912201 10.912119 14.621875 10.912119
0.174055 0.983738 10.912119 0.641771 0.641771
0.461580 0.179993 37.741058 0.089244 0.089244
0.372848 0.079959 22.633310 0.089244 0.089244
0.918086 0.152460 22.633310 34.812400 22.633310
0.511967 0.299629 83.723225 27.024558 27.024558
0.680337 0.189232 58.440087 4.047267 4.047267
0.023298 0.556988 22.633310 30.297772 22.633310
0.096358 0.757809 27.578741 30.297772 27.578741
0.766364 0.157840 35.101159 1.481435 1.481435
0.011143 1.000000 10.912119 30.297772 10.912119
0.226285 0.709129 14.940340 0.156494 0.156494
0.364190 0.622088 10.912119 0.156494 0.156494
0.901730 0.000000 22.633310 7.437881 7.437881
0.648950 0.419255 37.054167 0.089244 0.089244
0.770793 0.974020 12.364306 0.156494 0.156494
0.000000 1.000000 10.912119 30.297772 10.912119
0.270807 0.491558 22.633310 0.256161 0.256161
0.462090 0.759809 18.791882 4.016714 4.016714
0.082428 0.571338 10.912119 54.049392 10.912119
0.678789 0.552230 22.633310 0.156494 0.156494
0.786690 0.693423 10.912119 0.156494 0.156494
0.000000 1.000000 10.912119 30.297772 10.912119
0.441545 0.288395 56.777999 0.208886 0.208886
0.458346 0.147005 28.394498 0.089244 0.089244
0.675141 0.074406 34.094910 0.089244 0.089244
0.052160 0.776340 19.891069 30.297772 19.891069
0.119527 0.539163 22.633310 0.156494 0.156494
0.551208 0.303867 89.992226 89.737019 89.737019
0.515498 0.718443 10.912119 0.932637 0.932637
0.951285 0.947526 0.000123 56.416091 0.000123
0.989262 0.637294 0.000123 28.538509 0.000123
0.382494 0.009966 22.633310 0.089244 0.089244
0.238590 0.859897 26.901349 0.156494 0.156494
0.493777 0.894715 44.062135 0.156494 0.156494
0.021917 1.000000 10.912119 30.297772 10.912119
0.421837 0.379302 62.344424 20.087252 20.087252
