# gen=100 CA size=200
# x0..x(D-1) consensus
0.896565 0.259270 0.202557 37.115169
0.930742 0.557863 0.453037 18.576557
0.170983 0.655465 0.094865 18.576557
0.231197 0.756887 0.147210 18.963167
0.772906 0.388806 0.286089 18.693714
0.187050 0.766336 0.280119 32.806605
0.220872 0.256910 0.778890 28.266476
0.714784 0.306789 0.905385 13.090387
0.723092 0.454099 0.309855 66.539556
0.152325 0.728307 0.308745 21.854151
0.244327 0.563506 0.341974 18.576557
0.422229 0.108138 0.922613 13.019479
0.172996 0.689607 0.208277 37.609397
0.723579 0.722242 0.405230 18.576557
0.305777 0.756345 0.289167 21.227252
0.620302 0.838299 0.106384 18.576557
0.167615 0.750101 0.257144 44.289521
0.226566 0.698859 0.242469 35.565943
0.234822 0.764238 0.228329 58.774589
0.623957 0.465952 0.908785 32.412910
0.997772 0.265648 0.212635 19.746266
0.904286 0.726231 0.844145 27.291115
0.116866 0.195673 0.860157 63.367326
0.218197 0.735005 0.270158 61.359687
0.808254 0.245469 0.179736 58.396496
0.241953 0.764586 0.283095 36.337966
0.234511 0.690050 0.175337 19.968932
0.732790 0.434614 0.345787 72.638943
0.152006 0.692767 0.232379 38.368620
0.359903 0.185614 0.446399 26.405372
0.190921 0.209740 0.832778 27.989279
0.146453 0.270787 0.822860 28.426426
0.637174 0.476676 0.927525 50.630156
0.723215 0.507309 0.320091 80.241686
0.725059 0.491896 0.346997 64.404770
0.218020 0.802699 0.291781 22.467818
0.635223 0.532727 0.906340 24.342033
0.360231 0.150221 0.417299 19.532535
0.172304 0.790288 0.234750 19.125022
0.665404 0.592104 0.926543 29.852794
0.994896 0.235285 0.178372 18.845833
0.192035 0.674834 0.187415 23.152208
0.313290 0.750940 0.332333 19.010359
0.220537 0.755207 0.176656 32.834262
0.920788 0.771850 0.827382 76.309210
0.106452 0.838299 0.765462 22.485108
0.373667 0.237370 0.474921 30.337413
0.924510 0.765328 0.789163 21.433212
0.259461 0.724062 0.280344 26.198123
0.723513 0.536483 0.300029 53.566863
0.192035 0.747657 0.187415 36.311008
0.208582 0.727620 0.243226 87.728300
0.911698 0.833555 0.835396 25.224288
0.147605 0.237727 0.814956 41.227624
0.748509 0.258831 0.763415 19.345388
0.773675 0.406018 0.368107 19.137642
0.260709 0.757498 0.198184 28.410223
0.258529 0.799300 0.304713 21.119248
0.189723 0.644963 0.169042 18.663859
0.351511 0.205682 0.410143 59.023317
0.224274 0.722242 0.299104 37.325243
0.167846 0.663522 0.151507 18.611753
0.338076 0.675543 0.863723 21.967449
0.726131 0.588216 0.316321 33.046297
0.603358 0.474143 0.932681 20.366371
0.728612 0.499580 0.259465 21.813633
0.745813 0.350270 0.340695 42.346303
0.336737 0.171842 0.419139 21.374705
0.270423 0.703199 0.182426 19.487869
0.746543 0.371664 0.260028 19.100774
0.943119 0.738742 0.818521 24.761040
0.170130 0.762413 0.214210 24.075270
0.243370 0.678119 0.207395 23.301133
0.752306 0.546847 0.338441 23.347177
0.174676 0.245970 0.808681 52.422202
0.221401 0.722124 0.201520 40.821797
0.833563 0.250485 0.200011 66.717198
0.895184 0.820218 0.834571 23.028898
0.294653 0.715708 0.292833 18.765025
0.264275 0.757918 0.281377 41.045447
0.762265 0.375266 0.328008 24.578790
0.749072 0.430913 0.312352 30.628440
0.187007 0.818665 0.291277 19.087566
0.374764 0.224130 0.438066 57.537004
0.898672 0.237784 0.193772 30.575521
0.191984 0.743758 0.302121 26.791091
0.281599 0.704842 0.233718 18.808415
0.329434 0.167613 0.451080 18.698273
0.735628 0.569945 0.268554 18.852961
0.067619 0.247786 0.862848 19.061705
0.141198 0.218789 0.840506 60.597691
0.170818 0.715342 0.193795 36.247664
0.280190 0.757594 0.324415 21.719503
0.752739 0.376613 0.390479 27.094642
0.208333 0.755892 0.331707 19.060282
0.900325 0.787261 0.778225 18.593149
0.240180 0.744318 0.314008 25.241990
0.830691 0.248115 0.235317 18.981032
0.192842 0.722242 0.160854 22.277294
0.895957 0.766241 0.858488 24.480681
0.724707 0.600069 0.279587 25.585173
0.662524 0.562700 0.936687 36.951471
0.947134 0.774914 0.878958 19.209738
0.320095 0.804816 0.282863 19.421115
0.199107 0.681811 0.277747 21.161282
0.155892 0.241067 0.863784 19.543847
0.954201 0.842582 0.744934 18.576557
0.979427 0.728974 0.890229 18.576557
0.432768 0.686707 0.680465 18.576557
0.160664 0.663181 0.479397 18.576557
0.810093 0.206061 0.388569 18.576557
0.170633 0.568502 0.295466 18.576557
0.248428 0.575451 1.000000 18.576557
0.798659 0.676860 0.057963 18.576557
0.733807 0.548950 0.425502 18.576557
0.519689 0.169653 0.040179 18.576557
0.248792 0.248574 0.967941 18.576557
0.073473 0.257705 0.550982 18.576557
0.702426 0.687612 0.092667 18.576557
0.093775 0.132714 0.896682 18.576557
0.950337 0.073729 0.072962 18.576557
0.419451 0.424492 0.184977 18.576557
0.817583 0.610947 0.533471 18.576557
0.747996 0.301379 0.241733 18.576557
0.273617 0.034625 0.308431 18.576557
0.661106 0.948950 0.840464 18.576557
0.863970 0.487710 0.771953 18.576557
0.159570 0.413863 0.097169 18.576557
0.423665 0.784411 0.601033 18.576557
0.380837 0.636007 0.052800 18.576557
0.822458 0.622014 0.980999 18.576557
0.278328 0.564908 0.038977 18.576557
0.935113 0.470649 0.913793 18.576557
0.974325 0.551215 0.749219 18.576557
0.269485 0.628871 0.477144 18.576557
0.225193 0.185330 0.439142 18.576557
0.142270 0.288977 0.013086 18.576557
0.651735 0.627552 0.829172 18.576557
0.342736 0.721078 0.690867 18.576557
0.510398 0.090302 0.257854 18.576557
0.534943 0.685332 0.790726 18.576557
0.086470 0.313213 0.407005 18.576557
0.804456 0.064179 0.187716 18.576557
0.813806 0.463840 0.398932 18.576557
0.293219 0.052575 0.674537 18.576557
0.365369 0.762447 0.595102 18.576557
0.277792 0.893414 0.806187 18.576557
0.279032 0.915796 0.704262 18.576557
0.345969 0.356801 0.334702 18.576557
0.342166 0.263884 0.468792 18.576557
0.434060 0.599335 0.765450 18.576557
0.593635 0.257465 0.150922 18.576557
0.439078 0.016870 0.133746 18.576557
0.148260 0.528814 0.192912 18.576557
1.000000 0.262023 0.000000 18.576557
0.536621 0.136862 0.041979 18.576557
0.743774 0.570171 0.530004 18.576557
0.497948 0.262291 0.608776 18.576557
0.735850 0.754751 0.451103 18.576557
0.325660 0.126319 0.448530 18.576557
0.756084 0.608435 0.206390 18.576557
0.018685 0.033330 0.153425 18.576557
0.660019 0.064949 0.315302 18.576557
0.235886 0.209794 0.807641 18.576557
0.185781 0.171366 0.931506 18.576557
0.091481 0.169201 0.138630 18.576557
0.662127 0.911858 0.906064 18.576557
0.349570 0.278769 0.426652 18.576557
0.470630 0.707622 0.608255 18.576557
0.464994 0.701821 1.000000 18.576557
0.339339 0.914842 0.542606 18.576557
0.778493 0.967336 0.761400 18.576557
0.396044 0.163286 0.282460 18.576557
0.126056 0.377748 0.099226 18.576557
0.261443 0.895055 0.368968 18.576557
0.666314 0.265336 0.324114 18.576557
0.922071 0.000000 0.328569 18.576557
0.996261 0.450654 0.855647 18.576557
0.774357 0.398624 0.580983 18.576557
0.316011 0.364270 0.203062 18.576557
0.984367 0.137451 0.375878 18.576557
0.144419 0.045477 0.954093 18.576557
0.549371 0.655750 0.181138 18.576557
0.385435 0.878053 0.897176 18.576557
0.221638 0.278701 0.339248 18.576557
0.315547 0.550948 0.313300 18.576557
0.333543 0.111678 0.107818 18.576557
0.088196 0.230438 0.028855 18.576557
0.145341 0.969303 0.372891 18.576557
0.803971 0.652600 0.604436 18.576557
0.402157 0.476132 0.000000 18.576557
0.319454 0.620847 0.276398 18.576557
0.887515 0.965415 0.893427 18.576557
0.603183 0.025716 0.135371 18.576557
0.046905 0.367486 0.174557 18.576557
0.773378 0.517396 0.643413 18.576557
0.343181 0.980980 0.000000 18.576557
0.947929 0.609800 0.986002 18.576557
0.704728 0.751415 0.348085 18.576557
0.300184 0.625564 0.672244 18.576557
