# from_x0 from_x1 to_x0 to_x1 length
1.5273931625 -2.7572002360 1.9250907746 1.3000288911 0.5823820119
-3.0647986779 2.9925873998 1.9250907746 1.3000288911 0.7527331296
1.5373774198 -2.7712061115 1.5273931625 -2.7572002360 0.0024571841
-1.0716190218 -3.0340511679 1.5273931625 -2.7572002360 0.3733879848
-0.6966341353 -1.3973228440 -1.0716190218 -3.0340511679 0.2398763828
-0.6964272092 -1.3973228440 -0.6966341353 -1.3973228440 0.0000295609
1.9506033556 1.2711532981 1.9250907746 1.3000288911 0.0055045281
1.9224687216 1.2897561937 1.9250907746 1.3000288911 0.0015145786
-3.0767244860 3.0125974900 -3.0647986779 2.9925873998 0.0033277700
-0.7945779431 0.9696910953 -0.6966341353 -1.3973228440 0.3384342090
1.5044014617 -2.7487725999 1.5273931625 -2.7572002360 0.0034982309
1.9546471935 1.2757022071 1.9506033556 1.2711532981 0.0008694967
1.5514591383 -2.7773571862 1.5373774198 -2.7712061115 0.0021952198
1.9573117873 1.2736297782 1.9546471935 1.2757022071 0.0004822359
1.6060139842 -2.7786880823 1.5514591383 -2.7773571862 0.0077958682
-1.1013945666 -3.0286440012 -1.0716190218 -3.0340511679 0.0043232181
-3.2582157406 -1.2534035063 -0.6966341353 -1.3973228440 0.3665173409
-3.0640565123 3.0084414604 -3.0767244860 3.0125974900 0.0019046138
1.5319709844 -2.7473508960 1.5273931625 -2.7572002360 0.0015516019
2.8698248487 -0.6666414174 1.9573117873 1.2736297782 0.3063055830
1.4495263192 -2.7395813240 1.5044014617 -2.7487725999 0.0079485088
-0.7215109928 -1.3812858793 -0.6966341353 -1.3973228440 0.0042282873
1.4395317941 -2.7347978333 1.4495263192 -2.7395813240 0.0015828953
-0.8649808481 0.9766044812 -0.7945779431 0.9696910953 0.0101059327
-0.7095466005 -1.3796571141 -0.7215109928 -1.3812858793 0.0017249641
-3.3017469103 -1.1493143586 -3.2582157406 -1.2534035063 0.0161178779
1.4451026112 -2.7341174841 1.4395317941 -2.7347978333 0.0008017440
-3.2454910137 -1.3572684122 -3.2582157406 -1.2534035063 0.0149487815
-0.8682940271 0.9768125545 -0.8649808481 0.9766044812 0.0004742437
1.9016296196 1.3481985875 1.9250907746 1.3000288911 0.0076541911
3.0102711731 -0.6886977314 2.8698248487 -0.6666414174 0.0203096695
-1.1191366111 -3.0275998369 -1.1013945666 -3.0286440012 0.0025389634
1.6546118810 -2.7932960720 1.6060139842 -2.7786880823 0.0072494179
1.6538179662 -2.7935853808 1.6546118810 -2.7932960720 0.0001207122
-3.0255185127 2.9651194201 -3.0647986779 2.9925873998 0.0068473461
1.6562041256 -2.7897669660 1.6546118810 -2.7932960720 0.0005530958
-3.2832325717 -1.2693371912 -3.2582157406 -1.2534035063 0.0042371635
1.8495846246 1.3929948276 1.9016296196 1.3481985875 0.0098098083
-0.6635462580 -1.3944227898 -0.6964272092 -1.3973228440 0.0047155134
-3.2962564119 -1.0798323793 -3.3017469103 -1.1493143586 0.0099569390
-3.0600397733 3.0146352982 -3.0640565123 3.0084414604 0.0010546091
-0.7672829197 0.9730667113 -0.7945779431 0.9696910953 0.0039289950
1.9181986648 1.3446477142 1.9016296196 1.3481985875 0.0024207519
-0.6586066022 -1.3973228440 -0.6635462580 -1.3944227898 0.0008182923
1.6509921402 -2.8004786113 1.6538179662 -2.7935853808 0.0010642801
-0.8336085109 0.9985675368 -0.8649808481 0.9766044812 0.0054708865
1.8456016844 1.4051297553 1.8495846246 1.3929948276 0.0018245507
-0.7665308220 -1.3774169139 -0.7215109928 -1.3812858793 0.0064551102
1.5273535893 -2.7315836039 1.5319709844 -2.7473508960 0.0023470687
1.8885538768 1.3758410694 1.9016296196 1.3481985875 0.0043684440
1.5990974251 -2.8045616603 1.6060139842 -2.7786880823 0.0038260141
1.8970344779 1.3705381869 1.8885538768 1.3758410694 0.0014288654
-0.7175960393 0.9605718775 -0.7672829197 0.9730667113 0.0073191208
-1.1276724784 -3.0130109878 -1.1191366111 -3.0275998369 0.0024146473
-1.0559707170 -3.0197360956 -1.0716190218 -3.0340511679 0.0030297529
-0.7161581885 -1.3687901840 -0.7095466005 -1.3796571141 0.0018171702
-1.1584049467 -3.0393918963 -1.1276724784 -3.0130109878 0.0057860440
1.8344000911 1.3750841611 1.8495846246 1.3929948276 0.0033544428
1.4440870793 -2.7125088611 1.4451026112 -2.7341174841 0.0030903533
1.7299069785 -2.8083614274 1.6562041256 -2.7897669660 0.0108588951
-3.2206295208 -1.4852953889 -3.2454910137 -1.3572684122 0.0186312228
-3.0857947060 3.0558968952 -3.0767244860 3.0125974900 0.0063198866
-0.7447127364 -1.4233048587 -0.7215109928 -1.3812858793 0.0068570172
1.8624166036 1.3187524647 1.9016296196 1.3481985875 0.0070054421
-1.0011076784 -3.0322270179 -1.0559707170 -3.0197360956 0.0080381439
-3.2228266043 -1.3744135819 -3.2454910137 -1.3572684122 0.0040598389
-3.3006818254 -1.2601252042 -3.2832325717 -1.2693371912 0.0028188041
-0.7764066095 0.9889942398 -0.7672829197 0.9730667113 0.0026222279
-0.6675300746 -1.3648864183 -0.6635462580 -1.3944227898 0.0042576894
-3.2639961596 -1.3894828318 -3.2454910137 -1.3572684122 0.0053073097
-3.2462970674 -1.4489169921 -3.2206295208 -1.4852953889 0.0063602893
-1.1224908794 -3.0085141344 -1.1276724784 -3.0130109878 0.0009801151
1.6235672793 -2.7571643874 1.6060139842 -2.7786880823 0.0039676951
-1.0724166034 -3.0131066639 -1.0559707170 -3.0197360956 0.0025331135
1.9967656980 1.2860796539 1.9573117873 1.2736297782 0.0059102306
-3.3310166927 -1.0923080018 -3.2962564119 -1.0798323793 0.0052758949
-2.9777336202 2.9198522794 -3.0255185127 2.9651194201 0.0094031150
1.8298667220 1.3617559023 1.8344000911 1.3750841611 0.0020111623
-1.1215630975 -3.0072202546 -1.1224908794 -3.0085141344 0.0002274483
1.7993763923 1.4188340742 1.8456016844 1.4051297553 0.0068877086
1.5577249032 -2.8147203522 1.5514591383 -2.7773571862 0.0054121292
-0.7996019930 -1.3770951966 -0.7665308220 -1.3774169139 0.0047246765
1.8230901638 1.4451246356 1.7993763923 1.4188340742 0.0050579026
1.7532364093 -2.8011561290 1.7299069785 -2.8083614274 0.0034881100
1.8893352178 1.3924723079 1.8885538768 1.3758410694 0.0023785117
1.5772250880 -2.7397782720 1.5514591383 -2.7773571862 0.0065091129
-3.1027261098 3.0723826549 -3.0857947060 3.0558968952 0.0033759434
1.7823593533 -2.8321407321 1.7532364093 -2.8011561290 0.0060746907
2.7635027789 -0.6487517468 2.8698248487 -0.6666414174 0.0154023738
-1.0278947507 -3.0171512291 -1.0559707170 -3.0197360956 0.0040278151
-1.0630376343 -3.0652437590 -1.0716190218 -3.0340511679 0.0046216393
1.4800354240 -2.7876025449 1.5044014617 -2.7487725999 0.0065488251
1.4391288184 -2.7749283818 1.4495263192 -2.7395813240 0.0052635103
-3.1457252797 3.0877325778 -3.1027261098 3.0723826549 0.0065224084
1.3134613813 -2.6942645345 1.4440870793 -2.7125088611 0.0188419465
-1.0237732407 -3.0675955747 -1.0630376343 -3.0652437590 0.0056192520
-0.6678386362 -1.4330991595 -0.6586066022 -1.3973228440 0.0052783253
-3.2042729653 -1.5879744235 -3.2206295208 -1.4852953889 0.0148533794
1.6306050016 -2.7552303734 1.6235672793 -2.7571643874 0.0010426609
-3.2213559248 -1.2716684823 -3.2582157406 -1.2534035063 0.0058767188
-0.8001553750 -1.3735517046 -0.7996019930 -1.3770951966 0.0005123489
-0.7907528053 -1.4113308976 -0.7996019930 -1.3770951966 0.0050515533
-1.0103374706 -3.0608876128 -1.0237732407 -3.0675955747 0.0021453161
-3.1139920300 3.0829139222 -3.1027261098 3.0723826549 0.0022030987
1.7917514559 1.4160202384 1.7993763923 1.4188340742 0.0011610808
2.0060643806 1.2827348140 1.9967656980 1.2860796539 0.0014117109
1.2794091786 -2.6958127614 1.3134613813 -2.6942645345 0.0048696258
1.7610584383 1.5008468614 1.8230901638 1.4451246356 0.0119120085
-3.1515012467 3.0960677999 -3.1457252797 3.0877325778 0.0014486991
1.4397919893 -2.6846102248 1.4440870793 -2.7125088611 0.0040324746
1.7320370777 -2.8415641998 1.7299069785 -2.8083614274 0.0047530042
-0.9204216079 1.0025439869 -0.8682940271 0.9768125545 0.0083046475
1.3583596366 -2.6912657730 1.3134613813 -2.6942645345 0.0064283268
1.6161729097 -2.7447687742 1.6235672793 -2.7571643874 0.0020619385
-3.2003735355 -1.4797158112 -3.2206295208 -1.4852953889 0.0030014848
-0.8852384552 1.0100542466 -0.9204216079 1.0025439869 0.0051394001
1.7076596017 -2.7786492525 1.7299069785 -2.8083614274 0.0053025968
-0.6031105831 -1.4133692589 -0.6586066022 -1.3973228440 0.0082527615
-2.9773850457 2.9310258063 -2.9777336202 2.9198522794 0.0015969947
-0.8117899556 -1.3729236467 -0.8001553750 -1.3735517046 0.0016645029
1.6064143195 -2.8453093703 1.5990974251 -2.8045616603 0.0059142043
1.2955203827 -2.6852313272 1.2794091786 -2.6958127614 0.0027536160
-0.8188784881 -1.3811258756 -0.8117899556 -1.3729236467 0.0015486917
-0.8323599070 -1.3916010654 -0.8188784881 -1.3811258756 0.0024389620
1.7264401803 1.5403985902 1.7610584383 1.5008468614 0.0075088560
1.7653800444 1.4377365106 1.7917514559 1.4160202384 0.0048802974
-1.2140599737 -3.0522941273 -1.1584049467 -3.0393918963 0.0081615695
-0.9619322970 -3.0343536412 -1.0011076784 -3.0322270179 0.0056047229
-0.8269182181 -1.3545899509 -0.8117899556 -1.3729236467 0.0033956417
-3.3332405441 -1.2023248404 -3.3017469103 -1.1493143586 0.0088085767
-0.8243687829 -1.4286238024 -0.7907528053 -1.4113308976 0.0054004507
-1.1784787969 -3.0100900229 -1.1584049467 -3.0393918963 0.0050740622
1.3910284523 -2.6754417600 1.3583596366 -2.6912657730 0.0051856374
-0.9630235764 -3.0174982633 -0.9619322970 -3.0343536412 0.0024129525
-3.0832827395 3.0733070411 -3.0857947060 3.0558968952 0.0025129183
1.7166932531 -2.8515698200 1.7320370777 -2.8415641998 0.0026168426
1.7269722401 -2.8549455304 1.7166932531 -2.8515698200 0.0015455862
-1.1236369714 -2.9968876873 -1.1215630975 -3.0072202546 0.0015055198
1.7385955984 1.5364050978 1.7264401803 1.5403985902 0.0018278021
-3.1523687127 3.1140677158 -3.1515012467 3.0960677999 0.0025744009
-0.8254776019 -1.4294465586 -0.8243687829 -1.4286238024 0.0001972467
1.3445217259 -2.6746423536 1.3583596366 -2.6912657730 0.0030898974
-0.6083039038 -1.3509467714 -0.6675300746 -1.3648864183 0.0086920713
-3.1922592677 -1.6881595187 -3.2042729653 -1.5879744235 0.0144146908
1.4486879587 -2.6709056279 1.4397919893 -2.6846102248 0.0023341049
-0.5877191654 -1.4434342994 -0.6031105831 -1.4133692589 0.0048251095
3.2417529824 -0.7302447707 3.0102711731 -0.6886977314 0.0335972498
-0.9715210636 -3.0540466280 -0.9619322970 -3.0343536412 0.0031290547
1.9346637239 1.3821199998 1.8970344779 1.3705381869 0.0056244701
0.3011493834 -1.3846998051 -0.5877191654 -1.4434342994 0.1272581370
1.2841251390 -2.7369101830 1.2794091786 -2.6958127614 0.0059095881
-0.8507485720 -1.4009978476 -0.8323599070 -1.3916010654 0.0029500692
-1.0094237106 -3.0816925183 -1.0237732407 -3.0675955747 0.0028736411
-0.9478878266 -3.0169015768 -0.9630235764 -3.0174982633 0.0021639295
0.2895680244 -1.4296570933 0.3011493834 -1.3846998051 0.0066321506
-3.1139857901 3.1059536629 -3.1139920300 3.0829139222 0.0032913917
0.3110337094 -1.3963422719 0.3011493834 -1.3846998051 0.0021817749
-0.8372082218 -1.3857615274 -0.8323599070 -1.3916010654 0.0010842693
-3.3700791371 -0.8831440454 -3.2962564119 -1.0798323793 0.0300122748
-1.1748922934 -2.9967943425 -1.1784787969 -3.0100900229 0.0019672737
1.2750299462 -2.7303981475 1.2841251390 -2.7369101830 0.0015980162
-0.9677074551 -3.0124732031 -0.9630235764 -3.0174982633 0.0009813563
1.6180935863 -2.7300877252 1.6161729097 -2.7447687742 0.0021151649
-0.6709752078 0.9677364072 -0.7175960393 0.9605718775 0.0067383042
1.8830716893 1.4319297711 1.8893352178 1.3924723079 0.0057073586
-3.0894850359 3.0875192479 -3.0832827395 3.0733070411 0.0022152316
-0.5902013517 -1.3966660351 -0.6031105831 -1.4133692589 0.0030157611
-1.2313546096 -3.0480358943 -1.2140599737 -3.0522941273 0.0025444497
-3.1840727791 -1.4677628669 -3.2003735355 -1.4797158112 0.0028876498
1.6829150137 -2.8600413963 1.7166932531 -2.8515698200 0.0049749106
-0.6060419765 0.9374872173 -0.6709752078 0.9677364072 0.0102333369
-0.5952512529 -1.3768587115 -0.5902013517 -1.3966660351 0.0029201327
-3.1899045210 3.1347998994 -3.1523687127 3.1140677158 0.0061258241
-0.8577601358 1.0303422175 -0.8852384552 1.0100542466 0.0048794860
1.3957538144 -2.6590549760 1.3910284523 -2.6754417600 0.0024363562
-0.7606940033 -1.4513457636 -0.7447127364 -1.4233048587 0.0046107533
1.8378516793 1.2795909232 1.8624166036 1.3187524647 0.0066040523
-3.2000782448 -1.2797886299 -3.2213559248 -1.2716684823 0.0032534956
1.8066715403 1.3300538395 1.8298667220 1.3617559023 0.0056116447
1.5504708198 -2.6943454617 1.5273535893 -2.7315836039 0.0062614558
1.4573180169 -2.8080423716 1.4800354240 -2.7876025449 0.0043656056
-3.0886045017 3.0081984091 -3.0767244860 3.0125974900 0.0018097620
1.8064166839 -2.8782577883 1.7823593533 -2.8321407321 0.0074306838
-0.6033596047 -1.4411428296 -0.5877191654 -1.4434342994 0.0022582013
2.0044584748 1.3339308708 1.9967656980 1.2860796539 0.0069236621
1.7052919052 1.5095842539 1.7264401803 1.5403985902 0.0053390606
1.9428986554 1.3887948510 1.9346637239 1.3821199998 0.0015143378
3.1410361079 -0.6990914076 3.2417529824 -0.7302447707 0.0150607076
-0.6034613540 -1.3582975296 -0.6083039038 -1.3509467714 0.0012574994
0.3421566278 -1.2633231931 0.3011493834 -1.3846998051 0.0183023786
2.7485595326 -0.6059132811 2.7635027789 -0.6487517468 0.0064814252
-0.5811489091 -1.4338956110 -0.5877191654 -1.4434342994 0.0016546462
-0.5757777532 -1.3626255863 -0.5952512529 -1.3768587115 0.0034457873
-0.9210381758 -3.0158083564 -0.9478878266 -3.0169015768 0.0038388425
-2.9042658838 2.8478670354 -2.9777336202 2.9198522794 0.0146937330
-3.1657683943 -1.8048116924 -3.1922592677 -1.6881595187 0.0170889008
1.7533842680 1.5472555712 1.7385955984 1.5364050978 0.0026203190
-1.0026788011 1.0144092522 -0.9204216079 1.0025439869 0.0118726494
0.3638338911 -1.2675549501 0.3421566278 -1.2633231931 0.0031552079
1.8196451505 -2.7907026115 1.7823593533 -2.8321407321 0.0079633709
-1.1910605733 -3.0678107143 -1.2140599737 -3.0522941273 0.0039634475
1.6181006787 -2.7118126567 1.6180935863 -2.7300877252 0.0026107243
1.7354603926 -2.8699118404 1.7269722401 -2.8549455304 0.0024579698
1.8258847497 1.2850650701 1.8378516793 1.2795909232 0.0018799353
0.2392291165 -1.5104885138 0.2895680244 -1.4296570933 0.0136035141
1.8907160869 1.4400175761 1.8830716893 1.4319297711 0.0015898235
1.8979047951 1.4340277694 1.8907160869 1.4400175761 0.0013367285
-3.3106569640 -1.3417978476 -3.2639961596 -1.3894828318 0.0095309254
1.4164069688 -2.7968891552 1.4391288184 -2.7749283818 0.0045142812
-0.8273756294 -1.3411168323 -0.8269182181 -1.3545899509 0.0019258401
-3.1131114636 3.1210942695 -3.1139857901 3.1059536629 0.0021665472
-3.2654182222 -1.0200012626 -3.2962564119 -1.0798323793 0.0096158420
-3.3085568284 -1.3519502118 -3.3106569640 -1.3417978476 0.0014810439
-1.2048997168 -3.0675131581 -1.1910605733 -3.0678107143 0.0019774774
-0.8269262187 -1.4366564658 -0.8254776019 -1.4294465586 0.0010505708
0.2861077675 -1.4946019122 0.2392291165 -1.5104885138 0.0070710563
-0.8407549082 -1.4437308116 -0.8269262187 -1.4366564658 0.0022190227
-3.2755393909 -0.9802820637 -3.2654182222 -1.0200012626 0.0058554925
-1.0390573564 1.0037486458 -1.0026788011 1.0144092522 0.0054154876
-0.8306632951 -1.4471758843 -0.8407549082 -1.4437308116 0.0015233501
-3.3191263777 -1.3192649134 -3.3106569640 -1.3417978476 0.0034388658
2.0289174952 1.3231719545 2.0044584748 1.3339308708 0.0038172486
3.0983543017 -0.6820115814 3.1410361079 -0.6990914076 0.0065674787
-0.9655053467 -3.0039269876 -0.9677074551 -3.0124732031 0.0012607665
-3.2878104942 -1.4350218079 -3.2462970674 -1.4489169921 0.0062538816
-0.9847936567 -3.0906946664 -1.0094237106 -3.0816925183 0.0037462314
-3.2194206433 3.1349988997 -3.1899045210 3.1347998994 0.0042166847
1.8638032293 1.4691175951 1.8907160869 1.4400175761 0.0056624668
-1.0064548901 1.0363282179 -1.0026788011 1.0144092522 0.0031774072
2.6098396194 -0.6051986842 2.7485595326 -0.6059132811 0.0198173934
-3.1619697369 3.1480344554 -3.1899045210 3.1347998994 0.0044158935
-0.8236369602 -1.3387155884 -0.8273756294 -1.3411168323 0.0006347685
-0.9755715107 -3.0015519217 -0.9655053467 -3.0039269876 0.0014775089
-0.7428546118 1.0043902522 -0.7764066095 0.9889942398 0.0052736808
1.5917875846 -2.8712138794 1.6064143195 -2.8453093703 0.0042498138
1.8624166036 -2.8798534944 1.8064166839 -2.8782577883 0.0080032357
-0.7145026944 -1.3296568943 -0.7161581885 -1.3687901840 0.0055954701
-0.6283827444 -1.4599868435 -0.6033596047 -1.4411428296 0.0044749972
-3.0798806440 3.0893414763 -3.0894850359 3.0875192479 0.0013965326
2.8639480956 -0.6247633831 2.8698248487 -0.6666414174 0.0060411953
1.0612694619 -2.6251681437 1.2794091786 -2.6958127614 0.0327562420
-3.2808763166 -1.4685283794 -3.2878104942 -1.4350218079 0.0048880804
-0.5276349798 -1.4444099943 -0.5811489091 -1.4338956110 0.0077910112
-3.2985088314 -1.4072524187 -3.2878104942 -1.4350218079 0.0042512745
-0.9643529290 1.0391006974 -1.0064548901 1.0363282179 0.0060275926
1.7519103138 1.3853913818 1.7917514559 1.4160202384 0.0071791129
-0.9070494523 -3.0111013108 -0.9210381758 -3.0158083564 0.0021084895
-0.5689461297 -1.4484615686 -0.5811489091 -1.4338956110 0.0027145675
-0.5362339080 -1.4040733400 -0.5276349798 -1.4444099943 0.0058918609
2.5272451933 -0.5957334198 2.6098396194 -0.6051986842 0.0118764305
2.0174107659 1.2481239132 2.0060643806 1.2827348140 0.0052033249
-3.2328086100 -1.1101383716 -3.2962564119 -1.0798323793 0.0100448756
2.6884972717 -0.5960597858 2.7485595326 -0.6059132811 0.0086950215
0.3756450307 -1.1767141731 0.3638338911 -1.2675549501 0.0130864861
-3.1559797020 -1.5680102009 -3.2042729653 -1.5879744235 0.0074653068
-3.1470363574 -1.8077887723 -3.1657683943 -1.8048116924 0.0027095907
2.0304185907 -2.8722073531 1.8624166036 -2.8798534944 0.0240251276
1.7475497827 1.3878753142 1.7519103138 1.3853913818 0.0007169116
-0.5467759115 -1.3517599319 -0.5757777532 -1.3626255863 0.0044243511
-0.8687868663 -1.3536529904 -0.8269182181 -1.3545899509 0.0059827330
1.4147098487 -2.8144071784 1.4164069688 -2.7968891552 0.0025142912
1.4846021579 -2.6613902914 1.4486879587 -2.6709056279 0.0053076213
1.7078967766 -2.7316499937 1.7076596017 -2.7786492525 0.0067142653
0.3750704071 -1.2737479054 0.3638338911 -1.2675549501 0.0018328743
-0.8969394345 1.0555402558 -0.8577601358 1.0303422175 0.0066546877
1.7933781983 1.3092489041 1.8066715403 1.3300538395 0.0035270334
-0.6574168828 0.9846572808 -0.6709752078 0.9677364072 0.0030975439
-3.3806808254 -1.0799952475 -3.3310166927 -1.0923080018 0.0073096665
-0.5403266812 0.9411220975 -0.6060419765 0.9374872173 0.0094022494
-3.4070644004 -0.7009440050 -3.3700791371 -0.8831440454 0.0265594306
1.3530227939 -2.7822756639 1.4164069688 -2.7968891552 0.0092924237
-0.6050435336 -1.3403451988 -0.6083039038 -1.3509467714 0.0015845128
1.3180582182 -2.7719836426 1.3530227939 -2.7822756639 0.0052068386
1.9647739133 1.3973445385 1.9428986554 1.3887948510 0.0033552398
-1.0094237106 1.0476335973 -1.0064548901 1.0363282179 0.0016698130
-0.8765688035 -1.4150958199 -0.8507485720 -1.4009978476 0.0042026162
1.6972165081 1.4621473465 1.7052919052 1.5095842539 0.0068741934
-0.8882859803 -3.0280945778 -0.9070494523 -3.0111013108 0.0036163997
1.7084249918 -2.8765207090 1.7166932531 -2.8515698200 0.0037550266
-3.1464746165 -1.6175420749 -3.1559797020 -1.5680102009 0.0072050906
1.9989239050 -2.8439840041 2.0304185907 -2.8722073531 0.0060414768
1.4979166569 -2.6537929265 1.4846021579 -2.6613902914 0.0021899391
-1.2847681932 -3.0552550664 -1.2313546096 -3.0480358943 0.0076998905
-0.6574902682 -1.4729075213 -0.6283827444 -1.4599868435 0.0045494827
1.6950004815 1.6214127330 1.7264401803 1.5403985902 0.0124143975
-3.1431082982 -1.6463965052 -3.1464746165 -1.6175420749 0.0041500190
1.7119347325 1.4313778673 1.6972165081 1.4621473465 0.0048726370
2.7442607853 -0.6483081034 2.7635027789 -0.6487517468 0.0027495867
2.0017611386 1.3675013915 2.0044584748 1.3339308708 0.0048112442
2.6440202308 -0.5888600968 2.6098396194 -0.6051986842 0.0054121248
1.7089842271 1.4343168942 1.7119347325 1.4313778673 0.0005949337
-3.1355230476 -1.8094122957 -3.1470363574 -1.8077887723 0.0016610307
1.3874099027 -2.6279599879 1.3957538144 -2.6590549760 0.0045992882
-0.8435256613 -1.4596354303 -0.8407549082 -1.4437308116 0.0023063089
-0.5352214411 -1.4141463256 -0.5362339080 -1.4040733400 0.0014462487
1.9467789236 -2.8994508140 1.9989239050 -2.8439840041 0.0108756103
-0.8902164205 -3.0078059725 -0.9070494523 -3.0111013108 0.0024503653
-3.2571886284 3.1846101357 -3.2194206433 3.1349988997 0.0089073410
-3.1417754922 -1.6266284222 -3.1464746165 -1.6175420749 0.0014613628
-0.5554815397 0.9330808950 -0.5403266812 0.9411220975 0.0024508669
-0.9308614243 -3.0808721850 -0.9715210636 -3.0540466280 0.0069587953
0.1841520470 -1.6207493857 0.2392291165 -1.5104885138 0.0176073636
1.6504791156 1.5345194178 1.7052919052 1.5095842539 0.0086025676
-3.3653136485 -1.2012545163 -3.3332405441 -1.2023248404 0.0045844226
-2.9959084728 2.9215559309 -2.9777336202 2.9198522794 0.0026077893
1.5267306351 -2.6614522200 1.4979166569 -2.6537929265 0.0042592280
-3.1563799151 -1.4255120588 -3.1840727791 -1.4677628669 0.0072167966
-1.2346716734 -2.9878515691 -1.2313546096 -3.0480358943 0.0086108094
-2.9792726232 2.9760501657 -2.9773850457 2.9310258063 0.0064377013
1.6425278164 -2.7017498658 1.6181006787 -2.7118126567 0.0037740922
0.6941716010 0.3878884023 -0.5403266812 0.9411220975 0.1932563873
-2.8573857664 2.8035418153 -2.9042658838 2.8478670354 0.0092167445
-0.5243464056 -1.3637946934 -0.5467759115 -1.3517599319 0.0036363197
1.7970635389 -2.7530186008 1.8196451505 -2.7907026115 0.0062759890
-0.8587507338 -1.4669645773 -0.8435256613 -1.4596354303 0.0024139020
1.6664690214 -2.8811374564 1.6829150137 -2.8600413963 0.0038213002
0.7003700541 0.3746882809 0.6941716010 0.3878884023 0.0020832864
-0.5261103903 -1.4581152435 -0.5276349798 -1.4444099943 0.0019699696
0.2857549303 -1.3267582795 0.3011493834 -1.3846998051 0.0085645324
-0.9069018053 -1.3445246864 -0.8687868663 -1.3536529904 0.0055989695
1.1074633221 -2.6170465659 1.0612694619 -2.6251681437 0.0067003392
0.6889175849 0.3965635456 0.6941716010 0.3878884023 0.0014488757
1.7505172677 1.3493100804 1.7519103138 1.3853913818 0.0051583119
-3.1565551101 -1.3911379563 -3.1563799151 -1.4255120588 0.0049106498
-3.1604601246 3.1753301488 -3.1619697369 3.1480344554 0.0039053438
-3.0804292723 3.1061507754 -3.0798806440 3.0893414763 0.0024026071
1.6265022110 -2.7032690869 1.6181006787 -2.7118126567 0.0017117739
-2.8503081398 2.7967164747 -2.8573857664 2.8035418153 0.0014046430
-3.0572199581 3.0789488863 -3.0798806440 3.0893414763 0.0035614507
2.9380117066 -0.6370367662 2.8698248487 -0.6666414174 0.0106194690
-0.9146336471 -1.3869538010 -0.9069018053 -1.3445246864 0.0061611209
1.5649461642 -2.8782733382 1.5917875846 -2.8712138794 0.0039648913
-0.5346992265 -1.4582292230 -0.5261103903 -1.4581152435 0.0012270846
-0.8625340294 -3.0254339556 -0.8882859803 -3.0280945778 0.0036984329
-0.8575515299 -1.4569596795 -0.8587507338 -1.4669645773 0.0014395015
2.0204569203 1.3648525547 2.0017611386 1.3675013915 0.0026974992
0.4466711051 -1.1085721053 0.3756450307 -1.1767141731 0.0140611236
-0.7754590173 -1.3047573909 -0.8236369602 -1.3387155884 0.0084204239
3.2945760797 -0.7443423492 3.2417529824 -0.7302447707 0.0078102775
0.9669716106 -2.6071014522 1.0612694619 -2.6251681437 0.0137161383
1.7429223448 1.6048620269 1.6950004815 1.6214127330 0.0072427738
-3.1341404680 3.1651878820 -3.1604601246 3.1753301488 0.0040294576
1.3717088565 -2.7956925001 1.3530227939 -2.7822756639 0.0032862746
0.9626729270 -2.5871495010 0.9669716106 -2.6071014522 0.0029156826
-3.4299647474 -0.6633183983 -3.4070644004 -0.7009440050 0.0062923864
-0.8211249452 1.0564826860 -0.8577601358 1.0303422175 0.0064293036
-0.6202382405 -1.4787962994 -0.6283827444 -1.4599868435 0.0029281483
1.8655392753 -2.9230736066 1.8624166036 -2.8798534944 0.0061903961
-0.5840930835 -1.3182196660 -0.6050435336 -1.3403451988 0.0043529501
-3.1490632628 -1.4154689497 -3.1563799151 -1.4255120588 0.0017750967
-2.2210922980 0.8631521805 -1.0390573564 1.0037486458 0.1700524510
1.6625633949 -2.7160614062 1.6425278164 -2.7017498658 0.0035174335
-0.7287186834 -1.3076224666 -0.7145026944 -1.3296568943 0.0037460465
-2.2285050075 0.8655530752 -2.2210922980 0.8631521805 0.0011131180
2.0657660737 1.2711948051 2.0174107659 1.2481239132 0.0076538664
1.2847200130 -2.7720275041 1.3180582182 -2.7719836426 0.0047626049
-0.5756289676 -1.4849876814 -0.5689461297 -1.4484615686 0.0053046326
1.8107029233 1.2511428337 1.8258847497 1.2850650701 0.0053092257
2.0271263992 2.8436309978 1.6950004815 1.6214127330 0.1809343726
-0.9221620721 -3.0917085769 -0.9308614243 -3.0808721850 0.0019851804
-3.3315963760 -1.3631083785 -3.3085568284 -1.3519502118 0.0036570464
1.5919438455 -2.6725731814 1.6265022110 -2.7032690869 0.0066032139
-1.3159464693 -3.0547972387 -1.2847681932 -3.0552550664 0.0044545196
-1.2942966786 -3.0149909788 -1.2847681932 -3.0552550664 0.0059108837
1.6315871290 -2.9109316581 1.6664690214 -2.8811374564 0.0065534550
2.0311178712 2.8382691885 2.0271263992 2.8436309978 0.0009549105
2.7606432755 -0.5911659583 2.7485595326 -0.6059132811 0.0027236694
0.5564506946 0.4042448113 0.6889175849 0.3965635456 0.0189556296
1.6264187972 -2.8857574876 1.6315871290 -2.9109316581 0.0036713188
1.5373552746 -2.8630913395 1.5649461642 -2.8782733382 0.0044988667
-0.4772454206 -1.3806291208 -0.5243464056 -1.3637946934 0.0071455720
-2.2765804146 0.8582169613 -2.2285050075 0.8655530752 0.0069474167
-2.9174300320 2.9040890391 -2.9042658838 2.8478670354 0.0082489437
-1.3198918980 -3.0647769434 -1.3159464693 -3.0547972387 0.0015330436
2.0695143776 2.8849276653 2.0271263992 2.8436309978 0.0084541446
1.7087094744 1.6396886649 1.6950004815 1.6214127330 0.0032637345
1.5473111664 -2.6690681814 1.5267306351 -2.6614522200 0.0031349288
1.7269722401 -2.7242627342 1.7078967766 -2.7316499937 0.0029222752
3.2282412311 -0.7023297925 3.2417529824 -0.7302447707 0.0044304453
-3.2668647053 -0.9007269147 -3.2755393909 -0.9802820637 0.0114323850
0.2566004909 -1.6254913828 0.1841520470 -1.6207493857 0.0103719240
-3.4310940734 -0.7959701187 -3.4070644004 -0.7009440050 0.0140024688
1.9043557904 1.4822854728 1.8638032293 1.4691175951 0.0060909823
-0.7257300148 -1.4752897073 -0.7606940033 -1.4513457636 0.0060538282
-0.9283305480 -1.3835292250 -0.9146336471 -1.3869538010 0.0020169325
0.3759984597 -1.3228363869 0.3750704071 -1.2737479054 0.0070138934
-0.6013748290 0.9875585762 -0.6060419765 0.9374872173 0.0071840573
-0.9255207955 -1.3018648915 -0.9069018053 -1.3445246864 0.0066494206
-0.4853187103 -1.4422529581 -0.5276349798 -1.4444099943 0.0060530301
-0.9188003891 -1.4160434083 -0.9146336471 -1.3869538010 0.0041980729
1.5062677952 -2.8626461685 1.5373552746 -2.8630913395 0.0044415238
-3.2173826923 3.2194660887 -3.2571886284 3.1846101357 0.0075585470
2.6610903636 -0.5796739411 2.6440202308 -0.5888600968 0.0027692734
-3.1604180347 -1.2946084218 -3.2000782448 -1.2797886299 0.0060483739
1.6953931344 1.4031800473 1.7119347325 1.4313778673 0.0046702303
-1.2416029920 -3.0864638790 -1.2313546096 -3.0480358943 0.0056815838
1.6420929131 1.4900472867 1.6504791156 1.5345194178 0.0064651323
-2.1171055738 0.8874588863 -2.2210922980 0.8631521805 0.0152556813
2.1223695476 2.9642846631 2.0695143776 2.8849276653 0.0136211136
-3.1425798593 -1.3859538752 -3.1565551101 -1.3911379563 0.0021293974
-3.0482664184 3.0809018477 -3.0572199581 3.0789488863 0.0013091509
-0.8812143582 -3.0823336056 -0.9221620721 -3.0917085769 0.0060010294
2.6790152907 -0.5824219044 2.6884972717 -0.5960597858 0.0023728901
1.5245572975 -2.6467835781 1.5267306351 -2.6614522200 0.0021183959
2.0635890081 1.2604999710 2.0657660737 1.2711948051 0.0015591670
-3.1250059493 -1.5385043632 -3.1559797020 -1.5680102009 0.0061111604
1.3213598279 -2.8045589662 1.3180582182 -2.7719836426 0.0046774586
1.5355194421 1.7748519340 1.7087094744 1.6396886649 0.0313843509
-1.3321557775 -3.0380046364 -1.3159464693 -3.0547972387 0.0033342170
-0.6387587719 -1.3030180692 -0.6050435336 -1.3403451988 0.0071856318
-2.2892786068 0.8322868593 -2.2765804146 0.8582169613 0.0041246256
-2.0845672572 0.8697697153 -2.1171055738 0.8874588863 0.0052908254
-0.4627190577 -1.4220958713 -0.4853187103 -1.4422529581 0.0043261248
-0.5383896379 -1.4907786043 -0.5346992265 -1.4582292230 0.0046797029
-0.6865984870 -1.4859961586 -0.6574902682 -1.4729075213 0.0045593609
-0.4930630979 0.9423197019 -0.5403266812 0.9411220975 0.0067541077
-0.4842316912 -1.4535027489 -0.4853187103 -1.4422529581 0.0016145980
-0.8900671557 -1.3053717992 -0.9255207955 -1.3018648915 0.0050895230
1.3863782634 -2.8179926933 1.3717088565 -2.7956925001 0.0038132158
1.6423778536 -2.6904912067 1.6425278164 -2.7017498658 0.0016085225
3.3141418333 -0.7205382067 3.2945760797 -0.7443423492 0.0044018918
-1.1028872541 1.0559432903 -1.0390573564 1.0037486458 0.0117790343
1.3388149604 -2.8057432263 1.3213598279 -2.8045589662 0.0024993228
-2.1704130451 0.8356207403 -2.2210922980 0.8631521805 0.0082392377
1.7374759628 1.3264252320 1.7505172677 1.3493100804 0.0037628472
1.7758581300 -2.9455662332 1.8064166839 -2.8782577883 0.0105600827
0.1708518986 -1.6548627316 0.1841520470 -1.6207493857 0.0052306286
-0.5078057198 -1.4673925994 -0.5261103903 -1.4581152435 0.0029316371
1.5636360423 1.6161118318 1.6504791156 1.5345194178 0.0170228187
-0.9503350986 -1.3487015724 -0.9283305480 -1.3835292250 0.0058852386
-3.1584296891 -1.2804073777 -3.1604180347 -1.2946084218 0.0020485095
1.9009520421 1.4995309113 1.9043557904 1.4822854728 0.0025111614
0.6962873287 0.3399912454 0.7003700541 0.3746882809 0.0049909161
-1.2921179454 -2.9863997047 -1.2942966786 -3.0149909788 0.0040963095
0.6043344495 0.3391808155 0.5564506946 0.4042448113 0.0115406801
3.5000000000 -0.7703380171 3.3141418333 -0.7205382067 0.0274877632
-0.4931054007 -1.3611991571 -0.4772454206 -1.3806291208 0.0035830168
-3.3127276155 -1.4869394842 -3.2808763166 -1.4685283794 0.0052556559
-3.4561338778 -0.6330885971 -3.4299647474 -0.6633183983 0.0057119000
-3.1457477581 -1.3256873704 -3.1604180347 -1.2946084218 0.0049096283
-2.0465800509 0.8595858614 -2.0845672572 0.8697697153 0.0056183713
1.9938020372 1.4185752504 1.9647739133 1.3973445385 0.0051376464
1.1115701209 -2.5730748977 1.1074633221 -2.6170465659 0.0063090046
-0.4360934949 -1.4310708232 -0.4627190577 -1.4220958713 0.0040139307
-0.8824431231 1.0716793381 -0.8969394345 1.0555402558 0.0030990881
0.4140825734 -1.2318500150 0.3750704071 -1.2737479054 0.0081783466
-2.0392856555 0.8569506504 -2.0465800509 0.8595858614 0.0011079724
-0.9729792656 -1.3701229506 -0.9503350986 -1.3487015724 0.0044530057
-0.8140819583 -1.2966033389 -0.7754590173 -1.3047573909 0.0056391853
-0.9722198714 -1.4247655573 -0.9188003891 -1.4160434083 0.0077324086
-3.2479896716 3.2496214303 -3.2173826923 3.2194660887 0.0061380909
2.0966634956 1.3113641558 2.0657660737 1.2711948051 0.0072396688
1.5833696954 1.5603913099 1.5636360423 1.6161118318 0.0084445292
-3.3145565455 3.2492434439 -3.2479896716 3.2496214303 0.0095097067
1.9680915700 2.8388152390 2.0271263992 2.8436309978 0.0084615609
-1.1475137127 -2.9541776122 -1.1236369714 -2.9968876873 0.0069901524
0.3003586869 -1.5438815332 0.2861077675 -1.4946019122 0.0073284040
0.1379555390 -1.6974239976 0.1708518986 -1.6548627316 0.0076846412
0.8733348163 0.3389081416 0.7003700541 0.3746882809 0.0252324003
-3.2920224773 -0.7537278241 -3.4070644004 -0.7009440050 0.0180818861
-2.0571292872 0.9030069195 -2.0845672572 0.8697697153 0.0061570500
1.7334285481 -2.9510610687 1.7758581300 -2.9455662332 0.0061119866
-0.4973406556 -1.3009984613 -0.4931054007 -1.3611991571 0.0086213560
-0.8094740321 -1.4908185559 -0.8435256613 -1.4596354303 0.0065960730
0.1328303009 -1.7959348829 0.1379555390 -1.6974239976 0.0140920173
0.1983471973 -1.5310221438 0.2392291165 -1.5104885138 0.0065355562
2.4672627643 -0.5987577370 2.5272451933 -0.5957334198 0.0085798034
0.3690641748 -1.0680637518 0.4466711051 -1.1085721053 0.0125061310
2.0473160675 -2.9650331963 2.0304185907 -2.8722073531 0.0134787527
1.5787184331 1.7763145904 1.5355194421 1.7748519340 0.0061748208
0.8346103373 0.3963285752 0.8733348163 0.3389081416 0.0098940216
1.8420282780 1.5718659084 1.7533842680 1.5472555712 0.0131424140
1.8546509050 1.2110548132 1.8107029233 1.2511428337 0.0084978682
0.4399566188 -0.9554310415 0.3690641748 -1.0680637518 0.0190122764
-0.7970478925 -3.0016053752 -0.8625340294 -3.0254339556 0.0099552421
0.6386906247 0.4482386350 0.6889175849 0.3965635456 0.0102947008
0.5436717778 0.3569453809 0.5564506946 0.4042448113 0.0069993248
1.3127448768 -2.5630915896 1.3874099027 -2.6279599879 0.0141297018
-2.4484224858 0.8769602507 -2.2892786068 0.8322868593 0.0236135926
-0.9911340358 -2.9611655482 -0.9755715107 -3.0015519217 0.0061830105
-1.0739707413 -2.9524158040 -1.0724166034 -3.0131066639 0.0086729651
2.0785263351 1.3556084237 2.0966634956 1.3113641558 0.0068310692
0.9227876618 0.3487193643 0.8733348163 0.3389081416 0.0072023863
1.9148603793 1.2098179100 1.8546509050 1.2110548132 0.0086031683
0.8169512907 0.3173339222 0.8733348163 0.3389081416 0.0086242999
1.8449408336 -2.7395868432 1.7970635389 -2.7530186008 0.0071036746
-3.0647986779 -1.9939450379 -3.1355230476 -1.8094122957 0.0282316472
-0.3917598114 -1.4082714943 -0.4360934949 -1.4310708232 0.0071218045
-3.4293414881 -1.0661700106 -3.3806808254 -1.0799952475 0.0072266475
1.4579349396 -2.6186136406 1.4846021579 -2.6613902914 0.0072011654
-3.0946932615 -1.6008037553 -3.1417754922 -1.6266284222 0.0076713752
1.9775312024 -2.9924535608 2.0473160675 -2.9650331963 0.0107112413
0.3994352171 0.4497384872 0.5564506946 0.4042448113 0.0233533351
-1.3799220047 -3.0236940844 -1.3321557775 -3.0380046364 0.0071234083
0.2092852922 -1.4456026241 0.2392291165 -1.5104885138 0.0102088510
-0.8062119246 -3.0769906864 -0.8812143582 -3.0823336056 0.0107417855
2.1110356048 3.0193830151 2.1223695476 2.9642846631 0.0080359989
-0.6600694667 1.0328528720 -0.6574168828 0.9846572808 0.0068955046
1.4316985442 1.8165870772 1.5355194421 1.7748519340 0.0159850702
1.2353078464 -2.7998036407 1.2847200130 -2.7720275041 0.0080977144
0.2938672873 -1.2243304315 0.3421566278 -1.2633231931 0.0088666952
2.1795161679 3.0210895598 2.1110356048 3.0193830151 0.0097859748
2.1702447010 2.9749042261 2.1795161679 3.0210895598 0.0067295346
-3.2285749577 -0.9195641638 -3.2668647053 -0.9007269147 0.0060960789
-3.2347519109 -1.8477670334 -3.1657683943 -1.8048116924 0.0116091861
1.3881039511 -2.5678012930 1.3874099027 -2.6279599879 0.0085946712
-3.5000000000 -0.3772653707 -3.4561338778 -0.6330885971 0.0370795504
-3.4187624841 -1.1504079812 -3.3653136485 -1.2012545163 0.0105387024
-3.3537435219 -1.4182407438 -3.2985088314 -1.4072524187 0.0080452982
-3.4991412042 -0.2441877318 -3.5000000000 -0.3772653707 0.0190114871
1.4925731647 1.8627561327 1.4316985442 1.8165870772 0.0109146046
-0.9012955016 -3.1296115481 -0.9221620721 -3.0917085769 0.0061810259
-1.0057255285 -1.3425368220 -0.9729792656 -1.3701229506 0.0061167422
-3.5000000000 -0.4788352821 -3.5000000000 -0.3772653707 0.0145099873
-0.7913242136 1.0907569578 -0.8211249452 1.0564826860 0.0064883087
1.7642878597 -2.6856845601 1.7269722401 -2.7242627342 0.0076674917
-2.4867683220 0.8308697658 -2.4484224858 0.8769602507 0.0085651596
2.0186924128 -2.7789275749 1.9989239050 -2.8439840041 0.0097133748
-3.5000000000 -0.1879587856 -3.4991412042 -0.2441877318 0.0080336434
-3.4851560315 -0.6964788663 -3.4299647474 -0.6633183983 0.0091981525
-0.7654191995 -3.0540742565 -0.8062119246 -3.0769906864 0.0066841408
-3.2268009481 -1.8935786082 -3.2347519109 -1.8477670334 0.0066423474
-3.5000000000 -0.5359911573 -3.5000000000 -0.4788352821 0.0081651250
2.0073870675 2.9813178940 2.1110356048 3.0193830151 0.0157738952
-1.0103202264 -3.1353654730 -0.9847936567 -3.0906946664 0.0073499781
2.1631558811 2.9136028047 2.1702447010 2.9749042261 0.0088157045
-1.9179429460 0.8604591253 -2.0392856555 0.8569506504 0.0173419172
-0.8590922561 -2.9719146931 -0.8902164205 -3.0078059725 0.0067866880
1.7283337512 1.2756283894 1.7374759628 1.3264252320 0.0073732822
-1.0324814816 -1.4094794804 -0.9722198714 -1.4247655573 0.0088814480
-2.2235842764 0.9241105426 -2.2285050075 0.8655530752 0.0083948363
-3.2552974530 3.2966932141 -3.2479896716 3.2496214303 0.0068050949
0.4681552358 0.3689580923 0.5436717778 0.3569453809 0.0109237182
-1.2474895738 1.0514370745 -1.1028872541 1.0559432903 0.0206675023
-3.5000000000 -0.1366199728 -3.5000000000 -0.1879587856 0.0073341161
-3.5000000000 -0.5817340042 -3.5000000000 -0.5359911573 0.0065346924
-3.1668037475 -1.1341462133 -3.2328086100 -1.1101383716 0.0100336356
-1.2313557179 -2.9346326175 -1.2346716734 -2.9878515691 0.0076174509
-0.5603406790 -1.2751386111 -0.5840930835 -1.3182196660 0.0070278658
-1.1277673186 1.1137551794 -1.1028872541 1.0559432903 0.0089911886
-0.7424514757 -1.5263743003 -0.7257300148 -1.4752897073 0.0076788112
-1.0262567198 1.1107346685 -1.0094237106 1.0476335973 0.0093296711
2.2140056917 3.0500055638 2.1795161679 3.0210895598 0.0064296230
2.1475312028 3.0650930399 2.1795161679 3.0210895598 0.0077714079
1.9147578081 1.5437676878 1.9009520421 1.4995309113 0.0066201479
0.6556820505 -2.5276279444 0.9626729270 -2.5871495010 0.0446725533
-3.5000000000 -0.6327434802 -3.4561338778 -0.6330885971 0.0062667828
-3.0934080144 -1.4734385881 -3.1250059493 -1.5385043632 0.0103332084
2.0113022252 2.6999172657 2.0311178712 2.8382691885 0.0199662544
-0.5743919710 -1.5278406788 -0.5756289676 -1.4849876814 0.0061244068
-3.5000000000 -0.0695268442 -3.5000000000 -0.1366199728 0.0095847327
0.5103372158 -1.0596794305 0.4466711051 -1.1085721053 0.0114676718
2.2355097803 3.1004709398 2.2140056917 3.0500055638 0.0078365705
-2.1524279421 0.9331009341 -2.1171055738 0.8874588863 0.0082448082
-3.1420592284 3.2282836071 -3.1604601246 3.1753301488 0.0080084926
2.4168810086 -0.5107183813 2.4672627643 -0.5987577370 0.0144908482
1.4343118810 -2.8709600352 1.4147098487 -2.8144071784 0.0085505284
1.5001743574 -2.9257692891 1.5062677952 -2.8626461685 0.0090595066
1.8812804263 -2.7141578243 1.8449408336 -2.7395868432 0.0063361628
0.7146924124 -2.5711505069 0.6556820505 -2.5276279444 0.0104748837
-0.7550410447 -1.2540036955 -0.7754590173 -1.3047573909 0.0078152535
2.4833458577 -3.0296159049 2.0473160675 -2.9650331963 0.0629695268
1.2590820418 -2.5599370020 1.3127448768 -2.5630915896 0.0076793538
1.4707740132 -2.5702747237 1.4579349396 -2.6186136406 0.0071449892
-1.8649025656 0.8578094475 -1.9179429460 0.8604591253 0.0075866461
-1.1013945666 -1.3973228440 -1.0324814816 -1.4094794804 0.0099967312
-1.3796710670 -2.9672984372 -1.3799220047 -3.0236940844 0.0080566008
0.8781118073 -2.6802602040 0.9669716106 -2.6071014522 0.0164430170
-0.5580284964 1.0014800556 -0.6013748290 0.9875585762 0.0065038641
2.1383822603 1.3280925162 2.0966634956 1.3113641558 0.0064210962
0.9038660722 0.4242610868 0.8346103373 0.3963285752 0.0106680737
0.8297207105 0.4511163758 0.8346103373 0.3963285752 0.0078579370
-3.3338530107 -1.5673345372 -3.3127276155 -1.4869394842 0.0118748979
-0.3964417642 -1.4634664395 -0.4360934949 -1.4310708232 0.0073146982
-3.4739638961 -0.9139001029 -3.3700791371 -0.8831440454 0.0154774215
-3.1864996326 3.2685769657 -3.2173826923 3.2194660887 0.0082877357
-3.0685415035 3.1519924493 -3.0804292723 3.1061507754 0.0067654255
-3.0731602839 -1.5620363593 -3.0946932615 -1.6008037553 0.0063351628
0.3850529331 -1.4070260173 0.3110337094 -1.3963422719 0.0106837545
1.3483998610 1.9010501109 1.4316985442 1.8165870772 0.0169469007
-0.8459689883 -1.5232105681 -0.8094740321 -1.4908185559 0.0069709664
-2.5282338678 0.8077485574 -2.4867683220 0.8308697658 0.0067823026
-3.1897792274 -0.9878338414 -3.2285749577 -0.9195641638 0.0112175678
-0.7216624735 -3.0173720880 -0.7654191995 -3.0540742565 0.0081587567
-1.0128933366 -1.2783627245 -1.0057255285 -1.3425368220 0.0092247363
1.1365845344 -2.8104910329 1.2353078464 -2.7998036407 0.0141857306
2.1998128949 3.1275628348 2.2355097803 3.1004709398 0.0064019104
0.5745772866 0.4857001537 0.6386906247 0.4482386350 0.0106079346
1.1959556156 -2.8201273853 1.2353078464 -2.7998036407 0.0063272212
-1.3100312553 1.0819159894 -1.2474895738 1.0514370745 0.0099390245
-2.9865243783 3.0595283639 -3.0482664184 3.0809018477 0.0093338372
-0.4552453413 -1.5075686655 -0.4842316912 -1.4535027489 0.0087637144
1.0460681465 -2.7714419821 1.1365845344 -2.8104910329 0.0140828778
1.0793359619 -2.5117278809 1.1115701209 -2.5730748977 0.0099000077
0.4633803042 0.4862429789 0.3994352171 0.4497384872 0.0105187414
-1.0847889726 1.1335032718 -1.1277673186 1.1137551794 0.0067568942
-3.5000000000 -0.7525307058 -3.4851560315 -0.6964788663 0.0082834383
-0.4062672532 -1.3450915891 -0.3917598114 -1.4082714943 0.0092605883
-3.0176771760 -1.9781193034 -3.0647986779 -1.9939450379 0.0071011494
-3.1368937379 -1.1935555299 -3.1668037475 -1.1341462133 0.0095019607
-2.5633665914 0.9095778918 -2.5282338678 0.8077485574 0.0153885205
0.0427454388 -1.8943812158 0.1328303009 -1.7959348829 0.0190632475
-2.0490698998 0.7943029235 -2.0392856555 0.8569506504 0.0090581670
2.3349831260 -3.0393166775 2.4833458577 -3.0296159049 0.0212399341
-1.3787906947 -3.1030069028 -1.3198918980 -3.0647769434 0.0100311739
1.9318700577 2.8790415819 1.9680915700 2.8388152390 0.0077329887
-1.1776704638 -3.1425674705 -1.1910605733 -3.0678107143 0.0108494970
2.5312505217 -2.9834253135 2.4833458577 -3.0296159049 0.0095066331
2.1401766622 2.8229089332 2.1631558811 2.9136028047 0.0133656755
1.1758203553 -2.5030980782 1.1115701209 -2.5730748977 0.0135713142
-0.8578723487 1.1092070414 -0.8824431231 1.0716793381 0.0064079853
1.3483145966 2.0063032963 1.3483998610 1.9010501109 0.0150361743
-0.6774468999 -1.5477559021 -0.6865984870 -1.4859961586 0.0089191579
0.9334397493 -2.4930153971 0.9626729270 -2.5871495010 0.0140812570
-2.8139339092 2.8423934834 -2.8573857664 2.8035418153 0.0083268879
-1.2317641278 1.1062339835 -1.2474895738 1.0514370745 0.0081440987
-2.6216391692 0.8591827393 -2.5633665914 0.9095778918 0.0110059026
1.5471342072 1.8949557970 1.4925731647 1.8627561327 0.0090505674
-3.5000000000 -0.8102716195 -3.5000000000 -0.7525307058 0.0082487020
3.1888168089 -0.6645921138 3.2282412311 -0.7023297925 0.0077964113
0.3394348918 -1.5264963376 0.3003586869 -1.5438815332 0.0061098696
-3.2449303440 -0.7240182688 -3.2920224773 -0.7537278241 0.0079543682
1.9328902480 2.6473680308 2.0113022252 2.6999172657 0.0134845794
1.8382012526 2.7036963206 1.9328902480 2.6473680308 0.0157395136
1.5153092326 -2.6015853301 1.5245572975 -2.6467835781 0.0065906680
3.1487635843 -0.6455941119 3.1888168089 -0.6645921138 0.0063329151
-0.9496162559 -1.4999789904 -0.9722198714 -1.4247655573 0.0112195019
1.0178354707 -2.4629133086 1.0793359619 -2.5117278809 0.0112169450
-2.0036680138 0.7930815083 -2.0490698998 0.7943029235 0.0064883304
0.2790175847 0.4795719369 0.3994352171 0.4497384872 0.0177226023
-0.7141089233 1.0896019622 -0.7913242136 1.0907569578 0.0110319897
-1.0518813176 -1.4551798357 -1.0324814816 -1.4094794804 0.0070925027
0.7824512966 0.2782459182 0.8169512907 0.3173339222 0.0074479440
-3.0999824667 -1.3215974793 -3.1457477581 -1.3256873704 0.0065639540
1.5887735081 1.4098819435 1.6420929131 1.4900472867 0.0137539910
-0.4568465466 0.9978422092 -0.4930630979 0.9423197019 0.0094700251
-2.9242978169 3.0005318681 -2.9792726232 2.9760501657 0.0085970843
0.5389757447 -0.8924508342 0.4399566188 -0.9554310415 0.0167644509
1.6777292516 -2.6312143539 1.6423778536 -2.6904912067 0.0098596960
-3.2146558363 -0.8241911514 -3.2668647053 -0.9007269147 0.0132353030
-3.1404889426 -2.2931210084 -3.0647986779 -1.9939450379 0.0440860192
2.6063820646 -2.9968924468 2.5312505217 -2.9834253135 0.0109041393
-0.8201058815 -2.9531723185 -0.8590922561 -2.9719146931 0.0061796473
1.5519806820 -2.5749417094 1.5153092326 -2.6015853301 0.0064755076
-3.5000000000 -0.8531022900 -3.5000000000 -0.8102716195 0.0061186672
-1.2545471199 -3.1406395567 -1.2416029920 -3.0864638790 0.0079572256
1.6261764256 1.8528867749 1.5471342072 1.8949557970 0.0127914791
3.0400951602 -0.6298967753 3.0102711731 -0.6886977314 0.0094188507
0.1926349823 -1.9160820032 0.1328303009 -1.7959348829 0.0191726476
-0.8689417633 -1.2324571534 -0.8900671557 -1.3053717992 0.0108447559
2.1000449758 2.7344900237 2.0113022252 2.6999172657 0.0136056346
1.8833614097 2.8328173787 1.9318700577 2.8790415819 0.0095722451
-0.9724672146 1.1533892248 -1.0262567198 1.1107346685 0.0098070383
-3.0374797915 -1.6759606442 -3.0946932615 -1.6008037553 0.0134937167
-2.7003016941 2.6530834248 -2.8503081398 2.7967164747 0.0296690544
-3.1997893980 -2.1398203346 -3.1404889426 -2.2931210084 0.0234814910
-3.0160359057 -2.5782630089 -3.1404889426 -2.2931210084 0.0444454536
2.5244213730 -3.0634451425 2.4833458577 -3.0296159049 0.0076018463
1.6397830924 -2.9696862323 1.6315871290 -2.9109316581 0.0084747811
-0.4787604675 -1.5558472914 -0.4552453413 -1.5075686655 0.0076715574
1.3416938197 -2.8645775169 1.3388149604 -2.8057432263 0.0084149546
0.0659190248 -2.0279808681 0.0427454388 -1.8943812158 0.0193706501
-0.8823498241 -2.9341721200 -0.8590922561 -2.9719146931 0.0063332880
-0.4197290491 0.9748624123 -0.4568465466 0.9978422092 0.0062364624
0.4830960065 -0.7643087341 0.5389757447 -0.8924508342 0.0199708680
0.9916683064 0.2611706537 0.9227876618 0.3487193643 0.0159138753
-1.3390440919 -3.1281934128 -1.3787906947 -3.1030069028 0.0067221120
1.3138633749 -2.8970059454 1.3416938197 -2.8645775169 0.0061047600
1.6220999562 1.3497694913 1.5887735081 1.4098819435 0.0098189312
-0.6965197395 -3.1020097861 -0.7654191995 -3.0540742565 0.0119906006
-3.4864421257 0.0561082242 -3.5000000000 -0.0695268442 0.0180520711
-1.1213650788 -1.4601970630 -1.1013945666 -1.3973228440 0.0094242293
-0.6730437806 1.0986540994 -0.7141089233 1.0896019622 0.0060072866
-1.1767781705 -2.9089253986 -1.1475137127 -2.9541776122 0.0076986234
0.9754949401 -2.4555666819 1.0178354707 -2.4629133086 0.0061390245
-1.1101221523 -3.1629850754 -1.1776704638 -3.1425674705 0.0100809509
-3.4217309290 -1.3033160194 -3.3191263777 -1.3192649134 0.0148338149
1.8648290078 2.7856634865 1.8833614097 2.8328173787 0.0072378533
-0.6220679635 1.0624439221 -0.6600694667 1.0328528720 0.0068805323
-3.4439363767 -1.2049968695 -3.4187624841 -1.1504079812 0.0085876889
-3.4000403465 -1.4034052592 -3.3537435219 -1.4182407438 0.0069451019
1.6892924449 -2.9974296313 1.6397830924 -2.9696862323 0.0081075326
-0.7973558097 -1.2065652862 -0.7550410447 -1.2540036955 0.0090812006
0.3120506696 -1.1281215315 0.3756450307 -1.1767141731 0.0114334700
2.1938907110 2.8695578984 2.1631558811 2.9136028047 0.0076726170
1.2310314805 -2.5188999605 1.2590820418 -2.5599370020 0.0071011249
-0.3874325401 -1.2842305974 -0.4062672532 -1.3450915891 0.0091012521
-2.7237768565 2.7267919957 -2.7003016941 2.6530834248 0.0110509365
-0.9642128729 -3.1664619417 -1.0103202264 -3.1353654730 0.0079448076
-0.8527202470 -3.1594078636 -0.9012955016 -3.1296115481 0.0081408215
-3.0794299354 -1.3658735131 -3.0999824667 -1.3215974793 0.0069733805
-1.1451268674 -1.3786035120 -1.1013945666 -1.3973228440 0.0067957483
0.4002786539 0.3577492893 0.4681552358 0.3689580923 0.0098279772
-0.9185309897 -1.5536031925 -0.9496162559 -1.4999789904 0.0088546642
-1.1610359105 -1.4453235716 -1.1213650788 -1.4601970630 0.0060524841
-1.4628988335 -2.9536707714 -1.3796710670 -2.9672984372 0.0120480114
0.4018939768 0.5033137755 0.3994352171 0.4497384872 0.0076616685
1.6781137421 1.2641104036 1.7283337512 1.2756283894 0.0073605586
1.9793733291 3.0503149784 2.0073870675 2.9813178940 0.0106381746
-1.4917417170 -3.0871584469 -1.3787906947 -3.1030069028 0.0162939246
1.7507043662 1.1955267587 1.8107029233 1.2511428337 0.0116872289
0.7865709662 -2.6837590196 0.8781118073 -2.6802602040 0.0130868116
0.5077446088 -1.1493205386 0.4466711051 -1.1085721053 0.0104884851
1.7977380213 -2.6325769583 1.7642878597 -2.6856845601 0.0089662982
0.1874875574 -1.3972530941 0.2092852922 -1.4456026241 0.0075765728
1.9443696846 2.5626101644 1.9328902480 2.6473680308 0.0122188157
-3.3733353158 -1.5496281476 -3.3338530107 -1.5673345372 0.0061815536
1.8390105373 -2.6778383540 1.8812804263 -2.7141578243 0.0079614472
-0.9550752890 -2.9104184133 -0.9911340358 -2.9611655482 0.0088933648
1.5969939081 1.9153744570 1.5471342072 1.8949557970 0.0076969533
0.9333999277 0.2710696173 0.9916683064 0.2611706537 0.0084433206
-3.3105288425 3.4003391983 -3.2552974530 3.2966932141 0.0167776555
0.1349985431 -1.5383303726 0.1983471973 -1.5310221438 0.0091098312
-2.2077634681 0.9668835089 -2.2235842764 0.9241105426 0.0065150135
-3.1895121307 -2.2479160945 -3.1404889426 -2.2931210084 0.0095262872
-1.8732369706 0.9646259162 -1.8649025656 0.8578094475 0.0153058748
1.5962043705 -2.9577482325 1.6397830924 -2.9696862323 0.0064548998
-0.7570275752 -3.1423225342 -0.6965197395 -3.1020097861 0.0103867221
0.3378113610 -1.0336425963 0.3690641748 -1.0680637518 0.0066417884
2.0943625356 1.4340593533 2.0785263351 1.3556084237 0.0114333326
-1.0398983780 -2.9017771150 -1.0739707413 -2.9524158040 0.0087192056
-3.5000000000 -0.9555734329 -3.4739638961 -0.9139001029 0.0070197173
-3.5000000000 0.1395166012 -3.4864421257 0.0561082242 0.0120718709
0.5352504860 -0.6657877539 0.4830960065 -0.7643087341 0.0159248703
-2.0922471588 0.7640736121 -2.0490698998 0.7943029235 0.0075296515
-3.0647986779 -1.4072897334 -3.0794299354 -1.3658735131 0.0062749534
-3.0343497319 -1.5921981721 -3.0731602839 -1.5620363593 0.0070218230
2.7226918173 -0.5340597486 2.6790152907 -0.5824219044 0.0093093513
2.1374573080 1.3908852945 2.0943625356 1.4340593533 0.0087144716
1.7544299409 1.7858899513 1.6261764256 1.8528867749 0.0206711564
2.2653141995 3.0449817871 2.2140056917 3.0500055638 0.0073648383
-3.1724729228 -0.9045338871 -3.2285749577 -0.9195641638 0.0082972181
0.5404512273 0.5300736705 0.5745772866 0.4857001537 0.0079969343
1.4733687760 -2.9640070800 1.5001743574 -2.9257692891 0.0066710888
-3.3548045470 3.4378377057 -3.3105288425 3.4003391983 0.0082887631
0.7194328119 0.2632246706 0.7824512966 0.2782459182 0.0092548578
2.4142884345 -3.0879426346 2.4833458577 -3.0296159049 0.0129133178
0.2459261177 -1.2541327996 0.2938672873 -1.2243304315 0.0080642027
2.9653736006 -0.5840262010 2.9380117066 -0.6370367662 0.0085222318
2.7681877879 -0.5420403363 2.7226918173 -0.5340597486 0.0065986596
1.8055986748 1.7430450206 1.7544299409 1.7858899513 0.0095339644
-2.6695607108 0.9226430006 -2.6216391692 0.8591827393 0.0113602232
0.8415635399 0.2530933508 0.7824512966 0.2782459182 0.0091772889
1.3213556249 1.7221384988 1.4316985442 1.8165870772 0.0207492777
-0.6050942090 -3.0740206883 -0.6965197395 -3.1020097861 0.0136591281
-3.0431454210 -1.5145245949 -3.0731602839 -1.5620363593 0.0080283423
-3.3550383459 -1.6669200256 -3.3338530107 -1.5673345372 0.0145448553
0.3380160295 0.3566289697 0.4002786539 0.3577492893 0.0088961004
0.8073108184 0.4956441281 0.8297207105 0.4511163758 0.0071212874
1.9315994253 2.9436589048 1.9318700577 2.8790415819 0.0092311271
1.8107638223 -3.0416214917 1.7758581300 -2.9455662332 0.0146001258
-0.9230063180 -3.1747081356 -0.9642128729 -3.1664619417 0.0060033662
-2.8180308776 2.9026685391 -2.8139339092 2.8423934834 0.0086305905
1.7141743708 -2.5992918775 1.6777292516 -2.6312143539 0.0069212645
2.1734465999 1.3585648864 2.1383822603 1.3280925162 0.0066364382
1.8414779374 2.8528683556 1.8833614097 2.8328173787 0.0066336602
3.0910650884 -0.6245076451 3.0400951602 -0.6298967753 0.0073220053
-3.5000000000 -0.9992188191 -3.5000000000 -0.9555734329 0.0062350552
-0.4421254957 -1.5831748479 -0.4787604675 -1.5558472914 0.0065292380
1.4036348871 -2.9092021209 1.4343118810 -2.8709600352 0.0070036945
2.2566094902 2.9880520908 2.2653141995 3.0449817871 0.0082273341
0.0431830217 -1.7704448950 0.1328303009 -1.7959348829 0.0133143885
1.9731019153 1.5797079583 1.9147578081 1.5437676878 0.0097893506
-1.0983949308 -2.8910037874 -1.0398983780 -2.9017771150 0.0084971919
-0.7448488238 -1.5996609177 -0.7424514757 -1.5263743003 0.0104751168
-3.4418087969 3.5000000000 -3.3548045470 3.4378377057 0.0152756244
2.2354152723 3.2227774395 2.1998128949 3.1275628348 0.0145218697
2.3167352330 3.0452580525 2.2653141995 3.0449817871 0.0073459679
-2.4573685599 0.7475846292 -2.4867683220 0.8308697658 0.0126174159
-3.0992064866 3.2302991798 -3.1420592284 3.2282836071 0.0061285881
0.9122390269 -2.7993736345 0.8781118073 -2.6802602040 0.0177008454
-0.5388308557 1.0808664962 -0.5580284964 1.0014800556 0.0116678141
1.0157414466 -2.8073353098 1.0460681465 -2.7714419821 0.0067128261
-1.0929031374 -1.5247502360 -1.1213650788 -1.4601970630 0.0100784618
-0.0126777855 -2.2210179584 0.0659190248 -2.0279808681 0.0297749302
-0.5425309141 -1.5709586483 -0.5743919710 -1.5278406788 0.0076589100
-2.3495484898 0.9711784155 -2.2235842764 0.9241105426 0.0192100992
-3.1194907241 -1.1048668319 -3.1668037475 -1.1341462133 0.0079485647
1.3618185180 2.1120966893 1.3483145966 2.0063032963 0.0152359657
-0.4832618294 -1.2177308348 -0.4973406556 -1.3009984613 0.0120642083
2.7441748298 -3.1871345594 2.6063820646 -2.9968924468 0.0335574158
1.6205354353 -2.5594852596 1.5519806820 -2.5749417094 0.0100393674
2.6886044726 -3.0935354653 2.7441748298 -3.1871345594 0.0155503494
-1.1244616146 -1.2820364550 -1.1451268674 -1.3786035120 0.0141076395
-3.5000000000 3.5000000000 -3.4418087969 3.5000000000 0.0083130290
0.4711575588 -1.3099796592 0.3759984597 -1.3228363869 0.0137176704
0.5702152212 -0.9597009471 0.5389757447 -0.8924508342 0.0105931077
-2.3756547455 0.7422195426 -2.4573685599 0.7475846292 0.0116985361
-2.8997958724 -2.6805480802 -3.0160359057 -2.5782630089 0.0221193337
1.2443053152 -2.9109316581 1.3138633749 -2.8970059454 0.0101340496
-1.3487610809 1.1858090109 -1.3100312553 1.0819159894 0.0158396038
-0.0549005430 2.7611407204 1.3618185180 2.1120966893 0.2226166767
-3.3309947296 -1.8230082246 -3.2347519109 -1.8477670334 0.0141966357
-0.4777305478 -1.2620278168 -0.4973406556 -1.3009984613 0.0062323505
0.4004753566 -1.4994404153 0.3394348918 -1.5264963376 0.0095382809
-2.8646528396 2.9825984793 -2.9242978169 3.0005318681 0.0088975229
-0.9416061376 -1.2336469498 -0.9255207955 -1.3018648915 0.0100126714
-0.6320009030 1.1175559978 -0.6730437806 1.0986540994 0.0064551823
-3.4991007500 -1.0428149731 -3.5000000000 -0.9992188191 0.0062293468
2.0415938256 1.5185341040 1.9731019153 1.5797079583 0.0131190640
-1.2458892502 -1.3814093141 -1.1451268674 -1.3786035120 0.0144002057
-1.4323174868 -3.1341949437 -1.3787906947 -3.1030069028 0.0088500102
-2.6674712690 0.7648683452 -2.6216391692 0.8591827393 0.0149801136
2.6424083498 -2.9424667708 2.6063820646 -2.9968924468 0.0093241484
-0.5827101095 -1.1966257808 -0.5603406790 -1.2751386111 0.0116624777
0.4576581554 0.3079584093 0.4681552358 0.3689580923 0.0088423263
1.1812844568 -2.8763752561 1.1959556156 -2.8201273853 0.0083042476
2.6546275300 -3.0380995334 2.6063820646 -2.9968924468 0.0090640002
0.5234028384 -1.1934895649 0.5077446088 -1.1493205386 0.0066946263
1.7579307252 -2.5947311422 1.7141743708 -2.5992918775 0.0062847708
-3.3967296535 3.4946204888 -3.4418087969 3.5000000000 0.0064855700
0.7927640767 -2.3658105983 0.9334397493 -2.4930153971 0.0270942067
0.0874677939 -2.1699788671 -0.0126777855 -2.2210179584 0.0160573754
-3.4392734295 -1.3450591632 -3.4217309290 -1.3033160194 0.0064684941
0.5027122267 -0.6272427148 0.5352504860 -0.6657877539 0.0072060892
1.1320854893 -2.8824767499 1.1812844568 -2.8763752561 0.0070822668
2.1752873254 -2.7605125685 2.0186924128 -2.7789275749 0.0225248521
-3.4141209842 -1.4704477215 -3.4000403465 -1.4034052592 0.0097864506
-3.1664435647 -2.4497158143 -3.1404889426 -2.2931210084 0.0226758775
1.6853515734 1.2166943286 1.6781137421 1.2641104036 0.0068521863
-1.0251862442 1.1572722754 -1.0262567198 1.1107346685 0.0066499882
1.8819069352 1.6985582335 1.8055986748 1.7430450206 0.0126184388
-0.6329514920 -1.5992317496 -0.6774468999 -1.5477559021 0.0097201707
1.7470885200 2.6245269339 1.8382012526 2.7036963206 0.0172433494
-1.0698308260 -1.2641694189 -1.1244616146 -1.2820364550 0.0082111846
0.6337894812 -2.6526105809 0.7146924124 -2.5711505069 0.0164012368
1.4105040237 1.5532905636 1.5636360423 1.6161118318 0.0236453071
-1.1951270230 -1.3336461248 -1.1451268674 -1.3786035120 0.0096056767
-0.9123777534 -1.1947367531 -0.9416061376 -1.2336469498 0.0069521717
1.3278048538 2.1634185921 1.3618185180 2.1120966893 0.0087957168
0.2237342503 0.4902640889 0.2790175847 0.4795719369 0.0080439725
2.2421863920 -2.7519501858 2.1752873254 -2.7605125685 0.0096349698
-0.1440190384 2.9223622809 -0.0549005430 2.7611407204 0.0263161694
-0.7922792849 -3.1719728829 -0.7570275752 -3.1423225342 0.0065804693
0.4268299941 -1.4213877668 0.3850529331 -1.4070260173 0.0063109601
-0.6470796171 -1.2040501251 -0.5827101095 -1.1966257808 0.0092566076
3.2324639042 -0.6438459975 3.1888168089 -0.6645921138 0.0069038148
-1.1350674627 -3.1967881754 -1.1101221523 -3.1629850754 0.0060015612
-3.0441837395 3.1888885228 -3.0685415035 3.1519924493 0.0063158707
-3.2041723645 -0.6491402304 -3.2449303440 -0.7240182688 0.0121788823
-0.5812281622 -1.6160039220 -0.6329514920 -1.5992317496 0.0077678151
-0.7528149802 -2.9235601427 -0.8201058815 -2.9531723185 0.0105026200
0.8459089171 -2.4145596525 0.7927640767 -2.3658105983 0.0103024114
-1.0414905798 -1.1965413049 -1.0698308260 -1.2641694189 0.0104751712
-1.9392216512 0.7544446020 -2.0036680138 0.7930815083 0.0107344041
1.9572669787 -3.0554285958 1.9775312024 -2.9924535608 0.0094507248
0.2402427657 -1.2059380519 0.2459261177 -1.2541327996 0.0069326707
-2.2810651336 0.7301974852 -2.3756547455 0.7422195426 0.0136215050
-1.3134270585 -3.1836235165 -1.3390440919 -3.1281934128 0.0087233311
-2.5143996438 0.7361188384 -2.4573685599 0.7475846292 0.0083103192
0.5860717996 0.2693183945 0.6043344495 0.3391808155 0.0103157125
2.3876919066 3.2480380537 2.2354152723 3.2227774395 0.0220510872
-1.4309276436 -2.9066666865 -1.4628988335 -2.9536707714 0.0081209492
-3.0885030683 -1.1846380699 -3.1368937379 -1.1935555299 0.0070293525
-0.9856821025 -1.2297695513 -0.9416061376 -1.2336469498 0.0063208836
1.7481060577 2.4641530377 1.7470885200 2.6245269339 0.0229110177
2.1933290032 2.7594173848 2.1401766622 2.8229089332 0.0118290097
1.7639664409 2.5854971149 1.7470885200 2.6245269339 0.0060746899
2.2960577427 2.9626083282 2.2566094902 2.9880520908 0.0067059974
1.5026805125 1.4237127502 1.5887735081 1.4098819435 0.0124566965
-3.5000000000 -1.0853900031 -3.4991007500 -1.0428149731 0.0060835037
1.8682662749 -3.0890236333 1.8107638223 -3.0416214917 0.0106459680
-3.0037493553 -1.6245800521 -3.0343497319 -1.5921981721 0.0063647133
2.0328784531 3.1033759641 1.9793733291 3.0503149784 0.0107648962
2.7536646757 -2.9946642039 2.6546275300 -3.0380995334 0.0154490500
-0.3788898208 1.0407754501 -0.4197290491 0.9748624123 0.0110770687
0.1035946462 -1.5845086000 0.1349985431 -1.5383303726 0.0079778180
-3.0647986779 -1.2907756461 -3.0999824667 -1.3215974793 0.0066821181
1.5217474159 -2.9798221523 1.4733687760 -2.9640070800 0.0072711469
1.9350919242 2.9899365671 1.9315994253 2.9436589048 0.0066298945
1.5742051351 1.3310943014 1.6220999562 1.3497694913 0.0073438529
1.6033881277 2.0154853930 1.5969939081 1.9153744570 0.0143307045
0.3604819467 -1.6106177346 0.3394348918 -1.5264963376 0.0123877721
-1.2002059814 1.0136175333 -1.2474895738 1.0514370745 0.0086497090
-2.6771703128 2.7362951743 -2.7237768565 2.7267919957 0.0067950767
0.2588875410 -1.1090960369 0.3120506696 -1.1281215315 0.0080664178
-1.1470151207 -2.8699118404 -1.1767781705 -2.9089253986 0.0070100465
-0.4054615290 -1.5545162214 -0.4421254957 -1.5831748479 0.0066479448
2.2020391154 1.2760345665 2.1383822603 1.3280925162 0.0117475358
-0.7254299047 1.1554268527 -0.7141089233 1.0896019622 0.0095416176
-3.0647986779 -2.7589470650 -2.8997958724 -2.6805480802 0.0260972774
0.7625089149 0.2110473703 0.7194328119 0.2632246706 0.0096658681
-2.9796669164 3.1361255611 -2.9865243783 3.0595283639 0.0109862209
-2.8265790847 -2.7676352664 -2.8997958724 -2.6805480802 0.0162536501
-1.2827655918 1.2036433927 -1.3487610809 1.1858090109 0.0097661115
-0.6555589868 -2.9517856668 -0.7216624735 -3.0173720880 0.0133027921
0.6598117796 0.5510021243 0.6386906247 0.4482386350 0.0149873674
1.4983774843 -2.5024671005 1.4707740132 -2.5702747237 0.0104586898
-1.2546744139 -2.8775288547 -1.2313557179 -2.9346326175 0.0088116357
-0.6117178820 -3.1514659442 -0.6050942090 -3.0740206883 0.0111039988
-1.3551243401 1.2339799175 -1.3487610809 1.1858090109 0.0069413392
-1.2855652423 -1.4309733064 -1.2458892502 -1.3814093141 0.0090697678
0.3027509565 0.3025350676 0.3380160295 0.3566289697 0.0092248285
0.8749462149 0.4933083491 0.8297207105 0.4511163758 0.0088358140
-2.8148346312 -2.8292688613 -2.8265790847 -2.7676352664 0.0089632267
-2.1256098828 0.7237937304 -2.0922471588 0.7640736121 0.0074717703
1.5751516595 -2.5185882210 1.5519806820 -2.5749417094 0.0087044556
-0.9773740067 -2.8574853537 -0.9550752890 -2.9104184133 0.0082054507
-1.1409856786 -1.2340562651 -1.1244616146 -1.2820364550 0.0072494100
