# gen=10 mediating population
# x0..x(D-1) f0 f1 consensus
0.980821 0.048170 0.560173 35.230541 38.824382 35.230541
0.459908 0.021804 0.610281 31.622924 30.370406 30.370406
0.249024 0.048170 0.560173 73.014221 26.692660 26.692660
0.058544 0.797824 0.116393 24.248256 17.106722 17.106722
0.033589 0.567541 0.626212 17.077466 17.077466 17.077466
0.205231 0.725478 0.178282 41.394991 34.421790 34.421790
0.895268 0.029678 0.756217 35.230541 30.370406 30.370406
0.761334 0.000000 0.939682 35.230541 30.370406 30.370406
0.276713 0.687943 0.450368 73.124577 75.328971 73.124577
0.905693 0.275957 0.937469 62.047877 30.370406 30.370406
0.226631 0.799305 0.297499 69.628543 73.193825 69.628543
0.845975 0.728118 0.558948 17.077466 17.077466 17.077466
0.861438 0.599755 0.551995 17.077466 17.077466 17.077466
0.969171 0.827274 0.749349 17.077466 26.816334 17.077466
0.226631 0.803202 0.297499 69.102582 71.544754 69.102582
0.762740 0.022536 0.321407 43.808522 30.370406 30.370406
0.902999 0.405818 0.352113 17.077466 30.370406 17.077466
0.127978 0.037758 0.761282 35.484646 30.602992 30.602992
0.527105 0.070407 0.428315 35.230541 30.370406 30.370406
0.632117 0.584969 0.924905 24.722453 19.755131 19.755131
0.169300 0.578595 0.417824 35.102110 41.740079 35.102110
0.917871 0.177370 0.150231 17.077466 30.370406 17.077466
0.259439 0.634768 0.280220 40.937422 31.619411 31.619411
0.026675 0.931130 0.323986 17.077466 17.077466 17.077466
0.957761 0.002004 0.043686 36.269675 30.370406 30.370406
0.276897 0.851407 0.226387 40.537338 46.712469 40.537338
0.584204 0.936467 0.490344 17.077466 17.077466 17.077466
0.252283 0.848545 0.372454 49.802769 48.109648 48.109648
0.530079 0.000000 0.867240 35.230541 30.370406 30.370406
0.039657 0.121070 0.718464 17.077466 28.227117 17.077466
0.274897 0.919274 0.697374 17.077466 17.077466 17.077466
0.752141 0.924588 0.582917 17.077466 17.077466 17.077466
0.629023 0.876831 0.372885 17.077466 17.077466 17.077466
0.735841 0.000000 0.813552 35.230541 30.370406 30.370406
0.597975 0.001831 0.000000 35.230541 30.370406 30.370406
0.737499 0.437546 0.708996 22.286856 30.370406 22.286856
1.000000 0.000000 0.807725 35.230541 30.370406 30.370406
0.903957 0.224225 0.344060 17.077466 30.370406 17.077466
0.677481 0.352258 0.320114 17.077466 30.370406 17.077466
0.729844 0.565675 0.479912 83.286383 77.963507 77.963507
0.680349 0.058483 0.599953 35.230541 30.370406 30.370406
0.770932 0.178648 0.932035 30.496238 30.370406 30.370406
0.117863 0.180128 0.593311 17.077466 17.085019 17.077466
0.817326 0.940854 0.185893 17.077466 17.077466 17.077466
0.086532 0.486609 0.436298 17.077466 17.077466 17.077466
0.214146 0.708531 0.372726 79.076747 76.624536 76.624536
0.570122 0.075026 0.108398 35.230541 30.370406 30.370406
0.671647 0.467867 0.151638 17.077466 17.077466 17.077466
0.706821 0.076013 0.228181 35.230541 38.058671 35.230541
0.518022 0.374653 0.372565 17.077466 30.370406 17.077466
0.631598 0.203239 0.332573 17.077466 30.370406 17.077466
0.042089 0.608611 0.953254 17.077466 17.077466 17.077466
0.929641 0.040282 0.406576 39.372697 38.067422 38.067422
0.479342 0.758392 0.732766 17.077466 17.077466 17.077466
0.857403 0.087926 0.939849 39.639106 30.370406 30.370406
0.379153 0.618741 0.507388 39.797836 17.077466 17.077466
0.496542 0.837681 0.630186 17.077466 17.077466 17.077466
0.639050 0.611043 0.076294 17.077466 47.063967 17.077466
0.225298 0.145704 0.243770 17.077466 26.692660 17.077466
0.956691 0.609175 0.195515 17.077466 26.816334 17.077466
0.981135 0.356115 0.570753 17.077466 30.370406 17.077466
0.310531 0.714700 0.176479 23.198228 18.172279 18.172279
0.135358 0.614063 0.859840 17.077466 17.077466 17.077466
0.053326 0.836395 0.909224 17.077466 17.077466 17.077466
0.765535 0.425778 0.690446 27.602915 30.370406 27.602915
0.968611 0.466526 1.000000 24.722453 26.816334 24.722453
0.570523 0.949983 0.501100 17.077466 17.077466 17.077466
0.127712 0.381515 0.943558 17.077466 17.077466 17.077466
0.503645 0.424014 0.142769 17.077466 30.370406 17.077466
0.662562 0.346480 0.164755 17.077466 30.370406 17.077466
0.860850 0.082070 0.404612 17.077466 67.134094 17.077466
0.484218 0.519673 0.326901 17.077466 17.077466 17.077466
0.026209 0.245677 0.457864 17.077466 17.077466 17.077466
0.857450 0.329020 0.203284 17.077466 30.370406 17.077466
0.187143 0.697883 0.810456 17.077466 17.077466 17.077466
0.334425 0.914204 0.054886 17.077466 17.077466 17.077466
0.635098 0.833340 0.576015 17.077466 17.077466 17.077466
0.900064 0.956084 0.029588 17.077466 27.385051 17.077466
0.946887 0.510366 0.332894 17.077466 26.816334 17.077466
0.942320 0.000000 1.000000 35.230541 26.799556 26.799556
0.859345 0.064224 0.537345 35.230541 44.849204 35.230541
0.570953 0.075383 0.293040 35.230541 33.455831 33.455831
0.456681 0.760009 0.160348 17.077466 17.077466 17.077466
0.499811 0.659131 0.302607 17.077466 17.077466 17.077466
0.383494 0.000000 0.400183 31.622924 30.370406 30.370406
0.737200 0.037825 0.384483 35.230541 36.059146 35.230541
0.320616 0.188096 0.790138 17.077466 17.077466 17.077466
1.000000 0.043313 0.508100 35.230541 38.126537 35.230541
0.979156 0.290463 0.063507 17.077466 30.370406 17.077466
0.074473 0.417688 0.774776 17.077466 17.077466 17.077466
0.474969 0.176626 0.306351 17.077466 30.370406 17.077466
0.418367 0.145926 0.830260 17.077466 30.370406 17.077466
0.787333 0.568023 0.820089 19.053240 17.077466 17.077466
0.402650 0.976176 0.643806 17.077466 17.077466 17.077466
0.125321 0.178012 0.776135 17.077466 17.077466 17.077466
0.841439 0.058603 0.767482 35.230541 30.370406 30.370406
0.581240 0.272313 0.765606 17.077466 30.370406 17.077466
0.264495 0.218932 0.897121 17.077466 17.077466 17.077466
0.246609 0.212111 0.536462 17.077466 17.077466 17.077466
0.000000 0.000000 0.944696 31.622924 28.227117 28.227117
0.218498 0.629206 0.374227 57.967029 65.808032 57.967029
0.740888 0.501632 0.371646 31.795724 27.202134 27.202134
0.869795 0.062025 0.385092 35.230541 51.718374 35.230541
0.740178 0.437754 0.562716 32.968871 30.370406 30.370406
0.734279 0.996979 0.300410 17.077466 17.077466 17.077466
0.232827 0.441272 0.843364 17.077466 17.077466 17.077466
0.684420 0.000000 0.982614 35.230541 37.630467 35.230541
0.459047 0.559051 0.961598 17.077466 17.077466 17.077466
1.000000 0.380968 0.924419 30.722594 30.370406 30.370406
0.563991 0.165734 1.000000 24.722453 26.799556 24.722453
0.982524 0.000000 0.811759 35.230541 30.370406 30.370406
0.000000 0.000000 0.237065 31.622924 26.692660 26.692660
0.246912 0.246905 0.053813 17.077466 17.077466 17.077466
0.283245 0.979551 0.224573 21.687176 30.155927 21.687176
0.354225 0.114064 0.722311 17.077466 30.370406 17.077466
0.666237 0.180780 0.671507 17.077466 30.370406 17.077466
0.236181 0.437597 0.520046 20.726599 26.138965 20.726599
0.598881 0.063143 0.783103 35.230541 30.370406 30.370406
0.736135 0.000000 0.000000 39.838550 30.370406 30.370406
0.727087 0.072161 0.499588 35.230541 36.524054 35.230541
0.980370 0.746895 1.000000 24.722453 26.816334 24.722453
0.237567 0.708986 0.374859 88.180369 88.188393 88.180369
0.455762 0.000000 0.254958 31.622924 30.370406 30.370406
0.541961 0.358300 0.127089 17.077466 30.370406 17.077466
0.092975 0.804503 0.733840 17.077466 17.077466 17.077466
0.614382 0.802129 0.269270 17.077466 17.077466 17.077466
0.613997 0.292247 0.622843 17.077466 30.370406 17.077466
0.185557 0.900081 0.592932 17.559467 17.077466 17.077466
0.618705 0.785828 0.854041 17.077466 17.077466 17.077466
0.722460 0.000000 0.000000 39.362723 30.370406 30.370406
1.000000 0.000805 0.931122 35.230541 30.370406 30.370406
0.807723 0.364301 0.866135 17.566447 30.370406 17.566447
0.030111 0.922879 0.333718 17.077466 17.077466 17.077466
0.436783 0.434951 0.568162 17.077466 30.370406 17.077466
0.557529 0.432912 0.887029 17.077466 30.370406 17.077466
0.740194 0.000000 0.779158 35.230541 30.370406 30.370406
0.594820 0.399897 0.643851 17.077466 30.370406 17.077466
0.036546 0.403759 0.826350 17.077466 17.077466 17.077466
0.297056 0.179924 0.360604 17.077466 17.077466 17.077466
0.157421 0.000000 0.884776 31.622924 28.227117 28.227117
0.745171 0.783653 0.728464 17.077466 17.077466 17.077466
0.286108 0.240025 0.791603 17.077466 17.077466 17.077466
0.704516 0.402649 0.576819 19.686646 30.370406 19.686646
0.232439 0.825237 0.040242 18.214100 20.083664 18.214100
0.471426 0.843992 0.558352 17.077466 17.077466 17.077466
0.479334 0.003986 0.174898 31.622924 30.370406 30.370406
0.350985 0.993437 0.183519 17.077466 17.077466 17.077466
0.199491 0.000000 0.676485 31.622924 28.227117 28.227117
0.449272 0.964028 0.386083 17.459944 17.077466 17.077466
0.222167 0.655598 0.981069 17.077466 27.535512 17.077466
0.276648 0.047138 0.200009 31.622924 26.692660 26.692660
1.000000 0.072944 0.322970 35.230541 36.402816 35.230541
0.451512 0.389020 0.938148 17.077466 30.370406 17.077466
0.213731 0.351893 0.252917 17.077466 17.077466 17.077466
0.631082 0.717092 0.522826 19.829343 17.077466 17.077466
0.579051 0.040245 1.000000 35.230541 26.799556 26.799556
0.409121 0.396065 0.168613 17.077466 30.370406 17.077466
0.962860 0.659480 0.136426 17.077466 26.816334 17.077466
0.121358 0.793336 0.432561 25.839746 17.077466 17.077466
0.946182 0.941393 0.497985 17.077466 26.816334 17.077466
0.707942 0.537452 0.101027 17.077466 18.701527 17.077466
0.536638 0.000000 0.657804 35.230541 30.370406 30.370406
0.107216 0.037758 0.595855 40.648402 28.227117 28.227117
0.337799 0.344965 0.935239 17.077466 17.077466 17.077466
0.815613 0.000000 0.769279 35.230541 30.370406 30.370406
0.298251 0.537447 0.170256 17.899299 17.077466 17.077466
0.292838 0.561802 0.076123 17.130082 17.077466 17.077466
1.000000 0.481794 1.000000 24.722453 26.816334 24.722453
0.602411 0.552153 0.391978 19.505632 17.077466 17.077466
0.993990 0.000000 0.559487 36.672915 31.235116 31.235116
0.301408 0.445028 0.261904 17.077466 17.077466 17.077466
0.997802 0.688528 0.390109 17.077466 26.816334 17.077466
0.835121 0.764296 0.453509 17.077466 17.077466 17.077466
0.667116 0.000000 0.895645 35.230541 30.370406 30.370406
0.807938 0.892534 0.081602 17.077466 27.385051 17.077466
0.951500 0.922990 0.778806 17.077466 26.816334 17.077466
0.707573 0.000000 0.731593 35.230541 30.370406 30.370406
0.456981 0.935368 0.840416 17.077466 17.077466 17.077466
0.918531 0.163906 0.993404 24.722453 26.799556 24.722453
0.476021 0.928575 0.696280 17.077466 17.077466 17.077466
0.490573 0.437433 0.703838 17.077466 30.370406 17.077466
0.916621 0.267661 0.759235 17.077466 30.370406 17.077466
0.658583 0.683098 0.986083 24.722453 17.077466 17.077466
0.320113 0.035068 0.772223 39.803298 38.339898 38.339898
0.884352 0.707902 0.907645 17.077466 17.077466 17.077466
0.551364 0.038227 0.011789 35.230541 30.370406 30.370406
0.578014 0.133839 0.279350 17.077466 30.370406 17.077466
0.254543 0.779216 0.512940 38.308180 33.310770 33.310770
0.179528 0.000000 0.351296 31.622924 26.692660 26.692660
0.173382 0.966529 0.778067 17.077466 17.077466 17.077466
0.582210 0.391099 0.502444 17.077466 30.370406 17.077466
0.961006 0.628201 0.518344 17.077466 30.603448 17.077466
0.488012 0.328371 0.404491 17.077466 30.370406 17.077466
0.937858 0.782305 0.056177 17.077466 27.385051 17.077466
0.851930 0.073067 0.168978 35.230541 31.072790 31.072790
0.988232 0.498046 0.491136 17.077466 26.816334 17.077466
0.416917 0.204730 0.489631 17.077466 30.370406 17.077466
0.656640 0.764046 0.833221 17.077466 17.077466 17.077466
0.569605 0.168095 0.877713 17.077466 30.370406 17.077466
0.145551 0.114315 0.790226 17.077466 28.227117 17.077466
0.402662 0.319439 0.765037 17.077466 30.370406 17.077466
1.000000 0.000000 0.711824 35.238417 30.370406 30.370406
0.422843 0.157822 0.777587 17.077466 30.370406 17.077466
0.233935 0.997401 0.996739 17.077466 27.535512 17.077466
0.681730 0.587671 0.599770 32.634856 60.145830 32.634856
0.802647 0.492663 0.036961 17.077466 28.079956 17.077466
0.752824 0.000000 0.498897 37.949501 30.586287 30.586287
0.037930 0.247880 0.358438 17.077466 17.077466 17.077466
1.000000 0.000000 1.000000 35.230541 26.799556 26.799556
0.187813 0.996472 0.596199 17.077466 17.077466 17.077466
0.866531 0.256280 0.977306 24.722453 26.799556 24.722453
0.416492 0.732918 0.110034 17.077466 17.077466 17.077466
0.604870 0.542661 0.441806 18.620447 17.077466 17.077466
0.569388 0.000000 0.632137 35.230541 30.370406 30.370406
0.572794 0.072667 0.751273 35.230541 30.370406 30.370406
0.776231 0.033559 0.972934 35.230541 32.173475 32.173475
0.040465 0.994254 0.340186 17.077466 17.077466 17.077466
0.004794 0.756993 0.880945 17.077466 17.077466 17.077466
0.522531 0.016322 0.088621 35.230541 30.370406 30.370406
0.201865 0.204535 0.268669 17.077466 17.077466 17.077466
0.376847 0.000000 0.085448 31.622924 30.370406 30.370406
0.339469 0.290350 0.443803 17.077466 17.077466 17.077466
0.326248 0.505510 0.950399 17.077466 17.077466 17.077466
0.031978 0.647567 0.720254 17.077466 17.077466 17.077466
0.634595 0.944598 0.523809 17.077466 17.077466 17.077466
0.579704 0.925026 0.075710 17.077466 27.385051 17.077466
1.000000 0.344230 1.000000 24.722453 26.799556 24.722453
0.191981 0.182131 0.061460 17.077466 17.077466 17.077466
0.420885 0.133206 0.133880 17.077466 30.370406 17.077466
0.758651 0.500025 0.869453 17.077466 17.077466 17.077466
0.410953 0.562759 0.259501 17.077466 17.077466 17.077466
0.452308 0.900267 0.461323 18.528398 17.077466 17.077466
0.338690 0.510202 0.362543 20.687279 17.447804 17.447804
0.239176 0.426011 0.040167 17.077466 17.077466 17.077466
0.593670 0.745209 0.047764 17.816244 33.195141 17.816244
0.135243 0.581591 0.204121 22.878641 20.397317 20.397317
0.734817 0.314057 0.326406 17.077466 30.370406 17.077466
1.000000 0.062941 0.199260 35.230541 30.394305 30.394305
0.049712 0.060119 0.010998 31.622924 33.731765 31.622924
0.740259 0.000000 0.127396 46.245833 30.370406 30.370406
0.445966 0.190568 0.309581 17.077466 30.370406 17.077466
0.550685 0.465294 0.187920 17.077466 17.077466 17.077466
0.144988 0.210593 0.451298 17.077466 17.077466 17.077466
0.975608 0.014839 0.876484 35.230541 30.370406 30.370406
0.734873 0.000000 0.852613 35.230541 30.370406 30.370406
0.329406 0.630763 0.743176 19.319971 18.988159 18.988159
0.565458 0.343853 0.845843 17.077466 30.370406 17.077466
0.482514 0.715674 0.853633 17.077466 17.077466 17.077466
0.633526 0.279429 0.969873 24.722453 26.799556 24.722453
0.520600 0.000000 0.932856 35.230541 30.370406 30.370406
0.006427 0.890952 0.636768 17.077466 17.077466 17.077466
0.036102 0.302345 0.737777 17.077466 17.077466 17.077466
0.985422 0.419492 0.666966 17.077466 30.370406 17.077466
0.318999 0.679760 0.577872 38.514398 38.172308 38.172308
0.856970 0.786234 0.183397 17.077466 17.077466 17.077466
0.148937 0.122813 0.193857 17.077466 43.751591 17.077466
0.193821 0.758795 0.296154 71.057527 57.553530 57.553530
0.142947 0.760074 0.632090 17.077466 17.077466 17.077466
0.372375 0.336835 0.365612 17.077466 30.370406 17.077466
0.722977 0.383011 0.700745 18.137745 30.370406 18.137745
0.959137 0.562864 0.776400 17.077466 28.913548 17.077466
0.789407 0.069732 0.494084 35.230541 44.214489 35.230541
0.802906 0.236742 1.000000 24.722453 26.799556 24.722453
0.337565 0.000000 0.371664 31.622924 26.692660 26.692660
0.480155 0.894444 0.834940 17.077466 17.077466 17.077466
0.797110 0.674333 0.141521 17.077466 17.077466 17.077466
0.875203 0.001926 0.722624 35.230541 30.370406 30.370406
0.242545 0.809815 0.310753 66.397938 74.144066 66.397938
0.958969 0.030980 0.500442 38.599839 36.252068 36.252068
0.171176 0.176824 0.410283 17.077466 17.077466 17.077466
0.412583 0.902732 0.937536 17.077466 17.077466 17.077466
0.562267 0.930511 0.939995 24.722453 17.077466 17.077466
0.665730 0.645934 0.707114 17.077466 17.661727 17.077466
0.304601 0.757138 0.868591 17.077466 17.077466 17.077466
1.000000 0.000000 0.009033 35.230541 30.370406 30.370406
0.671657 0.658169 0.155772 17.396975 17.077466 17.077466
0.707246 0.067089 0.867289 35.230541 30.370406 30.370406
0.518278 0.000000 0.230570 35.230541 30.370406 30.370406
0.691884 0.009192 0.449074 36.263533 30.659032 30.659032
0.179023 0.429153 0.722075 17.077466 17.077466 17.077466
0.021770 0.037817 0.802046 31.622924 28.227117 28.227117
0.819054 0.656700 0.400912 17.077466 17.077466 17.077466
0.929100 0.667398 0.509488 17.077466 26.816334 17.077466
0.491569 0.628739 0.100084 17.077466 17.077466 17.077466
0.886831 0.000000 0.263103 56.847449 30.370406 30.370406
0.689783 0.927874 0.746904 17.077466 17.077466 17.077466
0.260153 0.681223 0.408999 83.232306 84.221789 83.232306
0.177333 0.821238 0.818912 17.077466 17.077466 17.077466
0.202419 0.042209 0.657877 56.057291 28.227117 28.227117
0.258457 0.588296 0.952693 17.077466 17.077466 17.077466
0.488074 0.000000 0.856898 31.622924 30.370406 30.370406
0.956284 0.021981 1.000000 35.230541 26.799556 26.799556
0.339845 0.237972 0.203119 17.077466 17.077466 17.077466
0.273498 0.973057 0.817899 17.077466 17.077466 17.077466
0.704572 0.597911 0.260923 32.001444 40.070862 32.001444
0.195591 0.603478 0.514222 36.337495 38.011611 36.337495
0.635247 0.264434 0.473390 17.077466 30.370406 17.077466
0.818206 0.435343 0.283711 17.077466 30.370406 17.077466
0.220400 1.000000 0.119799 19.702141 21.957778 19.702141
0.230429 0.173189 0.754680 17.077466 17.077466 17.077466
