# gen=100 party 0 competing subpops
# subpop_id x0..xd fitness
0 0.148382 0.500000 89.915331
0 0.147599 0.500000 89.748439
0 0.148467 0.500000 89.878690
0 0.147788 0.500000 89.829649
0 0.148215 0.500000 89.987009
0 0.147801 0.500000 89.835299
0 0.148531 0.500000 89.850950
0 0.148182 0.500000 89.998928
0 0.148560 0.500000 89.838564
0 0.147721 0.500000 89.800867
0 0.147912 0.500000 89.882836
0 0.148292 0.500000 89.953712
0 0.148381 0.500000 89.915414
0 0.148233 0.500000 89.979300
0 0.147953 0.500000 89.900751
0 0.148341 0.500000 89.932932
0 0.148662 0.500000 89.794843
0 0.148543 0.500000 89.846197
0 0.148502 0.500000 89.863573
0 0.148342 0.500000 89.932468
1 0.069488 0.500000 79.883243
1 0.069071 0.500000 79.910545
1 0.069279 0.500000 79.984618
1 0.068837 0.500000 79.795433
1 0.069200 0.500000 79.973632
1 0.069309 0.500000 79.970738
1 0.069165 0.500000 79.956859
1 0.069426 0.500000 79.913581
1 0.069224 0.500000 79.984775
1 0.069584 0.500000 79.836024
1 0.068924 0.500000 79.838350
1 0.069418 0.500000 79.917764
1 0.069497 0.500000 79.878716
1 0.069172 0.500000 79.960419
1 0.069248 0.500000 79.992940
1 0.069194 0.500000 79.971026
1 0.069293 0.500000 79.978264
1 0.069473 0.500000 79.890448
1 0.069103 0.500000 79.926723
1 0.069508 0.500000 79.873349
2 0.386700 0.500000 74.911189
2 0.386996 0.500000 74.980772
2 0.387467 0.500000 74.902660
2 0.385782 0.500000 74.689662
2 0.387620 0.500000 74.865705
2 0.387183 0.500000 74.970216
2 0.387543 0.500000 74.884231
2 0.387233 0.500000 74.958522
2 0.386746 0.500000 74.922215
2 0.387044 0.500000 74.989564
2 0.388130 0.500000 74.742722
2 0.388671 0.500000 74.611850
2 0.386465 0.500000 74.854455
2 0.387109 0.500000 74.986322
2 0.387020 0.500000 74.985715
2 0.387189 0.500000 74.968827
2 0.387057 0.500000 74.990782
2 0.386996 0.500000 74.980859
2 0.386365 0.500000 74.830312
2 0.385641 0.500000 74.655574
3 0.837054 0.500000 64.924321
3 0.836955 0.500000 64.779506
3 0.837505 0.500000 64.704356
3 0.836150 0.500000 64.719998
3 0.836910 0.500000 64.781868
3 0.836835 0.500000 64.784268
3 0.837261 0.500000 64.746486
3 0.836856 0.500000 64.783799
3 0.837258 0.500000 64.746968
3 0.836562 0.500000 64.775694
3 0.836457 0.500000 64.765635
3 0.836575 0.500000 64.776661
3 0.837115 0.500000 64.765598
3 0.836551 0.500000 64.774768
3 0.836311 0.500000 64.746588
3 0.837048 0.500000 64.772430
3 0.836863 0.500000 64.783610
3 0.836910 0.500000 64.781883
3 0.837387 0.500000 64.726153
3 0.836715 0.500000 64.783786
4 0.148612 0.500000 89.816506
4 0.151705 0.500000 88.488159
4 0.147798 0.500000 89.833853
4 0.147299 0.500000 89.619814
4 0.148858 0.500000 89.710861
4 0.152591 0.500000 88.107561
4 0.145980 0.500000 89.053411
4 0.149542 0.500000 89.416739
4 0.151181 0.500000 88.713163
4 0.143072 0.500000 87.804556
4 0.146524 0.500000 89.286748
4 0.152998 0.500000 87.932925
4 0.150348 0.500000 89.070711
4 0.148252 0.500000 89.970887
4 0.146836 0.500000 89.420983
4 0.149704 0.500000 89.347226
4 0.148876 0.500000 89.702809
4 0.146509 0.500000 89.280415
4 0.153009 0.500000 87.927967
4 0.142974 0.500000 87.762374
5 0.137275 0.500000 85.314687
5 0.069444 0.500000 79.904782
5 0.069576 0.500000 79.839877
5 0.069218 0.500000 79.982041
5 0.069151 0.500000 79.950249
5 0.070540 0.500000 79.364831
5 0.070505 0.500000 79.381831
5 0.069092 0.500000 79.921324
5 0.068976 0.500000 79.864224
5 0.070030 0.500000 79.616180
5 0.069841 0.500000 79.709283
5 0.070125 0.500000 79.569256
5 0.069147 0.500000 79.947981
5 0.068827 0.500000 79.790496
5 0.069401 0.500000 79.925753
5 0.070105 0.500000 79.579086
5 0.069781 0.500000 79.738674
5 0.068323 0.500000 79.542087
5 0.071406 0.500000 78.937468
5 0.069248 0.500000 79.992932
6 0.406044 0.500000 70.413173
6 0.093146 0.500000 58.747184
6 0.439586 0.500000 62.306493
6 0.149302 0.500000 89.520226
6 0.144435 0.500000 88.389752
6 0.434097 0.500000 63.633248
6 0.395598 0.500000 72.937784
6 0.411508 0.500000 69.092568
6 0.395626 0.500000 72.931128
6 0.096129 0.500000 67.644325
6 0.350391 0.500000 66.136113
6 0.419751 0.500000 67.100386
6 0.072360 0.500000 62.244902
6 0.345168 0.500000 64.873802
6 0.462847 0.500000 56.684763
