# gen=0 CA size=72
# x0..x(D-1) consensus
0.761561 0.665235 0.023459 0.570244 0.388916 0.245194 0.462791 0.432190 0.722309 0.098433 2.219315
0.631598 0.795847 0.354685 0.781061 0.255961 0.325522 0.719973 0.374305 0.277510 0.725907 2.219315
0.696003 0.831101 0.402591 0.436535 0.134039 0.447955 0.507548 0.289199 0.514865 0.812291 2.219315
0.197284 0.165139 0.148393 0.642542 0.999209 0.230738 0.954416 0.663397 0.331112 0.511196 1.628501
0.478749 0.032521 0.385990 0.678353 0.596923 0.497446 0.535453 0.678031 0.150986 0.580729 1.628501
0.042193 0.336357 0.471751 0.849442 0.781693 0.148952 0.031334 0.143529 0.290172 0.561560 1.628501
0.293387 0.343032 0.291945 0.868639 0.872736 0.540471 0.133543 0.400234 0.378214 0.982642 1.628501
0.070309 0.126599 0.270469 0.832201 0.915943 0.001495 0.425870 0.078693 0.791933 0.937490 1.628501
0.880730 0.720026 0.513410 0.360221 0.229290 0.240327 0.421843 0.509330 0.552003 0.377974 2.509187
0.533422 0.807914 0.371386 0.638848 0.395655 0.320067 0.337711 0.604346 0.479792 0.118663 2.219315
0.821145 0.692631 0.268435 0.465233 0.309103 0.242760 0.442317 0.470760 0.637156 0.238204 2.219315
0.788366 0.775564 0.458000 0.398378 0.181665 0.344141 0.464695 0.399265 0.533434 0.595133 2.509187
0.111911 0.424418 0.250863 0.719507 0.690594 0.435095 0.582538 0.339249 0.427260 0.499453 1.628501
0.499238 0.307881 0.511208 0.332987 0.789594 0.453737 0.855466 0.364328 0.422247 0.671706 1.456169
0.414914 0.467821 0.482505 0.521624 0.586249 0.381974 0.517552 0.385331 0.598518 0.478411 1.628501
0.048423 0.405148 0.311902 0.814336 0.648960 0.320474 0.318265 0.046897 0.657671 0.712601 1.628501
0.475519 0.423313 0.391940 0.596211 0.572617 0.120911 0.423856 0.294012 0.671968 0.657732 1.628501
0.076013 0.228181 0.627940 0.263806 0.744264 0.174599 0.047091 0.459913 0.949461 0.245250 1.531323
0.361629 0.419660 0.763727 0.266991 0.599003 0.978793 0.572851 0.239578 0.858705 0.610272 1.531323
0.369276 0.161668 0.275846 0.976980 0.717391 0.075468 0.182699 0.054439 0.534673 0.031758 1.628501
0.963372 0.177368 0.748869 0.980739 0.385148 0.947437 0.005760 0.750659 0.296873 0.262575 1.456169
0.303143 0.266405 0.300585 0.724503 0.581386 0.637867 0.357653 0.370109 0.551949 0.708900 1.628501
0.293040 0.055246 0.539117 0.337966 0.280955 0.110716 0.537923 0.256885 0.685880 0.306846 1.531323
0.174939 0.703403 0.259717 0.012224 0.225370 0.589083 0.835073 0.456925 0.627532 0.517477 1.935680
0.821134 0.043097 0.833372 0.603128 0.585588 0.439440 0.576479 0.053944 0.741591 0.603474 1.456169
0.025225 0.590835 0.722435 0.145916 0.381454 0.838648 0.832688 0.167368 0.942976 0.610868 1.851644
0.845511 0.139910 0.844481 0.956156 0.739723 0.263540 0.429525 0.061518 0.340641 0.898756 1.456169
0.149758 0.754598 0.310853 0.097649 0.116959 0.933526 0.589609 0.265818 0.887893 0.006880 1.935680
0.375976 0.185781 0.685419 0.208702 0.382583 0.148262 0.198416 0.679360 0.206699 0.265093 1.531323
0.332635 0.245537 0.136100 0.120447 0.871496 0.246866 0.611576 0.267572 0.396604 0.968123 1.002171
0.044666 0.036839 0.981997 0.662500 0.195754 0.605763 0.087593 0.267177 0.937015 0.833343 1.532489
0.059306 0.016974 0.890149 0.082200 0.048370 0.857665 0.767069 0.887590 0.633086 0.756074 1.531323
0.003072 0.033506 0.030552 0.907263 0.751536 0.548315 0.321098 0.102794 0.306387 0.676034 1.628501
0.447397 0.365173 0.401206 0.472482 0.963358 0.863338 0.476325 0.664880 0.058825 0.993456 1.628501
0.426897 0.081059 0.022970 0.757226 0.601149 0.201697 0.112088 0.469535 0.508475 0.020524 1.628501
0.108239 0.364309 0.843924 0.320714 0.217713 0.104178 0.366458 0.700484 0.513163 0.709909 1.531323
0.053929 0.240733 0.604512 0.300165 0.074985 0.761658 0.148368 0.277754 0.040146 0.933413 1.531323
0.185098 0.412979 0.382587 0.175550 0.725404 0.226269 0.655208 0.004293 0.667538 0.058983 1.002171
0.154442 0.826721 0.283043 0.097709 0.641488 0.950151 0.008256 0.049417 0.427429 0.058108 1.935680
0.146120 0.714203 0.411203 0.436068 0.234979 0.062061 0.857483 0.609978 0.114250 0.927886 1.851644
0.501777 0.912048 0.296899 0.070646 0.129024 0.668475 0.496813 0.389633 0.014111 0.265342 1.022008
0.081003 0.376229 0.702148 0.001690 0.652653 0.961656 0.101689 0.748568 0.211147 0.057774 1.531323
0.048342 0.209480 0.312762 0.274961 0.103108 0.007135 0.640538 0.468121 0.186114 0.899746 1.002171
0.457894 0.181692 0.500722 0.076572 0.712048 0.660386 0.106494 0.138928 0.910202 0.765480 1.531323
0.763928 0.674146 0.039793 0.933729 0.397252 0.450918 0.689388 0.845349 0.006869 0.417367 2.219315
0.418868 0.531645 0.864094 0.357472 0.534948 0.085543 0.968272 0.663468 0.667680 0.831141 1.851644
0.372874 0.747122 0.120046 0.274459 0.695580 0.945310 0.495040 0.824222 0.274352 0.975881 1.935680
0.240443 0.276136 0.590517 0.088993 0.159377 0.836356 0.454357 0.057729 0.670363 0.437366 1.531323
0.334554 0.167326 0.823457 0.021620 0.514746 0.178801 0.624686 0.671459 0.044977 0.281786 1.531323
0.031151 0.834763 0.857882 0.360160 0.178038 0.459293 0.256702 0.265003 0.176546 0.476625 1.851644
0.279865 0.310379 0.667224 0.000633 0.930660 0.773925 0.123850 0.044389 0.624641 0.976685 1.531323
0.127219 0.519163 0.614297 0.046418 0.230255 0.426749 0.813307 0.903642 0.581457 0.633137 1.851644
0.260608 0.441460 0.187353 0.575579 0.876665 0.824152 0.036176 0.487888 0.412800 0.491608 1.628501
0.953009 0.115029 0.678390 0.914898 0.624887 0.455665 0.567837 0.098208 0.869446 0.292227 1.456169
0.315364 0.458174 0.508717 0.244152 0.097279 0.307271 0.491646 0.017524 0.003772 0.304570 1.531323
0.514422 0.768837 0.803375 0.266002 0.519415 0.962830 0.408916 0.646190 0.832302 0.492573 2.348546
0.723164 0.171372 0.752556 0.958461 0.487089 0.811637 0.828648 0.561897 0.474710 0.489385 1.456169
0.207005 0.854894 0.394008 0.292900 0.002272 0.491106 0.066502 0.742541 0.639194 0.447883 1.851644
0.181605 0.106855 0.100169 0.173724 0.218634 0.164643 0.695020 0.363784 0.328121 0.203022 1.002171
0.323682 0.242228 0.289652 0.664507 0.892943 0.209261 0.481242 0.658099 0.992302 0.242397 1.628501
0.082304 0.892472 0.225190 0.108836 0.510515 0.661342 0.854210 0.254110 0.978734 0.027062 1.935680
0.351274 0.270143 0.566474 0.404443 0.465878 0.219113 0.271158 0.734860 0.486859 0.807902 1.532489
0.484590 0.365503 0.661719 0.603863 0.210363 0.314256 0.458914 0.584959 0.901595 0.848004 1.532489
0.012138 0.125578 0.430232 0.918972 0.729256 0.950379 0.703009 0.699593 0.212378 0.598343 1.628501
0.423519 0.991775 0.723338 0.348896 0.199006 0.951873 0.162309 0.081260 0.392025 0.898418 1.851644
0.956369 0.295445 0.983477 0.587392 0.707996 0.299704 0.169669 0.264844 0.551263 0.040195 1.456169
0.497101 0.714161 0.463551 0.004390 0.332106 0.168743 0.534195 0.185053 0.379219 0.072762 2.348546
0.797047 0.100442 0.676056 0.707671 0.865829 0.626508 0.893912 0.280109 0.215367 0.390118 1.456169
0.582676 0.086901 0.978761 0.544369 0.629122 0.644217 0.184767 0.269172 0.119331 0.318317 1.456169
0.280315 0.441480 0.873175 0.955659 0.318793 0.542132 0.766774 0.283067 0.021742 0.372361 1.532489
0.298511 0.299230 0.034440 0.939485 0.690480 0.696436 0.644120 0.219986 0.236589 0.012130 1.628501
0.475345 0.172127 0.754196 0.170394 0.485685 0.344258 0.277284 0.013624 0.924938 0.849350 1.531323
