# Party-1 optima (Phase 1b)
# x0..x(D-1) party_fit f0 f1 consensus
0.018569 0.404064 0.907752 0.898391 0.799435 0.843661 0.908773 0.372495 0.052614 0.281714 0.000770 0.002702 0.000770 0.000770
0.137184 0.483284 0.755415 0.576656 0.633653 0.260372 0.602616 0.377801 0.835553 0.947589 0.000770 0.000248 0.000770 0.000248
0.204495 0.475949 0.806405 0.732093 0.857504 0.381841 0.099046 0.803291 0.633139 0.638613 0.000770 0.002702 0.000770 0.000770
0.338592 0.374006 0.819117 0.971211 0.949077 0.994578 0.184785 0.818328 0.549053 0.524983 0.000770 0.002702 0.000770 0.000770
0.260641 0.244216 0.735734 0.837519 0.849996 0.800863 0.301243 0.544905 0.292728 0.071377 0.000770 0.002702 0.000770 0.000770
0.779522 0.120884 0.190983 0.252453 0.091652 0.989793 0.714600 0.579371 0.442472 0.673437 0.000300 0.000190 0.000300 0.000190
0.106171 0.741449 0.203440 0.771770 0.281867 0.364974 0.650948 0.494759 0.341037 0.692411 0.000250 0.000175 0.000250 0.000175
0.731853 0.796461 0.598935 0.812384 0.604754 0.510284 0.700844 0.533222 0.376967 0.625625 0.000248 0.000248 0.000248 0.000248
