# gen=100 party=0
# sp x0..x(D-1) party_fit
0 0.280997 0.123816 0.829817 0.629391 0.265073 29.793483
1 0.054720 0.314403 0.833352 0.665022 0.208053 29.793483
2 0.174510 0.304232 0.231288 0.500080 0.433170 29.793483
3 0.433635 0.020914 0.854345 0.285648 0.807420 29.793483
4 0.429526 0.232017 0.671208 0.649097 0.712917 29.793483
5 0.443158 0.034034 0.310410 0.650883 0.682975 29.793483
6 0.385395 0.227210 0.394615 0.888714 0.326606 29.793483
7 0.195775 0.117338 0.908875 0.065998 0.389383 29.793483
