# gen=10 mediating population
# x0..x(D-1) f0 f1 consensus
0.832659 0.145595 0.749613 26.053191 26.053191 26.053191
0.847336 0.886175 0.540454 33.652919 26.053191 26.053191
0.779008 0.970829 0.712123 30.985085 26.053191 26.053191
0.612040 0.352983 0.134172 26.053191 26.053191 26.053191
0.937942 0.956462 0.584758 29.213481 26.053191 26.053191
0.401667 0.327367 0.704145 28.686047 26.053191 26.053191
0.016038 0.685990 0.628995 28.473655 26.053191 26.053191
0.213127 0.705439 0.606219 26.053191 26.053191 26.053191
0.544804 0.000600 0.831769 26.053191 26.053191 26.053191
0.389112 0.924388 0.739364 26.053191 26.053191 26.053191
0.865559 0.427899 0.732208 26.053191 26.053191 26.053191
0.110324 0.394296 0.499498 26.053191 32.570637 26.053191
0.392275 0.764657 0.502703 26.899853 29.479274 26.899853
0.555442 0.498963 0.529234 26.053191 26.053191 26.053191
0.128221 0.000000 0.102659 26.053191 26.053191 26.053191
0.591317 0.171069 0.214465 26.053191 26.053191 26.053191
0.520845 0.000000 0.381205 26.053191 26.053191 26.053191
0.351609 0.318853 0.324425 26.053191 26.053191 26.053191
0.445059 0.180587 0.518445 26.053191 26.053191 26.053191
0.202135 0.233626 0.335082 26.053191 26.053191 26.053191
0.360552 0.636050 0.213533 26.053191 26.053191 26.053191
0.555723 0.550710 0.394006 26.053191 26.053191 26.053191
0.149851 0.046017 0.580075 26.053191 26.053191 26.053191
0.868013 0.577679 0.399359 26.053191 26.053191 26.053191
0.407273 0.798423 0.160367 26.053191 26.053191 26.053191
0.984079 0.426506 0.324454 26.053191 26.053191 26.053191
0.721755 0.587196 0.703339 26.053191 26.053191 26.053191
0.989130 0.322639 0.443564 26.053191 26.053191 26.053191
0.730823 0.399474 0.763599 26.053191 26.053191 26.053191
0.538960 0.476167 0.291620 26.053191 26.053191 26.053191
0.148885 0.610298 0.463964 26.053191 26.053191 26.053191
0.290372 0.871062 0.378531 37.411222 26.053191 26.053191
0.826217 0.878324 0.332711 26.053191 26.053191 26.053191
0.742923 0.213380 0.139004 26.053191 26.053191 26.053191
0.901629 0.332320 0.271341 29.854102 54.763479 29.854102
0.444666 0.682562 0.605810 26.053191 26.053191 26.053191
0.802647 0.492663 0.036961 26.053191 26.053191 26.053191
0.092975 0.804503 0.733840 26.053191 26.053191 26.053191
0.472412 0.305762 0.357136 26.053191 26.053191 26.053191
0.292784 0.732263 0.869972 26.053191 26.053191 26.053191
0.112859 0.052201 0.807279 26.053191 26.053191 26.053191
0.209747 0.983534 0.068295 26.053191 26.053191 26.053191
0.655124 0.356642 0.600097 26.053191 26.053191 26.053191
0.412200 0.409682 0.416734 26.053191 26.053191 26.053191
0.075805 0.906363 0.827720 26.053191 26.053191 26.053191
0.472330 0.245614 0.188378 26.053191 26.053191 26.053191
0.734372 0.144859 0.614885 26.053191 26.053191 26.053191
0.142341 0.325657 0.912210 26.053191 26.053191 26.053191
0.298296 0.812657 0.102081 26.053191 26.053191 26.053191
0.590208 0.573798 0.670664 26.053191 26.053191 26.053191
0.719127 0.508855 0.569695 26.053191 26.053191 26.053191
0.665108 0.860559 0.543730 26.053191 26.053191 26.053191
0.382303 0.232311 0.409635 26.053191 26.053191 26.053191
0.645178 0.298275 0.481205 26.053191 26.053191 26.053191
0.657855 0.442277 0.896149 26.053191 26.053191 26.053191
0.405470 0.446058 0.591164 26.053191 26.053191 26.053191
0.570122 0.075026 0.108398 26.053191 26.053191 26.053191
0.255996 0.360832 0.601821 26.053191 26.053191 26.053191
0.472086 0.026727 0.262665 26.053191 26.053191 26.053191
0.307016 0.109890 0.087588 68.197227 38.461980 38.461980
0.245844 0.029772 0.934562 26.053191 26.053191 26.053191
0.354035 0.569940 0.512280 35.295308 37.646154 35.295308
0.968056 0.138544 0.417577 26.053191 26.053191 26.053191
0.208326 0.987713 0.305496 26.053191 26.053191 26.053191
0.821961 0.169788 0.257234 26.053191 26.053191 26.053191
0.063181 0.540143 0.564247 26.053191 26.053191 26.053191
0.998273 0.265805 0.590157 26.053191 26.053191 26.053191
0.123311 0.376075 0.335890 26.053191 26.053191 26.053191
0.517722 0.878735 0.251857 26.053191 26.053191 26.053191
0.500686 0.228189 0.008757 26.053191 26.053191 26.053191
0.584223 0.643159 0.505109 26.053191 26.053191 26.053191
0.296457 0.214456 0.585705 26.053191 26.053191 26.053191
0.325443 0.049158 0.388142 26.053191 26.053191 26.053191
0.742096 0.289683 0.857232 26.053191 26.053191 26.053191
0.734818 1.000000 0.083012 26.053191 26.053191 26.053191
0.631598 0.203239 0.332573 26.053191 28.303864 26.053191
0.479342 0.758392 0.732766 20.450922 26.053191 20.450922
0.745171 0.783653 0.728464 26.053191 22.218771 22.218771
0.537698 0.737355 0.254123 26.053191 26.053191 26.053191
0.615173 0.632182 0.318063 27.830165 26.053191 26.053191
0.367956 0.446642 0.047410 26.053191 26.053191 26.053191
0.094186 0.157344 0.740287 26.053191 26.053191 26.053191
0.000000 0.519103 0.850240 26.053191 26.053191 26.053191
0.035657 0.794503 0.058600 26.053191 26.053191 26.053191
0.170704 0.059449 0.295978 26.053191 26.053191 26.053191
0.139061 0.755291 0.007858 26.053191 26.053191 26.053191
0.859840 0.310921 0.847786 26.053191 26.053191 26.053191
0.154170 0.539379 0.161329 26.053191 26.053191 26.053191
0.252521 0.270603 0.129230 26.053191 26.053191 26.053191
0.738583 0.086668 0.161622 26.053191 26.053191 26.053191
0.494259 0.153125 0.967873 26.053191 26.053191 26.053191
0.188711 0.324709 0.793381 33.980896 28.566538 28.566538
0.239180 0.473946 0.470999 26.053191 26.053191 26.053191
0.962914 0.648319 0.553904 26.053191 26.053191 26.053191
0.876500 0.121652 0.941108 26.053191 26.053191 26.053191
0.557595 0.090730 0.528852 26.053191 26.053191 26.053191
0.117863 0.180128 0.593311 26.053191 26.053191 26.053191
0.924277 0.831664 0.168794 26.053191 26.053191 26.053191
0.954186 0.207790 0.297842 26.053191 26.053191 26.053191
0.879942 0.403476 0.152119 26.053191 29.880123 26.053191
0.686565 0.031169 0.298060 26.053191 26.053191 26.053191
0.855993 0.436887 0.866739 26.053191 26.053191 26.053191
0.889458 0.564293 0.017652 26.053191 26.053191 26.053191
0.828405 0.819954 0.960071 26.053191 26.053191 26.053191
0.557529 0.432912 0.887029 26.053191 26.053191 26.053191
0.320998 0.217019 0.980356 26.053191 26.053191 26.053191
0.232827 0.441272 0.843364 21.767186 26.053191 21.767186
0.629947 0.156302 0.729898 26.053191 26.053191 26.053191
0.557634 0.457298 0.087795 26.053191 26.053191 26.053191
0.684094 0.973797 0.825454 26.053191 26.053191 26.053191
0.753422 0.804084 0.263718 26.053191 27.541059 26.053191
0.507266 0.324696 0.526749 26.053191 26.053191 26.053191
0.250368 0.513276 0.087594 26.053191 26.053191 26.053191
0.590600 0.812376 0.672129 26.053191 33.421467 26.053191
0.892763 0.939522 0.098460 82.615066 46.425804 46.425804
0.000000 0.695414 0.150646 26.053191 26.053191 26.053191
0.172896 0.978029 0.873522 26.053191 26.053191 26.053191
0.100080 0.269229 0.168163 26.053191 26.053191 26.053191
0.914981 0.964668 0.328580 26.053191 26.053191 26.053191
0.107600 0.786697 0.845001 51.774781 56.807382 51.774781
0.894143 0.972720 0.747140 34.935329 31.104667 31.104667
0.128451 0.292540 0.425542 26.053191 26.053191 26.053191
0.729936 0.335431 0.973131 26.053191 26.053191 26.053191
0.433098 0.076772 0.156512 26.053191 26.053191 26.053191
0.264495 0.218932 0.897121 26.053191 26.053191 26.053191
0.765037 0.735561 0.157905 26.053191 25.335166 25.335166
0.395363 0.995638 0.357163 26.053191 26.053191 26.053191
0.896372 0.175855 0.541460 26.053191 26.053191 26.053191
0.674341 0.591853 0.076400 26.053191 26.053191 26.053191
0.370134 0.825117 0.875461 26.053191 26.053191 26.053191
0.167923 1.000000 0.442561 26.053191 26.053191 26.053191
0.765004 0.018049 0.606005 47.653476 26.053191 26.053191
0.102967 0.467492 0.011457 26.053191 26.053191 26.053191
0.890953 0.552652 0.975464 26.053191 26.053191 26.053191
0.381552 0.218023 0.790607 26.053191 26.053191 26.053191
0.423980 0.033072 0.508978 31.579931 26.053191 26.053191
0.812745 0.432636 0.032092 26.053191 26.053191 26.053191
0.406962 0.822068 0.392679 26.053191 26.053191 26.053191
0.853500 0.003233 0.185921 26.053191 26.053191 26.053191
0.372885 0.957901 0.225385 26.053191 26.053191 26.053191
0.011051 0.488611 0.664839 26.053191 26.053191 26.053191
0.677481 0.352258 0.320114 27.205611 53.330143 27.205611
0.389300 0.020155 0.792741 26.053191 26.053191 26.053191
0.991398 0.151260 0.920119 26.053191 26.053191 26.053191
0.011459 0.581943 0.083349 26.053191 26.053191 26.053191
0.842652 0.421079 0.476356 26.053191 26.053191 26.053191
0.729113 0.224175 0.014769 26.053191 26.053191 26.053191
0.165984 0.628744 0.979495 26.053191 26.053191 26.053191
0.882680 0.401054 0.619853 26.053191 26.053191 26.053191
0.437302 0.998776 0.599480 26.053191 26.053191 26.053191
0.089633 0.997287 0.975839 28.782142 26.053191 26.053191
0.839376 0.083066 0.734654 25.395224 26.053191 25.395224
1.000000 0.882690 1.000000 26.053191 26.053191 26.053191
0.300967 0.043895 0.667224 26.053191 26.053191 26.053191
0.666237 0.180780 0.671507 26.053191 26.053191 26.053191
0.934813 0.873735 0.685190 26.053191 26.053191 26.053191
0.988364 0.327683 0.107812 26.053191 26.053191 26.053191
0.449948 0.315098 0.891119 26.053191 26.053191 26.053191
0.596173 0.288217 0.866224 26.053191 34.740657 26.053191
0.559846 0.599911 0.146746 26.053191 26.053191 26.053191
0.395737 0.722773 0.797156 26.053191 26.053191 26.053191
0.847336 0.592910 0.795371 56.496774 39.003326 39.003326
0.451512 0.389020 0.938148 26.053191 26.053191 26.053191
0.584204 0.936467 0.490344 26.053191 18.571783 18.571783
0.076503 0.925734 0.343535 55.768508 27.577344 27.577344
0.988418 0.864788 0.822614 26.053191 26.053191 26.053191
0.410953 0.562759 0.259501 26.053191 26.053191 26.053191
0.917871 0.177370 0.150231 26.053191 26.053191 26.053191
0.190956 0.155104 0.189216 26.053191 26.053191 26.053191
0.658583 0.683098 0.986083 26.053191 22.218771 22.218771
0.099994 0.660492 0.301532 26.053191 26.053191 26.053191
0.099049 0.452917 0.990954 26.053191 26.053191 26.053191
0.334425 0.914204 0.054886 26.053191 26.053191 26.053191
0.705360 0.483044 0.223290 77.552336 80.192352 77.552336
0.185557 0.900081 0.592932 26.053191 26.053191 26.053191
0.125321 0.178012 0.776135 26.053191 26.053191 26.053191
0.289561 0.154325 0.000000 32.244643 40.308413 32.244643
0.297056 0.179924 0.360604 26.053191 26.053191 26.053191
0.774776 0.233821 0.503552 26.053191 26.053191 26.053191
0.012971 0.990822 0.248617 26.053191 26.053191 26.053191
0.251333 0.391976 0.085537 26.053191 26.053191 26.053191
0.961006 0.628201 0.518344 26.053191 26.053191 26.053191
0.669718 0.110568 0.907154 26.053191 26.053191 26.053191
0.350985 0.993437 0.183519 26.053191 26.053191 26.053191
0.024738 0.653787 0.790181 26.053191 26.053191 26.053191
0.060182 0.841830 0.487341 64.134098 83.079363 64.134098
0.422843 0.157822 0.777587 26.053191 26.053191 26.053191
0.520884 0.000000 0.667780 26.053191 26.053191 26.053191
0.834470 0.530769 0.162350 26.053191 26.053191 26.053191
0.086532 0.486609 0.436298 26.053191 26.053191 26.053191
0.669549 0.584601 0.147411 26.053191 26.053191 26.053191
0.303487 0.808544 0.226859 26.053191 26.053191 26.053191
0.051156 0.967435 0.456388 26.053191 28.723300 26.053191
0.587171 0.157904 0.763780 26.053191 26.053191 26.053191
0.411092 0.681233 0.000000 26.053191 26.053191 26.053191
0.488012 0.328371 0.404491 26.053191 26.053191 26.053191
0.421384 0.321390 0.068112 26.053191 26.053191 26.053191
0.957761 0.002004 0.043686 26.053191 26.053191 26.053191
0.635098 0.833340 0.576015 26.053191 19.567047 19.567047
0.438045 0.014391 0.962973 26.053191 26.053191 26.053191
0.301580 0.614228 0.342272 31.613321 26.313384 26.313384
0.341808 0.900617 0.485152 26.053191 26.053191 26.053191
0.271746 0.878780 0.827816 80.127399 83.266021 80.127399
0.873731 0.247338 0.954404 26.053191 26.053191 26.053191
0.337799 0.344965 0.935239 19.163652 26.053191 19.163652
0.257868 0.547358 0.250156 26.053191 26.053191 26.053191
0.937858 0.782305 0.056177 26.053191 25.335166 25.335166
0.737499 0.437546 0.708996 26.053191 26.053191 26.053191
0.401667 0.327367 0.704145 28.686047 26.053191 26.053191
0.187143 0.697883 0.810456 26.053191 26.053191 26.053191
0.527434 0.933661 0.116169 26.053191 26.053191 26.053191
0.631740 0.606692 0.945574 26.053191 26.053191 26.053191
0.868742 0.772199 0.634416 26.053191 37.862715 26.053191
0.693623 0.004495 0.002930 26.053191 26.053191 26.053191
0.842748 0.000000 0.391788 26.053191 26.053191 26.053191
0.938734 0.311157 0.716594 58.135270 48.760352 48.760352
0.000000 0.724207 0.907916 29.835824 36.994396 29.835824
0.036546 0.403759 0.826350 26.053191 17.053289 17.053289
0.179023 0.429153 0.722075 26.053191 26.053191 26.053191
0.298636 0.846426 0.592553 51.015523 34.293960 34.293960
0.246609 0.212111 0.536462 26.053191 26.053191 26.053191
0.201018 0.056169 0.413212 26.053191 26.053191 26.053191
0.476339 0.167186 0.110702 35.479137 26.053191 26.053191
0.985213 0.840236 0.386940 26.053191 26.053191 26.053191
0.727614 0.824622 0.657652 26.053191 26.053191 26.053191
0.016038 0.685990 0.628995 28.473655 26.053191 26.053191
0.234664 0.481794 0.559431 26.053191 26.053191 26.053191
0.286108 0.240025 0.791603 26.053191 26.053191 26.053191
0.274897 0.919274 0.697374 26.053191 26.053191 26.053191
0.360690 0.100182 0.292481 26.053191 26.053191 26.053191
0.714076 0.425068 0.333971 30.500317 60.143713 30.500317
0.691884 0.009192 0.449074 25.395224 26.053191 25.395224
0.797110 0.674333 0.141521 26.053191 25.335166 25.335166
0.704516 0.402649 0.576819 26.053191 26.053191 26.053191
0.970865 0.141070 0.687178 26.053191 26.053191 26.053191
0.274691 0.794931 0.549757 26.053191 26.053191 26.053191
0.570753 0.268131 0.810548 32.633608 32.197289 32.197289
0.594616 0.356681 0.965237 26.053191 26.053191 26.053191
0.744875 0.267052 0.683705 26.053191 26.053191 26.053191
0.631082 0.717092 0.522826 26.053191 18.571783 18.571783
0.734279 0.996979 0.300410 26.053191 26.053191 26.053191
0.661949 0.227599 0.935297 26.053191 26.053191 26.053191
0.594565 0.555852 0.834923 26.053191 26.053191 26.053191
0.139378 0.919029 0.216227 26.053191 26.053191 26.053191
0.130841 0.506522 0.127405 26.053191 26.053191 26.053191
0.646350 0.638170 0.019822 26.053191 26.053191 26.053191
0.779008 0.970829 0.712123 30.985085 26.053191 26.053191
0.366332 0.587024 0.453982 48.572864 49.049246 48.572864
0.807938 0.892534 0.081602 33.364975 26.053191 26.053191
0.438818 0.967395 0.985855 26.053191 26.053191 26.053191
0.820629 0.815197 0.751161 26.053191 26.053191 26.053191
0.416917 0.204730 0.489631 26.053191 26.053191 26.053191
0.835121 0.764296 0.453509 26.053191 25.335166 25.335166
0.154833 0.197586 0.773634 26.053191 26.053191 26.053191
0.098357 0.138693 0.465214 26.053191 26.053191 26.053191
0.578014 0.133839 0.279350 26.053191 26.053191 26.053191
0.978581 0.955205 0.471416 26.053191 26.053191 26.053191
0.363872 0.474969 0.176626 26.053191 26.053191 26.053191
0.956691 0.609175 0.195515 26.053191 26.053191 26.053191
0.036102 0.302345 0.737777 26.053191 17.053289 17.053289
0.746844 0.991899 0.941998 30.459022 26.053191 26.053191
0.822321 0.635303 0.603813 26.053191 26.053191 26.053191
0.242857 0.504184 0.960604 22.063286 26.053191 22.063286
0.946887 0.510366 0.332894 26.053191 26.053191 26.053191
0.671657 0.658169 0.155772 26.053191 18.571783 18.571783
0.490573 0.437433 0.703838 20.450922 26.053191 20.450922
0.476021 0.928575 0.696280 20.450922 26.053191 20.450922
0.063762 0.147671 0.584905 26.053191 17.053289 17.053289
0.707942 0.537452 0.101027 26.053191 39.236839 26.053191
0.031978 0.647567 0.720254 26.053191 26.053191 26.053191
0.008363 0.992997 0.102231 26.053191 26.053191 26.053191
0.266208 0.632041 0.058765 26.053191 26.053191 26.053191
0.841303 0.589950 0.961209 26.053191 26.053191 26.053191
0.440350 0.017319 0.899260 26.053191 26.053191 26.053191
0.037930 0.247880 0.358438 21.704188 17.053289 17.053289
0.187813 0.996472 0.596199 26.053191 26.053191 26.053191
0.758651 0.500025 0.869453 26.053191 26.053191 26.053191
0.613997 0.292247 0.622843 26.053191 26.053191 26.053191
0.937942 0.956462 0.584758 29.213481 26.053191 26.053191
0.906277 0.990515 0.143793 33.643635 45.237965 33.643635
0.147592 0.259572 0.007178 26.053191 26.053191 26.053191
0.551364 0.038227 0.011789 26.053191 26.053191 26.053191
0.436783 0.434951 0.568162 19.163652 26.053191 19.163652
0.134864 0.792319 0.182696 26.053191 26.053191 26.053191
0.988232 0.498046 0.491136 26.053191 26.053191 26.053191
0.541961 0.358300 0.127089 26.053191 26.053191 26.053191
0.156813 0.999611 0.930110 26.053191 26.053191 26.053191
0.562267 0.930511 0.939995 26.053191 19.567047 19.567047
0.672010 0.419022 0.050100 26.053191 27.451941 26.053191
0.298251 0.537447 0.170256 26.053191 26.053191 26.053191
0.471426 0.843992 0.558352 41.284611 26.053191 26.053191
0.691919 0.818565 0.821495 26.053191 26.053191 26.053191
0.847336 0.886175 0.540454 33.652919 26.053191 26.053191
0.301408 0.445028 0.261904 26.053191 26.053191 26.053191
0.835722 0.113108 0.061792 26.053191 26.053191 26.053191
0.392275 0.764657 0.502703 26.899853 29.479274 26.899853
0.282135 0.121696 0.071224 34.389574 55.567848 34.389574
0.177333 0.821238 0.818912 26.053191 28.316844 26.053191
0.121358 0.793336 0.432561 26.053191 26.053191 26.053191
0.201865 0.204535 0.268669 26.053191 26.053191 26.053191
