# Final mediating pop (post Phase 4)
# x0..x(D-1) f0 f1 consensus
0.809098 0.814234 0.092623 0.646287 0.455481 0.668325 0.354573 0.662042 0.340893 0.192110 55.293742 55.496228 55.293742
0.804103 0.824536 0.104413 0.660646 0.427908 0.681772 0.311298 0.648888 0.325774 0.167758 55.412620 55.452040 55.412620
0.809501 0.832031 0.115457 0.661820 0.435221 0.660173 0.310298 0.683029 0.318638 0.194118 55.126186 55.151581 55.126186
0.822991 0.837201 0.104523 0.667345 0.458534 0.670010 0.297988 0.684296 0.308388 0.184244 55.007333 55.045338 55.007333
0.802540 0.831131 0.089413 0.611251 0.398774 0.619643 0.326197 0.651902 0.341026 0.231861 54.890994 54.481417 54.481417
0.812066 0.804695 0.115751 0.664113 0.406577 0.632595 0.315367 0.637048 0.334148 0.149624 55.199710 55.001049 55.001049
0.814121 0.805185 0.092637 0.629009 0.426943 0.621383 0.329037 0.675445 0.300936 0.186664 55.017651 55.137730 55.017651
0.798357 0.825745 0.089553 0.651466 0.434732 0.645834 0.300087 0.667726 0.346036 0.153323 55.286247 55.371164 55.286247
0.800120 0.845947 0.079786 0.638566 0.467179 0.635993 0.342584 0.664551 0.331422 0.149075 55.381153 55.310763 55.310763
0.810808 0.854721 0.087401 0.628905 0.474412 0.644450 0.311099 0.651822 0.328470 0.149924 55.163960 55.427650 55.163960
0.804514 0.801755 0.106520 0.645042 0.375489 0.650503 0.270757 0.649346 0.353595 0.212969 54.810717 54.810182 54.810182
0.812586 0.830869 0.093307 0.675815 0.452438 0.671361 0.312802 0.655495 0.375704 0.184918 54.848283 54.920475 54.848283
0.815541 0.830538 0.098599 0.652499 0.449197 0.662943 0.301588 0.633218 0.376585 0.178568 54.588390 55.199398 54.588390
0.808419 0.797058 0.098807 0.639974 0.455818 0.674412 0.321528 0.631928 0.338505 0.135003 54.864285 54.891653 54.864285
0.809577 0.818819 0.097682 0.641698 0.421882 0.669610 0.308450 0.660678 0.326895 0.198749 55.509789 55.648978 55.509789
0.832452 0.825961 0.092721 0.639495 0.425485 0.671955 0.290768 0.653012 0.321186 0.192695 55.173239 55.624089 55.173239
0.810046 0.819590 0.098208 0.649779 0.425868 0.655583 0.306440 0.667942 0.325231 0.188777 55.781575 55.798256 55.781575
0.791397 0.815561 0.102851 0.647527 0.406072 0.649046 0.310416 0.687505 0.334380 0.187631 55.166562 55.413497 55.166562
0.798710 0.820092 0.093699 0.639172 0.413939 0.659758 0.311246 0.680212 0.318799 0.194005 55.515471 55.765109 55.515471
0.802041 0.831368 0.093478 0.642191 0.457895 0.645053 0.323828 0.676173 0.327714 0.219938 55.194358 55.028094 55.028094
0.814817 0.820841 0.092969 0.652351 0.415106 0.645481 0.312050 0.669971 0.324065 0.182381 55.531990 55.522049 55.522049
0.820424 0.842141 0.085637 0.643790 0.443213 0.653475 0.291393 0.670020 0.308799 0.171643 55.360672 55.359349 55.359349
0.809293 0.824428 0.099381 0.676138 0.476438 0.649838 0.292506 0.675827 0.345484 0.155545 54.847427 55.033098 54.847427
0.800862 0.795803 0.112962 0.649061 0.457521 0.652625 0.338232 0.640849 0.343632 0.165080 55.121119 55.215871 55.121119
0.808982 0.794402 0.122183 0.673633 0.431992 0.672558 0.303116 0.649766 0.367599 0.204778 54.789543 54.915748 54.789543
0.796491 0.800015 0.096300 0.645397 0.445218 0.656713 0.301472 0.659508 0.365989 0.209051 54.982016 54.961750 54.961750
0.822744 0.849942 0.086173 0.663775 0.535970 0.683407 0.287629 0.646370 0.344671 0.131725 54.146676 54.133586 54.133586
0.797068 0.820321 0.104443 0.652928 0.389972 0.633792 0.266191 0.678768 0.358500 0.208753 54.476784 54.461396 54.461396
0.798083 0.826889 0.091080 0.622865 0.408379 0.615391 0.292384 0.686614 0.306333 0.194609 55.079982 55.332046 55.079982
0.804003 0.820687 0.107821 0.653160 0.411677 0.686296 0.283115 0.671893 0.304884 0.176818 55.100450 55.345838 55.100450
0.808001 0.835656 0.106586 0.662532 0.450074 0.678602 0.349080 0.625580 0.351392 0.160809 54.955833 55.260617 54.955833
0.799744 0.835109 0.087032 0.627118 0.429821 0.611710 0.319396 0.662565 0.317860 0.148720 55.249732 55.216378 55.216378
0.810659 0.817070 0.105393 0.634013 0.405742 0.616256 0.334557 0.631371 0.307655 0.140978 55.175107 55.165671 55.165671
0.817637 0.841685 0.074975 0.658954 0.482508 0.663061 0.348530 0.658222 0.338635 0.155639 55.194568 55.198855 55.194568
0.805223 0.811835 0.091430 0.631130 0.427330 0.639374 0.303827 0.663535 0.344819 0.206354 54.943231 55.594398 54.943231
0.807794 0.839044 0.079113 0.638665 0.484388 0.652281 0.353305 0.663675 0.315416 0.170718 55.114428 55.097804 55.097804
0.803284 0.800282 0.104003 0.645674 0.443176 0.646585 0.306138 0.657288 0.329173 0.170245 55.476988 55.560022 55.476988
0.813340 0.812654 0.104092 0.662101 0.409065 0.666943 0.365185 0.645903 0.304915 0.114186 54.458953 54.761941 54.458953
0.789104 0.815862 0.104023 0.643755 0.453279 0.631632 0.324640 0.673814 0.329685 0.144874 54.933751 54.908273 54.908273
0.800348 0.821163 0.105075 0.664859 0.431669 0.636032 0.317336 0.667536 0.345517 0.164626 55.238575 55.227405 55.227405
0.791880 0.821993 0.106108 0.641416 0.436109 0.642941 0.309287 0.671304 0.338893 0.184660 55.344550 55.582610 55.344550
0.809863 0.818359 0.108666 0.621796 0.426050 0.662997 0.321026 0.646961 0.310230 0.195567 55.317094 55.022338 55.022338
0.806557 0.810844 0.098358 0.641946 0.389148 0.652157 0.321619 0.656010 0.309263 0.156818 55.411179 55.424445 55.411179
0.806982 0.833727 0.092285 0.646423 0.466934 0.665722 0.313784 0.657175 0.316261 0.150166 55.507338 55.405395 55.405395
0.801160 0.822108 0.106602 0.618350 0.462052 0.676921 0.380353 0.625052 0.347929 0.172961 54.548303 55.022995 54.548303
0.793086 0.814312 0.102886 0.642139 0.408167 0.672691 0.262271 0.673166 0.328081 0.227038 55.046660 55.033310 55.033310
0.797701 0.838667 0.090614 0.637235 0.461613 0.662947 0.319338 0.670512 0.325281 0.177860 55.407176 55.605929 55.407176
0.823182 0.829684 0.095343 0.655693 0.430972 0.692642 0.293213 0.656513 0.324674 0.193378 54.895008 55.421330 54.895008
0.804579 0.812667 0.101819 0.640760 0.399753 0.675830 0.285099 0.675734 0.315302 0.216951 55.163764 55.488238 55.163764
0.812035 0.844168 0.097803 0.659650 0.432458 0.652779 0.315902 0.690619 0.312124 0.168238 54.972538 55.629965 54.972538
0.809993 0.823368 0.104475 0.636903 0.399068 0.666421 0.291659 0.647753 0.305017 0.174891 55.526970 55.476539 55.476539
0.802500 0.843989 0.079221 0.637634 0.429007 0.667678 0.310307 0.657524 0.322311 0.146736 55.024656 55.028170 55.024656
0.805239 0.822181 0.089841 0.641076 0.446688 0.661653 0.316244 0.649035 0.354090 0.180542 55.345477 55.402920 55.345477
0.794290 0.817268 0.113115 0.633469 0.447522 0.680978 0.330626 0.668508 0.327494 0.200926 55.178684 55.283036 55.178684
0.804653 0.839636 0.103165 0.673876 0.393786 0.699331 0.312614 0.688633 0.327384 0.205526 54.482437 54.553140 54.482437
0.811392 0.840288 0.100647 0.632482 0.477684 0.667695 0.334695 0.639502 0.330423 0.171116 55.156275 55.303404 55.156275
0.796785 0.833602 0.100391 0.643860 0.471555 0.633746 0.334281 0.663909 0.353667 0.225489 54.906847 55.065517 54.906847
0.805692 0.826984 0.089313 0.620858 0.453970 0.663025 0.312040 0.647820 0.320510 0.135285 55.167269 55.171870 55.167269
0.791970 0.790956 0.109474 0.639406 0.392640 0.641177 0.294713 0.661323 0.332777 0.162214 54.975366 54.930091 54.930091
0.822237 0.836794 0.079636 0.669795 0.459489 0.676090 0.321338 0.673006 0.333141 0.165230 54.886454 55.477379 54.886454
0.801748 0.831760 0.109185 0.609253 0.382389 0.631186 0.294490 0.656680 0.321844 0.228443 54.758362 54.925794 54.758362
0.819054 0.832082 0.100498 0.659502 0.412489 0.706680 0.387717 0.600780 0.360614 0.140450 53.798387 53.888270 53.798387
0.796761 0.818924 0.102350 0.638459 0.420892 0.622460 0.299818 0.667650 0.326481 0.178384 55.416237 55.276406 55.276406
0.817919 0.838832 0.096522 0.646181 0.435273 0.670031 0.260698 0.670976 0.310510 0.174691 54.871172 54.890948 54.871172
0.806499 0.848936 0.108446 0.655999 0.495299 0.698024 0.294771 0.658602 0.327493 0.159941 54.340129 54.505893 54.340129
0.807135 0.810208 0.109436 0.669181 0.410880 0.684284 0.312037 0.688568 0.325631 0.215827 54.948274 54.930240 54.930240
0.832578 0.802742 0.119122 0.675587 0.451256 0.692650 0.268142 0.674389 0.331175 0.205469 54.008481 54.496147 54.008481
0.818231 0.835285 0.115282 0.642158 0.436787 0.666305 0.254872 0.652066 0.330181 0.176807 54.575695 54.818786 54.575695
0.820303 0.836049 0.089390 0.639138 0.506302 0.703761 0.357865 0.619681 0.375796 0.178198 54.374879 54.582948 54.374879
0.804749 0.832815 0.084399 0.637116 0.424127 0.659335 0.291633 0.666605 0.322726 0.185463 55.534016 55.712035 55.534016
0.795555 0.809539 0.128858 0.637251 0.419712 0.670924 0.375546 0.668552 0.341035 0.271569 54.240063 54.038821 54.038821
0.816412 0.814970 0.108748 0.652626 0.374533 0.672580 0.311754 0.647296 0.330828 0.199937 54.669744 54.776814 54.669744
0.802618 0.835369 0.117897 0.650195 0.457211 0.662751 0.387534 0.609998 0.341819 0.158711 54.677178 54.785213 54.677178
0.793867 0.812931 0.102259 0.639750 0.439898 0.651416 0.320342 0.713681 0.304624 0.206486 54.553463 54.731589 54.553463
0.797133 0.821292 0.115126 0.652495 0.443466 0.672048 0.347366 0.643315 0.338036 0.169514 55.244574 55.551584 55.244574
0.785402 0.824051 0.095034 0.673800 0.443349 0.642795 0.315049 0.696663 0.366510 0.142273 54.498699 54.554993 54.498699
0.807365 0.823069 0.090165 0.640576 0.439355 0.642014 0.325810 0.654695 0.329719 0.162947 55.679109 55.922584 55.679109
0.812642 0.836399 0.092251 0.658941 0.440509 0.654606 0.322543 0.680617 0.330262 0.199204 55.476537 55.378641 55.378641
0.807896 0.820381 0.125762 0.690580 0.476271 0.711118 0.383084 0.653254 0.335227 0.165471 54.083933 54.160723 54.083933
0.816554 0.817592 0.094821 0.633699 0.396434 0.626020 0.330153 0.630231 0.319637 0.132365 55.035629 55.398891 55.035629
0.784513 0.808240 0.117074 0.608119 0.439040 0.672582 0.376652 0.635255 0.351984 0.187091 54.387381 54.663922 54.387381
0.806771 0.824804 0.072633 0.617186 0.456607 0.645737 0.307445 0.662577 0.327425 0.168640 55.066584 55.110418 55.066584
0.819810 0.829937 0.096313 0.637651 0.373715 0.656380 0.279439 0.628853 0.328447 0.170614 54.721292 54.810798 54.721292
0.789080 0.821639 0.095962 0.639946 0.413604 0.620709 0.371303 0.670506 0.382069 0.232856 54.036810 54.125768 54.036810
0.807979 0.812632 0.106636 0.663071 0.395167 0.694480 0.320855 0.680513 0.320680 0.214557 54.986870 55.026683 54.986870
0.800699 0.823498 0.095812 0.629219 0.383165 0.637752 0.277223 0.667149 0.315320 0.162348 55.160771 55.236580 55.160771
0.810335 0.814250 0.096389 0.668210 0.452483 0.688692 0.350700 0.672494 0.293014 0.133924 54.586460 54.498779 54.498779
0.800961 0.838394 0.078308 0.622061 0.383541 0.609858 0.318676 0.672119 0.305139 0.117209 54.496010 54.956696 54.496010
0.809556 0.826852 0.103854 0.677593 0.518287 0.683900 0.313488 0.661718 0.357730 0.199340 54.674474 54.612674 54.612674
0.797934 0.805317 0.099295 0.652242 0.426611 0.675743 0.309197 0.676990 0.336317 0.214796 55.178716 55.420360 55.178716
0.805718 0.778192 0.100574 0.632275 0.431308 0.675691 0.317040 0.629627 0.360605 0.156954 54.600788 54.515030 54.515030
0.797738 0.847878 0.096999 0.658489 0.453796 0.654961 0.264240 0.724979 0.324511 0.206100 54.218909 54.272468 54.218909
0.818305 0.808531 0.107193 0.638167 0.405094 0.623925 0.326109 0.639390 0.298255 0.142666 55.137421 55.144866 55.137421
0.796089 0.791543 0.122379 0.659263 0.392112 0.639709 0.288329 0.684508 0.357354 0.227466 54.348507 54.991836 54.348507
0.802929 0.825627 0.095844 0.639015 0.458689 0.668529 0.317767 0.659233 0.338369 0.184494 55.414870 56.144140 55.414870
0.818116 0.826424 0.089442 0.649252 0.453266 0.665523 0.299590 0.650259 0.313024 0.145099 55.443415 55.414054 55.414054
0.795423 0.828488 0.119986 0.649089 0.385025 0.655285 0.271676 0.673592 0.332463 0.229392 54.750228 54.668591 54.668591
0.807380 0.841955 0.100580 0.648754 0.513232 0.672198 0.321036 0.655776 0.346389 0.199096 55.039925 55.046541 55.039925
0.807899 0.826049 0.097742 0.643492 0.459589 0.650684 0.358167 0.654362 0.330707 0.186053 55.262287 55.564820 55.262287
0.815410 0.824091 0.090949 0.651446 0.457332 0.639397 0.341837 0.657963 0.325664 0.165438 55.428003 55.459529 55.428003
0.807966 0.836663 0.079534 0.633957 0.419747 0.640944 0.301814 0.669708 0.315889 0.168431 55.682897 55.757386 55.682897
0.799211 0.824905 0.111227 0.647391 0.419660 0.691902 0.334568 0.660540 0.327433 0.226112 54.949635 54.979952 54.949635
0.815856 0.828172 0.100594 0.641239 0.397730 0.650179 0.284937 0.633912 0.316342 0.140524 55.035950 55.134089 55.035950
0.804421 0.819451 0.103907 0.632993 0.419196 0.659000 0.286933 0.666060 0.319926 0.212273 55.424038 55.621771 55.424038
0.799093 0.845953 0.085920 0.628050 0.445259 0.681512 0.392327 0.671839 0.310671 0.206033 54.106973 54.525322 54.106973
0.803134 0.823806 0.113575 0.638190 0.428263 0.647944 0.372559 0.618775 0.326959 0.146792 55.032047 55.080188 55.032047
0.792774 0.830658 0.114424 0.624291 0.408033 0.669891 0.324789 0.636249 0.341442 0.216434 54.882962 55.018661 54.882962
0.803776 0.834649 0.091434 0.645383 0.449836 0.629417 0.372549 0.626874 0.381784 0.176149 54.506395 54.515304 54.506395
0.813507 0.842807 0.087074 0.648629 0.412025 0.654294 0.290573 0.677804 0.309793 0.188917 55.297269 55.207126 55.207126
0.804784 0.812286 0.087307 0.655891 0.491886 0.644723 0.323652 0.670320 0.324767 0.168216 55.104288 55.138146 55.104288
0.825684 0.837326 0.071875 0.634518 0.392446 0.649206 0.299268 0.634399 0.334420 0.171860 54.925709 54.687243 54.687243
0.821999 0.805155 0.109879 0.629185 0.415305 0.676149 0.318276 0.649796 0.322478 0.211800 55.012049 54.693394 54.693394
0.810255 0.804528 0.085311 0.659539 0.439480 0.647580 0.313964 0.667007 0.370127 0.216820 54.790946 54.819135 54.790946
0.795349 0.790605 0.111795 0.651162 0.412252 0.637450 0.282525 0.676831 0.333526 0.192494 55.198255 55.170926 55.170926
0.810476 0.833768 0.096826 0.648186 0.414768 0.651182 0.294152 0.643704 0.330228 0.136243 54.888339 55.181821 54.888339
0.806041 0.825430 0.104664 0.655739 0.495009 0.670011 0.363050 0.660447 0.326332 0.163201 54.805275 55.400056 54.805275
0.808278 0.820870 0.098292 0.665497 0.480577 0.701106 0.380784 0.648845 0.356955 0.189565 54.845249 54.983570 54.845249
0.802177 0.856591 0.093332 0.625278 0.458443 0.631449 0.293364 0.651240 0.358587 0.186948 54.769661 54.656537 54.656537
0.796363 0.819437 0.077152 0.652005 0.447021 0.613869 0.320683 0.683304 0.341383 0.133515 54.850712 54.843191 54.843191
0.810902 0.817808 0.087993 0.645322 0.414486 0.650064 0.321003 0.671439 0.315803 0.176737 55.718228 55.757613 55.718228
0.690750 0.753225 0.082472 0.478932 0.323923 0.619793 0.215691 0.368695 0.370521 0.328724 51.788380 51.344299 51.344299
0.747672 0.756475 0.147233 0.458758 0.490008 0.538617 0.465987 0.467364 0.278870 0.513685 51.000379 51.344299 51.000379
0.781022 0.803950 0.105371 0.681926 0.465489 0.596089 0.395586 0.756024 0.426530 0.022812 51.356822 51.932723 51.356822
0.823142 0.788895 0.183099 0.666055 0.472229 0.723222 0.276819 0.714575 0.316107 0.125783 51.187540 54.537959 51.187540
0.834580 0.768650 0.110323 0.457411 0.458625 0.575054 0.315412 0.545800 0.443068 0.136189 51.055506 51.355779 51.055506
0.767809 0.817181 0.051940 0.413665 0.545695 0.624326 0.396477 0.447688 0.340177 0.394585 51.179019 51.344299 51.179019
0.791638 0.890561 0.109940 0.588467 0.476318 0.710926 0.349480 0.654211 0.404105 0.083909 51.781863 55.684992 51.781863
0.720036 0.767081 0.071223 0.482612 0.563764 0.609621 0.248783 0.485528 0.212903 0.311513 51.619415 51.344299 51.344299
0.844114 0.725285 0.108386 0.551605 0.271779 0.725793 0.556889 0.573768 0.274513 0.328609 51.064728 47.097849 47.097849
0.792792 0.717158 0.000000 0.467259 0.369005 0.519003 0.419537 0.450267 0.168358 0.148702 51.055497 51.344707 51.055497
0.672598 0.802612 0.076305 0.470359 0.516635 0.561590 0.340463 0.522703 0.246995 0.233912 51.607294 51.344299 51.344299
0.891219 0.771453 0.086517 0.470877 0.346835 0.829990 0.208412 0.552125 0.347870 0.244481 50.966934 51.344299 50.966934
0.853472 0.886256 0.139903 0.645611 0.459145 0.735874 0.366730 0.664696 0.612173 0.257744 50.857160 53.152231 50.857160
0.725649 0.787573 0.112930 0.390482 0.293864 0.526456 0.203436 0.521355 0.357109 0.234081 51.003640 51.352900 51.003640
0.749188 0.755346 0.000000 0.463331 0.548795 0.658463 0.362100 0.305240 0.393295 0.290958 51.159280 51.344299 51.159280
0.825731 0.813872 0.129446 0.571622 0.375376 0.676237 0.370479 0.666338 0.359847 0.370336 52.080567 51.801047 51.801047
0.832094 0.783127 0.998088 0.791502 0.905400 0.557016 0.139496 0.996000 0.966549 0.745257 50.652966 38.530522 38.530522
0.839498 0.811778 0.121569 0.654149 0.367171 0.772334 0.260997 0.644499 0.431257 0.348681 51.757454 52.078312 51.757454
0.707735 0.750090 0.000000 0.477356 0.408582 0.382456 0.265320 0.532525 0.369690 0.193769 51.061770 51.344299 51.061770
0.773920 0.754165 0.111428 0.427489 0.473301 0.534414 0.210454 0.344644 0.277671 0.230732 51.250369 51.348120 51.250369
0.703357 0.742961 0.022955 0.479450 0.562805 0.726959 0.311869 0.332155 0.450739 0.368392 51.152695 51.344299 51.152695
0.815507 0.818168 0.074785 0.461823 0.343791 0.740049 0.450399 0.274912 0.311374 0.360389 51.175202 51.344299 51.175202
0.827344 0.840097 0.049458 0.664226 0.344945 0.633397 0.387329 0.710134 0.318979 0.201293 52.838186 51.278530 51.278530
0.706062 0.839880 0.072828 0.467893 0.664630 0.358089 0.282282 0.396387 0.437422 0.053920 50.779397 51.344299 50.779397
0.777920 0.799394 0.118642 0.446363 0.262761 0.643045 0.297928 0.453258 0.277891 0.300833 51.503352 51.344513 51.344513
0.826507 0.802100 0.125776 0.699355 0.389113 0.613772 0.261665 0.730598 0.494593 0.270630 51.528962 54.147793 51.528962
0.841765 0.832224 0.143591 0.561597 0.452764 0.757141 0.435055 0.639945 0.340655 0.322926 51.541521 51.729857 51.541521
0.702419 0.885948 0.079120 0.479928 0.416395 0.524822 0.315600 0.592887 0.369508 0.216196 51.940626 51.344299 51.344299
0.743790 0.689855 0.047780 0.472881 0.312943 0.604515 0.444003 0.401593 0.212379 0.284873 51.348248 51.344299 51.344299
0.335970 0.627670 0.420277 0.476659 0.312951 0.853906 0.521823 0.381404 0.069905 0.069067 46.332840 40.545473 40.545473
0.775117 0.700466 0.051626 0.431782 0.400354 0.621227 0.322798 0.412056 0.354552 0.234350 51.526816 51.345853 51.345853
0.845261 0.755852 0.028585 0.397666 0.479978 0.652677 0.333832 0.369202 0.358632 0.375308 50.888567 51.344299 50.888567
0.802328 0.804989 0.110204 0.470009 0.539871 0.658714 0.478251 0.647285 0.390445 0.524581 50.872068 51.344299 50.872068
0.779997 0.803504 0.060931 0.448473 0.417965 0.541793 0.079460 0.397044 0.585866 0.232538 50.875988 51.344299 50.875988
0.799434 0.788266 0.082627 0.427176 0.494297 0.502157 0.209100 0.407782 0.263516 0.437346 51.021124 51.344299 51.021124
0.777698 0.908747 0.127055 0.482030 0.535886 0.720717 0.360609 0.541406 0.370815 0.324772 51.388687 51.344299 51.344299
0.771917 0.694451 0.068606 0.474802 0.278737 0.703430 0.402379 0.283295 0.371041 0.351063 51.230295 51.344299 51.230295
0.755327 0.777563 0.065311 0.429106 0.440056 0.587344 0.384667 0.578995 0.349115 0.191112 51.509673 51.358458 51.358458
0.512178 0.938615 0.354659 0.035518 0.069377 0.975296 0.560224 0.755633 0.551463 0.033835 50.740949 51.344299 50.740949
0.829148 0.862754 0.060601 0.506244 0.501782 0.634537 0.511591 0.910541 0.154447 0.056989 50.754893 46.634603 46.634603
0.864794 0.802676 0.067118 0.476571 0.453587 0.642452 0.364131 0.424564 0.186644 0.276276 51.849176 51.344299 51.344299
0.839077 0.805558 0.104162 0.623581 0.338982 0.645344 0.286030 0.587465 0.437482 0.266971 52.427979 52.059505 52.059505
0.819963 0.724747 0.119759 0.480022 0.314355 0.830553 0.374433 0.517996 0.298063 0.262842 51.222263 51.344299 51.222263
0.776510 0.765422 0.109537 0.435371 0.375068 0.663063 0.360608 0.477514 0.182967 0.197299 51.499269 51.351554 51.351554
0.695192 0.790318 0.055891 0.444145 0.382796 0.655569 0.284399 0.464094 0.253790 0.382646 51.515153 51.344299 51.344299
0.812889 0.761644 0.083300 0.478229 0.512935 0.670252 0.415488 0.534962 0.137091 0.149484 51.450430 51.346336 51.346336
0.833147 0.778997 0.083433 0.456712 0.462600 0.761057 0.163941 0.605686 0.381652 0.165859 51.058950 51.344299 51.058950
0.550532 0.829334 0.104197 0.443466 0.203095 0.528436 0.421620 0.608671 0.269267 0.223726 50.770225 51.344299 50.770225
0.820276 0.893813 0.052620 0.461225 0.432739 0.678186 0.364807 0.453417 0.347068 0.341828 51.272867 51.344299 51.272867
0.691278 0.801885 0.046725 0.461172 0.628735 0.575901 0.335463 0.321636 0.126684 0.357031 50.867789 51.344299 50.867789
0.758011 0.675184 0.035372 0.389935 0.493583 0.518850 0.313727 0.470765 0.345741 0.213474 50.910570 51.352089 50.910570
0.756603 0.881820 0.097655 0.654750 0.470324 0.701768 0.341548 0.699174 0.422474 0.244482 52.562931 52.461035 52.461035
0.749014 0.779362 0.097372 0.461964 0.565374 0.440036 0.227120 0.568132 0.381042 0.253931 51.121318 51.344299 51.121318
0.797971 0.827169 0.088501 0.682433 0.504480 0.668022 0.311687 0.670298 0.363571 0.136634 54.483538 54.086430 54.086430
0.792388 0.760713 0.116211 0.475502 0.378583 0.815033 0.361130 0.372276 0.155916 0.355002 51.253868 51.344299 51.253868
0.693614 0.771531 0.056516 0.470175 0.626050 0.570550 0.306896 0.559897 0.283846 0.182630 51.367419 51.344299 51.344299
0.787010 0.855832 0.077246 0.566770 0.425460 0.638820 0.175422 0.746449 0.383628 0.100471 51.438047 51.760898 51.438047
0.681032 0.639635 0.104799 0.460931 0.486168 0.517888 0.041726 0.121473 0.470544 0.354262 50.747690 51.344299 50.747690
0.736023 0.818551 0.005521 0.472642 0.442854 0.429405 0.299638 0.442314 0.333709 0.252002 51.180457 51.344299 51.180457
0.809938 0.877491 0.122761 0.639751 0.472939 0.590292 0.382500 0.760436 0.316240 0.230676 52.042140 53.700656 52.042140
0.871697 0.906160 0.086412 0.670615 0.423382 0.662245 0.424095 0.788698 0.398029 0.103088 51.052650 55.768206 51.052650
0.691530 0.772261 0.000000 0.456567 0.455982 0.488012 0.183540 0.503105 0.278281 0.262695 51.242673 51.344299 51.242673
0.767763 0.859413 0.075589 0.446721 0.475443 0.685466 0.213823 0.417764 0.076557 0.158377 50.934310 51.344299 50.934310
0.802733 0.716822 0.037772 0.477212 0.382196 0.585910 0.444412 0.671198 0.156556 0.264731 51.012889 51.344299 51.012889
0.753611 0.805714 0.101939 0.477512 0.476610 0.505143 0.320759 0.647477 0.176349 0.194472 51.545323 51.350245 51.350245
0.826919 0.845615 0.098177 0.474008 0.409874 0.618946 0.500330 0.499618 0.347462 0.083056 51.097958 51.344336 51.097958
0.769368 0.750485 0.059661 0.437113 0.410086 0.573885 0.472939 0.339435 0.254063 0.270664 51.219214 51.344299 51.219214
0.711614 0.658163 0.005764 0.471336 0.393212 0.641448 0.331633 0.350242 0.357327 0.210745 51.177963 51.344299 51.177963
0.812613 0.778810 0.109858 0.439274 0.399629 0.634050 0.381455 0.594468 0.247729 0.222686 51.444316 51.361927 51.361927
0.782885 0.712614 0.063844 0.411639 0.321361 0.315673 0.401678 0.271871 0.253400 0.278006 50.752464 51.344299 50.752464
0.641654 0.746169 0.077013 0.460440 0.253829 0.572462 0.331170 0.435260 0.426624 0.300626 51.307254 51.344299 51.307254
0.755973 0.817201 0.044464 0.459818 0.451773 0.530759 0.231102 0.590978 0.461325 0.211069 51.209356 51.344299 51.209356
0.775018 0.807145 0.162068 0.459165 0.397223 0.620980 0.298475 0.538603 0.181935 0.561128 51.029141 51.344299 51.029141
0.853472 0.627791 0.181786 0.467969 0.762017 0.375916 0.847871 0.156301 0.612173 0.474399 50.740949 51.344299 50.740949
0.770624 0.742303 0.111675 0.453894 0.364493 0.533124 0.305634 0.453017 0.190254 0.297216 51.665424 51.345266 51.345266
0.778904 0.844728 0.069733 0.456038 0.353093 0.573935 0.369290 0.507466 0.333892 0.196612 51.651266 51.345528 51.345528
0.725093 0.802614 0.089232 0.459877 0.339863 0.605567 0.293696 0.402874 0.417802 0.296572 51.831976 51.344299 51.344299
0.743179 0.817705 0.092035 0.480478 0.426379 0.678401 0.249939 0.333176 0.356833 0.410304 51.604082 51.344299 51.344299
0.737825 0.672221 0.031506 0.449678 0.514601 0.818575 0.473665 0.462301 0.067880 0.319576 50.774228 51.344299 50.774228
0.666484 0.727178 0.036751 0.435060 0.346583 0.549374 0.362939 0.475589 0.202058 0.197609 51.236568 51.344299 51.236568
0.787365 0.821961 0.118492 0.665898 0.495836 0.623404 0.399573 0.735772 0.427792 0.336141 51.887213 51.883111 51.883111
0.826232 0.794185 0.094341 0.678022 0.379442 0.749211 0.185149 0.701509 0.341059 0.043893 51.488692 51.096884 51.096884
0.765100 0.779008 0.320940 0.662813 0.496394 0.515534 0.934762 0.829261 0.824711 0.206142 50.740949 46.127878 46.127878
0.764640 0.704388 0.104197 0.443466 0.374110 0.757873 0.297196 0.563740 0.286196 0.155675 51.190314 51.346470 51.190314
0.818042 0.869251 0.146394 0.674778 0.362694 0.672770 0.353465 0.735106 0.359611 0.200912 51.770451 57.543744 51.770451
0.831361 0.704035 0.068000 0.454443 0.497922 0.591512 0.286593 0.500831 0.199012 0.356099 51.190357 51.344299 51.190357
0.699790 0.789957 0.068606 0.471987 0.272874 0.683263 0.401505 0.226401 0.406508 0.383852 51.003387 51.344299 51.003387
0.816829 0.795508 0.005523 0.477958 0.520122 0.509707 0.277112 0.415495 0.331806 0.165593 51.321798 51.344299 51.321798
0.724997 0.609483 0.205732 0.536445 0.710626 0.423260 0.782517 0.341395 0.712851 0.210400 50.740949 46.127878 46.127878
0.821836 0.791516 0.086848 0.437765 0.324149 0.588192 0.254772 0.349846 0.360352 0.278911 51.423832 51.344788 51.344788
0.752144 0.745665 0.141404 0.440905 0.436870 0.651696 0.288826 0.477035 0.335126 0.311310 51.670705 51.346004 51.346004
0.706743 0.774139 0.061801 0.456067 0.367764 0.705373 0.378704 0.564184 0.292165 0.341947 51.784213 51.344299 51.344299
0.757215 0.702980 0.018801 0.452293 0.383554 0.583115 0.128904 0.346396 0.433206 0.215310 51.024900 51.344299 51.024900
0.799312 0.791806 0.129040 0.677657 0.423255 0.768088 0.273919 0.650497 0.434463 0.065575 51.436133 53.071718 51.436133
0.794127 0.825521 0.117971 0.466647 0.503415 0.609349 0.270716 0.379661 0.262221 0.218843 51.607724 51.344299 51.344299
0.833654 0.862885 0.165256 0.627874 0.493217 0.523802 0.310651 0.706909 0.472850 0.098657 50.930894 54.537506 50.930894
0.805166 0.833753 0.091609 0.609737 0.411014 0.615783 0.330883 0.651944 0.340310 0.238308 54.691294 54.451973 54.451973
0.761268 0.798397 0.084244 0.450959 0.436737 0.689802 0.460979 0.346005 0.206458 0.512930 51.044531 51.344299 51.044531
0.745517 0.815855 0.109269 0.697200 0.335011 0.762814 0.367140 0.789232 0.423968 0.251808 51.429763 51.486268 51.429763
0.710491 0.764208 0.042424 0.469782 0.542739 0.575456 0.250358 0.530169 0.326947 0.219659 51.816747 51.344299 51.344299
0.818832 0.829830 0.071191 0.434148 0.540779 0.631007 0.521714 0.426242 0.258719 0.268792 51.085894 51.344299 51.085894
0.787430 0.746815 0.117432 0.462356 0.476969 0.704008 0.377684 0.590083 0.303944 0.267080 51.402995 51.349478 51.349478
0.217518 0.720367 0.790753 0.923141 0.244947 0.677379 0.192900 0.385830 0.246543 0.689742 45.559390 40.545473 40.545473
0.750322 0.734596 0.080560 0.452364 0.490962 0.606565 0.354951 0.452261 0.107818 0.121724 51.197775 51.349159 51.197775
0.420642 0.942077 0.119406 0.193437 0.225633 0.326732 0.565972 0.028510 0.999110 0.273007 46.254762 42.631679 42.631679
0.808677 0.741171 0.077313 0.455006 0.499576 0.603427 0.475380 0.388351 0.190349 0.340354 51.213005 51.344299 51.213005
0.801738 0.832764 0.092305 0.589653 0.389210 0.566407 0.404348 0.735421 0.300099 0.218836 52.032946 55.041577 52.032946
0.870176 0.832637 0.129178 0.573484 0.550331 0.748248 0.352073 0.718941 0.220681 0.212283 51.239256 51.415730 51.239256
0.828577 0.867655 0.109557 0.445033 0.447708 0.679363 0.243341 0.440074 0.204519 0.265935 51.312450 51.344299 51.312450
0.778201 0.762847 0.073784 0.468941 0.398842 0.600754 0.345859 0.492730 0.264910 0.396364 52.217174 51.344299 51.344299
0.731793 0.761367 0.131925 0.466546 0.549329 0.658779 0.223133 0.523927 0.355056 0.363001 51.433144 51.344299 51.344299
0.798727 0.859254 0.111730 0.549866 0.511539 0.629734 0.314789 0.681906 0.423990 0.261370 51.707301 52.408380 51.707301
0.738823 0.808657 0.042424 0.477318 0.521118 0.588678 0.128464 0.689832 0.290580 0.164265 51.315544 51.344299 51.315544
0.506345 0.697998 0.005748 0.287931 0.597447 0.935831 0.896800 0.417878 0.263355 0.020630 50.740949 51.344299 50.740949
0.771939 0.753130 0.042175 0.464276 0.513799 0.639427 0.440991 0.510328 0.206060 0.331593 51.421420 51.344299 51.344299
0.759073 0.784598 0.107338 0.451832 0.443521 0.741624 0.324179 0.379505 0.249259 0.535020 51.206943 51.344299 51.206943
0.765706 0.739172 0.073166 0.434784 0.340035 0.549842 0.264369 0.456422 0.349831 0.168416 51.417365 51.350460 51.350460
0.078689 0.364103 0.101388 0.971427 0.904038 0.678147 0.140135 0.664868 0.190408 0.082239 44.439320 39.050585 39.050585
0.840597 0.732844 0.050815 0.448301 0.368210 0.716460 0.287767 0.608648 0.326844 0.352774 51.131899 51.344299 51.131899
0.804675 0.861846 0.087809 0.658858 0.417781 0.745121 0.210983 0.677844 0.481655 0.193877 51.597258 53.597126 51.597258
0.815887 0.797406 0.095561 0.673356 0.308546 0.777453 0.307391 0.654588 0.410015 0.231321 52.145223 52.489559 52.145223
0.794315 0.704722 0.113725 0.341103 0.359486 0.590660 0.305707 0.265507 0.378670 0.281525 50.863283 51.359968 50.863283
0.786938 0.788708 0.065638 0.480114 0.277051 0.702228 0.314721 0.445354 0.241583 0.397411 51.854686 51.344299 51.344299
0.686479 0.707815 0.038837 0.464747 0.428579 0.546958 0.294993 0.484936 0.422323 0.336995 51.377555 51.344299 51.344299
0.821935 0.873370 0.147461 0.440402 0.393252 0.629024 0.157380 0.354389 0.369124 0.281302 50.916933 51.344299 50.916933
0.815407 0.819689 0.074000 0.447228 0.346254 0.511136 0.326425 0.391780 0.213799 0.329096 51.292632 51.344299 51.292632
0.818550 0.896414 0.101898 0.481561 0.489357 0.724675 0.289604 0.548316 0.384177 0.145757 51.441961 51.344299 51.344299
0.766884 0.838779 0.049743 0.462962 0.458414 0.691244 0.225451 0.393374 0.534115 0.181658 51.171658 51.344299 51.171658
0.793158 0.872115 0.121325 0.565269 0.465486 0.636919 0.383340 0.598248 0.412343 0.257082 52.531383 52.350970 52.350970
0.740661 0.738101 0.098012 0.454686 0.502985 0.662947 0.322655 0.454400 0.249444 0.154770 51.586995 51.347936 51.347936
0.824193 0.925646 0.129762 0.699700 0.438626 0.716275 0.369495 0.785483 0.325920 0.147996 51.398923 52.887908 51.398923
0.800412 0.813949 0.127144 0.679203 0.402358 0.721183 0.474483 0.705316 0.450826 0.189193 51.397389 56.862508 51.397389
0.295113 0.620204 0.885280 0.668352 0.942262 0.535124 0.628240 0.752234 0.120547 0.081995 45.559390 40.545473 40.545473
0.773913 0.829255 0.070156 0.477278 0.479025 0.476081 0.276346 0.379578 0.354737 0.085977 51.284989 51.344335 51.284989
0.813755 0.778552 0.116847 0.581606 0.451891 0.564756 0.346426 0.795552 0.292681 0.198714 51.484040 53.294846 51.484040
0.730104 0.830671 0.097679 0.444481 0.359988 0.642218 0.301721 0.514380 0.376608 0.313584 51.781782 51.344299 51.344299
0.895256 0.783715 0.111091 0.578617 0.351881 0.754575 0.323468 0.636762 0.242317 0.137422 51.424796 51.358748 51.358748
0.756371 0.855185 0.180945 0.513638 0.349024 0.626969 0.366686 0.711287 0.443791 0.342750 51.011416 51.084851 51.011416
0.841672 0.726694 0.156765 0.430652 0.445449 0.582689 0.409299 0.638173 0.201067 0.187757 50.845408 51.441054 50.845408
0.816332 0.811494 0.092156 0.624214 0.354782 0.731884 0.257904 0.623199 0.294141 0.058062 52.404157 52.084501 52.084501
0.764843 0.718042 0.105071 0.383414 0.415379 0.654800 0.215599 0.301070 0.356237 0.241458 51.001328 51.351167 51.001328
0.337417 0.299129 0.752100 0.992485 0.552210 0.403754 0.268262 0.887547 0.334595 0.648483 37.037714 45.903376 37.037714
0.685788 0.836256 0.045983 0.418931 0.410808 0.604057 0.233855 0.474191 0.503964 0.294862 51.133202 51.344299 51.133202
0.816232 0.769903 0.112313 0.481555 0.380364 0.589997 0.445098 0.572367 0.310113 0.326682 51.721693 51.344747 51.344747
0.831079 0.834584 0.063075 0.441542 0.376729 0.612720 0.355408 0.454321 0.209079 0.435446 51.371017 51.344299 51.344299
0.793064 0.887728 0.126249 0.615935 0.419718 0.504365 0.311204 0.639952 0.417859 0.204542 51.942824 51.072102 51.072102
0.898596 0.813805 0.122687 0.634842 0.397484 0.679007 0.329930 0.574386 0.329882 0.083239 52.047930 52.310699 52.047930
0.828205 0.788272 0.116326 0.601787 0.363982 0.837897 0.509462 0.751502 0.241221 0.345414 51.035952 48.938247 48.938247
0.832052 0.777336 0.045601 0.476125 0.469061 0.744499 0.442055 0.590872 0.210934 0.354935 51.351809 51.344299 51.344299
0.608265 0.694829 0.063836 0.418510 0.364583 0.538368 0.128822 0.297034 0.438979 0.364752 50.844683 51.344299 50.844683
0.690039 0.772509 0.109900 0.461969 0.466289 0.676192 0.360613 0.448122 0.302083 0.317572 51.735480 51.344299 51.344299
0.754026 0.850178 0.123899 0.622301 0.389283 0.502247 0.405054 0.727936 0.402976 0.245229 51.711628 51.845481 51.711628
0.804071 0.775954 0.139200 0.457382 0.419186 0.720884 0.342013 0.541900 0.382024 0.377253 51.393400 51.344610 51.344610
0.777939 0.830575 0.049457 0.468975 0.444781 0.551606 0.319673 0.445047 0.500973 0.313677 51.342972 51.344299 51.342972
0.780285 0.792372 0.146221 0.677101 0.355713 0.732937 0.189046 0.682830 0.434416 0.166602 51.471405 52.291722 51.471405
0.853985 0.750945 0.081111 0.441417 0.407347 0.506850 0.182447 0.496908 0.367990 0.263094 50.998638 51.349758 50.998638
0.733405 0.722187 0.000000 0.474508 0.417152 0.551227 0.392302 0.361211 0.311758 0.188290 51.314102 51.344299 51.314102
0.851828 0.818901 0.077547 0.684755 0.375271 0.707835 0.413947 0.735812 0.295713 0.025295 51.376630 51.571314 51.376630
0.855479 0.766020 0.033658 0.602232 0.358673 0.680854 0.239835 0.483764 0.396002 0.203715 52.635582 47.631557 47.631557
0.809068 0.843564 0.059234 0.631591 0.457544 0.596883 0.298035 0.728564 0.316193 0.143533 53.523330 53.224045 53.224045
0.706062 0.970755 0.311149 0.239925 0.683991 0.535985 0.442154 0.115114 0.159082 0.242522 50.740949 51.344299 50.740949
0.741211 0.850304 0.119342 0.449426 0.413029 0.483939 0.304414 0.537181 0.378254 0.324219 51.432520 51.344299 51.344299
0.821105 0.812146 0.090287 0.463531 0.376661 0.687578 0.446166 0.495375 0.391394 0.324022 51.696405 51.344299 51.344299
0.744498 0.738775 0.082805 0.450079 0.531076 0.562311 0.326027 0.289479 0.175245 0.191948 51.116828 51.344299 51.116828
0.641476 0.811689 0.047989 0.452447 0.408489 0.616976 0.285533 0.910541 0.257961 0.457372 50.740949 51.344299 50.740949
0.772341 0.728277 0.009988 0.400058 0.485039 0.667750 0.442219 0.383571 0.236741 0.340962 50.935911 51.344299 50.935911
0.855629 0.868517 0.119978 0.647160 0.364438 0.600176 0.276016 0.704000 0.330959 0.167057 51.976758 55.142706 51.976758
0.850410 0.712153 0.050043 0.459689 0.437295 0.483410 0.294665 0.541844 0.205692 0.101224 51.059111 51.358681 51.059111
0.776568 0.772207 0.000963 0.477592 0.326386 0.544451 0.386205 0.372257 0.355484 0.293654 51.242089 51.344299 51.242089
0.596239 0.979324 0.202917 0.139565 0.444434 0.135866 0.464212 0.951586 0.405519 0.653182 50.740949 51.344299 50.740949
0.391817 0.051867 0.633505 0.070931 0.748595 0.250271 0.657472 0.998887 0.459442 0.509777 41.057098 45.113570 41.057098
0.694093 0.768207 0.035504 0.439745 0.397272 0.691135 0.296622 0.412063 0.236110 0.284728 51.343492 51.344299 51.343492
0.757337 0.835477 0.065296 0.435573 0.564983 0.582274 0.222530 0.746459 0.210094 0.187477 51.046364 51.352749 51.046364
0.802514 0.832504 0.100737 0.560607 0.412520 0.665637 0.400229 0.602697 0.283164 0.071739 52.774672 51.904562 51.904562
0.831245 0.803925 0.100541 0.615574 0.288484 0.619320 0.342063 0.677392 0.387394 0.321009 51.818146 52.467012 51.818146
0.757314 0.882817 0.092545 0.628382 0.439721 0.738065 0.382712 0.695035 0.254556 0.293272 52.515318 49.242536 49.242536
0.689227 0.664813 0.020328 0.360043 0.815617 0.477761 0.356911 0.417699 0.199420 0.339854 50.741234 51.344299 50.741234
0.820403 0.907411 0.028317 0.426610 0.402815 0.747469 0.356631 0.603675 0.129058 0.265748 50.833818 51.344299 50.833818
0.824703 0.813606 0.187914 0.682436 0.303464 0.734726 0.330726 0.568668 0.465735 0.244659 51.204740 51.114726 51.114726
0.704152 0.800395 0.055891 0.457089 0.395396 0.571237 0.230527 0.560793 0.121988 0.278555 51.392864 51.344299 51.344299
