# gen=10 mediating population
# x0..x(D-1) f0 f1 consensus
0.167528 0.826150 89.705579 79.111492 79.111492
0.954389 0.985720 13.502222 25.461990 13.502222
0.424518 0.000000 33.411782 10.805498 10.805498
0.924827 0.370144 13.502222 0.003269 0.003269
0.208948 0.062797 28.489848 42.064499 28.489848
0.617925 0.879951 13.502222 5.187068 5.187068
0.809854 1.000000 15.520871 25.461990 15.520871
0.175735 0.183053 13.185370 0.008106 0.008106
0.000000 0.540285 13.185370 31.761290 13.185370
0.863553 0.877169 13.502222 25.461990 13.502222
0.233847 0.316417 13.185370 0.008106 0.008106
0.000000 0.341067 13.185370 31.761290 13.185370
0.000000 0.167860 13.185370 31.761290 13.185370
0.382794 0.261985 13.185370 0.008106 0.008106
0.675812 0.772740 25.924699 0.506669 0.506669
0.105078 0.060893 28.489848 38.568673 28.489848
0.020477 0.713529 13.185370 31.761290 13.185370
0.242893 0.255987 13.185370 0.008106 0.008106
0.678116 0.951821 13.502222 40.562521 13.502222
1.000000 0.975022 13.502222 25.461990 13.502222
0.020477 0.713529 13.185370 31.761290 13.185370
0.001958 0.948925 13.185370 31.761290 13.185370
0.940427 0.204669 13.502222 0.003269 0.003269
0.256945 0.980232 13.185370 0.008106 0.008106
0.386618 0.080868 28.489848 10.805498 10.805498
0.363194 0.872325 13.185370 0.008106 0.008106
0.863553 0.877169 13.502222 25.461990 13.502222
0.598103 0.902614 13.502222 5.187068 5.187068
0.079076 0.867451 16.083564 0.086986 0.086986
0.450626 0.062835 28.489848 10.805498 10.805498
0.953418 0.532397 13.502222 0.000133 0.000133
0.167528 0.826150 89.705579 79.111492 79.111492
0.489575 0.426630 13.185370 0.003269 0.003269
0.700977 0.071209 13.502222 0.003269 0.003269
0.941271 0.992116 13.502222 25.461990 13.502222
0.000000 0.447837 13.185370 31.761290 13.185370
0.357848 0.051711 28.489848 10.805498 10.805498
0.498061 1.000000 13.185370 5.187068 5.187068
0.271453 0.537326 18.781424 0.008106 0.008106
0.227529 0.060758 28.489848 36.130452 28.489848
0.590084 0.522686 31.510151 0.003269 0.003269
0.000000 0.546387 13.185370 31.761290 13.185370
0.983414 0.465034 13.502222 0.007541 0.007541
1.000000 1.000000 13.502222 25.461990 13.502222
0.902392 0.169775 13.502222 0.003269 0.003269
0.516499 0.735911 13.502222 0.003269 0.003269
0.837770 0.887067 13.502222 25.461990 13.502222
0.946901 0.086586 13.502222 0.000133 0.000133
0.000000 1.000000 13.185370 31.761290 13.185370
1.000000 0.884039 13.502222 25.461990 13.502222
0.167934 0.045124 32.482064 10.805498 10.805498
1.000000 0.905936 13.502222 25.461990 13.502222
0.657924 0.760290 18.130107 9.761665 9.761665
0.748511 0.180006 13.502222 0.003269 0.003269
0.000000 0.203162 13.185370 31.761290 13.185370
0.328193 0.379421 13.185370 0.008106 0.008106
0.377924 0.870978 13.185370 0.008106 0.008106
0.848100 0.219537 13.502222 0.003269 0.003269
0.274582 0.872046 13.185370 0.008106 0.008106
0.619722 0.061696 0.000147 0.004200 0.000147
0.249925 0.338586 13.185370 0.008106 0.008106
0.323218 0.961140 13.185370 0.008106 0.008106
0.763753 0.860841 23.861046 0.003269 0.003269
0.006043 0.066982 28.489848 40.949035 28.489848
0.810315 1.000000 15.454475 25.461990 15.454475
1.000000 1.000000 13.502222 25.461990 13.502222
0.158887 0.926615 73.857208 0.008106 0.008106
0.004505 0.540112 13.185370 31.761290 13.185370
0.645239 0.560761 83.535867 74.589396 74.589396
0.509978 0.779339 13.502222 0.003269 0.003269
0.276414 0.898200 13.185370 0.008106 0.008106
0.010993 0.299857 13.185370 31.761290 13.185370
0.117621 0.525039 13.185370 0.008106 0.008106
0.941654 0.325304 13.502222 0.003269 0.003269
0.010349 0.091629 28.489848 10.805498 10.805498
0.319258 0.982876 13.185370 0.008106 0.008106
0.459951 0.412575 13.185370 0.008106 0.008106
0.201293 0.534571 36.012153 0.008106 0.008106
0.840879 0.712494 13.502222 0.003269 0.003269
1.000000 1.000000 13.502222 25.461990 13.502222
0.290897 0.387079 14.503864 0.008106 0.008106
1.000000 1.000000 13.502222 25.461990 13.502222
0.637429 0.967991 13.502222 57.068135 13.502222
0.441546 0.838831 13.185370 0.008106 0.008106
0.000000 0.000000 28.489848 10.805498 10.805498
0.549536 0.092271 13.502222 0.003269 0.003269
0.650608 0.585731 88.443838 88.291101 88.291101
0.980320 0.372537 13.502222 0.182660 0.182660
0.000000 0.725440 13.185370 31.761290 13.185370
0.009624 0.456610 13.185370 31.761290 13.185370
0.449653 0.728743 13.185370 0.008106 0.008106
0.403690 0.438774 13.185370 0.008106 0.008106
0.867623 0.494950 13.502222 0.003269 0.003269
0.976244 0.885378 13.502222 25.461990 13.502222
0.308067 0.082749 28.489848 10.805498 10.805498
0.538942 0.326280 25.458527 0.003269 0.003269
0.686035 0.883853 13.502222 5.187068 5.187068
0.018691 0.532447 13.185370 31.761290 13.185370
0.195805 0.322117 13.185370 0.008106 0.008106
0.000000 0.310497 13.185370 31.761290 13.185370
0.900092 0.898765 13.502222 34.709897 13.502222
0.017978 0.163040 13.185370 31.761290 13.185370
0.175746 0.808976 87.986896 84.661963 84.661963
0.239540 0.060862 28.489848 32.861622 28.489848
0.831774 1.000000 13.502222 25.461990 13.502222
0.019257 0.948624 13.185370 31.761290 13.185370
1.000000 1.000000 13.502222 25.461990 13.502222
0.764567 0.489265 13.502222 0.003269 0.003269
0.004554 0.105399 13.185370 31.761290 13.185370
0.363478 0.877036 13.185370 0.008106 0.008106
0.944838 0.241348 13.502222 0.003269 0.003269
0.454355 0.202963 13.185370 0.008106 0.008106
0.297023 0.063965 28.489848 10.805498 10.805498
1.000000 1.000000 13.502222 25.461990 13.502222
0.853111 0.699756 13.502222 0.003269 0.003269
0.336015 0.265162 13.185370 0.008106 0.008106
0.784676 0.409843 13.502222 0.003269 0.003269
0.259568 0.947805 13.185370 0.008106 0.008106
0.343508 0.224049 13.185370 0.008106 0.008106
0.860869 0.593414 13.502222 0.003269 0.003269
0.910170 0.917723 13.502222 25.461990 13.502222
0.000000 0.567682 13.185370 31.761290 13.185370
0.985183 0.923513 13.502222 25.461990 13.502222
0.629442 0.101448 13.502222 0.005780 0.005780
0.276081 0.227918 13.185370 0.008106 0.008106
1.000000 1.000000 13.502222 25.461990 13.502222
0.831265 0.196999 13.502222 0.003269 0.003269
0.882067 0.943007 13.502222 25.461990 13.502222
0.243737 0.434052 18.921556 0.008106 0.008106
0.000000 0.734992 13.185370 31.761290 13.185370
0.466988 0.273783 13.185370 0.003269 0.003269
0.141283 0.471048 13.389617 0.008106 0.008106
1.000000 0.975646 13.502222 25.461990 13.502222
0.000000 0.107312 13.185370 31.761290 13.185370
0.089771 0.898422 28.022829 18.127856 18.127856
0.880628 0.900026 13.502222 25.461990 13.502222
0.417212 0.577328 13.185370 0.008106 0.008106
0.986621 0.425911 13.502222 0.000133 0.000133
0.138627 0.102994 13.185370 0.008106 0.008106
0.864511 0.235496 13.502222 0.003269 0.003269
0.578725 0.990008 13.502222 14.684046 13.502222
0.105078 0.060893 28.489848 38.568673 28.489848
0.412119 0.483644 13.185370 0.008106 0.008106
1.000000 1.000000 13.502222 25.461990 13.502222
0.017172 0.525063 13.185370 31.761290 13.185370
0.155418 0.791733 79.637696 1.213611 1.213611
0.013346 0.225919 13.185370 31.761290 13.185370
0.778036 0.009924 19.879078 0.003269 0.003269
0.552801 0.404997 23.687814 0.003269 0.003269
0.462309 0.138406 13.185370 0.008106 0.008106
0.000000 0.006812 28.489848 10.805498 10.805498
0.997006 1.000000 13.502222 25.461990 13.502222
0.439360 0.096225 13.185370 10.805498 10.805498
0.258375 0.207768 13.185370 0.008106 0.008106
0.309335 0.676241 13.185370 0.313519 0.313519
0.417143 0.715653 13.185370 0.008106 0.008106
1.000000 1.000000 13.502222 25.461990 13.502222
0.273421 0.751971 13.185370 0.054509 0.054509
0.351470 0.403164 13.185370 0.008106 0.008106
1.000000 1.000000 13.502222 25.461990 13.502222
0.633084 0.217914 13.502222 0.055395 0.055395
0.182624 0.591530 41.055271 0.008106 0.008106
0.094445 0.358285 13.185370 0.008106 0.008106
0.795491 0.248918 13.502222 0.003269 0.003269
0.208948 0.062797 28.489848 42.064499 28.489848
0.434042 0.548379 13.185370 0.008106 0.008106
0.777431 0.273924 13.502222 0.003269 0.003269
0.809542 1.000000 15.564340 25.461990 15.564340
0.978581 0.955205 13.502222 25.461990 13.502222
0.662243 0.008754 0.000147 0.003269 0.000147
0.152047 0.642308 33.226172 0.008106 0.008106
1.000000 1.000000 13.502222 25.461990 13.502222
0.783354 0.591122 13.502222 0.003269 0.003269
0.248244 0.976518 13.185370 0.008106 0.008106
1.000000 0.989406 13.502222 25.461990 13.502222
0.084391 0.579319 13.185370 0.008106 0.008106
0.468494 0.583555 13.185370 0.003269 0.003269
0.018592 0.873098 13.185370 31.761290 13.185370
0.132125 0.155582 13.185370 0.008106 0.008106
1.000000 1.000000 13.502222 25.461990 13.502222
0.208948 0.062797 28.489848 42.064499 28.489848
0.489133 0.984314 13.185370 5.187068 5.187068
0.257051 0.322285 13.185370 0.008106 0.008106
0.016802 0.070330 28.489848 18.765446 18.765446
0.168694 0.592770 32.683599 0.008106 0.008106
1.000000 1.000000 13.502222 25.461990 13.502222
0.568427 0.850421 13.502222 0.003269 0.003269
0.444095 0.028749 28.489848 10.805498 10.805498
0.153094 0.851645 86.286774 50.918242 50.918242
0.654176 0.608829 89.733489 73.831176 73.831176
0.285700 0.251050 13.185370 0.008106 0.008106
1.000000 1.000000 13.502222 25.461990 13.502222
0.315870 0.799614 13.185370 0.008106 0.008106
0.312746 0.971155 13.185370 0.008106 0.008106
0.255929 0.816779 13.185370 0.008106 0.008106
0.054052 0.423205 13.185370 0.008106 0.008106
1.000000 1.000000 13.502222 25.461990 13.502222
0.753068 0.193663 13.502222 0.003269 0.003269
0.008252 0.726454 13.185370 31.761290 13.185370
0.838734 0.511669 13.502222 0.003269 0.003269
0.020381 0.463725 13.185370 31.761290 13.185370
0.518580 0.406772 13.502222 0.003269 0.003269
0.479408 1.000000 13.185370 5.187068 5.187068
0.966129 0.762223 13.502222 0.000133 0.000133
0.661273 0.924668 13.502222 5.187068 5.187068
0.819258 1.000000 13.656909 25.461990 13.656909
0.871459 0.702736 13.502222 0.003269 0.003269
0.542731 0.308941 27.561809 0.003269 0.003269
0.152441 0.337380 13.185370 0.008106 0.008106
0.768050 0.839441 17.876869 0.003269 0.003269
1.000000 1.000000 13.502222 25.461990 13.502222
0.000000 0.068033 28.489848 36.061922 28.489848
0.743555 0.133937 13.502222 0.003269 0.003269
0.315835 0.995854 13.185370 0.008106 0.008106
0.353962 0.904523 13.185370 0.008106 0.008106
1.000000 1.000000 13.502222 25.461990 13.502222
0.050306 0.573873 13.185370 0.008106 0.008106
0.464597 0.559149 13.185370 0.008106 0.008106
0.583776 0.907055 13.502222 5.187068 5.187068
0.192979 0.947889 34.893377 0.008106 0.008106
0.823967 0.998622 13.502222 25.461990 13.502222
0.534782 0.320870 23.647279 0.003269 0.003269
1.000000 0.977455 13.502222 25.461990 13.502222
0.000000 0.229671 13.185370 31.761290 13.185370
0.529762 0.025379 0.000147 0.003269 0.000147
0.847382 0.844115 13.502222 0.003269 0.003269
0.212038 0.663625 53.452902 0.008106 0.008106
0.348828 0.035547 35.474158 10.805498 10.805498
0.397258 0.343224 13.185370 0.008106 0.008106
0.876798 0.874445 13.502222 0.003269 0.003269
0.165509 0.824279 89.993813 88.915931 88.915931
1.000000 1.000000 13.502222 25.461990 13.502222
0.208948 0.062797 28.489848 42.064499 28.489848
0.819890 0.518588 13.502222 0.003269 0.003269
0.677479 0.310897 13.502222 0.003269 0.003269
0.000000 0.060893 28.489848 13.710415 13.710415
0.000000 0.712592 13.185370 31.761290 13.185370
1.000000 1.000000 13.502222 25.461990 13.502222
0.339128 0.523901 13.185370 0.008106 0.008106
0.198401 0.536948 35.109766 0.008106 0.008106
0.934169 0.860187 13.502222 0.003269 0.003269
0.083296 0.461240 13.185370 0.008106 0.008106
0.670845 0.963015 13.502222 37.394331 13.502222
0.274455 0.979804 13.185370 0.008106 0.008106
0.975591 1.000000 13.502222 25.461990 13.502222
0.647242 0.560415 80.301377 78.258667 78.258667
0.316753 0.919194 13.185370 0.008106 0.008106
0.409301 0.121378 13.185370 0.008106 0.008106
0.617675 0.509819 75.950580 0.022021 0.022021
0.188013 0.010322 28.489848 10.805498 10.805498
0.976702 0.066513 13.502222 34.287028 13.502222
0.245983 0.166267 13.185370 0.008106 0.008106
0.488159 0.963466 13.185370 5.187068 5.187068
0.816298 1.000000 14.351755 25.461990 14.351755
0.281113 0.609103 13.185370 0.008106 0.008106
0.649944 0.691385 32.975157 42.934138 32.975157
1.000000 1.000000 13.502222 25.461990 13.502222
0.800237 0.699833 13.502222 0.003269 0.003269
0.357233 0.420920 13.185370 0.008106 0.008106
0.007284 0.309211 13.185370 31.761290 13.185370
0.445996 0.909255 13.185370 0.008106 0.008106
0.151681 0.816492 82.695922 20.226138 20.226138
0.305636 0.203503 13.185370 0.008106 0.008106
0.974511 1.000000 13.502222 25.461990 13.502222
0.657252 0.047324 0.000147 0.003269 0.000147
0.479602 0.329485 13.185370 0.003269 0.003269
0.335735 0.401169 13.185370 0.008106 0.008106
0.419864 0.796800 13.185370 0.008106 0.008106
0.363872 0.000000 28.489848 10.805498 10.805498
0.654176 0.415941 13.535632 3.694507 3.694507
0.824901 0.177410 13.502222 0.003269 0.003269
1.000000 1.000000 13.502222 25.461990 13.502222
0.316757 0.594754 13.185370 0.008106 0.008106
0.249402 0.197538 13.185370 0.008106 0.008106
0.849221 1.000000 13.502222 25.461990 13.502222
0.963894 0.421665 13.502222 0.000133 0.000133
0.210569 0.728294 58.530405 1.062668 1.062668
0.954169 0.921508 13.502222 25.461990 13.502222
0.000000 0.463725 13.185370 31.761290 13.185370
0.298089 0.818166 13.185370 0.008106 0.008106
0.649944 0.691385 32.975157 42.934138 32.975157
0.871084 1.000000 13.502222 25.461990 13.502222
0.000000 1.000000 13.185370 31.761290 13.185370
0.155633 0.360988 13.185370 0.008106 0.008106
1.000000 1.000000 13.502222 25.461990 13.502222
0.472137 0.034631 28.489848 0.003269 0.003269
0.105078 0.060893 28.489848 38.568673 28.489848
0.090184 0.971942 32.023264 0.008106 0.008106
0.072243 0.118139 13.185370 0.008106 0.008106
0.185615 0.377328 13.185370 0.008106 0.008106
1.000000 0.975412 13.502222 25.461990 13.502222
0.000000 0.530514 13.185370 31.761290 13.185370
0.678116 0.951821 13.502222 40.562521 13.502222
0.578026 0.000277 0.000147 0.003269 0.000147
0.916699 0.598850 13.502222 0.003269 0.003269
0.000000 0.000000 28.489848 10.805498 10.805498
0.995874 1.000000 13.502222 25.461990 13.502222
0.578092 0.670913 13.502222 0.003269 0.003269
0.924250 1.000000 13.502222 25.461990 13.502222
0.640505 0.540332 78.283765 41.066786 41.066786
