# gen=100 CA size=200
# x0..x(D-1) consensus
0.532470 0.500303 0.367034 0.524404 0.579287 0.562328 0.609919 0.960762 0.439984 0.308432 3.430434
0.628096 0.669673 0.218597 0.779441 0.229930 0.788271 0.884232 0.813784 0.032001 0.628596 1.171979
0.868323 0.779342 0.315816 0.597493 0.707109 0.550572 0.686922 0.280886 0.460031 0.549236 1.171979
0.692640 0.869120 0.244261 0.867215 0.514377 0.005431 0.706807 0.142079 0.317455 0.104911 1.171979
0.845183 0.976292 0.731258 0.321193 0.521084 0.081558 0.412577 0.982641 0.069688 0.248574 6.112784
0.466817 0.631903 0.550279 0.451415 0.545247 0.370904 0.990310 0.318470 0.302232 0.992042 6.112784
0.559460 0.561158 0.792407 0.537167 0.273831 0.862154 0.430471 0.192491 0.189172 0.655476 6.112784
0.554174 0.826193 0.902981 0.425344 0.811332 0.221555 0.903931 0.605818 0.887848 0.462264 6.112784
0.671672 0.810484 0.549985 0.348762 0.559579 0.974225 0.994033 0.016928 0.699396 0.197842 6.112784
0.491515 0.967272 0.577630 0.091053 0.619689 0.650115 0.336453 0.418946 0.993964 0.337463 6.112784
0.610868 0.528606 0.567884 0.170709 0.947103 0.662737 0.041515 0.515723 0.394124 0.445307 6.112784
0.587154 0.760823 0.618898 0.467322 0.163845 0.153357 0.012756 0.651613 0.412233 0.812954 6.112784
0.669819 0.868295 0.577075 0.386278 0.811744 0.422154 0.766683 0.794251 0.797903 0.345387 6.112784
0.125716 0.372163 0.000000 0.785762 0.388177 0.830954 1.000000 0.520690 0.488907 0.472614 8.930722
0.040690 0.411914 0.101967 0.691334 0.643447 0.888964 0.636014 0.137558 0.359410 1.000000 8.933375
0.084330 0.361117 0.086083 0.711344 0.616168 0.947953 0.717312 0.250641 0.586397 1.000000 8.931013
0.212942 0.380259 0.101967 0.709223 0.560052 0.888626 0.567214 0.137558 0.354306 1.000000 8.963650
0.222392 0.345778 0.016948 0.725955 0.444419 0.795139 1.000000 0.358904 0.654464 1.000000 8.931894
0.773517 0.840937 0.542375 0.310935 0.710547 0.048665 0.663609 0.781974 0.517068 0.472569 6.112784
0.139135 0.403584 0.050984 0.821746 0.630324 0.894653 0.793486 0.285639 0.377232 0.669045 8.931352
0.152431 0.345649 0.064028 0.692587 0.654837 0.748377 0.608826 0.214897 0.572059 0.755131 8.945574
0.177741 0.388508 0.000000 0.716680 0.717551 0.991197 0.632148 0.156685 0.338127 0.746514 8.931056
0.063461 0.373317 0.172918 0.703222 0.432388 0.939280 0.623900 0.000000 0.597187 0.920796 8.930769
0.193128 0.405219 0.085977 0.731625 0.976664 0.917862 0.623701 0.059440 0.423360 0.919045 8.930730
0.292476 0.362514 0.107383 0.749487 0.416777 0.472093 0.696771 0.048418 0.535349 0.738588 8.935129
0.319664 0.366353 0.103309 0.726957 0.357201 1.000000 0.493074 0.322986 0.549387 0.520549 8.930967
0.063461 0.369637 0.142098 0.703222 0.682821 0.939280 0.902721 0.000000 0.498362 1.000000 8.931833
0.274387 0.352731 0.101967 0.709223 0.560052 1.000000 0.582316 0.279964 0.342240 0.779808 8.967200
0.250762 0.387187 0.041407 0.748889 0.481251 0.845899 0.731080 0.546471 0.654464 0.831117 8.932081
0.302503 0.387314 0.009125 0.709368 0.438386 0.518986 0.907763 0.600590 0.506741 0.500810 8.930833
0.196091 0.341724 0.075753 0.797639 0.579193 0.506100 1.000000 0.301345 0.497182 0.533565 8.931171
0.091831 0.363633 0.142098 0.724849 0.452191 0.888755 0.511377 0.147880 0.498362 0.984354 8.933795
0.190353 0.433584 0.018777 0.702645 0.548957 0.992082 0.777453 0.166250 0.372471 0.757678 8.937182
0.377849 0.373549 0.186692 0.693610 0.463686 0.710973 0.539199 0.000000 0.530233 0.866387 8.934896
0.308312 0.367572 0.098025 0.780003 0.614748 1.000000 0.496893 0.359168 0.481425 0.673954 8.932401
0.256394 0.401637 0.108549 0.804735 0.291003 0.728839 0.408981 0.000000 0.674646 0.650511 8.930719
0.371213 0.347426 0.045671 0.724768 0.419441 1.000000 0.413230 0.394978 0.564187 0.989177 8.931041
0.173851 0.378645 0.095940 0.750313 0.630324 0.840700 1.000000 0.245691 0.543415 0.776304 8.933367
0.223515 0.373429 0.145374 0.728741 0.629484 0.676590 0.608826 0.128335 0.209213 0.553799 8.936968
0.189166 0.381555 0.155976 0.723541 0.421703 0.872177 0.634909 0.082495 0.189812 0.693298 8.933385
0.163736 0.370028 0.077609 0.833390 0.631040 1.000000 0.658392 0.288049 0.454140 0.669045 8.931515
0.000000 0.426896 0.199856 0.733149 0.691186 1.000000 0.636014 0.157317 0.460493 1.000000 8.930719
0.250762 0.401445 0.041407 0.712416 0.708031 0.463758 0.731080 0.188878 0.266322 0.617899 8.935026
0.278479 0.384843 0.167725 0.799705 0.630787 0.413664 0.505088 0.191415 0.653562 0.843650 8.930761
0.213699 0.406141 0.082407 0.747664 0.768620 0.453438 0.603245 0.000000 0.012514 0.405507 8.930723
0.226086 0.434099 0.000000 0.723768 0.458313 0.809698 0.618860 0.021893 0.015200 0.525353 8.930910
0.302414 0.369150 0.000000 0.699814 0.442903 0.491399 0.592307 0.160066 0.447395 0.843650 8.936930
0.219695 0.349993 0.053790 0.758640 0.295985 1.000000 0.782259 0.144447 0.480700 0.640975 8.934308
0.200510 0.375422 0.130209 0.768193 0.857054 1.000000 0.678266 0.160005 0.352503 0.840326 8.932185
0.091831 0.363599 0.141690 0.724849 0.239866 0.933791 0.503811 0.067644 0.389950 1.000000 8.931236
0.226499 0.355159 0.053790 0.758640 0.674416 0.725154 0.767158 0.000000 0.223457 0.693091 8.940442
0.323019 0.388243 0.041079 0.736401 0.295985 0.844898 0.520485 0.151219 0.507133 1.000000 8.932990
0.008422 0.369325 0.203362 0.689634 0.564422 0.961144 0.647264 0.000000 0.520774 0.920796 8.930742
0.131834 0.414956 0.054345 0.747024 0.624777 0.966382 0.812063 0.188834 0.558530 0.765239 8.932230
0.250166 0.409954 0.007972 0.702645 0.621271 0.774741 0.866255 0.315355 0.314232 0.557503 8.934090
0.339832 0.476035 0.000000 1.000000 0.833225 1.000000 0.727618 0.735517 0.389321 0.838090 8.930718
0.370481 0.411874 0.141792 1.000000 0.078257 0.668540 0.456897 1.000000 0.000000 1.000000 8.930718
0.372934 0.392824 0.000000 1.000000 0.336839 0.965706 0.523305 1.000000 0.000000 0.905105 8.930718
0.078144 0.478448 0.065676 0.853054 0.713935 0.942392 0.000000 0.666902 0.179203 1.000000 8.930718
0.059753 0.398731 0.000000 0.869410 0.022042 0.940865 0.851593 1.000000 0.345130 0.938205 8.930718
0.319587 0.366353 0.000000 1.000000 0.495784 0.036657 0.367263 0.800033 0.249267 0.159085 8.930718
0.391489 0.414451 0.036856 1.000000 0.303802 0.048297 0.323742 0.485497 0.368184 0.000000 8.930718
0.247307 0.460486 0.006407 0.781606 0.563746 0.874283 1.000000 0.496776 0.858238 0.000000 8.930718
0.034433 0.458022 0.000000 0.926499 0.085570 0.564585 0.309894 0.438113 0.161406 0.518744 8.930718
0.138269 0.404463 0.202307 0.714223 0.276679 0.226092 0.000000 0.971156 0.049449 1.000000 8.930718
0.028431 0.436630 0.000000 0.964221 0.503628 0.966382 0.660905 1.000000 0.010207 0.544240 8.930718
0.294961 0.398575 0.077855 0.947025 0.295985 0.122221 1.000000 0.756028 0.379920 0.000000 8.930718
0.000000 0.363885 0.062043 1.000000 0.000000 1.000000 0.442358 0.901789 0.815963 0.000000 8.930718
0.000000 0.353857 0.011968 1.000000 0.781106 0.474967 0.000000 0.415837 0.655307 0.668212 8.930718
0.187500 0.343247 0.106701 0.952936 0.131625 0.744900 0.606459 0.620970 0.309494 0.844134 8.930718
0.022865 0.457366 0.269543 0.732600 1.000000 0.480038 1.000000 0.472634 0.265364 0.926709 8.930718
0.284527 0.395594 0.249911 0.777748 0.500000 0.398949 0.579300 0.097439 0.000000 0.851746 8.930718
0.215738 0.336854 0.074697 1.000000 0.409613 0.512534 0.000000 0.155909 0.000000 0.956154 8.930718
0.304010 0.419646 0.087469 1.000000 0.115969 0.937089 1.000000 0.704977 0.840562 0.032871 8.930718
0.000000 0.347695 0.157908 0.942456 0.731812 0.000000 0.148279 0.293911 0.092628 0.958903 8.930718
0.296102 0.436423 0.208497 1.000000 0.844288 0.708597 0.309080 0.678229 0.180461 0.000000 8.930718
0.000000 0.420830 0.000000 0.933551 0.593084 0.976497 0.263095 0.526877 0.399015 0.380374 8.930718
0.351094 0.378598 0.023433 1.000000 0.630431 1.000000 0.376134 0.915321 0.906445 0.013402 8.930718
0.336527 0.450002 0.000000 1.000000 0.223806 1.000000 1.000000 0.382377 0.091213 0.501319 8.930718
0.000000 0.370980 0.000000 1.000000 0.650546 0.000000 0.000000 0.252942 0.415577 0.610529 8.930718
0.324122 0.466248 0.228805 0.905872 0.871496 0.000000 0.622350 0.065725 0.792774 0.000000 8.930718
0.025225 0.470356 0.098345 0.971931 0.227733 1.000000 0.329793 0.830416 0.916332 0.137694 8.930718
0.077946 0.396164 0.000000 0.992525 0.027207 1.000000 1.000000 0.545495 0.105056 0.224219 8.930718
0.133042 0.467575 0.022970 1.000000 0.068087 0.782982 0.914342 0.538062 1.000000 0.032871 8.930718
0.147089 0.396929 0.176559 0.761135 0.073179 0.653171 0.773217 0.969933 0.492967 1.000000 8.930718
0.324710 0.435087 0.272760 0.910334 0.298672 0.697698 0.429220 0.135966 0.628028 0.550479 8.930718
0.245533 0.350400 0.000000 1.000000 0.818782 0.859904 0.285894 0.221269 0.091325 1.000000 8.930718
0.296007 0.387650 0.062766 1.000000 0.000000 0.856209 0.763106 0.903312 0.000000 0.968755 8.930718
0.000000 0.419181 0.147138 0.744630 0.000000 0.914774 0.063327 0.567169 0.354596 0.575583 8.930718
0.000000 0.349088 0.012194 0.928443 0.029381 1.000000 0.987586 1.000000 0.490124 1.000000 8.930718
0.000000 0.407421 0.000000 0.954133 0.261066 0.782157 0.509955 1.000000 0.081041 0.932333 8.930718
0.346300 0.431612 0.085708 0.720483 0.408631 1.000000 1.000000 0.407369 0.000000 0.484473 8.930718
0.185208 0.382732 0.068780 1.000000 0.108150 0.016705 0.736656 0.612289 0.587356 0.418098 8.930718
0.360876 0.473349 0.057280 0.785347 0.474287 0.712428 0.172286 0.380776 0.209544 0.911708 8.930718
0.101070 0.393270 0.088113 0.945862 0.504075 0.793484 0.674607 0.509983 0.072943 0.261943 8.930718
0.058487 0.376366 0.000000 0.719960 0.000000 1.000000 0.519890 1.000000 0.551566 0.165644 8.930718
0.226531 0.455926 0.000000 0.903463 1.000000 0.000000 0.738241 0.253601 0.407228 0.000000 8.930718
0.000000 0.359026 0.154886 1.000000 0.000000 1.000000 0.000000 0.368367 0.074377 1.000000 8.930718
0.000000 0.427118 0.076387 0.835673 0.366072 1.000000 0.217215 0.791823 0.815963 0.242407 8.930718
0.000000 0.430361 0.075518 1.000000 0.040047 0.824186 0.146704 0.285993 0.702449 0.000000 8.930718
0.151736 0.384040 0.000000 0.987544 0.034858 1.000000 0.191132 0.967335 0.683281 0.138041 8.930718
0.868076 0.172678 0.048945 0.254068 0.008051 0.249002 0.565554 0.155931 0.454060 0.090270 1.236602
0.000000 0.478017 0.031152 0.705343 0.053615 0.445406 0.779220 0.296115 0.443066 0.000000 8.930718
0.451437 0.227531 0.096917 0.618298 0.000000 0.737355 0.302387 0.504202 1.000000 0.844360 8.162585
0.154083 0.380750 0.099129 0.987544 0.366439 0.517480 0.095446 0.671531 0.683281 0.000000 8.930718
0.000000 0.370980 0.000000 0.866582 0.809670 0.036507 0.037026 0.202292 0.222121 0.635410 8.930718
0.000000 0.348654 0.000000 0.946824 0.161972 1.000000 0.000000 0.752871 0.000000 0.255062 8.930718
0.371582 0.405242 0.255065 0.766745 0.000000 0.472898 0.564117 0.000000 0.000000 0.317973 8.930718
0.069401 0.397573 0.252877 0.945407 0.535813 0.779008 0.439787 0.500000 0.827248 0.160010 8.930718
0.350950 0.421690 0.281453 1.000000 1.000000 0.231687 0.950417 0.366383 0.631047 0.257168 8.930718
0.259433 0.472262 0.082814 1.000000 0.386123 0.916722 0.103225 1.000000 0.000000 0.852776 8.930718
0.176448 0.390281 0.124782 0.864735 0.018930 0.405864 0.067676 0.160189 0.061015 0.830581 8.930718
0.329815 0.367218 0.196691 0.968773 0.385751 0.439280 0.479744 0.000000 0.466102 0.603649 8.930718
0.372969 0.472262 0.080020 1.000000 0.521593 1.000000 0.754152 0.531623 0.000000 1.000000 8.930718
0.213627 0.441961 0.273815 0.721934 0.000000 0.225843 0.848100 0.254925 0.000000 1.000000 8.930718
0.000000 0.397573 0.232255 1.000000 0.472901 0.883858 0.490392 0.190552 0.817682 0.386310 8.930718
0.321342 0.366339 0.021204 0.864218 0.912703 1.000000 1.000000 0.771254 0.000000 0.880250 8.930718
0.190860 0.445922 0.024797 0.883123 0.190615 0.670194 0.080785 0.513261 0.596789 0.666191 8.930718
0.239664 0.421690 0.260831 0.883300 1.000000 0.065893 0.742287 0.382125 0.815724 0.106157 8.930718
0.377628 0.386244 0.198257 1.000000 1.000000 0.000665 0.331933 0.408392 0.000000 0.021387 8.930718
0.000000 0.376427 0.000000 0.954133 0.497517 0.797430 0.755151 0.624865 0.000000 0.625487 8.930718
0.118723 0.414337 0.199313 0.816431 0.285415 0.507299 0.000000 0.778294 0.414983 0.000000 8.930718
0.254139 0.461323 0.117465 1.000000 0.385144 0.000000 0.420310 0.224317 0.145964 0.000000 8.930718
0.154656 0.341723 0.255065 0.974951 0.000000 0.635078 0.193829 0.000000 0.253400 0.070297 8.930718
0.000000 0.432130 0.083743 0.887519 0.000000 1.000000 0.136679 0.224588 0.681097 0.075583 8.930718
0.221683 0.358394 0.115417 1.000000 1.000000 0.180543 0.623810 0.459888 0.000000 0.398243 8.930718
0.068540 0.343222 0.044957 0.928443 0.000000 1.000000 0.954120 1.000000 0.357309 1.000000 8.930718
0.391579 0.439816 0.201772 0.998071 0.489720 0.762333 0.543802 0.331955 0.000000 1.000000 8.930718
0.326336 0.371211 0.000000 0.874618 0.337572 0.680813 0.947835 0.823658 0.000000 0.717977 8.930718
0.009171 0.352087 0.149990 0.744630 0.000000 1.000000 0.030515 0.934232 0.138833 0.489568 8.930718
0.161826 0.417038 0.073707 0.885615 0.225006 0.144871 0.321594 0.524451 0.334559 0.823022 8.930718
0.043331 0.344236 0.194471 0.822873 0.156173 0.385955 0.511655 0.709741 0.455937 0.908647 8.930718
0.000000 0.427118 0.061201 1.000000 0.000000 1.000000 0.046748 0.800440 0.815963 0.048214 8.930718
0.056598 0.424250 0.154886 0.955522 0.000000 0.689796 0.000000 0.318560 0.196803 1.000000 8.930718
0.000000 0.341530 0.000000 1.000000 0.384042 1.000000 0.440653 0.738290 0.699744 0.426157 8.930718
0.292631 0.451840 0.250677 1.000000 0.474136 0.860956 0.279025 0.187363 0.537090 0.714345 8.930718
0.136501 0.374761 0.000000 1.000000 0.756862 0.450309 0.000000 0.624066 0.302234 0.436378 8.930718
0.314635 0.452507 0.068108 0.964221 0.467518 1.000000 0.862884 0.725479 0.000000 1.000000 8.930718
0.000000 0.391605 0.086221 0.927691 0.113724 1.000000 0.000000 0.818253 1.000000 0.402665 8.930718
0.390040 0.350086 0.000000 0.874618 0.361531 0.608826 0.947835 0.862934 0.038801 0.601251 8.930718
0.377628 0.386244 0.198257 0.926653 1.000000 0.471436 0.635253 0.309642 0.000000 0.000000 8.930718
0.137081 0.387650 0.089913 0.856885 0.000000 0.758405 0.517195 0.920105 0.266384 0.965205 8.930718
0.101070 0.367820 0.110730 1.000000 0.660303 1.000000 0.393605 0.757837 0.259391 0.383146 8.930718
0.056415 0.349787 0.006738 1.000000 0.187008 1.000000 1.000000 0.581216 0.201275 0.625298 8.930718
0.122892 0.364429 0.000000 1.000000 0.000000 1.000000 0.030204 1.000000 0.816719 0.332145 8.930718
0.000000 0.430923 0.202362 1.000000 0.102934 1.000000 0.000000 1.000000 0.466643 0.000000 8.930718
0.082260 0.347695 0.142722 1.000000 0.761699 0.003540 0.000000 0.312287 0.092628 0.849789 8.930718
0.095003 0.475754 0.108828 1.000000 0.631040 1.000000 0.370620 0.780404 1.000000 0.767266 8.930718
0.001987 0.478017 0.157397 0.801884 0.000000 0.545805 1.000000 0.000000 0.665945 0.198514 8.930718
0.000000 0.437870 0.000000 0.847292 0.598527 0.029726 0.133783 0.000000 0.043341 0.033022 8.930718
0.223752 0.447991 0.245645 0.741555 1.000000 0.358532 0.686678 0.396537 1.000000 0.077645 8.930718
0.202140 0.437153 0.164124 0.891724 0.384479 0.351250 0.000000 0.293774 0.000000 0.654182 8.930718
0.000000 0.348257 0.255065 1.000000 0.000000 1.000000 0.302316 0.159887 0.193250 0.220152 8.930718
0.256080 0.356712 0.268884 0.736900 0.257316 0.000000 0.000000 0.346154 0.064530 0.462469 8.930718
0.011432 0.436865 0.195972 0.942654 0.200737 1.000000 0.479857 1.000000 0.926974 0.495058 8.930718
0.009301 0.418521 0.000000 1.000000 0.360287 0.769101 0.441584 0.514398 0.075151 1.000000 8.930718
0.000000 0.475763 0.194471 0.822873 0.335253 0.846240 0.487229 0.543823 0.955937 0.953503 8.930718
0.009092 0.417012 0.000000 1.000000 0.708945 0.594281 0.000000 0.545514 0.224632 0.669830 8.930718
0.214721 0.383824 0.044109 0.755114 0.205177 0.641075 1.000000 0.928277 0.028675 0.762037 8.930718
0.092728 0.384957 0.154393 0.991953 0.000000 0.575054 0.820150 0.514571 0.956752 0.750896 8.930718
0.125158 0.388452 0.171175 1.000000 0.135103 0.865135 0.066932 1.000000 0.336894 0.486963 8.930718
0.298511 0.445433 0.063654 0.838497 0.352422 0.782028 0.734819 0.265543 0.000000 0.164118 8.930718
0.327667 0.376720 0.287571 1.000000 0.076341 0.098808 0.000000 0.000000 0.071265 0.321309 8.930718
0.000000 0.398976 0.098036 0.966904 0.394211 0.000000 0.000000 0.000000 0.078376 0.200420 8.930718
0.023037 0.463566 0.033624 0.735588 0.050017 0.811060 0.536263 0.311462 0.464995 0.710565 8.930718
0.333167 0.391913 0.238623 1.000000 0.000000 1.000000 1.000000 0.845113 0.801603 0.227606 8.930718
0.270550 0.455310 0.120545 1.000000 0.657978 1.000000 0.558687 0.880471 1.000000 0.387703 8.930718
0.095003 0.475754 0.160382 1.000000 0.131040 1.000000 0.535943 0.413121 0.000000 0.329755 8.930718
0.091543 0.388452 0.133816 1.000000 0.233462 1.000000 0.923592 1.000000 0.000000 0.689669 8.930718
0.154656 0.341723 0.181722 1.000000 0.192506 0.821880 0.087771 0.142225 0.405194 0.126382 8.930718
0.338603 0.413199 0.244970 0.818606 0.768227 0.437382 0.372759 0.000000 0.183903 0.696612 8.930718
0.240043 0.440390 0.289091 1.000000 0.845899 0.153357 0.459092 0.229468 0.000000 0.752161 8.930718
0.008529 0.386703 0.041407 0.950562 0.572822 0.929558 0.000000 1.000000 0.000000 0.642952 8.930718
0.385790 0.343840 0.031884 0.878517 0.297863 0.900005 0.897416 0.491709 0.453974 0.381541 8.930718
0.067168 0.394292 0.000000 1.000000 0.713008 0.792229 0.475468 1.000000 0.400588 0.224160 8.930718
0.000000 0.356525 0.000404 1.000000 0.500864 1.000000 1.000000 0.882458 0.618312 0.247547 8.930718
0.000000 0.369839 0.000000 0.943759 0.187405 1.000000 0.174980 0.838063 0.786738 0.225132 8.930718
0.125747 0.412340 0.274512 0.775990 0.365192 1.000000 0.000000 0.286260 0.202166 1.000000 8.930718
0.267081 0.401439 0.139010 0.913757 0.273922 1.000000 0.000000 0.661984 0.000000 0.770143 8.930718
0.319217 0.437560 0.116876 1.000000 0.000000 0.058071 1.000000 0.429907 0.000000 0.393935 8.930718
0.264670 0.382376 0.078735 0.692360 0.269714 0.770486 0.000000 0.246742 0.000000 0.984743 8.930718
0.348042 0.361143 0.269543 0.812394 0.717391 0.786647 1.000000 0.671541 0.436981 0.688435 8.930718
0.105017 0.341748 0.130159 0.762271 0.300666 0.985402 0.888782 0.377600 0.240474 1.000000 8.930718
0.000000 0.454998 0.265093 1.000000 0.190606 0.933855 0.080241 0.217616 0.622707 0.657452 8.930718
0.347509 0.443308 0.231302 1.000000 0.616135 0.311093 0.437108 0.393970 0.000000 0.131485 8.930718
0.072319 0.378107 0.068054 0.776311 0.000000 0.559004 0.000000 1.000000 0.199330 0.901079 8.930718
0.225155 0.454551 0.085487 0.916127 0.744829 1.000000 0.982944 0.439435 0.266780 0.481954 8.930718
0.000000 0.464807 0.000817 1.000000 0.820962 0.003540 0.015132 0.231251 0.352214 0.476226 8.930718
0.070604 0.364429 0.049275 1.000000 0.000000 0.914642 0.394795 0.821314 0.839441 0.073612 8.930718
0.023012 0.386918 0.037291 0.888486 0.000000 0.814541 0.639519 0.467335 1.000000 0.000000 8.930718
0.277470 0.362904 0.131700 1.000000 0.393287 0.758242 0.714041 0.852395 0.801673 0.057548 8.930718
0.381205 0.363599 0.000000 0.970047 0.533807 0.900005 0.882159 0.433720 0.389950 0.338090 8.930718
0.146034 0.460109 0.000000 1.000000 0.159882 1.000000 0.999985 0.789937 0.543415 0.255430 8.930718
0.116975 0.363304 0.010055 0.768575 0.017797 0.220471 0.620482 0.887849 0.255955 0.322700 8.930718
0.000000 0.467674 0.004997 0.968729 0.135882 0.198246 0.604414 0.315355 0.146847 0.000000 8.930718
0.357507 0.401439 0.268049 0.955096 0.000000 1.000000 0.069850 0.408554 0.016572 0.568526 8.930718
0.350924 0.352887 0.000000 0.717601 0.282516 0.241923 0.783027 0.856788 0.000000 0.272299 8.930718
0.069640 0.464806 0.130755 0.868954 0.364268 1.000000 0.186419 0.406649 0.000000 1.000000 8.930718
0.000000 0.468443 0.000000 1.000000 0.396314 0.093612 0.000000 0.070780 0.000000 0.816421 8.930718
0.038150 0.426265 0.262936 1.000000 0.793688 0.116145 0.623355 0.000000 0.072993 0.315454 8.930718
