# gen=200 party=0
# sp x0..x(D-1) party_fit
0 0.633639 0.792882 0.122428 0.524258 0.777822 59.973446
1 0.004160 0.443456 0.679774 0.276062 0.438852 58.356211
2 0.257016 0.344686 0.562267 0.412347 0.807510 57.595274
3 0.322958 0.081461 0.477246 0.675330 0.014311 57.537698
4 0.157645 0.176635 0.281369 0.168466 0.594670 57.537698
5 0.138654 0.812049 0.947069 0.914034 0.054040 57.537698
6 0.331136 0.728288 0.787959 0.076958 0.731140 57.537698
7 0.308777 0.563054 0.013641 0.590569 0.011193 57.537698
