# gen=10 mediating population
# x0..x(D-1) f0 f1 consensus
0.293373 0.841593 0.271830 0.970232 0.000000 0.253549 0.514403 0.885101 0.936945 0.960653 3.275879 2.828711 2.828711
0.000000 0.934043 0.286398 1.000000 1.000000 0.493632 0.000000 0.045014 0.571272 0.588648 3.275879 2.828711 2.828711
0.000000 1.000000 0.347205 1.000000 0.000000 0.163691 0.104383 0.473302 0.270514 0.610532 3.275879 2.828711 2.828711
0.933196 0.851433 0.888775 0.483731 0.042681 0.000000 0.373946 0.396052 0.624738 1.000000 4.075953 3.380932 3.380932
0.000000 1.000000 0.000000 1.000000 0.497997 0.538310 0.000000 0.856364 0.778893 0.489571 3.141874 2.828711 2.828711
0.184183 0.704007 0.425432 0.971514 0.326479 0.604328 0.477075 0.770113 0.901345 0.889076 3.275879 2.828711 2.828711
0.332159 0.906713 0.216651 0.894237 0.009211 0.000000 0.124032 0.000000 0.845053 1.000000 3.275879 2.828711 2.828711
0.756113 0.868122 0.985142 0.478654 0.962808 0.083886 0.739643 0.114488 0.914799 0.239334 4.075953 3.380932 3.380932
0.000000 0.955867 0.000000 0.957838 0.000000 0.000000 0.873426 0.000000 0.136649 1.000000 3.141874 2.828711 2.828711
0.273685 0.959224 0.358442 0.987622 0.642801 0.760849 0.000000 0.704475 0.888815 0.035886 3.275879 2.828711 2.828711
0.072479 0.826600 0.130076 0.967765 0.125664 0.743301 0.331030 0.308585 0.961974 0.708602 3.141874 2.828711 2.828711
0.023131 0.947061 0.011720 0.893067 0.563288 0.900438 0.765885 0.420791 0.420119 0.923825 3.141874 2.828711 2.828711
0.474812 0.902361 0.370481 0.995474 0.834030 0.719256 0.735953 0.044292 0.505678 0.667263 3.275879 2.828711 2.828711
0.952495 0.868002 1.000000 0.478886 0.000000 0.533089 0.514621 0.242038 0.586818 0.969561 4.075953 3.380932 3.380932
0.000000 0.712700 0.000000 1.000000 0.037065 0.334992 0.000000 0.817028 0.835666 0.044365 3.141874 2.828711 2.828711
0.309133 1.000000 0.284325 1.000000 0.677787 0.030117 0.000000 0.791776 0.594446 0.716213 3.275879 2.828711 2.828711
0.906083 0.961440 0.941297 0.478654 0.770719 0.099903 0.315599 0.000000 0.799048 0.500557 4.075953 3.380932 3.380932
0.465335 0.812486 0.995119 0.804413 0.793461 0.201620 0.766820 0.779258 0.875186 0.950860 1.669105 0.343931 0.343931
0.336915 0.788887 0.065339 1.000000 0.285407 0.472730 0.536708 0.000000 1.000000 0.006203 3.141874 2.828711 2.828711
0.490042 0.701862 0.282001 0.967136 0.277820 0.427219 0.255274 0.803252 0.296170 0.000000 3.275879 2.828711 2.828711
0.806697 0.992075 1.000000 0.478527 1.000000 0.000000 0.399611 0.090900 1.000000 0.425414 4.075953 3.380932 3.380932
0.033321 1.000000 0.312818 1.000000 0.772451 0.608662 0.570646 0.299236 0.448385 0.726947 3.275879 2.828711 2.828711
0.000000 1.000000 0.017674 1.000000 0.825085 0.901339 0.293928 0.780384 0.622986 0.168796 3.141874 2.828711 2.828711
0.000000 1.000000 0.267937 1.000000 0.000000 0.359787 0.153068 0.838438 0.598568 0.496482 3.275879 2.828711 2.828711
0.011501 0.880961 0.451178 1.000000 0.359816 0.420427 0.672735 0.000000 0.662905 0.680808 3.275879 2.828711 2.828711
0.529400 0.790889 0.327060 0.865089 0.792457 0.536871 0.295930 0.762932 0.847210 0.286227 3.275879 2.828711 2.828711
0.240090 0.844452 0.338379 0.979681 0.310560 0.236809 0.000000 0.116807 0.536529 0.450922 3.275879 2.828711 2.828711
0.000000 1.000000 0.017666 1.000000 0.732274 0.743301 0.598331 0.067354 1.000000 0.723547 3.141874 2.828711 2.828711
0.000000 1.000000 0.237925 0.924129 0.333073 0.000000 0.000000 0.315525 1.000000 1.000000 3.275879 2.828711 2.828711
0.495445 0.827902 0.000000 0.908696 0.209344 0.791547 0.370279 0.363826 0.489831 0.594552 3.141874 2.828711 2.828711
0.000000 0.977139 0.438016 1.000000 0.661064 0.000000 0.764597 0.000000 0.509246 0.126458 3.275879 2.828711 2.828711
0.000000 0.740389 0.479769 1.000000 1.000000 0.593880 0.677897 0.426384 0.654363 0.455499 3.275879 2.828711 2.828711
0.000000 1.000000 0.164129 1.000000 0.171110 0.265071 0.121890 0.057024 0.974263 0.640567 3.275879 2.828711 2.828711
0.506973 0.693295 0.432003 0.897059 0.666500 0.236211 0.414855 0.668515 0.458156 0.508597 3.275879 2.828711 2.828711
0.406370 0.827902 0.213182 0.908696 0.235064 0.511758 0.527318 0.470570 0.634968 0.611061 3.275879 2.958310 2.958310
0.876098 0.839678 0.770744 0.472998 0.187249 0.753396 0.338242 1.000000 0.948681 0.574017 4.075953 3.380932 3.380932
0.607537 0.865782 0.333385 0.922550 0.589247 0.499736 0.729780 0.338424 0.406820 0.590391 3.275879 2.828711 2.828711
0.000000 1.000000 0.249777 1.000000 0.459443 0.166711 1.000000 0.000000 0.000000 0.455824 3.275879 2.828711 2.828711
0.095832 0.666621 0.000000 1.000000 0.041148 0.428611 0.000000 0.632239 0.861029 0.000000 3.141874 2.828711 2.828711
0.000000 1.000000 0.000000 1.000000 0.261187 0.422227 0.608623 0.000000 1.000000 0.793991 3.141874 2.828711 2.828711
0.162942 0.888722 0.406453 1.000000 0.314400 0.359058 0.550106 0.390813 0.997874 0.228068 3.275879 2.828711 2.828711
0.310296 0.741345 0.328516 0.962279 0.086940 0.725306 0.619073 0.245102 0.733465 0.438329 3.275879 2.828711 2.828711
0.000000 1.000000 0.000000 1.000000 0.000000 1.000000 0.214726 0.000000 1.000000 0.299827 3.141874 2.828711 2.828711
0.005846 0.961180 0.159861 0.975866 0.000000 0.059072 0.284464 0.052284 1.000000 0.877662 3.275879 2.828711 2.828711
0.863278 1.000000 0.965475 0.491406 0.919292 0.000000 0.674771 0.125869 0.495292 0.362328 4.075953 3.380932 3.380932
1.000000 0.834764 1.000000 0.477458 0.034435 0.246575 0.308999 0.491647 0.856851 1.000000 4.075953 3.380932 3.380932
0.559078 0.741331 0.189976 0.993787 0.390745 0.000000 0.797369 0.855015 0.000000 0.000000 3.275879 2.828711 2.828711
0.097653 0.748385 0.034695 1.000000 0.546723 0.565259 0.484768 0.338003 0.663097 0.682503 3.141874 2.828711 2.828711
0.000000 1.000000 0.240779 1.000000 0.235314 0.218219 0.247821 0.000000 1.000000 0.407204 3.275879 2.828711 2.828711
0.493153 0.903582 0.371138 0.917084 0.213739 0.893978 0.237424 0.311795 0.456517 0.719243 3.275879 2.828711 2.828711
1.000000 0.890548 0.832340 0.468594 0.000000 0.588471 0.226377 1.000000 0.945243 0.603491 4.075953 3.380932 3.380932
0.000000 0.913159 0.000000 1.000000 0.780468 0.524261 0.644807 0.099971 0.452482 0.467060 3.141874 2.828711 2.828711
0.063786 1.000000 0.461066 0.994008 0.207097 1.000000 0.132805 0.000000 0.281281 0.789823 3.275879 2.828711 2.828711
0.823618 0.819303 1.000000 0.476391 1.000000 0.347558 0.198698 0.395888 0.720189 1.000000 4.075953 3.380932 3.380932
0.000000 0.695617 0.087690 1.000000 0.854335 0.901157 0.912614 0.777962 0.597265 0.330681 3.141874 2.828711 2.828711
0.415492 0.783749 0.295332 0.869521 0.412869 0.367082 0.656434 0.474456 0.172414 0.159463 3.275879 2.828711 2.828711
0.505925 0.693295 0.552660 1.000000 0.337503 0.173040 0.000000 1.000000 1.000000 0.417018 3.275879 2.828711 2.828711
0.861319 0.915220 0.851174 0.500134 0.390659 0.815432 0.992634 0.000000 0.851137 0.589274 4.075953 3.380932 3.380932
0.065427 1.000000 0.275484 1.000000 0.136909 1.000000 0.001505 0.554458 1.000000 0.821070 3.275879 2.828711 2.828711
0.427622 0.804202 0.324082 1.000000 0.021454 0.765373 0.144224 0.481729 1.000000 0.258913 3.275879 2.828711 2.828711
0.069103 0.967651 0.323311 1.000000 0.171922 0.000000 0.723521 0.000000 0.000000 0.500000 3.275879 2.828711 2.828711
0.146877 0.724932 0.000000 1.000000 0.122274 0.943667 0.422433 0.699900 0.772277 0.529504 3.141874 2.828711 2.828711
0.047165 0.869890 0.245777 1.000000 0.026674 0.938513 0.433062 0.266571 0.457706 0.205796 3.275879 2.828711 2.828711
0.000000 0.745661 0.096523 1.000000 1.000000 0.986829 1.000000 0.689252 0.770506 0.626006 3.141874 2.828711 2.828711
0.016273 0.725786 0.072575 1.000000 0.293637 0.711735 0.350585 0.000000 0.000000 0.484952 3.141874 2.828711 2.828711
0.044190 0.960515 0.000000 1.000000 0.352705 0.983219 0.000000 0.833845 0.726702 0.460823 3.141874 2.828711 2.828711
0.518132 0.710684 0.119993 1.000000 0.000000 0.477936 0.287640 0.452635 0.728281 0.364087 3.141874 2.828711 2.828711
1.000000 0.798162 1.000000 0.479721 0.000456 0.386946 0.125339 0.772839 0.920645 0.827100 4.075953 3.380932 3.380932
0.713361 0.948491 1.000000 0.472960 0.051307 0.338270 0.454456 0.752912 0.767771 1.000000 4.075953 3.380932 3.380932
0.096647 0.691836 0.000000 1.000000 0.703381 0.624610 0.654110 0.726358 1.000000 0.303470 3.141874 2.828711 2.828711
0.916278 1.000000 0.761558 0.479721 0.530240 0.168347 0.649544 0.308166 0.914996 0.494694 4.075953 3.380932 3.380932
0.054432 0.842356 0.095322 1.000000 0.347836 0.346849 0.196771 0.387289 0.995611 0.407743 3.141874 2.828711 2.828711
0.984856 0.891272 0.872429 0.479721 0.603477 0.000000 0.385206 0.332442 1.000000 0.258795 4.075953 3.380932 3.380932
0.000000 0.808790 0.086885 1.000000 0.179595 0.390014 0.000000 0.938863 0.903640 0.292635 3.141874 2.828711 2.828711
0.281783 0.668170 0.137206 0.998279 0.208856 0.231356 0.125895 0.402672 0.629860 0.276118 3.275879 2.828711 2.828711
0.256181 0.846648 0.344419 1.000000 0.901260 0.812253 0.519645 0.416494 0.925033 1.000000 3.275879 2.828711 2.828711
1.000000 0.887208 1.000000 0.472998 0.347559 0.530541 0.419386 0.680533 0.858728 0.500859 4.075953 3.380932 3.380932
0.054109 0.841469 0.000000 1.000000 0.968859 0.402303 0.840062 0.515703 0.154270 1.000000 3.141874 2.828711 2.828711
0.000000 0.774417 0.106065 1.000000 0.281361 0.278288 0.280066 0.194347 0.780512 0.137405 3.141874 2.828711 2.828711
0.000000 0.941530 0.335321 1.000000 0.864524 0.613616 0.630341 0.000000 0.723124 0.421926 3.275879 2.828711 2.828711
0.000000 0.951781 0.118737 1.000000 1.000000 0.613210 0.074980 0.095000 0.534275 0.572647 3.141874 2.828711 2.828711
0.069912 1.000000 0.202926 1.000000 0.772156 0.221762 0.760707 0.000000 0.615255 0.764698 3.275879 2.828711 2.828711
0.741925 1.000000 0.851632 0.478654 0.810228 0.142613 0.842988 0.000000 0.818688 0.144426 4.075953 3.380932 3.380932
0.327021 1.000000 0.287150 1.000000 0.647591 0.372141 0.061622 0.096157 0.665554 0.490933 3.275879 2.828711 2.828711
0.815402 0.809908 0.963716 0.478654 0.300510 0.000000 0.581062 0.266134 1.000000 0.285255 4.075953 3.380932 3.380932
0.879521 1.000000 0.963817 0.478654 0.844993 0.008658 0.755190 0.000000 0.818688 0.095338 4.075953 3.380932 3.380932
0.377908 0.738522 0.179621 0.966352 0.358566 0.633876 0.027882 0.798615 0.190308 0.188783 3.275879 2.828711 2.828711
0.000000 1.000000 0.148910 0.991004 0.033743 0.707469 0.290914 0.898749 0.552268 0.648010 3.275879 2.828711 2.828711
0.182443 0.892697 0.062250 0.892696 0.763262 0.488752 0.405216 0.741089 0.539026 0.317034 3.141874 2.828711 2.828711
0.134638 1.000000 0.206771 1.000000 0.531303 1.000000 0.000000 0.186551 0.687814 0.448380 3.275879 2.828711 2.828711
0.312104 0.925099 0.187215 0.909056 0.202639 0.716485 0.010023 0.507876 0.808307 0.175751 3.275879 2.828711 2.828711
0.000000 0.833409 0.000000 1.000000 0.248720 0.000000 0.206942 0.397579 1.000000 1.000000 3.141874 2.828711 2.828711
0.000000 1.000000 0.116286 1.000000 1.000000 0.345577 1.000000 0.000000 0.087268 0.561167 3.141874 2.828711 2.828711
0.141891 0.896232 0.101746 0.952427 0.059383 0.847161 0.560289 0.190367 0.782810 0.156584 3.141874 2.828711 2.828711
0.669052 0.819303 1.000000 0.476391 1.000000 0.247899 1.000000 0.000000 0.922966 0.253331 4.075953 3.380932 3.380932
0.938052 0.928265 0.922436 0.478886 0.100957 0.574358 0.050653 0.317953 1.000000 0.461741 4.075953 3.380932 3.380932
0.067038 0.739844 0.139723 1.000000 0.388073 0.450612 0.333343 0.604036 0.084969 0.874209 3.275879 2.828711 2.828711
0.708540 0.947789 0.935467 0.493450 0.541427 0.999779 0.745558 0.347704 1.000000 0.132187 4.075953 3.380932 3.380932
0.000000 0.829158 0.000000 1.000000 0.766071 1.000000 0.368633 0.606675 0.633266 0.139003 3.141874 2.828711 2.828711
0.071727 0.979972 0.291339 1.000000 0.260772 0.000000 0.000000 0.769630 0.770045 0.742656 3.275879 2.828711 2.828711
0.986915 0.834351 0.783996 0.476187 0.043989 0.392867 0.355886 0.579541 0.540168 0.960082 4.075953 3.380932 3.380932
0.255107 0.774126 0.369861 0.943527 0.341737 0.772953 0.315702 0.054428 0.724595 0.956391 3.275879 2.828711 2.828711
0.525924 0.875241 0.402040 0.935673 0.322301 0.801414 0.354680 0.670341 0.702073 0.472850 3.275879 2.828711 2.828711
0.221903 0.862028 0.269828 0.973206 0.000000 0.145687 0.233843 0.081807 0.781658 0.329766 3.275879 2.828743 2.828743
0.078039 0.848175 0.000000 1.000000 0.211176 0.890014 0.000000 0.876591 1.000000 0.049745 3.141874 2.828711 2.828711
0.182227 0.780658 0.000000 1.000000 0.037912 0.940779 0.608862 0.744891 0.671835 0.713090 3.141874 2.828711 2.828711
0.088679 0.911478 0.022313 0.982009 0.081616 0.825471 0.592493 0.186274 0.549160 0.764064 3.141874 2.828711 2.828711
0.412207 0.935229 0.335182 0.972287 0.185473 0.913561 0.198888 0.355655 0.483198 0.655019 3.275879 2.828711 2.828711
0.000000 1.000000 0.523677 0.901561 0.000000 0.769571 0.343933 0.289029 0.660780 0.625887 3.275879 2.828711 2.828711
0.323503 1.000000 0.443454 0.962759 0.854506 0.582985 0.797396 0.664886 1.000000 0.040093 3.275879 2.828711 2.828711
0.078422 1.000000 0.244051 0.999746 0.383665 0.080198 0.223180 0.183157 0.334890 0.443582 3.275879 2.828711 2.828711
0.317053 0.720286 0.221742 1.000000 0.532142 0.594425 0.471324 0.212482 1.000000 0.418998 3.275879 2.828711 2.828711
0.185916 1.000000 0.373449 0.952173 0.297417 0.185635 0.403642 0.094180 0.000000 0.444945 3.275879 2.828711 2.828711
0.206604 0.804834 0.045346 0.927681 0.168085 0.062757 0.411209 0.137274 0.342360 1.000000 3.141874 2.828711 2.828711
0.222376 0.782241 0.505472 0.946533 1.000000 0.924105 0.367160 0.580532 0.461605 0.931901 3.275879 2.828711 2.828711
0.000000 0.788530 0.557752 1.000000 0.583188 0.538373 0.939699 0.117102 0.150640 0.726479 3.275879 2.828711 2.828711
0.346767 0.806982 0.372144 0.958361 0.294025 0.177985 0.701060 0.000000 0.044796 0.726307 3.275879 2.828711 2.828711
0.162420 0.729634 0.257569 0.912525 0.180217 0.246918 0.380355 0.215755 0.446285 0.531324 3.275879 2.832931 2.832931
0.141326 0.692815 0.130580 1.000000 0.556993 0.012351 0.917646 0.541554 0.048735 0.060005 3.141874 2.828711 2.828711
0.086498 0.814347 0.459487 0.954690 0.505762 0.659227 0.491016 0.981310 0.631286 0.849663 3.275879 2.828711 2.828711
0.000000 0.794112 0.096892 1.000000 0.083366 0.301216 0.000000 0.765285 0.754871 0.480634 3.141874 2.828711 2.828711
0.000000 0.995031 0.305090 1.000000 1.000000 0.847861 0.928983 0.000000 0.652158 0.555855 3.275879 2.828711 2.828711
0.175383 0.918502 0.118843 1.000000 0.510167 0.640480 0.282079 1.000000 0.463245 0.071240 3.141874 2.828711 2.828711
0.056544 0.669190 0.000000 1.000000 0.000000 0.481435 0.341587 0.395011 1.000000 0.000000 3.141874 2.828711 2.828711
0.000000 1.000000 0.297057 0.900326 0.132052 0.190098 0.736127 0.096816 0.278131 0.968519 3.275879 2.828711 2.828711
0.015528 0.950093 0.158708 1.000000 0.432760 0.852826 0.259310 0.200708 0.797174 0.742743 3.275879 2.828711 2.828711
0.573279 0.772547 0.017205 1.000000 0.000000 0.524078 0.000000 0.376220 0.730428 0.267609 3.141874 2.828711 2.828711
0.844565 0.856350 0.862354 0.478654 0.477448 0.065273 0.374836 0.408514 0.928893 0.000000 4.075953 3.380932 3.380932
0.000000 1.000000 0.035982 1.000000 0.247096 0.038495 0.360045 0.000000 0.000000 0.482191 3.141874 2.828711 2.828711
0.193787 0.927411 0.117363 1.000000 0.238258 0.652820 0.000000 0.000000 0.394292 0.859149 3.141874 2.828711 2.828711
0.000000 0.947789 0.000000 0.958855 0.000000 1.000000 0.706863 0.000000 0.812177 0.345749 3.141874 2.828711 2.828711
0.205350 0.744498 0.000000 1.000000 0.041191 0.990560 0.498351 0.678836 0.961775 0.451349 3.141874 2.828711 2.828711
0.001461 0.699146 0.233963 0.982941 0.914292 0.482104 1.000000 0.688154 0.618069 0.407930 3.275879 2.828711 2.828711
0.282436 0.864274 0.238375 0.931073 0.272632 0.011603 0.428568 0.825492 0.249365 0.655687 3.275879 2.828711 2.828711
0.068286 0.955436 0.292109 0.997659 0.224979 0.272386 1.000000 0.001190 0.103461 0.715102 3.275879 2.828711 2.828711
0.256959 0.978105 0.449058 1.000000 0.000000 0.095404 0.278816 0.346911 0.816896 0.216687 3.275879 2.828711 2.828711
0.956380 0.858774 1.000000 0.487215 0.391788 0.234128 0.636740 0.256439 0.632779 0.827128 4.075953 3.380932 3.380932
0.492828 0.893833 0.260366 1.000000 0.014131 0.130105 0.316800 1.000000 0.641761 0.461008 3.275879 2.828711 2.828711
0.000000 0.680251 0.429811 1.000000 0.513755 0.590755 0.819165 0.154807 0.850860 0.191661 3.275879 2.828711 2.828711
0.000000 1.000000 0.000000 1.000000 0.869659 0.693347 0.579840 0.318694 0.352063 0.176312 3.141874 2.828711 2.828711
0.000000 0.846223 0.076266 1.000000 0.000000 0.267727 0.318905 0.222025 1.000000 0.681973 3.141874 2.828711 2.828711
0.081899 0.744498 0.288313 1.000000 0.003980 0.901276 0.247669 0.695408 1.000000 0.518689 3.275879 2.828711 2.828711
0.000000 0.959679 0.441208 1.000000 0.386947 0.032998 0.293821 0.000000 0.000000 1.000000 3.275879 2.828711 2.828711
1.000000 0.881606 0.955105 0.478886 0.243661 0.490317 0.000000 0.243766 1.000000 0.128765 4.075953 3.380932 3.380932
0.179937 0.808239 0.000000 1.000000 0.275060 0.209541 0.000000 0.512087 0.966231 0.990184 3.141874 2.828711 2.828711
0.000000 0.682087 0.367782 1.000000 0.480696 0.599526 0.011713 0.758421 0.955762 0.546271 3.275879 2.828711 2.828711
0.326347 0.919047 0.461765 0.906169 0.241114 0.559269 0.639679 0.656223 0.905248 0.646832 3.275879 2.828711 2.828711
0.760500 0.866070 0.779478 0.478654 0.540272 0.337441 1.000000 0.000000 1.000000 0.128672 4.075953 3.380932 3.380932
0.536048 0.903045 0.064579 1.000000 0.086218 0.681855 0.864245 0.657155 0.255172 0.872087 3.141874 2.828711 2.828711
0.948431 0.871007 1.000000 0.484914 0.179080 0.000000 0.326308 0.429881 1.000000 0.503674 4.075953 3.380932 3.380932
0.099019 0.878416 0.118635 0.923267 1.000000 1.000000 0.196259 0.676687 0.944258 0.000000 3.141874 2.828711 2.828711
0.000000 0.678673 0.000000 1.000000 0.248720 0.837553 0.566578 0.890780 1.000000 0.250129 3.141874 2.828711 2.828711
0.393773 0.884546 0.246419 0.973288 0.834568 0.877924 0.189018 0.338120 1.000000 0.240708 3.275879 2.828711 2.828711
0.042098 0.738097 0.104970 1.000000 0.008064 0.451268 0.647122 0.301490 0.710356 1.000000 3.141874 2.828711 2.828711
0.935808 0.859703 1.000000 0.496940 0.000000 0.000000 0.000000 0.328276 0.737486 0.503674 4.075953 3.380932 3.380932
0.000000 0.882204 0.000000 1.000000 0.000000 0.640812 0.785716 0.001356 0.138081 0.672156 3.141874 2.828711 2.828711
1.000000 1.000000 1.000000 0.468076 0.000000 0.263570 0.000000 0.079975 0.690965 0.968754 4.075953 3.380932 3.380932
0.374531 0.672106 0.347812 0.968231 0.149639 0.215553 0.000000 0.655484 0.488144 0.154311 3.275879 2.828711 2.828711
0.317418 1.000000 0.255879 1.000000 0.498169 0.188714 0.000000 0.132099 0.827489 0.542753 3.275879 2.828711 2.828711
1.000000 0.915948 1.000000 0.480243 0.565623 0.178223 0.894236 0.154293 1.000000 0.740752 4.075953 3.380932 3.380932
0.000000 1.000000 0.000000 0.957838 0.000000 0.000000 0.557448 0.000000 0.000000 1.000000 3.141874 2.828711 2.828711
0.000000 1.000000 0.000000 1.000000 0.000000 0.363415 0.000000 0.277219 0.324253 0.000000 3.141874 2.828711 2.828711
0.461845 1.000000 0.236214 0.893341 0.769456 0.888179 0.406661 0.411575 0.947026 0.000000 3.275879 2.828711 2.828711
0.708540 0.789610 0.782922 0.493450 0.799262 0.994625 0.564355 0.793094 1.000000 0.000000 4.075953 3.380932 3.380932
0.299940 0.882251 0.000000 1.000000 0.470158 0.933193 0.629791 0.222333 0.365763 0.853126 3.141874 2.828711 2.828711
0.240520 0.946578 0.094988 0.996894 0.959443 0.248340 0.978524 0.307905 0.000000 0.151439 3.141874 2.828711 2.828711
0.554555 0.998366 0.240358 1.000000 0.347896 1.000000 0.608473 0.664793 0.473955 0.515184 3.275879 2.828711 2.828711
0.648934 1.000000 0.063973 1.000000 0.000000 0.391230 0.085582 0.381112 0.489344 0.639268 4.101165 2.828711 2.828711
0.427622 0.781920 0.341928 1.000000 0.092244 0.387323 0.530751 0.481729 0.940959 0.372131 3.275879 2.828711 2.828711
0.317502 0.887988 0.176327 0.894237 0.000000 0.090317 0.364843 0.029723 0.299894 0.919345 3.275879 2.828711 2.828711
1.000000 0.862250 1.000000 0.496940 0.000000 0.160674 0.001091 0.283328 0.611137 0.800472 4.075953 3.380932 3.380932
0.135713 1.000000 0.486476 1.000000 0.550013 0.745159 0.093296 0.495274 0.993038 0.217104 3.275879 2.828711 2.828711
0.179895 0.937742 0.000000 1.000000 0.385667 0.936739 1.000000 0.163930 0.286823 0.890797 3.141874 2.828711 2.828711
0.141326 0.704245 0.046439 1.000000 0.389077 0.512351 0.832707 0.599846 0.000000 0.144667 3.141874 2.828711 2.828711
0.080502 1.000000 0.277625 1.000000 0.120471 0.674882 0.563394 0.060807 1.000000 1.000000 3.275879 2.828711 2.828711
0.206250 0.812173 0.000000 0.885605 0.719648 1.000000 0.760829 0.612511 0.287476 0.989461 3.141874 2.828711 2.828711
0.106564 0.709942 0.000000 0.973516 0.985051 0.573099 0.551004 0.590702 0.924022 0.455967 3.141874 2.828711 2.828711
0.297606 0.936704 0.558388 0.889592 0.606546 0.705992 0.170369 0.407555 0.939677 0.345551 3.275879 2.828711 2.828711
0.139284 0.761414 0.000000 0.927681 0.608001 0.000000 0.733612 0.093984 0.224694 1.000000 3.141874 2.828711 2.828711
0.715860 0.833141 1.000000 0.476391 1.000000 0.468419 0.954280 0.100283 0.593196 0.458465 4.075953 3.380932 3.380932
0.000000 1.000000 0.000000 1.000000 0.209411 1.000000 0.871218 0.047497 0.528659 0.748502 3.141874 2.828711 2.828711
1.000000 0.945234 0.770061 0.472998 0.044545 0.712646 0.112679 1.000000 0.693354 0.890549 4.075953 3.380932 3.380932
0.159523 0.885923 0.454226 0.934655 1.000000 0.448604 0.835426 0.254580 0.864748 0.395315 3.275879 2.828711 2.828711
0.042867 0.868826 0.183332 1.000000 0.154489 0.952523 0.000000 0.315523 1.000000 0.683160 3.275879 2.828711 2.828711
0.000000 1.000000 0.269734 1.000000 0.325233 1.000000 0.594720 0.116583 0.411775 0.295782 3.275879 2.828711 2.828711
0.142761 1.000000 0.313038 0.864611 0.970144 0.905956 0.708366 0.081119 1.000000 0.819759 3.275879 2.828711 2.828711
0.284164 1.000000 0.000000 1.000000 0.481852 0.724961 0.919426 0.220402 0.371641 1.000000 3.141874 2.828711 2.828711
0.134638 1.000000 0.158325 1.000000 0.489620 1.000000 0.107363 0.000000 0.810379 0.357976 3.275879 2.828711 2.828711
0.914317 0.938948 0.908981 0.476274 0.386443 0.279634 0.498318 0.328111 0.622392 0.323599 4.075953 3.380932 3.380932
0.071449 1.000000 0.361829 1.000000 0.379857 0.834255 0.000000 0.627564 0.948459 0.371928 3.275879 2.828711 2.828711
0.090721 0.738294 0.294376 0.889417 0.481274 0.453949 0.733703 0.316357 0.036867 0.983122 3.275879 2.828711 2.828711
0.396336 0.683685 0.150628 1.000000 0.138955 0.844522 0.433819 0.440180 0.683762 1.000000 3.275879 2.828711 2.828711
0.367266 0.899911 0.413659 0.923614 0.545264 0.000000 0.354400 0.000000 0.653518 0.567602 3.275879 2.828711 2.828711
0.924178 0.952110 0.948034 0.487015 1.000000 0.438576 1.000000 0.000000 0.675374 0.781038 4.075953 3.380932 3.380932
0.373075 0.676412 0.233144 0.933292 0.096610 0.918692 0.142813 0.647391 1.000000 0.090163 3.275879 2.828711 2.828711
0.000000 1.000000 0.113765 0.998830 0.835451 0.795266 0.436511 0.278693 0.557410 0.060510 3.141874 2.828711 2.828711
0.000000 0.973530 0.124831 1.000000 0.801212 0.995420 0.417559 0.179616 0.557880 0.606480 3.141874 2.828711 2.828711
0.507591 0.724057 0.464849 0.940421 0.052680 0.571801 0.294355 0.224083 0.647460 0.456391 3.275879 2.828711 2.828711
0.311925 0.821776 0.208940 0.951014 0.332055 0.179804 0.000000 0.683178 0.942981 0.714557 3.275879 2.828711 2.828711
0.756113 0.856056 0.786335 0.478654 0.610423 0.000000 0.766665 0.261495 1.000000 0.000000 4.075953 3.380932 3.380932
0.354081 0.982342 0.378794 0.991796 0.016511 0.292661 0.416882 0.448190 0.871873 0.874132 3.275879 2.828711 2.828711
0.054432 0.842356 0.075830 0.989210 0.414815 0.303994 0.076718 0.525918 1.000000 0.755047 3.141874 2.828711 2.828711
0.885628 0.844642 0.956953 0.496407 0.003473 0.160674 0.191820 0.247855 0.611137 0.671074 4.075953 3.380932 3.380932
0.930173 0.951515 0.905714 0.479721 0.047800 0.417833 0.353347 0.398019 1.000000 0.944639 4.075953 3.380932 3.380932
0.000000 0.738294 0.287464 1.000000 0.291987 0.003506 0.726907 0.179787 0.114356 1.000000 3.275879 2.828711 2.828711
0.348531 1.000000 0.165705 0.873471 0.290892 0.305277 0.066469 0.071592 0.136161 1.000000 3.275879 2.828711 2.828711
0.000000 0.847541 0.195830 1.000000 0.816089 0.402426 0.419820 0.503945 0.697018 0.882163 3.275879 2.828711 2.828711
0.080591 0.770478 0.000000 0.969266 0.000000 0.239401 0.198315 0.000000 0.225974 0.446251 3.141874 2.828711 2.828711
0.000000 0.671771 0.203942 1.000000 0.122538 0.428108 0.108173 0.310816 0.530931 0.773929 3.275879 2.828711 2.828711
0.000000 0.930785 0.359263 0.894367 0.455688 0.627918 0.829376 0.000000 0.862182 0.201709 3.275879 2.828711 2.828711
0.029313 1.000000 0.252293 1.000000 0.495565 0.099115 0.000000 0.071885 0.624211 0.703245 3.275879 2.828711 2.828711
0.767486 0.933177 0.963716 0.478654 1.000000 0.000000 0.903466 0.000000 0.993574 0.518785 4.075953 3.380932 3.380932
0.000000 0.983451 0.085366 1.000000 0.000000 0.236900 0.000000 0.424623 0.267047 0.000000 3.141874 2.828711 2.828711
0.040806 1.000000 0.393060 0.985012 0.003095 0.917163 0.375370 0.022004 0.150671 0.992867 3.275879 2.828711 2.828711
0.000000 0.955436 0.035691 1.000000 0.141579 0.243901 0.987779 0.000000 0.378649 0.526263 3.141874 2.828711 2.828711
0.000000 0.872249 0.000000 1.000000 0.284741 0.766006 0.631955 0.195862 1.000000 0.760383 3.141874 2.828711 2.828711
0.899821 0.840862 0.916782 0.484996 0.652440 0.449981 0.553886 0.344626 0.816154 0.086390 4.075953 3.380932 3.380932
0.048519 0.976619 0.314835 1.000000 0.794409 0.465970 0.236915 0.000000 0.300340 0.599605 3.275879 2.828711 2.828711
0.281574 0.669622 0.313632 0.992145 0.500931 0.546666 0.206903 0.608394 0.814223 0.209766 3.275879 2.828711 2.828711
0.000000 0.914650 0.259150 0.900326 0.105405 0.461976 0.736127 0.024617 0.381177 1.000000 3.275879 2.828711 2.828711
0.104215 0.991077 0.000000 1.000000 0.062750 0.509183 0.883984 0.190832 0.577607 1.000000 3.141874 2.828711 2.828711
0.139823 1.000000 0.532542 0.975017 0.000000 0.380286 0.350790 0.000000 0.000000 0.608769 3.275879 2.828711 2.828711
0.253592 1.000000 0.290545 0.932574 0.875824 0.752600 0.928225 0.664886 1.000000 0.000000 3.275879 2.828711 2.828711
0.708058 0.182045 0.229023 0.265743 0.419681 0.973926 0.384838 0.288963 0.082256 0.684364 0.653808 2.723756 0.653808
0.379110 0.700367 0.085861 0.975243 0.277820 0.418702 0.203862 0.777219 0.732514 0.009694 3.141874 2.828711 2.828711
0.236336 0.956810 0.000000 1.000000 1.000000 0.192206 0.989710 0.401846 0.115150 0.000000 3.141874 2.828711 2.828711
0.934776 0.896402 0.969983 0.484996 0.538518 0.067448 0.434240 0.000000 0.738529 0.297725 4.075953 3.380932 3.380932
0.595415 0.959512 0.487519 0.987574 0.833967 0.133797 0.541010 0.501854 0.138078 0.197068 3.275879 2.828711 2.828711
0.000000 1.000000 0.000000 1.000000 0.683103 1.000000 0.339297 0.335535 1.000000 0.700092 3.141874 2.828711 2.828711
0.333012 0.773729 0.210774 0.973194 0.217663 0.315828 0.445626 0.139253 0.182997 0.599992 3.275879 2.828711 2.828711
0.320011 0.995600 0.505245 0.930586 0.618985 0.461493 1.000000 0.003932 0.390213 0.643429 3.275879 2.828711 2.828711
0.000000 1.000000 0.000000 1.000000 0.364111 0.472523 0.000000 0.232013 0.687351 0.095512 3.141874 2.828711 2.828711
0.790791 0.870806 0.921471 0.482784 0.000000 0.000000 0.000000 0.173926 0.684023 0.668152 4.075953 3.380932 3.380932
1.000000 1.000000 1.000000 0.478886 0.201616 0.623016 0.550653 0.172184 0.620025 0.939559 4.075953 3.380932 3.380932
0.000000 0.872249 0.141209 1.000000 0.199582 1.000000 0.458788 0.000000 1.000000 0.945400 3.275879 2.828711 2.828711
0.354493 1.000000 0.000000 0.975243 0.401368 0.437950 0.383884 0.741389 0.389347 0.000000 3.141874 2.828711 2.828711
0.000000 0.744498 0.164573 1.000000 0.000000 0.984903 0.225594 0.385964 0.744672 0.562327 3.275879 2.828711 2.828711
0.531382 0.636159 0.970770 0.992782 0.884951 0.300159 0.180772 0.546021 0.607390 0.810985 2.427880 0.343931 0.343931
0.788209 0.855653 0.985142 0.468913 0.980025 0.207173 0.894143 0.196174 0.974482 0.487497 4.075953 3.380932 3.380932
0.941029 0.886524 1.000000 0.511304 0.273244 0.000000 0.102301 0.094820 0.930477 0.556426 4.075953 3.380932 3.380932
0.174656 0.783221 0.401497 0.941245 0.000000 0.506015 0.305870 0.610431 1.000000 1.000000 3.275879 2.828711 2.828711
0.261371 0.697700 0.016821 1.000000 0.067612 0.402750 0.756258 0.430484 0.110145 0.264673 3.141874 2.828711 2.828711
0.029702 1.000000 0.143016 1.000000 0.388725 0.839087 0.001505 0.623319 1.000000 0.000000 3.275879 2.828711 2.828711
0.901257 0.875878 0.838344 0.496940 0.348868 0.346674 0.000000 0.487623 0.913517 0.341830 4.075953 3.380932 3.380932
0.221864 0.921125 0.519631 0.959651 0.000000 0.173577 0.121914 0.052066 0.000000 0.456160 3.275879 2.828711 2.828711
0.000000 0.692540 0.000000 1.000000 0.108153 0.059130 0.104738 0.744124 1.000000 0.589732 3.141874 2.828711 2.828711
0.910890 0.944457 0.880813 0.503058 0.000000 0.652460 0.769256 0.271551 1.000000 0.756199 4.075953 3.380932 3.380932
0.269420 0.756366 0.354120 0.904854 0.175340 0.557723 0.557695 0.209337 0.325831 0.410470 3.275879 2.832661 2.832661
0.521928 0.338109 0.771827 0.250947 0.708210 0.653917 0.406174 0.761518 0.915107 0.713590 0.346999 0.173741 0.173741
1.000000 0.881056 1.000000 0.468594 0.000000 0.403670 0.541548 0.588881 0.943454 0.584042 4.075953 3.380932 3.380932
0.542407 0.939338 0.310494 0.893129 0.402043 0.568778 0.734878 0.466663 0.808268 1.000000 3.275879 2.828711 2.828711
0.271204 0.969669 0.214564 0.903491 0.189261 0.228466 0.779188 0.518509 0.000000 1.000000 3.275879 2.828711 2.828711
0.934776 0.929380 0.884928 0.484996 0.538518 0.000000 0.934240 0.000000 0.496527 0.283984 4.075953 3.380932 3.380932
0.025246 0.982287 0.000000 0.975949 0.839265 1.000000 1.000000 0.203210 0.525029 1.000000 3.141874 2.828711 2.828711
0.373075 0.772018 0.309288 0.933292 0.106106 1.000000 0.629444 0.275521 1.000000 0.323958 3.275879 2.828711 2.828711
1.000000 0.846986 0.990518 0.494384 0.376904 0.440638 0.818071 0.766451 0.387238 0.143580 4.075953 3.380932 3.380932
0.402119 0.670451 0.106624 1.000000 0.235628 0.541685 0.054489 0.476063 0.681567 0.927261 3.141874 2.828711 2.828711
0.380433 1.000000 0.000000 0.931139 0.780266 0.779710 0.740237 0.495498 0.597354 0.968322 3.141874 2.828711 2.828711
0.336915 0.788887 0.234727 1.000000 0.340826 0.219908 0.395230 0.000000 1.000000 0.188289 3.275879 2.828711 2.828711
0.000000 0.841463 0.063237 1.000000 0.819202 0.609832 0.442525 0.564030 1.000000 0.948104 3.141874 2.828711 2.828711
0.373983 0.757395 0.242398 0.952966 0.069171 0.023174 0.424248 0.032893 0.183234 0.892867 3.275879 2.828711 2.828711
0.299456 0.864728 0.000000 0.884052 0.714940 1.000000 0.830059 0.755727 0.210341 0.565181 3.141874 2.828711 2.828711
0.026169 0.895448 0.445718 0.950507 0.151206 0.707415 0.515176 0.573803 1.000000 0.921882 3.275879 2.828711 2.828711
0.000000 1.000000 0.059716 1.000000 0.280468 0.514289 0.748289 0.000000 0.801313 0.676177 3.141874 2.828711 2.828711
0.000000 1.000000 0.059317 0.956927 0.118834 0.155191 0.716060 0.285178 0.088331 1.000000 3.141874 2.828711 2.828711
0.000000 0.877682 0.335321 1.000000 0.460627 0.285105 0.494847 0.000000 0.526476 0.420792 3.275879 2.828711 2.828711
0.043964 1.000000 0.482434 0.965865 0.659133 0.762878 0.475245 0.656598 1.000000 0.288334 3.275879 2.828711 2.828711
0.805808 0.810287 0.957317 0.476391 1.000000 0.818338 1.000000 0.000000 0.603083 0.409499 4.075953 3.380932 3.380932
0.910517 0.879912 0.895171 0.484996 0.371626 0.000000 1.000000 0.000000 0.609595 0.194578 4.075953 3.380932 3.380932
0.615782 0.990930 0.536975 0.958795 0.324234 0.247297 0.293010 0.527260 0.353209 0.759762 3.275879 2.828711 2.828711
1.000000 0.925977 0.948056 0.489352 0.000000 0.291272 0.000000 0.093544 0.783089 0.950808 4.075953 3.380932 3.380932
0.132792 0.869137 0.165046 0.956312 0.349111 0.411761 0.000000 0.180360 0.684965 0.427273 3.275879 2.828711 2.828711
0.357869 0.769661 0.091542 0.969266 0.000000 0.239401 0.395188 0.104133 0.286747 0.553930 3.141874 2.828827 2.828827
1.000000 1.000000 1.000000 0.472998 0.324186 0.393220 0.602332 0.617969 0.968472 0.164123 4.075953 3.380932 3.380932
1.000000 0.868472 1.000000 0.492427 0.964354 0.446305 1.000000 0.311446 0.480976 0.567401 4.075953 3.380932 3.380932
0.237406 0.843891 0.450062 1.000000 1.000000 0.776467 0.498231 0.000000 0.610991 0.430096 3.275879 2.828711 2.828711
0.000000 0.894623 0.013709 0.947965 0.170313 1.000000 0.608951 0.749590 0.366635 0.842045 3.141874 2.828711 2.828711
0.000000 0.981031 0.114918 0.982025 0.043011 0.432308 1.000000 0.097983 0.144041 1.000000 3.141874 2.828711 2.828711
0.921868 0.801190 1.000000 0.480289 0.000000 0.296063 0.357336 0.286141 0.748448 0.977620 4.075953 3.380932 3.380932
0.489482 0.949660 0.313151 0.880177 0.052680 0.875888 0.198260 0.229016 0.276216 0.798463 3.275879 2.828711 2.828711
0.929437 0.948796 1.000000 0.487882 0.250077 0.578750 0.672186 0.538598 1.000000 0.265673 4.075953 3.380932 3.380932
0.993519 0.935303 1.000000 0.476391 0.981468 0.276018 1.000000 0.000000 0.749805 0.550783 4.075953 3.380932 3.380932
0.195898 1.000000 0.325662 1.000000 0.609834 0.160952 0.305039 0.213592 0.259007 0.000000 3.275879 2.828711 2.828711
0.430030 0.875720 0.458512 1.000000 0.358532 0.495068 0.771151 0.006317 0.491928 0.566774 3.275879 2.828711 2.828711
0.003484 0.880961 0.364916 1.000000 0.299277 0.370612 0.672735 0.000000 0.657713 0.533148 3.275879 2.828711 2.828711
0.002923 0.980590 0.417379 0.965883 0.921125 0.157313 0.756553 0.000000 0.599489 0.760977 3.275879 2.828711 2.828711
0.025330 0.872304 0.000000 1.000000 0.192206 0.248828 0.000000 0.000000 0.394292 0.890069 3.141874 2.828711 2.828711
0.030192 0.848850 0.000000 1.000000 0.189949 0.399718 0.178308 0.352120 0.713497 0.132337 3.141874 2.828711 2.828711
1.000000 1.000000 0.821050 0.471214 0.166500 0.257838 0.671470 0.618379 1.000000 0.293661 4.075953 3.380932 3.380932
0.000000 0.857543 0.397614 1.000000 0.953490 0.456011 0.152899 0.103565 0.285030 0.740925 3.275879 2.828711 2.828711
0.150264 0.667499 0.495166 0.927738 0.901260 0.604677 0.905162 0.891931 1.000000 0.339610 3.275879 2.828711 2.828711
0.865266 0.968444 1.000000 0.487215 0.554888 0.000000 0.332309 0.000000 0.640537 0.518339 4.075953 3.380932 3.380932
0.542124 0.960118 0.294277 0.949916 0.278253 0.715405 0.616142 0.548030 0.289259 0.528312 3.275879 2.828711 2.828711
0.831009 0.893482 0.948646 0.491313 0.000000 0.209586 0.000000 0.177553 0.874988 0.723531 4.075953 3.380932 3.380932
0.490944 0.939955 0.513008 0.863119 0.147105 0.582895 0.277371 0.195339 0.075960 0.817179 3.275879 2.828711 2.828711
0.451273 0.835486 0.227457 0.967625 0.000000 0.079626 0.376887 0.251332 0.293208 0.806273 3.275879 2.830203 2.830203
0.456966 0.765899 0.323580 0.911917 0.328794 0.179603 0.666881 0.000000 0.666945 0.318504 3.275879 2.828711 2.828711
0.369709 0.737024 0.193473 0.876812 0.838082 0.478079 0.405216 0.856519 0.649574 0.394189 3.275879 2.828711 2.828711
0.000000 1.000000 0.239174 1.000000 0.198586 0.552631 0.973261 0.195124 0.405891 0.760223 3.275879 2.828711 2.828711
0.000000 1.000000 0.000000 0.977950 0.088145 0.396932 0.614321 0.000000 0.488935 0.566932 3.141874 2.828711 2.828711
