# gen=10 mediating population
# x0..xd fitness
0.840079 0.213935 0.380299 0.849843 0.447686 0.524243 0.975109 0.241155 0.801732 0.346466 40.451433
0.273504 0.264194 0.500000 0.500000 0.500000 0.495192 0.657013 0.500000 0.500000 0.500000 81.049990
0.292525 0.313271 0.532579 0.467301 0.671834 0.660224 0.322109 0.634272 0.454553 0.466120 70.249262
0.419999 0.035091 0.932506 0.201261 0.313671 0.776916 0.321931 0.424875 0.033822 0.686060 34.739001
0.553480 0.474107 0.642932 0.566490 0.229169 0.039277 0.970934 0.561890 0.388383 0.447503 34.813583
0.264537 0.500000 0.500000 0.433129 0.500000 0.335377 0.500000 0.500000 0.320146 0.500000 60.889648
0.273504 0.269688 0.500000 0.500000 0.500000 0.495192 0.499931 0.500000 0.500000 0.500000 89.285095
0.222749 0.377990 0.500000 0.507462 0.501697 0.436506 0.436595 0.500000 0.493398 0.756281 69.696213
0.273504 0.255980 0.500000 0.500000 0.500000 0.506163 0.373190 0.500000 0.500000 0.500000 82.702445
0.282878 0.095364 0.354374 0.459457 0.352287 0.288084 0.621203 0.419910 0.499565 0.512447 63.684450
0.215342 0.922018 0.490437 0.831975 0.248377 0.084220 0.121537 0.601393 0.251369 0.430649 33.421531
0.262085 0.264194 0.500687 0.440861 0.500000 0.544746 0.467706 0.476010 0.611783 0.501003 81.985943
0.846766 0.005130 0.504450 0.776360 0.797637 0.937544 0.274567 0.095084 0.766035 0.958225 30.179736
0.309454 0.259382 0.464214 0.398365 0.536845 0.401289 0.497712 0.599256 0.724424 0.473997 73.009339
0.273044 0.269688 0.693004 0.500501 0.498694 0.493129 0.499931 0.498080 0.496727 0.497338 78.985383
0.273504 0.500000 0.761773 0.500000 0.500000 0.495192 0.500000 0.488611 0.500000 0.500000 60.628819
0.861928 0.890342 0.267151 0.284590 0.036323 0.172416 0.759221 0.750478 0.379289 0.847107 35.571617
0.260429 0.281454 0.438046 0.572887 0.555236 0.462167 0.488872 0.497527 0.595747 0.447551 80.649225
0.273504 0.269688 0.500000 0.500000 0.500000 0.506163 0.499931 0.500000 0.500000 0.500000 89.252171
0.260993 0.298770 0.505197 0.495565 0.501697 0.356603 0.549498 0.608435 0.529258 0.465736 78.437979
0.430377 0.563287 0.493418 0.283678 0.649622 0.565033 0.406615 0.624494 0.916057 0.724903 50.177307
0.294052 0.306198 0.742631 0.532535 0.657095 0.546696 0.525460 0.325457 0.500000 0.519013 69.761599
0.256763 0.258819 0.530606 0.506877 0.490585 0.583682 0.518953 0.494131 0.404587 0.502162 82.302361
0.272057 0.321005 0.612399 0.440129 0.520615 0.366427 0.429677 0.440303 0.471855 0.535279 76.487286
0.894358 0.130580 0.080990 0.935954 0.143981 0.741363 0.868416 0.657289 0.296704 0.622664 38.737970
0.646298 0.166686 0.295347 0.578462 0.940179 0.599130 0.876992 0.576203 0.300719 0.281446 38.788018
0.268688 0.186258 0.450260 0.546364 0.502205 0.684813 0.612626 0.502200 0.348911 0.500000 72.339479
0.155174 0.941077 0.987793 0.306622 0.888620 0.074293 0.829064 0.364039 0.754218 0.908405 40.204444
0.253637 0.242938 0.487779 0.681799 0.349629 0.472571 0.567525 0.545995 0.500000 0.517393 75.361902
0.284700 0.218588 0.566669 0.551946 0.477776 0.325914 0.425570 0.500000 0.357447 0.540102 74.541059
0.181600 0.016033 0.206078 0.282806 0.137750 0.280062 0.729067 0.873238 0.329308 0.089937 34.532160
0.278186 0.185607 0.783210 0.544037 0.628883 0.606514 0.428695 0.322523 0.415135 0.513421 66.077600
0.309170 0.361980 0.419489 0.353077 0.612102 0.524981 0.487959 0.498097 0.511334 0.470991 73.755183
0.863736 0.736960 0.962054 0.286016 0.220842 0.087018 0.608449 0.994177 0.372098 0.063957 32.093140
0.273044 0.255980 0.379668 0.500501 0.629821 0.493129 0.373190 0.504924 0.496727 0.500750 77.554743
0.293584 0.232395 0.417072 0.492878 0.566893 0.412839 0.500000 0.609806 0.444144 0.456758 78.375448
0.395230 0.371298 0.589297 0.137417 0.633307 0.963265 0.643111 0.054971 0.888101 0.102452 33.263087
0.171576 0.134704 0.628060 0.763485 0.191079 0.896465 0.786320 0.106449 0.328294 0.143313 38.284416
0.260630 0.375249 0.489109 0.583623 0.476184 0.258458 0.722497 0.500000 0.608661 0.500000 66.446580
0.292731 0.741896 0.518153 0.099961 0.780154 0.478146 0.589547 0.900685 0.016605 0.010062 37.684249
0.263777 0.259021 0.389394 0.577454 0.547413 0.449110 0.550784 0.560095 0.484293 0.510547 80.163930
0.222289 0.200356 0.386863 0.488484 0.544387 0.424409 0.389752 0.520069 0.525185 0.519596 76.442489
0.377507 0.744784 0.793352 0.301739 0.964056 0.809028 0.771842 0.123630 0.905115 0.037885 46.603194
0.136162 0.681061 0.371354 0.813734 0.261430 0.061679 0.062028 0.017081 0.694016 0.805229 26.965505
0.273504 0.269688 0.500000 0.500000 0.500000 0.495192 0.499931 0.500000 0.500000 0.500000 89.285095
0.823637 0.764667 0.706168 0.116300 0.387593 0.736627 0.568245 0.123942 0.434583 0.406284 42.012589
0.266798 0.223837 0.415281 0.403339 0.484531 0.517881 0.455135 0.539304 0.536470 0.508001 80.471449
0.221584 0.272830 0.542803 0.414043 0.525831 0.461664 0.706921 0.502174 0.619383 0.482352 74.207787
0.415849 0.255343 0.907857 0.072514 0.524646 0.770307 0.058876 0.524982 0.658643 0.705291 40.416693
0.273504 0.255980 0.500000 0.500000 0.500000 0.495192 0.373190 0.500000 0.500000 0.500000 82.705745
0.226290 0.256751 0.437784 0.465709 0.492719 0.412834 0.397062 0.503089 0.422732 0.562692 78.624043
0.402156 0.364263 0.635372 0.684843 0.505107 0.690718 0.437990 0.937196 0.006018 0.904736 39.497877
0.880972 0.320039 0.234162 0.046573 0.434449 0.182044 0.914879 0.119553 0.980072 0.711587 25.440739
0.273658 0.283520 0.505803 0.460216 0.513276 0.653134 0.487116 0.498683 0.560819 0.428828 79.277086
0.223713 0.195746 0.437784 0.461978 0.500000 0.385004 0.365359 0.503089 0.426033 0.434552 74.864445
0.606541 0.706797 0.042286 0.119470 0.744334 0.608421 0.138898 0.287324 0.555988 0.253888 48.210248
0.236089 0.232763 0.534893 0.422225 0.386574 0.474795 0.515216 0.410246 0.476061 0.495432 79.021430
0.467204 0.881455 0.973703 0.609499 0.668735 0.019089 0.860891 0.907657 0.164463 0.737649 42.628838
0.076186 0.609745 0.306907 0.081625 0.445916 0.704647 0.926782 0.932191 0.894548 0.548468 32.029686
0.491894 0.699084 0.005328 0.979249 0.868347 0.390724 0.475451 0.230832 0.357332 0.854109 35.681977
0.217596 0.255980 0.500000 0.500000 0.500000 0.380846 0.373190 0.500000 0.500000 0.500000 78.626900
0.810243 0.841571 0.144380 0.930175 0.249934 0.563926 0.998577 0.824366 0.232169 0.835183 27.899854
0.598936 0.055437 0.735484 0.931509 0.576056 0.108969 0.698132 0.492984 0.463170 0.919734 32.251601
0.263777 0.212023 0.258507 0.577454 0.547413 0.454596 0.553106 0.565790 0.484293 0.510547 73.291684
0.265282 0.222334 0.564528 0.441424 0.450787 0.548953 0.466609 0.372378 0.504355 0.497130 79.152132
0.273504 0.406004 0.500000 0.500000 0.500000 0.495192 0.504644 0.500000 0.500000 0.500000 74.798366
0.264537 0.268315 0.499255 0.500447 0.500326 0.612373 0.539201 0.551729 0.500000 0.500000 82.581871
0.308038 0.189968 0.545831 0.511485 0.500000 0.410941 0.597382 0.393594 0.575054 0.497557 75.878632
0.327049 0.277597 0.424271 0.504659 0.472423 0.530132 0.452546 0.584534 0.510674 0.493554 80.338879
0.289847 0.323491 0.524441 0.434819 0.666277 0.538854 0.472585 0.415314 0.479183 0.452835 76.257578
0.624301 0.649041 0.337518 0.185259 0.501510 0.858143 0.655299 0.074946 0.789941 0.812452 40.368810
0.253019 0.320699 0.507906 0.664950 0.574986 0.568693 0.590980 0.484517 0.402269 0.502889 75.173530
0.414221 0.403971 0.640310 0.366347 0.117062 0.279450 0.456432 0.560127 0.019123 0.229937 42.948217
0.934784 0.479214 0.836468 0.092860 0.224867 0.038336 0.260284 0.832704 0.299711 0.295225 28.549781
0.418948 0.461612 0.877779 0.523144 0.493256 0.969089 0.454074 0.942360 0.447799 0.292010 38.399702
0.288496 0.500000 0.449448 0.483873 0.547009 0.464046 0.712484 0.500000 0.574317 0.513346 61.205947
0.346322 0.275509 0.473939 0.451799 0.525076 0.555239 0.499199 0.481851 0.339688 0.560457 76.426195
0.343209 0.258264 0.501374 0.314850 0.750192 0.551858 0.435550 0.452020 0.543713 0.502006 69.749539
0.279691 0.146482 0.584044 0.425773 0.500000 0.448635 0.369937 0.559072 0.580830 0.506217 72.698393
0.320512 0.283480 0.393294 0.541102 0.500041 0.508133 0.447016 0.583298 0.558548 0.299019 74.227502
0.447946 0.977729 0.788676 0.298236 0.201743 0.440101 0.611512 0.174807 0.909611 0.821221 43.128603
0.272948 0.256878 0.457835 0.406543 0.676894 0.526976 0.559759 0.471672 0.619057 0.504913 75.900636
0.270942 0.111895 0.495389 0.329650 0.511670 0.503128 0.482991 0.519076 0.497918 0.496435 70.850935
0.052024 0.850463 0.344677 0.814689 0.796721 0.488101 0.242028 0.757623 0.660110 0.834846 35.701234
0.297873 0.316270 0.395688 0.405071 0.500000 0.587136 0.251866 0.627753 0.331857 0.424746 67.844927
0.254462 0.305190 0.453030 0.476810 0.654469 0.465851 0.471849 0.550402 0.526048 0.434367 78.231020
0.388603 0.859141 0.709086 0.505043 0.573964 0.914712 0.419442 0.636650 0.092366 0.825129 45.564311
0.769351 0.406004 0.500000 0.500000 0.500000 0.709396 0.504644 0.500000 0.500000 0.500000 62.405316
0.259496 0.291938 0.499657 0.649489 0.496661 0.335377 0.593545 0.519300 0.451802 0.490532 75.599082
0.289965 0.255807 0.691920 0.500501 0.512375 0.375927 0.424351 0.457227 0.480749 0.526132 75.751609
0.213177 0.483983 0.091412 0.516258 0.538128 0.887209 0.104527 0.893462 0.642875 0.541986 38.000321
0.246684 0.235905 0.500000 0.531555 0.564144 0.538394 0.533230 0.456509 0.576305 0.591687 80.372190
0.708895 0.864999 0.914537 0.681561 0.901943 0.903072 0.901848 0.944864 0.282066 0.168532 21.537429
0.474579 0.936952 0.402747 0.330142 0.784967 0.709229 0.461175 0.906698 0.228497 0.205366 43.487605
0.289205 0.317297 0.355084 0.483330 0.449078 0.487404 0.519697 0.530282 0.495565 0.470453 78.994468
0.985672 0.439582 0.707251 0.495700 0.300693 0.757552 0.376215 0.730596 0.348764 0.388463 48.574115
0.244915 0.260415 0.372324 0.498113 0.547271 0.423412 0.536938 0.581883 0.384990 0.624260 75.674325
0.274092 0.253735 0.556810 0.483315 0.564690 0.644703 0.544678 0.532073 0.667301 0.548523 75.770892
0.273504 0.333039 0.500372 0.499776 0.499837 0.367665 0.639734 0.474135 0.500000 0.500000 76.722240
0.422351 0.583289 0.831605 0.963838 0.928557 0.880211 0.134857 0.248803 0.920123 0.207706 37.260850
0.273504 0.406004 0.500000 0.500000 0.500000 0.495192 0.504644 0.500000 0.500000 0.500000 74.798366
0.763393 0.156138 0.528664 0.434843 0.549177 0.917465 0.211920 0.894199 0.538462 0.953979 44.047196
0.182470 0.500000 0.452114 0.401621 0.559693 0.410021 0.470493 0.500000 0.408383 0.478209 61.137586
0.269234 0.467302 0.849804 0.000660 0.153564 0.617454 0.927472 0.598357 0.822743 0.845919 31.170226
0.894356 0.643791 0.505520 0.499009 0.821542 0.704677 0.529145 0.759296 0.512638 0.139501 35.850768
0.657084 0.815691 0.758778 0.384853 0.089956 0.811194 0.687365 0.052610 0.163587 0.047334 36.924222
0.267639 0.283432 0.561479 0.416754 0.511679 0.483451 0.483903 0.502690 0.444874 0.596177 81.010275
0.650855 0.385643 0.748536 0.203835 0.004462 0.874819 0.767828 0.696354 0.347929 0.393661 39.378414
0.366046 0.500000 0.465540 0.500000 0.500000 0.452750 0.500000 0.453274 0.500000 0.500000 62.411718
0.193778 0.214320 0.626660 0.289816 0.273166 0.225548 0.199532 0.447881 0.444801 0.757879 54.982457
0.303190 0.330065 0.442902 0.571894 0.584790 0.400372 0.672486 0.516871 0.434800 0.440605 73.658746
0.364273 0.258859 0.385966 0.477022 0.466647 0.480883 0.354937 0.500650 0.499664 0.498575 75.288982
0.906154 0.619604 0.018977 0.358414 0.958507 0.568694 0.874217 0.804041 0.012618 0.767207 29.042077
0.311162 0.253879 0.336142 0.500000 0.499755 0.497510 0.466080 0.498025 0.507921 0.756281 71.997000
0.289667 0.246989 0.532877 0.532755 0.496713 0.418730 0.554093 0.457806 0.466651 0.455154 82.139879
0.374521 0.051411 0.328897 0.666256 0.751497 0.556757 0.273488 0.686667 0.165674 0.584680 48.622351
0.397972 0.202954 0.335087 0.859988 0.012402 0.302176 0.578102 0.184855 0.968364 0.834641 34.800948
0.292002 0.275306 0.472284 0.455766 0.424677 0.441692 0.434379 0.533393 0.512571 0.505538 82.052413
0.401373 0.232829 0.500000 0.483034 0.513699 0.486163 0.453900 0.504783 0.362015 0.572193 72.914976
0.240928 0.269543 0.507597 0.575914 0.551977 0.480077 0.456866 0.487900 0.419385 0.532055 81.671945
0.146026 0.274231 0.513960 0.374788 0.691669 0.241053 0.978549 0.975066 0.035357 0.380224 37.288631
0.220217 0.293158 0.485425 0.273618 0.552385 0.151543 0.865305 0.623194 0.825261 0.387323 51.643286
0.734074 0.862879 0.102890 0.960921 0.050767 0.342255 0.810471 0.892678 0.599876 0.625514 31.289148
0.930126 0.389393 0.019094 0.659520 0.884761 0.589980 0.677081 0.051567 0.073149 0.895361 32.943343
0.711963 0.935124 0.626362 0.325013 0.996606 0.601107 0.094681 0.108876 0.442758 0.315564 34.076420
0.257516 0.365701 0.430340 0.466197 0.544674 0.609573 0.538971 0.502865 0.655101 0.509482 73.642349
0.270952 0.153348 0.519162 0.538881 0.516391 0.486066 0.435969 0.392904 0.495022 0.500094 75.805760
0.174952 0.230035 0.477085 0.510975 0.507571 0.393628 0.300347 0.553203 0.507436 0.501221 72.926554
0.296010 0.058205 0.998014 0.225705 0.300827 0.075042 0.389682 0.152827 0.535067 0.969062 31.618972
0.274320 0.221342 0.508428 0.450928 0.523525 0.511285 0.445071 0.516487 0.495320 0.498584 83.447705
0.457052 0.251788 0.419666 0.457848 0.523784 0.495192 0.500000 0.550870 0.576214 0.515252 68.826013
0.823661 0.932099 0.586558 0.163107 0.755177 0.219376 0.501059 0.406590 0.668292 0.543807 37.491423
0.287150 0.191413 0.451822 0.466467 0.653595 0.666347 0.429698 0.683857 0.440300 0.476136 70.465056
0.856964 0.478792 0.360624 0.562568 0.367021 0.983050 0.079181 0.522433 0.069319 0.835940 44.428718
0.678633 0.970159 0.409975 0.687158 0.111365 0.936393 0.483901 0.769987 0.323624 0.604697 32.059469
0.122658 0.819597 0.904573 0.682812 0.956655 0.541258 0.462741 0.196968 0.102923 0.942192 37.784222
0.847781 0.591847 0.198241 0.897658 0.686148 0.652265 0.165669 0.231520 0.060235 0.094677 36.530776
0.273504 0.269688 0.500000 0.500000 0.500000 0.495192 0.499931 0.500000 0.500000 0.500000 89.285095
0.898280 0.252067 0.028626 0.410888 0.704834 0.007292 0.755727 0.184107 0.642819 0.757336 29.618737
0.281585 0.500000 0.516439 0.516378 0.498357 0.709396 0.463641 0.478903 0.483326 0.477577 61.828989
0.266008 0.261865 0.495832 0.525710 0.481980 0.516291 0.614005 0.500186 0.489071 0.496681 83.151649
0.295152 0.281561 0.405460 0.563280 0.514085 0.567943 0.481890 0.539644 0.457555 0.496417 81.057062
0.934367 0.419712 0.471259 0.188545 0.891773 0.906881 0.435490 0.780246 0.920495 0.953221 37.511230
0.774528 0.568930 0.538903 0.499445 0.486265 0.729620 0.248838 0.232183 0.796832 0.255397 44.111756
0.299190 0.179277 0.559848 0.545057 0.465451 0.567884 0.516375 0.488211 0.501165 0.467195 78.349369
0.190353 0.266659 0.557521 0.513699 0.516330 0.498185 0.444866 0.506087 0.485502 0.599326 78.813007
0.721077 0.293501 0.654964 0.881339 0.105307 0.982720 0.515896 0.887073 0.042404 0.054145 38.160522
0.578989 0.073593 0.220553 0.887441 0.885474 0.733680 0.601636 0.426442 0.299329 0.960748 35.099572
0.273504 0.255980 0.500000 0.500000 0.500000 0.506163 0.373190 0.500000 0.500000 0.500000 82.702445
0.262860 0.238401 0.519141 0.313273 0.500000 0.541359 0.455945 0.407353 0.514592 0.518858 77.186695
0.279009 0.314253 0.500000 0.487134 0.625714 0.450641 0.435473 0.548348 0.488081 0.568316 78.793105
0.248098 0.298603 0.784586 0.501678 0.474757 0.455536 0.438878 0.491632 0.425070 0.481333 72.081367
0.213992 0.261393 0.852677 0.659080 0.159497 0.113480 0.663854 0.487176 0.337379 0.402677 50.207961
0.289465 0.283106 0.442835 0.429530 0.478507 0.527665 0.422514 0.625174 0.407642 0.500000 78.307785
0.258645 0.240296 0.521481 0.425782 0.528708 0.543197 0.465953 0.421659 0.448923 0.482785 81.669687
0.239387 0.230973 0.587473 0.470728 0.505169 0.612308 0.550919 0.574721 0.558662 0.398491 77.232190
0.263072 0.318916 0.804558 0.500000 0.573640 0.393861 0.470756 0.453274 0.537198 0.463356 69.806967
0.255399 0.251788 0.419666 0.457848 0.523784 0.465031 0.642462 0.550870 0.576214 0.515252 78.579606
0.258375 0.282288 0.603266 0.477544 0.461820 0.490706 0.493784 0.436443 0.475032 0.496278 82.157720
0.641131 0.246710 0.440498 0.737200 0.360855 0.957176 0.687782 0.168343 0.932170 0.802101 41.226276
0.088009 0.467667 0.957920 0.606541 0.672528 0.173006 0.892699 0.701269 0.401302 0.953986 32.265416
0.312820 0.262579 0.515901 0.498337 0.557172 0.393606 0.613019 0.547643 0.427341 0.469938 78.275349
0.769661 0.254298 0.448395 0.476839 0.140235 0.192931 0.976082 0.858390 0.555359 0.861650 38.507984
0.273504 0.269688 0.500000 0.500000 0.500000 0.495192 0.499931 0.500000 0.500000 0.500000 89.285095
0.274526 0.266941 0.500000 0.500000 0.500000 0.335377 0.578472 0.500000 0.500000 0.500000 79.604852
0.828100 0.430288 0.537189 0.608024 0.234359 0.081608 0.235208 0.874533 0.903016 0.877843 39.519062
0.306128 0.327151 0.500000 0.568860 0.630739 0.658938 0.383629 0.500000 0.531609 0.516242 73.866744
0.279923 0.255980 0.472530 0.645391 0.439744 0.580855 0.433988 0.500000 0.552016 0.542796 78.393589
0.366046 0.500000 0.500000 0.314850 0.500000 0.452750 0.500000 0.500000 0.413149 0.500000 60.239280
0.510181 0.974764 0.517145 0.669398 0.286221 0.278155 0.106543 0.244399 0.658416 0.433856 40.642155
0.953313 0.127638 0.281870 0.400903 0.046698 0.875514 0.915915 0.541346 0.938031 0.499892 31.668552
0.242141 0.281003 0.419342 0.519153 0.476310 0.502954 0.449322 0.567316 0.505756 0.520043 82.245520
0.613017 0.418143 0.982567 0.868193 0.538666 0.548205 0.035616 0.286911 0.529375 0.644618 41.649380
0.110759 0.689112 0.231729 0.831803 0.158875 0.653114 0.887154 0.697123 0.449825 0.756181 33.632140
0.284545 0.251959 0.535903 0.528399 0.500000 0.530257 0.502899 0.499731 0.222708 0.524342 73.717691
0.275297 0.234735 0.518973 0.697521 0.437543 0.574327 0.686031 0.234358 0.611404 0.499983 66.552217
0.264537 0.294756 0.514389 0.475967 0.420309 0.315309 0.537769 0.530290 0.556917 0.537692 77.073932
0.282160 0.226384 0.397017 0.664805 0.394039 0.645713 0.518586 0.531195 0.572734 0.495474 73.639165
0.258403 0.220347 0.563392 0.612636 0.468983 0.487960 0.415355 0.469026 0.549339 0.473581 79.119483
0.262588 0.143764 0.585883 0.702588 0.619442 0.223530 0.788715 0.317194 0.405516 0.341288 56.693759
0.332585 0.727430 0.295574 0.064093 0.554157 0.283479 0.273630 0.274934 0.048340 0.720489 37.071631
0.278830 0.245929 0.517576 0.525849 0.378478 0.472654 0.342660 0.408097 0.454926 0.498431 76.863221
0.366046 0.500000 0.484346 0.395770 0.556801 0.462858 0.460211 0.500000 0.495278 0.500000 61.732066
0.366832 0.129474 0.832026 0.502472 0.587465 0.416630 0.362045 0.916297 0.903512 0.006393 38.418129
0.277273 0.194979 0.534066 0.523958 0.431985 0.600721 0.475824 0.487678 0.365890 0.472103 76.829032
0.273504 0.269688 0.500000 0.500000 0.500000 0.495192 0.499931 0.500000 0.500000 0.500000 89.285095
0.341106 0.249327 0.492323 0.520834 0.476385 0.334786 0.436170 0.500000 0.543158 0.453153 76.680142
0.375441 0.645480 0.002946 0.064467 0.477715 0.318540 0.984572 0.355221 0.653742 0.426979 37.960529
0.288731 0.352729 0.356059 0.551481 0.558525 0.493118 0.590321 0.560095 0.555570 0.490496 74.869422
0.851155 0.867698 0.992031 0.126361 0.333238 0.653010 0.367835 0.214625 0.538304 0.957717 30.918060
0.162029 0.077192 0.190200 0.452724 0.047423 0.416369 0.415727 0.834971 0.488579 0.743873 43.957171
0.298832 0.251706 0.461772 0.499231 0.548193 0.586017 0.542911 0.422883 0.575743 0.498097 80.441143
0.320269 0.267701 0.435581 0.519610 0.558648 0.449335 0.467872 0.544140 0.576561 0.494018 80.444374
0.436026 0.020017 0.000961 0.386677 0.124701 0.725983 0.993913 0.782513 0.340331 0.138171 26.553683
0.305106 0.277651 0.461301 0.499528 0.511818 0.473529 0.604238 0.520471 0.471248 0.531065 81.893530
0.279009 0.406004 0.500000 0.500000 0.500000 0.174316 0.504644 0.500000 0.500000 0.500000 66.011079
0.256172 0.863710 0.375396 0.389175 0.986173 0.459430 0.972997 0.079594 0.309154 0.595598 44.137667
0.202091 0.828724 0.870362 0.703911 0.444489 0.412430 0.427513 0.916713 0.213290 0.530122 44.917160
0.273504 0.510461 0.500000 0.500000 0.500000 0.495192 0.427320 0.500000 0.500000 0.500000 63.250924
0.056336 0.222047 0.382435 0.171277 0.502044 0.269408 0.377773 0.462356 0.458868 0.973151 46.651038
0.257338 0.495765 0.414239 0.462641 0.515007 0.360411 0.410331 0.461790 0.500000 0.492723 62.758949
0.664430 0.423595 0.071465 0.936984 0.599147 0.074931 0.665323 0.864113 0.036072 0.162186 33.252975
0.318878 0.421225 0.490513 0.401239 0.531229 0.445374 0.485422 0.632821 0.444298 0.500008 69.443522
0.285509 0.195595 0.559323 0.485454 0.486944 0.699212 0.458951 0.523769 0.591120 0.481144 74.686348
0.712406 0.052834 0.075538 0.254388 0.312018 0.196220 0.059160 0.661011 0.150740 0.946496 25.434945
0.182422 0.979558 0.265430 0.073507 0.260626 0.498354 0.103599 0.524690 0.216238 0.040273 25.869109
0.162711 0.894336 0.846200 0.158786 0.848731 0.498335 0.282421 0.667589 0.166878 0.124743 39.138031
0.769351 0.500000 0.510793 0.500000 0.500000 0.709396 0.500000 0.774636 0.500000 0.500000 61.692603
0.160035 0.646205 0.542743 0.824222 0.232454 0.054555 0.309562 0.265130 0.942193 0.546880 35.346118
0.286430 0.166859 0.402140 0.540957 0.479325 0.610625 0.515162 0.402981 0.463989 0.433843 74.480330
0.258663 0.237278 0.489971 0.444928 0.441206 0.572910 0.455758 0.578080 0.575921 0.489419 80.315252
0.073551 0.731879 0.296366 0.729837 0.138680 0.926301 0.710753 0.808526 0.594870 0.739551 31.871448
0.316402 0.241383 0.350982 0.508043 0.489965 0.683623 0.606079 0.535480 0.437935 0.354236 71.724556
0.296791 0.278858 0.467933 0.573337 0.535109 0.664762 0.502257 0.577067 0.481496 0.500000 78.022095
0.793027 0.834189 0.815106 0.223506 0.945228 0.584183 0.241002 0.234608 0.905120 0.538953 32.063789
0.292911 0.284391 0.413931 0.500000 0.456282 0.398384 0.496396 0.525363 0.648316 0.506543 77.851455
0.470940 0.317820 0.295241 0.582007 0.706879 0.906467 0.292273 0.438219 0.610180 0.257672 48.819340
0.521972 0.391765 0.445637 0.521743 0.474686 0.992939 0.510804 0.182647 0.543674 0.884734 39.932944
0.316400 0.269688 0.466495 0.501970 0.498694 0.598115 0.506137 0.510315 0.457304 0.371209 79.074741
0.338861 0.187822 0.596502 0.500250 0.499347 0.492805 0.370833 0.499040 0.498363 0.498669 75.656356
0.264537 0.269688 0.560360 0.407175 0.434437 0.335377 0.499931 0.497159 0.489579 0.498294 78.065070
0.294446 0.213845 0.497695 0.377272 0.501826 0.496776 0.394499 0.478977 0.498959 0.472134 78.796624
0.358792 0.307871 0.545831 0.478050 0.484858 0.469627 0.518875 0.393594 0.485127 0.497557 77.341869
0.247892 0.267281 0.517213 0.369681 0.544062 0.431564 0.412704 0.492249 0.425585 0.483582 78.748937
0.895683 0.928694 0.326504 0.523175 0.301411 0.996081 0.978479 0.220399 0.019271 0.843568 24.901863
0.034377 0.692594 0.669792 0.309710 0.940775 0.618927 0.997039 0.899449 0.213716 0.555201 36.623851
0.329707 0.231573 0.360754 0.558652 0.437241 0.388215 0.700117 0.573540 0.543548 0.516388 71.722639
0.283148 0.269372 0.434964 0.462657 0.622473 0.586955 0.503527 0.634630 0.459441 0.476136 77.371400
0.266026 0.304838 0.508336 0.568500 0.532701 0.488625 0.590369 0.506932 0.529552 0.497672 81.780866
0.309028 0.110960 0.370554 0.913846 0.262925 0.811791 0.759798 0.050090 0.556284 0.988474 34.732627
0.299435 0.264194 0.483248 0.500985 0.499347 0.637532 0.660116 0.505158 0.478652 0.435604 76.961372
0.229056 0.196165 0.500000 0.575107 0.508018 0.499961 0.440373 0.561123 0.500000 0.552167 78.876235
0.307461 0.293766 0.424271 0.560446 0.741953 0.581812 0.499683 0.414737 0.500168 0.500155 72.945984
0.290353 0.299418 0.462416 0.459265 0.489990 0.422644 0.492885 0.538868 0.529687 0.478977 82.409190
0.951836 0.675623 0.718732 0.443422 0.476635 0.817323 0.196388 0.694206 0.159191 0.129561 34.102625
0.296643 0.294158 0.430778 0.494457 0.489285 0.490480 0.552760 0.612337 0.601454 0.504945 79.153693
0.224958 0.164398 0.500000 0.519462 0.570301 0.462025 0.500000 0.500000 0.486830 0.468104 77.174521
0.337710 0.253002 0.452525 0.474304 0.527049 0.335377 0.556874 0.536503 0.582158 0.485501 76.223549
0.751744 0.403972 0.278307 0.238340 0.507910 0.788428 0.894817 0.072829 0.390518 0.216019 36.364681
0.710121 0.000655 0.571144 0.087150 0.098303 0.453214 0.485240 0.556702 0.924367 0.657347 27.404667
0.217596 0.269688 0.500000 0.500000 0.500000 0.380846 0.499931 0.500000 0.500000 0.500000 81.244868
0.899524 0.733849 0.021806 0.718450 0.812873 0.513102 0.805165 0.113271 0.716696 0.427180 33.478854
0.306674 0.629518 0.513658 0.323292 0.040968 0.096453 0.186339 0.913283 0.556140 0.615122 33.998265
0.236931 0.180742 0.477268 0.482362 0.566714 0.577598 0.220234 0.498965 0.472040 0.563544 70.015789
0.288203 0.249466 0.500291 0.570826 0.487722 0.608230 0.550610 0.533071 0.536644 0.477604 81.114711
0.255029 0.353570 0.458613 0.484973 0.491885 0.431535 0.542864 0.598711 0.310216 0.474263 73.514320
0.609779 0.819203 0.637440 0.270464 0.184362 0.720546 0.236873 0.653466 0.745487 0.562049 42.013124
0.272057 0.337542 0.453309 0.431136 0.507134 0.556556 0.565812 0.574559 0.463030 0.472143 78.453339
0.257853 0.303652 0.737578 0.489544 0.462568 0.308744 0.509242 0.448725 0.500000 0.458768 71.568459
0.322572 0.279804 0.500194 0.454874 0.684629 0.494410 0.463422 0.452020 0.600822 0.500912 76.019954
0.260425 0.219811 0.423778 0.387639 0.553396 0.453443 0.582158 0.546777 0.411879 0.517001 77.536805
0.269020 0.264194 0.500000 0.500000 0.431180 0.420770 0.657013 0.500000 0.500000 0.500000 79.249641
0.778163 0.642598 0.588143 0.691957 0.801487 0.552412 0.131349 0.840100 0.603732 0.443521 37.380844
0.267265 0.289652 0.581688 0.532525 0.565696 0.548241 0.386370 0.500124 0.500000 0.478901 80.145249
0.255364 0.225836 0.617168 0.535918 0.538730 0.412893 0.544274 0.504187 0.589623 0.507248 78.576157
0.284214 0.200750 0.440075 0.626143 0.492879 0.563203 0.500000 0.554124 0.642573 0.515410 75.787340
0.279009 0.264178 0.436095 0.395645 0.557127 0.464051 0.524760 0.500000 0.496097 0.497672 81.859497
0.348838 0.214953 0.515587 0.500089 0.484359 0.619433 0.433457 0.486408 0.561789 0.531898 76.716817
0.280675 0.299690 0.581688 0.516748 0.500000 0.532125 0.306349 0.521870 0.461848 0.433058 76.449606
0.327112 0.255431 0.500000 0.402322 0.586172 0.576230 0.474282 0.511757 0.465951 0.526554 79.049538
0.273504 0.269688 0.500000 0.500000 0.500000 0.495192 0.499931 0.500000 0.500000 0.500000 89.285095
0.280434 0.211081 0.431762 0.492016 0.575589 0.616072 0.420605 0.572714 0.500403 0.483763 77.737998
0.789561 0.444318 0.147803 0.549847 0.610066 0.296026 0.985029 0.318899 0.444924 0.815812 41.609680
0.256279 0.274482 0.661246 0.455689 0.499510 0.542271 0.594650 0.496914 0.515842 0.475177 78.536576
0.246612 0.268012 0.431361 0.500000 0.545969 0.524742 0.504299 0.535419 0.430740 0.506132 82.928094
0.287645 0.215717 0.500903 0.493954 0.548373 0.411893 0.572111 0.442115 0.401936 0.494700 78.906025
0.271577 0.266941 0.498510 0.500894 0.500653 0.493129 0.578472 0.603458 0.423439 0.500000 81.404756
0.217596 0.269688 0.500000 0.500000 0.500000 0.380846 0.499931 0.500000 0.500000 0.500000 81.244868
0.301680 0.183718 0.507480 0.355065 0.613421 0.383817 0.447110 0.641638 0.625269 0.456029 70.714623
0.310486 0.282369 0.336159 0.497168 0.536453 0.614165 0.685697 0.541012 0.534973 0.507191 73.361954
0.217596 0.406004 0.500000 0.500000 0.500000 0.380846 0.504644 0.500000 0.500000 0.500000 72.471996
0.921576 0.050632 0.136081 0.474277 0.532946 0.206652 0.597015 0.594858 0.653670 0.542489 34.392497
0.257643 0.284268 0.444034 0.571222 0.566613 0.485244 0.476199 0.486591 0.517529 0.435313 81.955388
0.271577 0.260790 0.524889 0.528868 0.500000 0.467675 0.458654 0.510000 0.669962 0.495534 79.616139
0.247037 0.236092 0.520911 0.521951 0.481104 0.495192 0.517322 0.568283 0.575921 0.492721 82.625382
0.291823 0.352374 0.475461 0.418218 0.503940 0.409571 0.281966 0.493555 0.461821 0.509514 72.576896
0.234566 0.308808 0.519360 0.370486 0.520725 0.403919 0.401398 0.575409 0.489246 0.469100 76.711540
0.287908 0.254892 0.462160 0.510087 0.498857 0.483499 0.488291 0.421659 0.469200 0.496978 84.166299
0.292372 0.233095 0.428676 0.412278 0.556252 0.401427 0.428570 0.364943 0.487346 0.487182 76.694813
0.278283 0.345598 0.470495 0.500771 0.554079 0.435491 0.379874 0.548686 0.468968 0.450337 77.047713
0.842702 0.207069 0.463095 0.592798 0.600904 0.242662 0.462993 0.434778 0.581749 0.672671 47.629053
0.415093 0.850156 0.717997 0.756453 0.568102 0.570061 0.223943 0.994309 0.719476 0.601106 48.570265
0.922868 0.023950 0.310058 0.103369 0.965928 0.672999 0.833486 0.975420 0.839410 0.302861 23.590789
0.198604 0.192168 0.858517 0.713555 0.191457 0.384312 0.776918 0.899652 0.361137 0.820594 43.151985
0.261114 0.227076 0.500000 0.500000 0.500000 0.520063 0.425846 0.500000 0.500000 0.500000 83.971992
0.275505 0.250692 0.567923 0.528868 0.597191 0.516079 0.538962 0.497319 0.595804 0.492263 80.694516
0.241150 0.233150 0.599620 0.634025 0.538597 0.471944 0.509499 0.475953 0.637498 0.465776 76.375992
0.260425 0.229725 0.524379 0.536630 0.500000 0.709396 0.563388 0.524129 0.582972 0.525023 75.762467
0.251178 0.218755 0.471197 0.568029 0.490524 0.461016 0.330225 0.492006 0.500168 0.533129 77.820803
0.031142 0.748281 0.640474 0.758453 0.244107 0.932305 0.833540 0.743499 0.071951 0.232145 29.745361
0.290370 0.291505 0.476931 0.366288 0.497894 0.335377 0.521364 0.501142 0.454536 0.438422 76.549024
0.123305 0.230708 0.416270 0.493452 0.500000 0.357818 0.500000 0.515495 0.461663 0.500000 71.395609
0.259712 0.275956 0.539814 0.525761 0.500046 0.531927 0.432366 0.581703 0.500000 0.500000 82.954243
0.258815 0.249113 0.430678 0.592450 0.500326 0.420913 0.624655 0.501790 0.542372 0.501809 78.870078
0.267676 0.230644 0.500000 0.580964 0.544046 0.430784 0.405197 0.612169 0.510679 0.482961 78.699258
0.281318 0.277891 0.521782 0.472997 0.547632 0.649030 0.369031 0.522987 0.518895 0.496096 77.950974
0.232603 0.252848 0.612399 0.440129 0.520615 0.505644 0.427320 0.440303 0.471855 0.535279 79.687989
0.324998 0.337373 0.454885 0.638673 0.442008 0.479758 0.486863 0.472586 0.510890 0.497832 76.605828
0.285445 0.214362 0.585026 0.503890 0.564096 0.434504 0.447693 0.515326 0.500000 0.486738 80.362280
0.366046 0.255980 0.500000 0.500000 0.500000 0.452750 0.373190 0.500000 0.500000 0.500000 77.226049
