# gen=310 x0..xd f
0.276779 0.473171 0.443913 0.490807 0.474499 0.450354 0.443334 0.587466 0.503279 0.390362 65.553365
0.270433 0.199207 0.393989 0.527290 0.575106 0.505095 0.412060 0.496783 0.736793 0.563790 71.924414
0.785146 0.514515 0.299123 0.197527 0.454491 0.592684 0.661105 0.032632 0.303030 0.936939 37.040035
0.289858 0.320035 0.449743 0.518935 0.500000 0.500000 0.431880 0.531847 0.425905 0.466003 80.563670
0.269841 0.264706 0.500000 0.500000 0.500000 0.500000 0.500000 0.500000 0.500000 0.500000 90.000000
0.296065 0.260028 0.436640 0.617467 0.432576 0.644537 0.424839 0.507129 0.256877 0.433110 70.699490
0.293858 0.315871 0.500000 0.535226 0.407535 0.527059 0.386548 0.612609 0.563714 0.369336 75.099264
0.225130 0.288162 0.448737 0.548699 0.548120 0.492871 0.514706 0.444575 0.536450 0.479742 81.708336
0.244958 0.240050 0.481111 0.501962 0.393706 0.526965 0.466552 0.370134 0.618735 0.452948 77.148365
0.250483 0.393289 0.458632 0.401450 0.483829 0.542882 0.510238 0.407719 0.287056 0.442411 69.391502
0.668681 0.727068 0.467939 0.547575 0.089257 0.535940 0.903954 0.617802 0.741649 0.139274 40.606874
0.253383 0.083160 0.318004 0.499369 0.341379 0.305459 0.345681 0.472918 0.746656 0.614121 58.151445
0.270015 0.305896 0.496960 0.488672 0.101236 0.530221 0.489787 0.507319 0.519546 0.482860 66.742321
0.219500 0.272131 0.687247 0.586606 0.504666 0.514538 0.446385 0.582487 0.536093 0.571921 75.173561
0.269841 0.500000 0.500000 0.500000 0.500000 0.500000 0.500000 0.500000 0.500000 0.500000 64.701779
0.269841 0.264706 0.500000 0.500000 0.500000 0.500000 0.500000 0.500000 0.500000 0.500000 90.000000
0.039521 0.221874 0.647058 0.401973 0.489651 0.919629 0.256685 0.570525 0.349948 0.587694 50.135390
0.262462 0.178707 0.236113 0.409410 0.500000 0.500000 0.410651 0.468180 0.397353 0.595026 69.242992
0.311117 0.094379 0.084503 0.399404 0.707039 0.270315 0.604806 0.397868 0.419513 0.413719 52.976235
0.283009 0.252592 0.526851 0.547727 0.286246 0.508896 0.430947 0.461493 0.528943 0.480920 76.369768
0.511836 0.913885 0.986418 0.435523 0.060185 0.185024 0.240027 0.476774 0.022632 0.418218 34.127553
0.270907 0.181346 0.556944 0.392613 0.536762 0.370217 0.469924 0.542821 0.417933 0.495315 75.237640
0.407702 0.263930 0.412802 0.541621 0.457708 0.639424 0.529148 0.496656 0.450782 0.637141 70.454418
0.716339 0.323750 0.478545 0.159634 0.574164 0.208988 0.205829 0.015043 0.232228 0.626161 32.174501
0.271501 0.256404 0.491393 0.464113 0.503187 0.510865 0.559323 0.586208 0.451784 0.395473 80.831087
0.218125 0.190794 0.528391 0.437308 0.506682 0.604909 0.532468 0.361016 0.451115 0.344866 72.801967
0.266782 0.270358 0.471466 0.571581 0.434433 0.537343 0.494260 0.528646 0.489380 0.423185 82.227692
0.500246 0.140828 0.952255 0.421788 0.758528 0.128080 0.545992 0.454168 0.439503 0.015859 36.147246
0.571170 0.493172 0.814499 0.888847 0.820987 0.659453 0.761420 0.187568 0.837506 0.366721 38.322314
0.051035 0.185561 0.477247 0.344795 0.914588 0.556161 0.484919 0.951421 0.770341 0.470067 43.604722
0.329712 0.262891 0.433833 0.522010 0.553728 0.576328 0.533983 0.464613 0.405178 0.650238 76.073089
0.252989 0.333961 0.465973 0.454139 0.532612 0.525393 0.616073 0.484973 0.466273 0.457291 78.656068
0.280871 0.268234 0.521349 0.511581 0.418499 0.173574 0.481627 0.486992 0.431020 0.564503 69.982418
0.286458 0.112336 0.988485 0.743890 0.532036 0.125197 0.835614 0.821440 0.985314 0.898296 29.398105
0.205703 0.567583 0.362018 0.270340 0.817239 0.998272 0.312670 0.188724 0.949242 0.620180 35.712722
0.269867 0.337649 0.523259 0.420970 0.529276 0.507028 0.470309 0.500000 0.497290 0.535096 80.340560
0.256237 0.239423 0.502880 0.418913 0.510740 0.430940 0.449165 0.483121 0.492773 0.384216 80.024753
0.197588 0.234665 0.514287 0.624192 0.459073 0.521538 0.706031 0.515039 0.538495 0.555734 73.290621
0.263979 0.180561 0.495406 0.551762 0.525121 0.602771 0.529612 0.491865 0.495397 0.502028 78.581495
0.274752 0.241746 0.458962 0.526231 0.656126 0.531182 0.502843 0.541404 0.420503 0.487732 78.922163
0.298747 0.287603 0.559514 0.393362 0.541053 0.494680 0.434167 0.500000 0.537896 0.385650 78.585578
0.236545 0.338442 0.962077 0.505771 0.488456 0.421571 0.419592 0.459281 0.603949 0.381707 60.098308
0.269841 0.500000 0.500000 0.500000 0.500000 0.500000 0.500000 0.500000 0.500000 0.500000 64.701779
0.281052 0.277259 0.514916 0.610791 0.574556 0.466416 0.532232 0.459562 0.457976 0.614032 78.959546
0.269841 0.264706 0.500000 0.500000 0.500000 0.500000 0.500000 0.500000 0.500000 0.500000 90.000000
0.141269 0.591367 0.376093 0.739654 0.352930 0.873899 0.396249 0.958520 0.647296 0.273708 34.465071
0.249370 0.234690 0.475057 0.524569 0.494579 0.579990 0.546089 0.526016 0.483730 0.302061 76.705252
0.254367 0.400461 0.592607 0.569207 0.358546 0.470916 0.432223 0.531536 0.312513 0.332669 66.562856
0.267136 0.290342 0.606861 0.486466 0.416040 0.609006 0.412664 0.585219 0.518147 0.522948 77.445102
0.358091 0.336633 0.345236 0.527313 0.578840 0.513592 0.534289 0.469637 0.408871 0.437824 72.870247
0.244228 0.213840 0.502880 0.401300 0.556973 0.417411 0.318369 0.426816 0.460916 0.449548 74.545206
0.275318 0.240820 0.390610 0.600605 0.413351 0.347292 0.518429 0.512421 0.530809 0.527642 76.379238
0.220209 0.450686 0.432114 0.595794 0.504808 0.515190 0.547763 0.530178 0.517404 0.489224 67.990157
0.305266 0.299343 0.552732 0.475584 0.536362 0.474796 0.286753 0.400532 0.435311 0.327676 71.716734
0.256691 0.213176 0.500000 0.477792 0.268222 0.506343 0.511684 0.417493 0.536389 0.411155 73.851731
0.959352 0.597236 0.103135 0.985235 0.639569 0.325736 0.826616 0.567431 0.262007 0.633128 31.054388
0.253543 0.123091 0.511466 0.513987 0.481431 0.591878 0.522688 0.602737 0.505859 0.430853 72.229719
0.228017 0.358483 0.530063 0.408265 0.434461 0.486035 0.487859 0.404139 0.561910 0.430637 75.029357
0.170965 0.066920 0.387801 0.015309 0.731857 0.917289 0.673876 0.715010 0.449805 0.455624 41.383560
0.252420 0.267408 0.493008 0.421241 0.488591 0.528172 0.539587 0.492140 0.670724 0.457828 78.502825
0.322813 0.850106 0.858453 0.565277 0.447708 0.229555 0.644619 0.287270 0.261286 0.603587 53.509349
0.243877 0.280472 0.417274 0.390314 0.482742 0.354481 0.500841 0.516419 0.434372 0.453530 77.235649
0.419477 0.227017 0.742070 0.455024 0.400957 0.377345 0.523822 0.460592 0.450201 0.658691 64.722865
0.263819 0.214101 0.702497 0.505336 0.631174 0.750258 0.518693 0.363303 0.520271 0.461402 67.876366
0.269841 0.336452 0.500484 0.466250 0.500000 0.605669 0.517245 0.533840 0.309806 0.455930 74.915483
0.269841 0.264706 0.500000 0.500000 0.500000 0.500000 0.500000 0.500000 0.500000 0.500000 90.000000
0.254706 0.332619 0.461258 0.109104 0.531525 0.483473 0.477435 0.438210 0.556048 0.600697 65.161431
0.336206 0.245646 0.424676 0.616136 0.975622 0.761045 0.590567 0.023373 0.386538 0.633133 46.059592
0.235911 0.495521 0.524132 0.583400 0.418445 0.537335 0.545135 0.404460 0.470172 0.437808 62.967589
0.273134 0.323498 0.459528 0.481111 0.477098 0.518320 0.676983 0.492820 0.406279 0.558271 76.199935
0.258405 0.293620 0.515260 0.937236 0.518016 0.619482 0.566776 0.499817 0.446724 0.454297 63.372993
0.298057 0.228351 0.600728 0.551531 0.573867 0.520473 0.378589 0.504923 0.640425 0.541714 75.786813
0.220027 0.245608 0.435013 0.575689 0.504978 0.427159 0.416927 0.682360 0.560731 0.373951 73.420754
0.346494 0.893593 0.314360 0.177854 0.780656 0.425694 0.389954 0.526222 0.539901 0.756618 49.333365
0.284745 0.261197 0.548155 0.555760 0.532411 0.482697 0.470533 0.497873 0.581373 0.280618 75.689439
0.308878 0.347196 0.537398 0.515356 0.456053 0.516683 0.609041 0.378413 0.379035 0.343095 72.065007
0.256827 0.329076 0.494342 0.671992 0.352647 0.575463 0.484724 0.447273 0.542254 0.441667 73.841274
0.256682 0.261393 0.495634 0.585837 0.500075 0.473120 0.483570 0.613312 0.577076 0.525187 80.402816
0.198234 0.187073 0.492060 0.412895 0.588619 0.525548 0.457634 0.500354 0.444098 0.564373 75.563035
0.214003 0.271917 0.192533 0.424227 0.427371 0.464149 0.612983 0.486938 0.455942 0.480361 69.242120
0.932525 0.780428 0.388945 0.781802 0.549527 0.322509 0.057209 0.263854 0.238089 0.016301 36.583450
0.862626 0.592546 0.268968 0.566160 0.064107 0.856506 0.180824 0.032555 0.983339 0.552528 35.445965
0.242938 0.286543 0.373913 0.477819 0.497374 0.450309 0.460140 0.646340 0.520019 0.498614 77.730993
0.377994 0.898671 0.470135 0.125116 0.159682 0.205888 0.873178 0.507682 0.537404 0.508561 44.361428
0.125492 0.644650 0.428153 0.767385 0.669942 0.949317 0.667675 0.581199 0.944832 0.669692 40.806976
0.223076 0.344206 0.336246 0.423611 0.489063 0.276443 0.536393 0.549005 0.496670 0.511521 70.556939
0.269841 0.500000 0.500000 0.500000 0.500000 0.500000 0.500000 0.500000 0.500000 0.500000 64.701779
0.333488 0.283632 0.504745 0.674442 0.455391 0.468519 0.480295 0.563730 0.498566 0.435010 76.375131
0.256500 0.300632 0.375272 0.480177 0.480292 0.397496 0.580091 0.643311 0.451500 0.443182 75.533265
0.668060 0.798459 0.525155 0.880676 0.156502 0.613445 0.194197 0.965469 0.872197 0.062387 31.740522
0.271444 0.225846 0.387398 0.601563 0.507468 0.526889 0.598821 0.533797 0.419530 0.470928 77.607651
0.204329 0.200032 0.425315 0.488541 0.382761 0.350338 0.526183 0.897896 0.504639 0.511613 62.661636
0.117488 0.990492 0.317205 0.724501 0.567696 0.003059 0.376809 0.387978 0.941374 0.734868 32.567501
0.238039 0.241145 0.501922 0.638980 0.520811 0.584089 0.445576 0.467079 0.576484 0.415521 77.360394
0.259628 0.193764 0.714672 0.487891 0.546657 0.697811 0.490356 0.481541 0.592898 0.391850 69.746115
0.295909 0.247751 0.566842 0.623903 0.590995 0.600256 0.443811 0.546076 0.484455 0.462859 77.475929
0.293159 0.257357 0.474879 0.422825 0.572459 0.544808 0.538499 0.505158 0.399566 0.508517 80.548223
0.242391 0.321971 0.409488 0.401232 0.480548 0.631157 0.517963 0.625837 0.498954 0.429688 74.841730
0.271055 0.238156 0.433441 0.526042 0.458084 0.637649 0.527930 0.429833 0.481628 0.476350 79.361263
0.280621 0.133554 0.548247 0.413604 0.537360 0.574383 0.593606 0.483807 0.503084 0.569946 72.695970
0.269841 0.264706 0.500000 0.500000 0.500000 0.500000 0.500000 0.500000 0.500000 0.500000 90.000000
0.184707 0.241301 0.478342 0.593261 0.367686 0.602953 0.609104 0.500557 0.515544 0.480083 74.240561
0.231807 0.295349 0.540620 0.605127 0.487644 0.529880 0.567384 0.608939 0.606807 0.476730 77.218516
0.165185 0.957997 0.889229 0.358295 0.627358 0.749504 0.535598 0.759223 0.094551 0.099122 38.085201
0.269510 0.201084 0.548207 0.682337 0.397609 0.474242 0.463125 0.549695 0.566135 0.423690 74.392111
0.269841 0.264706 0.500000 0.500000 0.500000 0.500000 0.500000 0.500000 0.500000 0.500000 90.000000
0.285348 0.158696 0.998554 0.195335 0.138286 0.565497 0.570879 0.736005 0.752316 0.269186 42.543932
0.103228 0.644023 0.570209 0.449904 0.048069 0.615166 0.787602 0.800343 0.408364 0.683965 36.743894
0.256032 0.149369 0.537153 0.579598 0.398911 0.500000 0.561079 0.443435 0.405067 0.501103 73.700711
0.549472 0.774150 0.812008 0.742640 0.693439 0.106082 0.556595 0.990171 0.107785 0.855218 29.675444
0.277175 0.217422 0.281169 0.287825 0.183718 0.682298 0.140273 0.462988 0.524589 0.412868 55.222090
0.665506 0.170154 0.552427 0.063973 0.079828 0.821335 0.428697 0.144702 0.808931 0.191467 27.863531
0.229527 0.201173 0.508396 0.486058 0.427729 0.367639 0.653505 0.694940 0.555235 0.606945 70.360829
0.277273 0.204866 0.593851 0.465380 0.571834 0.619139 0.489802 0.511326 0.423705 0.345974 74.715539
0.274508 0.317385 0.453989 0.625533 0.386940 0.629113 0.485590 0.520838 0.473631 0.577241 75.531777
0.914168 0.769167 0.109878 0.195407 0.319601 0.451538 0.903913 0.056406 0.262604 0.875806 36.145450
0.987783 0.180368 0.322512 0.350949 0.706924 0.633540 0.067049 0.400515 0.967567 0.913013 32.223821
0.309487 0.181105 0.254280 0.439704 0.532782 0.557661 0.482054 0.663372 0.429007 0.555491 69.172937
0.243454 0.214927 0.520960 0.523768 0.418375 0.615030 0.669119 0.544811 0.539061 0.505292 75.567011
0.270981 0.139671 0.748295 0.475934 0.254551 0.233984 0.517771 0.525303 0.327751 0.428903 59.628298
0.257074 0.239977 0.583950 0.471543 0.361341 0.272986 0.506247 0.471002 0.452924 0.444163 73.155423
0.576742 0.050773 0.192760 0.332346 0.595843 0.195060 0.413531 0.773514 0.490094 0.011303 26.186079
0.269841 0.264706 0.500000 0.500000 0.500000 0.500000 0.500000 0.500000 0.500000 0.500000 90.000000
0.329684 0.261701 0.515974 0.523087 0.446293 0.386701 0.600496 0.454859 0.559828 0.559377 77.519000
0.514790 0.680440 0.361113 0.202795 0.035562 0.249984 0.947252 0.308534 0.587206 0.829429 38.046387
0.135326 0.058380 0.231363 0.723692 0.426931 0.349622 0.414782 0.235764 0.729455 0.912141 43.625607
0.300902 0.203936 0.421452 0.559535 0.467761 0.497209 0.529995 0.667418 0.370411 0.567291 74.153894
0.252567 0.250259 0.430079 0.426460 0.530797 0.528284 0.518834 0.691638 0.575199 0.419217 75.704411
0.269841 0.264706 0.500000 0.500000 0.500000 0.500000 0.500000 0.500000 0.500000 0.500000 90.000000
0.278187 0.342045 0.508377 0.496775 0.471810 0.388172 0.505619 0.489429 0.463209 0.533265 78.967897
0.242691 0.191875 0.530162 0.438375 0.516509 0.563476 0.454137 0.330442 0.362301 0.546355 73.657765
0.328638 0.198799 0.451902 0.467333 0.539592 0.515383 0.604669 0.488203 0.413663 0.392613 75.754639
0.016215 0.269215 0.320437 0.657736 0.312986 0.755814 0.195399 0.591439 0.841610 0.203140 42.908941
0.897855 0.234172 0.992471 0.499077 0.231790 0.413310 0.274987 0.672615 0.560457 0.798853 41.589706
0.207778 0.230728 0.284757 0.613579 0.456386 0.438810 0.540189 0.513632 0.555655 0.479829 73.160073
0.731147 0.481783 0.534673 0.522468 0.399698 0.515435 0.626635 0.299795 0.747151 0.482052 51.981978
0.269841 0.264706 0.500000 0.500000 0.500000 0.500000 0.500000 0.500000 0.500000 0.500000 90.000000
0.918450 0.549607 0.134877 0.159722 0.243051 0.962752 0.827075 0.251367 0.711663 0.681915 34.186814
0.272883 0.197785 0.438639 0.582082 0.614962 0.447996 0.491879 0.480867 0.440653 0.508706 77.730438
0.278203 0.310122 0.481513 0.480204 0.498327 0.459819 0.444383 0.452613 0.357750 0.502535 79.270663
0.733855 0.911051 0.369393 0.457200 0.609622 0.089901 0.084638 0.494103 0.937060 0.995440 33.151216
0.266857 0.267171 0.531229 0.361804 0.597202 0.490510 0.413527 0.517066 0.502092 0.306651 74.430171
0.258162 0.845584 0.539396 0.395458 0.515860 0.462747 0.438553 0.502817 0.665158 0.647321 57.325945
0.214546 0.137752 0.430981 0.522341 0.533975 0.498673 0.617417 0.501801 0.499244 0.471042 73.013968
0.256387 0.260586 0.483376 0.506010 0.487771 0.491615 0.422837 0.570836 0.630598 0.477493 80.182359
0.765237 0.408484 0.212788 0.595461 0.559807 0.709697 0.582806 0.556472 0.389887 0.843986 58.092126
0.338772 0.678664 0.456401 0.520810 0.478854 0.569712 0.514574 0.498328 0.475391 0.568570 59.079366
0.930286 0.855382 0.718531 0.639740 0.491531 0.957092 0.144811 0.698241 0.346862 0.717443 28.109493
0.321698 0.243903 0.369075 0.593963 0.561432 0.540128 0.426961 0.432898 0.409857 0.589347 75.148350
0.923742 0.532906 0.312922 0.928625 0.821512 0.707819 0.551092 0.424507 0.022466 0.570697 30.986963
0.269841 0.500000 0.500000 0.500000 0.500000 0.500000 0.500000 0.500000 0.500000 0.500000 64.701779
0.275947 0.283389 0.453307 0.394133 0.561374 0.548340 0.558581 0.604620 0.353127 0.505827 76.428465
0.307035 0.251488 0.456025 0.557212 0.478534 0.458500 0.542088 0.420513 0.514395 0.370875 78.943095
0.268811 0.304558 0.475287 0.646905 0.553623 0.497331 0.533596 0.501311 0.465812 0.499863 79.652931
0.303842 0.451917 0.497541 0.391971 0.504630 0.547643 0.517058 0.485934 0.652347 0.608472 65.954691
0.247737 0.257156 0.570204 0.485124 0.595665 0.612672 0.522260 0.517943 0.489255 0.565578 79.487160
0.226069 0.272762 0.584853 0.346276 0.547114 0.597581 0.491442 0.433363 0.650889 0.562031 73.848890
0.257255 0.210615 0.438592 0.466187 0.513606 0.500000 0.447056 0.724691 0.407051 0.440145 73.740741
0.269841 0.264706 0.500000 0.500000 0.500000 0.500000 0.500000 0.500000 0.500000 0.500000 90.000000
0.888785 0.125113 0.402403 0.436645 0.010035 0.534947 0.365401 0.087166 0.275798 0.719183 33.298231
0.288098 0.331365 0.452939 0.449901 0.377452 0.485315 0.468149 0.519587 0.393662 0.485953 77.289939
0.279768 0.258439 0.536722 0.478962 0.481325 0.403313 0.323738 0.474089 0.297973 0.524710 73.391984
0.659949 0.239816 0.510480 0.511884 0.459188 0.557515 0.584560 0.522405 0.519530 0.502646 54.045888
0.259409 0.300411 0.458122 0.521753 0.416266 0.526162 0.590743 0.411638 0.545705 0.503947 79.661097
0.277804 0.317020 0.394585 0.447943 0.582778 0.324171 0.426062 0.571257 0.506433 0.547389 74.473602
0.254918 0.291313 0.486838 0.506777 0.542866 0.459942 0.381367 0.439967 0.520956 0.529911 80.828215
0.381186 0.113753 0.684670 0.950465 0.612611 0.199298 0.066140 0.709363 0.670382 0.666086 40.617167
0.267863 0.225720 0.487044 0.558837 0.506819 0.350700 0.468534 0.555243 0.586127 0.523857 78.137534
0.247520 0.246366 0.395874 0.510660 0.483898 0.455319 0.500301 0.510746 0.442465 0.511000 82.017054
0.300314 0.316821 0.510838 0.550052 0.533484 0.563888 0.520157 0.188967 0.536601 0.420303 69.831697
0.244754 0.873825 0.414299 0.277890 0.491598 0.545722 0.543412 0.558731 0.597062 0.492480 53.759635
0.209611 0.288678 0.343286 0.417359 0.515609 0.581201 0.464028 0.414529 0.470639 0.485270 75.780006
0.256691 0.325790 0.527560 0.451928 0.320751 0.439246 0.270529 0.350191 0.585176 0.484365 69.055157
0.269815 0.272577 0.503044 0.479522 0.533828 0.468402 0.563808 0.320403 0.490646 0.457779 78.475931
0.267975 0.210828 0.593844 0.407380 0.394943 0.514306 0.559934 0.550392 0.461012 0.538878 77.508584
0.269841 0.264706 0.500000 0.500000 0.500000 0.500000 0.500000 0.500000 0.500000 0.500000 90.000000
0.251707 0.277404 0.417808 0.582299 0.428267 0.507487 0.529865 0.427588 0.420285 0.506023 79.665914
0.257323 0.342062 0.386598 0.684776 0.532001 0.697732 0.492280 0.559120 0.432181 0.521403 70.478145
0.442203 0.892180 0.426393 0.940697 0.025706 0.345320 0.607276 0.570929 0.034823 0.922816 31.422556
0.487421 0.705588 0.855156 0.442969 0.242675 0.097789 0.990885 0.843055 0.528926 0.973623 41.534397
0.194927 0.723690 0.542231 0.012128 0.374449 0.568484 0.991200 0.022844 0.439592 0.694284 38.806106
0.249429 0.350958 0.452128 0.500000 0.500000 0.408984 0.426633 0.587311 0.500000 0.464453 76.918198
0.210255 0.324364 0.457511 0.396831 0.483944 0.378483 0.475535 0.469531 0.535949 0.408478 75.649861
0.259713 0.256274 0.274069 0.543047 0.498738 0.520288 0.625633 0.353005 0.445501 0.505789 72.519434
0.331231 0.304979 0.582603 0.449114 0.539494 0.533288 0.479035 0.429574 0.336965 0.403640 74.718846
0.254801 0.316280 0.422737 0.553971 0.491866 0.478521 0.566011 0.583368 0.512087 0.471169 79.823756
0.267233 0.260392 0.524981 0.581580 0.467645 0.375119 0.517406 0.515513 0.412322 0.562860 79.170978
0.671732 0.453400 0.594532 0.494032 0.210336 0.269292 0.502240 0.995359 0.276553 0.585400 46.000818
0.330840 0.308100 0.454373 0.491683 0.617545 0.497683 0.429108 0.571050 0.251608 0.500000 71.359851
0.269841 0.262123 0.500000 0.500000 0.500000 0.500000 0.500000 0.410270 0.500000 0.500000 84.884960
0.825085 0.307785 0.251617 0.937151 0.248231 0.073885 0.005816 0.280445 0.485433 0.778861 35.775393
0.303201 0.264706 0.520720 0.491989 0.500000 0.508463 0.555843 0.451935 0.551638 0.400049 81.467278
0.217771 0.378319 0.836388 0.376144 0.826693 0.106410 0.335422 0.964403 0.821099 0.157311 35.736680
0.295541 0.187742 0.515864 0.534116 0.560046 0.440033 0.477326 0.531577 0.543662 0.418627 78.326590
0.219433 0.204702 0.446558 0.533507 0.375159 0.550495 0.552620 0.442934 0.540971 0.505656 77.092558
0.271114 0.313931 0.504998 0.493179 0.527044 0.490249 0.443845 0.569625 0.425762 0.498010 81.355299
0.224522 0.307469 0.109711 0.414544 0.459315 0.184021 0.410417 0.787168 0.351235 0.981603 45.206924
0.272580 0.370410 0.445305 0.550303 0.456676 0.591878 0.509215 0.506210 0.515405 0.513821 76.495966
0.269841 0.264706 0.500000 0.500000 0.500000 0.500000 0.500000 0.500000 0.500000 0.500000 90.000000
0.513825 0.061791 0.671015 0.084016 0.562400 0.076839 0.499996 0.470221 0.263363 0.009938 32.131153
0.263404 0.074949 0.509711 0.727451 0.493360 0.512788 0.543183 0.520074 0.466604 0.497145 65.580932
0.247215 0.297212 0.399365 0.467632 0.572435 0.576552 0.529803 0.412279 0.495529 0.477310 79.061708
0.235580 0.291971 0.482079 0.438245 0.519128 0.583436 0.471412 0.475863 0.501851 0.401719 80.272107
0.299594 0.144539 0.660863 0.562284 0.373785 0.530309 0.466686 0.642497 0.508476 0.286039 66.639395
0.250222 0.234733 0.433828 0.543514 0.488862 0.553905 0.429407 0.350697 0.428350 0.577170 76.996009
0.319586 0.321454 0.423032 0.607557 0.694163 0.516905 0.564247 0.657138 0.041712 0.572043 57.825708
0.211315 0.305743 0.438459 0.585111 0.555178 0.456594 0.471703 0.532856 0.568553 0.520520 78.512460
0.280509 0.426161 0.381094 0.552062 0.764627 0.440231 0.520474 0.530745 0.711250 0.580369 62.330472
0.254355 0.224233 0.497869 0.552328 0.479500 0.471895 0.530866 0.513755 0.595093 0.481956 81.725717
0.228943 0.311322 0.519785 0.280059 0.500000 0.467432 0.569477 0.486864 0.344689 0.584106 72.043506
0.240399 0.158772 0.491785 0.554995 0.444538 0.489661 0.474747 0.442100 0.483194 0.422238 76.102729
0.281043 0.292877 0.460855 0.507863 0.583931 0.525083 0.459006 0.459063 0.579954 0.573146 80.538540
0.331633 0.301069 0.520830 0.504406 0.461860 0.287620 0.449418 0.615409 0.626441 0.437061 71.940065
0.241428 0.200380 0.458968 0.501484 0.522682 0.638330 0.510263 0.518493 0.595135 0.479830 77.428939
0.776573 0.859289 0.582216 0.363687 0.881890 0.866089 0.460568 0.448227 0.882131 0.674526 31.526076
0.983279 0.230924 0.748994 0.489375 0.416627 0.025161 0.300458 0.462976 0.945569 0.075459 27.442650
0.291836 0.274703 0.599811 0.453506 0.639787 0.478892 0.466246 0.658719 0.486420 0.537171 75.823984
0.269494 0.182325 0.506080 0.522656 0.484371 0.439558 0.520425 0.485361 0.460908 0.534279 79.818194
0.333608 0.275910 0.435263 0.474340 0.598680 0.450961 0.517020 0.498262 0.456874 0.499660 79.573449
0.287221 0.299855 0.440815 0.578731 0.421012 0.523719 0.435087 0.597351 0.554466 0.539889 78.587864
0.253386 0.205449 0.632167 0.489528 0.364790 0.642404 0.444505 0.657056 0.481099 0.451802 71.997959
0.291090 0.279063 0.591369 0.527975 0.526460 0.466674 0.528989 0.578186 0.497779 0.481410 81.843911
0.169521 0.215182 0.683671 0.325795 0.491042 0.838483 0.200300 0.234561 0.736857 0.044642 44.258446
0.447953 0.630585 0.652365 0.060177 0.716666 0.539252 0.694084 0.583990 0.258871 0.061090 47.681580
0.269841 0.264706 0.500000 0.500000 0.500000 0.500000 0.500000 0.500000 0.500000 0.500000 90.000000
0.256161 0.251922 0.456576 0.568176 0.496271 0.418890 0.459229 0.473513 0.695503 0.427390 76.032949
0.241046 0.216856 0.488097 0.499431 0.577537 0.435394 0.570344 0.475850 0.523199 0.654879 77.094983
0.143403 0.195711 0.436481 0.509716 0.572024 0.715377 0.502098 0.446104 0.448354 0.334898 67.202376
0.256659 0.286215 0.393181 0.428039 0.488286 0.507759 0.552018 0.576039 0.470389 0.522340 80.323906
0.278501 0.220564 0.624216 0.466304 0.272323 0.521641 0.528109 0.301740 0.568950 0.446125 69.969506
0.163158 0.670333 0.621308 0.293329 0.964878 0.136307 0.486151 0.276568 0.072505 0.908270 37.021715
0.285458 0.244642 0.513174 0.487879 0.388415 0.449750 0.422799 0.434750 0.391331 0.495968 78.670970
0.279238 0.234584 0.498723 0.569053 0.490890 0.569498 0.477686 0.507757 0.413060 0.409169 80.208530
0.269841 0.264706 0.500000 0.500000 0.500000 0.500000 0.500000 0.500000 0.500000 0.500000 90.000000
0.262361 0.204696 0.579426 0.484105 0.458040 0.436852 0.313847 0.533259 0.596827 0.522851 74.832191
0.297564 0.294251 0.392626 0.492611 0.528054 0.524246 0.516909 0.480224 0.452286 0.369994 78.821563
0.196030 0.462111 0.794629 0.294721 0.613572 0.272702 0.665909 0.963962 0.487063 0.901449 40.528962
0.230653 0.249664 0.492043 0.466019 0.424826 0.520314 0.363208 0.326315 0.740914 0.482065 70.232610
0.294749 0.235798 0.754982 0.540555 0.601901 0.643055 0.452855 0.438183 0.532164 0.490520 71.139563
0.943510 0.275393 0.738542 0.640362 0.798130 0.103653 0.894944 0.875808 0.799029 0.335053 34.387177
0.955890 0.337864 0.471933 0.785184 0.106785 0.157802 0.698268 0.995452 0.760450 0.632186 39.222275
0.268647 0.158605 0.491578 0.492387 0.463327 0.746221 0.549488 0.450367 0.547510 0.406134 70.426322
0.312964 0.203120 0.521207 0.382622 0.529522 0.442113 0.543353 0.431183 0.457354 0.459894 77.476165
0.269841 0.264706 0.500000 0.500000 0.500000 0.500000 0.500000 0.500000 0.500000 0.500000 90.000000
0.310172 0.736983 0.155850 0.890601 0.233780 0.460691 0.809272 0.943961 0.142754 0.016596 30.123492
0.708008 0.081364 0.489684 0.816703 0.002651 0.506945 0.332828 0.784749 0.955393 0.694122 36.890052
0.292009 0.341328 0.529024 0.536572 0.438355 0.559416 0.403261 0.569606 0.559854 0.355761 74.861245
0.320348 0.285770 0.579224 0.603249 0.499180 0.561361 0.360757 0.576593 0.604858 0.441879 74.867974
0.271532 0.337787 0.446025 0.493677 0.498327 0.604481 0.382402 0.492569 0.294884 0.535512 72.908913
0.188548 0.268043 0.390479 0.512658 0.575081 0.541311 0.457741 0.507256 0.581760 0.412616 76.245916
0.265679 0.252225 0.530942 0.413872 0.566419 0.501204 0.567154 0.477421 0.507989 0.527484 82.104108
0.245552 0.264706 0.500000 0.500000 0.616657 0.481479 0.500000 0.500000 0.500000 0.500000 82.805094
0.269841 0.264706 0.500000 0.500000 0.500000 0.500000 0.500000 0.500000 0.500000 0.500000 90.000000
0.223575 0.216254 0.580382 0.471085 0.459332 0.693942 0.514218 0.412065 0.463802 0.414232 74.012259
0.251348 0.312534 0.487620 0.516820 0.629207 0.506661 0.378988 0.437460 0.690076 0.456446 73.592158
0.213904 0.220459 0.461979 0.439491 0.542065 0.513723 0.441802 0.553962 0.269952 0.480179 73.462836
0.265226 0.218386 0.390956 0.555074 0.512643 0.389072 0.517682 0.543420 0.523568 0.539567 78.696361
0.269841 0.500000 0.500000 0.500000 0.500000 0.500000 0.500000 0.500000 0.500000 0.500000 64.701779
0.886314 0.476981 0.140871 0.912620 0.820377 0.554750 0.307109 0.282581 0.892346 0.771569 42.316747
0.433402 0.127005 0.805716 0.260904 0.036332 0.349316 0.263758 0.105831 0.711828 0.686552 37.872085
0.256143 0.316227 0.456008 0.596219 0.435474 0.389243 0.562295 0.507326 0.627667 0.569279 75.738820
0.257140 0.161677 0.516382 0.541417 0.494536 0.555797 0.576154 0.532336 0.452755 0.477151 76.876916
0.269841 0.264706 0.500000 0.500000 0.500000 0.500000 0.500000 0.500000 0.500000 0.500000 90.000000
0.235652 0.231507 0.553822 0.477186 0.418551 0.490458 0.515639 0.506289 0.762764 0.444269 72.874171
0.388397 0.458387 0.173961 0.508045 0.035836 0.090104 0.552244 0.979449 0.046492 0.805736 27.550822
0.305106 0.293822 0.495038 0.553540 0.518678 0.609553 0.583992 0.497723 0.495517 0.468116 80.037548
0.255558 0.273027 0.470336 0.558510 0.417195 0.549704 0.503728 0.502566 0.512470 0.552114 82.476541
0.274370 0.212455 0.506161 0.462125 0.459248 0.651743 0.613871 0.390223 0.531436 0.504806 75.826827
0.252615 0.510306 0.506495 0.467148 0.451304 0.382434 0.228474 0.585337 0.529919 0.552459 57.891165
0.265857 0.353684 0.531573 0.483877 0.467700 0.546316 0.590700 0.556150 0.355209 0.601487 74.370974
0.271767 0.281446 0.506652 0.390064 0.458812 0.510990 0.602805 0.440335 0.497496 0.400944 78.772400
0.239355 0.299549 0.514078 0.518181 0.296761 0.288465 0.147201 0.332935 0.576015 0.491776 61.407264
0.258479 0.265111 0.459555 0.327274 0.501323 0.480144 0.534430 0.495813 0.597585 0.527636 78.087393
0.247291 0.229764 0.528425 0.572209 0.439478 0.581119 0.304595 0.430283 0.509194 0.459794 75.254055
0.269841 0.264706 0.500000 0.500000 0.500000 0.500000 0.500000 0.500000 0.500000 0.500000 90.000000
0.896304 0.425645 0.351215 0.710977 0.612566 0.035675 0.412777 0.268243 0.177948 0.760896 39.359030
0.256890 0.233691 0.523028 0.480340 0.551119 0.509209 0.439303 0.475104 0.613721 0.483924 80.978873
0.267214 0.246697 0.521777 0.532229 0.555605 0.457046 0.580456 0.512044 0.462158 0.459039 82.500515
0.627690 0.353675 0.752679 0.653248 0.018595 0.872788 0.554709 0.916461 0.592579 0.498655 46.933851
0.265636 0.251289 0.414242 0.501077 0.463079 0.604894 0.503731 0.488216 0.447168 0.579249 80.198866
0.271009 0.242575 0.476617 0.525247 0.453609 0.504855 0.447867 0.455630 0.577086 0.504598 82.853771
0.306410 0.380238 0.299952 0.603792 0.719152 0.510697 0.797200 0.433209 0.342783 0.501680 60.496612
0.277399 0.517533 0.484240 0.501261 0.459367 0.491748 0.444443 0.498831 0.586152 0.386256 61.330847
0.321944 0.269756 0.491011 0.546570 0.619806 0.455780 0.462631 0.670991 0.416703 0.603301 74.285880
0.269841 0.500000 0.500000 0.500000 0.500000 0.500000 0.500000 0.500000 0.500000 0.500000 64.701779
0.236963 0.182170 0.469737 0.582714 0.471143 0.567574 0.474506 0.461891 0.491710 0.516976 78.110171
0.282144 0.281918 0.499633 0.487292 0.510693 0.510731 0.516235 0.580230 0.567781 0.562101 82.552490
0.260391 0.293711 0.605015 0.476752 0.570071 0.558957 0.612394 0.482084 0.657086 0.416319 75.168329
0.283906 0.252952 0.642049 0.400208 0.551668 0.485398 0.491766 0.519151 0.554579 0.597866 77.635915
0.039924 0.449082 0.501924 0.581739 0.281461 0.346111 0.376661 0.470742 0.124732 0.106693 42.632400
0.236112 0.253765 0.506330 0.527652 0.512873 0.479023 0.578710 0.624851 0.543654 0.451501 79.852015
0.269841 0.264706 0.500000 0.500000 0.500000 0.500000 0.500000 0.500000 0.500000 0.500000 90.000000
0.193406 0.213026 0.023377 0.309102 0.590224 0.791345 0.729580 0.221194 0.370043 0.985434 40.078105
0.197502 0.273113 0.356312 0.669831 0.587994 0.754548 0.496853 0.497586 0.369352 0.435424 67.125127
0.243379 0.264273 0.550766 0.484573 0.564608 0.599293 0.560388 0.549760 0.400493 0.659421 75.977009
0.271661 0.348468 0.727473 0.624924 0.238771 0.611810 0.396833 0.379810 0.579571 0.328433 62.465786
0.219550 0.373413 0.188864 0.024665 0.101563 0.116259 0.401322 0.704039 0.802951 0.194338 35.516647
0.235168 0.212224 0.473036 0.632507 0.452020 0.553284 0.253343 0.465488 0.481679 0.514822 72.002920
0.290460 0.276886 0.639805 0.603368 0.321535 0.618494 0.528634 0.345759 0.518056 0.329342 69.306238
0.268463 0.256836 0.505058 0.554517 0.418922 0.466977 0.485753 0.576268 0.425497 0.491972 81.457228
# OSA solutions
0.269841 0.264706 0.500000 0.500000 0.500000 0.500000 0.500000 0.500000 0.500000 0.500000 90.000000
0.269841 0.264706 0.500000 0.500000 0.500000 0.500000 0.500000 0.541478 0.500000 0.453195 86.440201
0.284817 0.274662 0.494233 0.500571 0.537577 0.467051 0.507884 0.510776 0.501657 0.496136 86.467765
0.267305 0.253536 0.543964 0.497460 0.509899 0.488938 0.515751 0.511099 0.517540 0.513204 86.642093
0.269841 0.264706 0.500000 0.500000 0.500000 0.504131 0.500000 0.473216 0.500000 0.500000 88.457377
0.285426 0.255980 0.500000 0.495747 0.519882 0.510411 0.531837 0.495566 0.473480 0.475206 86.409584
0.263026 0.263524 0.523129 0.506521 0.509332 0.516838 0.500007 0.473758 0.509257 0.491995 87.485810
0.277270 0.253894 0.500000 0.522538 0.500231 0.516413 0.528283 0.531490 0.503682 0.503193 86.780447
0.278994 0.278439 0.488042 0.530275 0.496828 0.517926 0.527538 0.510679 0.492511 0.500136 86.740071
0.269841 0.264706 0.561508 0.500000 0.500000 0.500000 0.500000 0.500000 0.500000 0.500000 86.498921
0.269841 0.264706 0.476697 0.500000 0.500000 0.500000 0.536304 0.500000 0.500000 0.500000 87.544466
0.270953 0.247725 0.504532 0.489794 0.470708 0.508232 0.527905 0.507938 0.492164 0.480501 86.697187
0.261980 0.260910 0.473343 0.492569 0.508283 0.503305 0.528238 0.465304 0.485671 0.515662 86.603420
0.269841 0.264706 0.500000 0.500000 0.500000 0.552111 0.500000 0.500000 0.500000 0.500000 87.033804
0.278453 0.264913 0.492930 0.483648 0.507092 0.479766 0.481217 0.505597 0.513727 0.539479 86.798748
0.272823 0.260807 0.508728 0.492498 0.502332 0.460366 0.499913 0.526412 0.495995 0.498932 87.149244
0.268847 0.262423 0.513778 0.488024 0.500000 0.499127 0.488851 0.493630 0.487830 0.513036 88.351301
0.269841 0.259785 0.485981 0.492559 0.500000 0.500557 0.500000 0.474306 0.511602 0.500000 88.083703
0.274569 0.274326 0.467561 0.500000 0.549763 0.500000 0.497754 0.500000 0.495741 0.499680 86.418559
0.283095 0.249244 0.465318 0.481067 0.483882 0.522612 0.509309 0.486921 0.502257 0.501569 86.375884
0.267805 0.272287 0.474963 0.500000 0.500000 0.473020 0.499926 0.500000 0.517977 0.516638 87.345962
0.271830 0.269271 0.472444 0.523952 0.506932 0.501746 0.522299 0.512740 0.524340 0.473928 86.679077
0.276102 0.254535 0.509999 0.459190 0.500000 0.520848 0.488120 0.488693 0.516356 0.489439 86.704571
0.264591 0.248987 0.474649 0.500000 0.494388 0.483994 0.496178 0.495846 0.500000 0.465587 86.819183
0.262622 0.259799 0.497636 0.512710 0.516090 0.504311 0.475261 0.480948 0.505680 0.496419 87.632790
0.273415 0.271135 0.522811 0.500000 0.490398 0.504081 0.493346 0.500000 0.492548 0.522752 87.841537
0.270725 0.252043 0.531221 0.511507 0.500000 0.479217 0.504849 0.510266 0.495124 0.487135 87.192895
0.275671 0.278595 0.464986 0.490217 0.527462 0.502442 0.502302 0.494283 0.531849 0.506797 86.406604
0.273716 0.266143 0.500000 0.523775 0.499412 0.543668 0.483872 0.498131 0.495961 0.515620 86.853709
0.286807 0.252519 0.516001 0.508812 0.497372 0.494924 0.482545 0.502743 0.495910 0.494106 87.301049
0.269841 0.264706 0.500000 0.519517 0.500000 0.500000 0.447743 0.500000 0.500000 0.500000 86.824803
0.269841 0.264706 0.500000 0.500000 0.500000 0.500000 0.500000 0.500000 0.519070 0.500000 88.914495
0.269841 0.264706 0.500000 0.500000 0.500000 0.500000 0.500000 0.500000 0.500000 0.473257 88.477780
0.273213 0.261129 0.472182 0.479121 0.469332 0.510425 0.485965 0.483289 0.491586 0.519944 86.735876
0.283752 0.260170 0.530398 0.500000 0.506476 0.530891 0.490634 0.481974 0.499777 0.500000 86.845772
0.269841 0.295903 0.500000 0.500000 0.500000 0.500000 0.500000 0.500000 0.500000 0.500000 86.645799
0.274266 0.260301 0.514210 0.499466 0.519374 0.493474 0.495945 0.482429 0.503928 0.534030 87.296860
0.254421 0.263894 0.492606 0.481198 0.518636 0.501906 0.498909 0.514542 0.507234 0.509540 87.496875
0.269841 0.264706 0.500000 0.500000 0.500000 0.500000 0.500000 0.500000 0.500000 0.448150 87.048670
0.280031 0.262627 0.505533 0.483230 0.483824 0.521208 0.483099 0.460547 0.493916 0.517538 86.593276
0.270797 0.282053 0.468823 0.517667 0.477565 0.491934 0.524050 0.510731 0.518435 0.487929 86.351553
0.260710 0.258978 0.489769 0.478288 0.496247 0.490931 0.512334 0.492989 0.473311 0.476669 87.134875
0.257776 0.274635 0.508781 0.479097 0.472528 0.497507 0.481796 0.490333 0.534716 0.493781 86.493385
0.270704 0.264194 0.471327 0.500000 0.500000 0.499816 0.499965 0.525862 0.500000 0.500000 87.799509
0.273543 0.273965 0.448736 0.488357 0.521276 0.514146 0.498395 0.501463 0.513596 0.509361 86.379134
0.267212 0.277712 0.500000 0.500000 0.500000 0.469575 0.473603 0.500000 0.500000 0.500000 87.300124
0.272628 0.240573 0.495608 0.516172 0.488236 0.498208 0.490017 0.506709 0.500000 0.505442 87.041598
0.274038 0.264239 0.520917 0.527170 0.504882 0.483188 0.468963 0.500229 0.494692 0.538420 86.395024
0.249606 0.242157 0.505239 0.497171 0.503250 0.505834 0.479145 0.517410 0.498761 0.498963 86.381728
0.271692 0.269335 0.474368 0.494179 0.453659 0.507073 0.499198 0.500732 0.506798 0.504681 86.858535
0.260616 0.262219 0.479355 0.508359 0.518394 0.496670 0.524146 0.506172 0.492709 0.502999 87.556331
0.278353 0.264706 0.500000 0.500000 0.500000 0.512120 0.535140 0.500000 0.500000 0.500000 87.701587
0.270086 0.257852 0.503470 0.495440 0.506935 0.485087 0.523874 0.491782 0.503604 0.496620 88.083984
0.274968 0.264642 0.488818 0.545313 0.475655 0.514485 0.518955 0.508336 0.500914 0.489137 86.575884
0.252873 0.271279 0.498006 0.487535 0.537332 0.496712 0.483760 0.510513 0.511494 0.518222 86.610964
0.269841 0.264706 0.500000 0.500000 0.532992 0.500000 0.500000 0.500000 0.500000 0.500000 88.122057
0.266951 0.258240 0.474938 0.505205 0.498768 0.497805 0.494412 0.480122 0.536325 0.539404 86.338470
0.270077 0.257385 0.519181 0.482672 0.482329 0.513353 0.503793 0.545800 0.483100 0.489751 86.466887
0.269454 0.253749 0.500000 0.486650 0.453167 0.508912 0.517847 0.500000 0.484600 0.500000 86.663684
0.269841 0.264706 0.500000 0.547674 0.500000 0.500000 0.529496 0.500000 0.500000 0.528617 86.417261
0.274133 0.251801 0.475258 0.481200 0.500665 0.494446 0.502077 0.510349 0.511224 0.524552 87.157108
0.271744 0.263474 0.469801 0.522548 0.496872 0.488058 0.497512 0.529802 0.472241 0.483578 86.620394
0.273855 0.268602 0.503080 0.505515 0.514091 0.536808 0.488674 0.504007 0.529057 0.503378 87.040787
0.274842 0.274111 0.501944 0.480192 0.500000 0.461623 0.495055 0.487308 0.490790 0.500000 87.130832
0.259546 0.265225 0.477403 0.486425 0.462546 0.481614 0.519237 0.500000 0.491540 0.500419 86.758771
0.269841 0.264706 0.500000 0.500000 0.500000 0.500000 0.500000 0.500000 0.500000 0.524298 88.616936
0.269841 0.264706 0.500000 0.500000 0.500000 0.500000 0.500000 0.546488 0.500000 0.500000 87.353851
0.267551 0.272441 0.461268 0.503571 0.514472 0.521915 0.500179 0.468802 0.482197 0.495706 86.517676
0.269841 0.286217 0.500000 0.500000 0.500000 0.500000 0.500000 0.500000 0.500000 0.547378 86.447267
0.269836 0.269009 0.500004 0.538917 0.500000 0.500011 0.499974 0.499960 0.500000 0.500000 87.737006
0.269841 0.264706 0.454918 0.500000 0.500000 0.500000 0.500000 0.500000 0.500000 0.500000 87.433895
0.274547 0.276515 0.499090 0.497746 0.504307 0.476970 0.496876 0.505296 0.498638 0.515215 87.870522
0.269841 0.264706 0.500000 0.500000 0.500000 0.512055 0.500000 0.500000 0.500000 0.500000 89.313835
0.273187 0.276766 0.499067 0.490326 0.492148 0.491267 0.537570 0.513843 0.510778 0.476639 86.854003
0.279435 0.253031 0.492864 0.497706 0.537100 0.500610 0.509937 0.482574 0.519236 0.503691 86.871242
0.274507 0.290485 0.501495 0.506340 0.489108 0.493842 0.510306 0.498310 0.501913 0.521812 86.763343
0.272974 0.248161 0.500000 0.514111 0.473256 0.525837 0.509002 0.509997 0.533484 0.491363 86.413976
0.271341 0.274047 0.512404 0.479859 0.548475 0.490971 0.524009 0.510343 0.496690 0.508446 86.366105
0.269841 0.264706 0.523303 0.500000 0.500000 0.500000 0.500000 0.500000 0.500000 0.500000 88.673587
0.270330 0.254857 0.468777 0.499935 0.499955 0.511888 0.480498 0.536353 0.479786 0.490042 86.550423
0.269841 0.264706 0.450245 0.526251 0.500000 0.500000 0.500000 0.500000 0.500000 0.500000 86.797856
0.268377 0.263083 0.485211 0.462396 0.506095 0.503813 0.497819 0.492827 0.514468 0.494914 87.459139
0.257207 0.273818 0.471241 0.498759 0.488480 0.501324 0.535166 0.509467 0.529845 0.490869 86.351860
0.269841 0.272512 0.500000 0.459487 0.533161 0.504522 0.500000 0.505981 0.478287 0.484771 86.529236
0.285199 0.263344 0.518228 0.502420 0.487371 0.489983 0.494025 0.514537 0.532212 0.497780 87.040165
0.277397 0.245322 0.486775 0.464311 0.481884 0.483028 0.496886 0.498161 0.482235 0.505675 86.417024
0.284117 0.269507 0.497324 0.511357 0.511320 0.507098 0.485697 0.504277 0.468533 0.476605 86.957519
0.266988 0.271850 0.494472 0.502344 0.486113 0.470120 0.500389 0.511559 0.530453 0.528593 86.774815
0.255174 0.256861 0.465020 0.513045 0.490763 0.516911 0.501460 0.490966 0.474086 0.494937 86.630453
0.267305 0.255223 0.500000 0.500000 0.500000 0.496775 0.441482 0.500000 0.500000 0.500000 86.501495
0.268166 0.261300 0.505927 0.500010 0.498592 0.469191 0.479860 0.511309 0.500037 0.461913 86.871189
0.273181 0.264805 0.495040 0.481398 0.495508 0.469097 0.511153 0.475108 0.502550 0.516611 87.205324
0.269841 0.264706 0.500000 0.500000 0.500000 0.500000 0.500000 0.500000 0.471025 0.500000 88.350707
0.269841 0.264706 0.500000 0.439634 0.500000 0.500000 0.500000 0.500000 0.500000 0.500000 86.563935
0.278087 0.273521 0.484263 0.480758 0.479477 0.491142 0.498229 0.507246 0.500000 0.480414 87.411820
0.277195 0.265985 0.492085 0.481502 0.508881 0.496289 0.498510 0.488466 0.538305 0.476059 86.953420
0.280191 0.258675 0.467550 0.511638 0.514482 0.507625 0.498920 0.535296 0.499779 0.513547 86.688592
0.256061 0.270326 0.515584 0.513837 0.493810 0.496035 0.474739 0.513908 0.472005 0.481991 86.783811
0.238931 0.264706 0.500000 0.500000 0.500000 0.500000 0.500000 0.500000 0.500000 0.500000 86.739834
0.269841 0.264706 0.500000 0.500000 0.500000 0.500000 0.500000 0.500000 0.559821 0.500000 86.594955
0.269841 0.264706 0.500000 0.500000 0.500000 0.500000 0.500000 0.447846 0.500000 0.500000 87.031316
0.271112 0.264706 0.500000 0.500000 0.468082 0.500000 0.500000 0.500000 0.500000 0.500000 88.178282
0.293614 0.244067 0.500000 0.500000 0.500274 0.504439 0.482498 0.500000 0.500000 0.501598 86.496342
0.272473 0.265842 0.506236 0.514052 0.498512 0.486272 0.522388 0.533581 0.498974 0.545415 86.334016
0.268536 0.264473 0.500000 0.500000 0.500000 0.485698 0.501582 0.500000 0.500000 0.500000 89.169066
0.273504 0.261118 0.500000 0.515003 0.500000 0.495192 0.499931 0.440402 0.500000 0.500000 86.448880
0.269793 0.264702 0.500000 0.500000 0.500000 0.499914 0.483196 0.500000 0.500000 0.500000 89.043453
0.270477 0.264706 0.500000 0.500000 0.484041 0.500000 0.500000 0.500000 0.500000 0.500000 89.089141
0.260939 0.274240 0.500000 0.496955 0.511439 0.488993 0.520728 0.456005 0.473195 0.507897 86.398334
0.270061 0.239698 0.496598 0.503440 0.502947 0.501440 0.502250 0.503048 0.498372 0.484607 87.142784
0.284338 0.253013 0.521559 0.529730 0.500621 0.492022 0.513492 0.500000 0.493476 0.513986 86.860442
0.269841 0.264706 0.481441 0.500000 0.500000 0.500000 0.499312 0.500000 0.500000 0.500000 88.942857
0.265726 0.256304 0.500000 0.533295 0.515247 0.465651 0.513127 0.500000 0.500000 0.519965 86.680076
0.273833 0.256570 0.473847 0.488917 0.498582 0.506775 0.467143 0.501251 0.493590 0.501685 87.287638
0.270165 0.277728 0.481475 0.510531 0.527815 0.503694 0.524497 0.524427 0.507951 0.500569 86.827145
0.269850 0.247355 0.500031 0.500000 0.500000 0.500012 0.482935 0.499970 0.500000 0.500000 87.896733
0.270145 0.278202 0.500000 0.500000 0.500000 0.544393 0.525411 0.500000 0.500000 0.500000 86.746689
0.267653 0.259972 0.522534 0.521169 0.543879 0.477779 0.497384 0.484636 0.489441 0.494741 86.466546
0.269841 0.264001 0.509050 0.505524 0.487147 0.492928 0.518154 0.500000 0.456674 0.484719 87.004372
0.269841 0.264706 0.500000 0.515760 0.547143 0.500000 0.500000 0.500000 0.500000 0.500000 87.170593
