# generation best_consensus ca_size
0 4.616251 200
1 4.616251 200
2 4.616251 200
3 4.616251 200
4 4.616251 200
5 4.616251 200
6 4.616251 200
7 4.616251 200
8 4.616251 200
9 4.616251 200
10 4.616251 200
11 4.616251 200
12 4.616251 200
13 4.616251 200
14 4.616251 200
15 4.616251 200
16 4.616251 200
17 4.616251 200
18 4.616251 200
19 4.616251 200
20 4.616251 200
21 4.616251 200
22 4.616251 200
23 4.616251 200
24 4.616251 200
25 4.616251 200
26 4.616251 200
27 4.616251 200
28 4.616251 200
29 4.616251 200
30 4.616251 200
31 4.616251 200
32 4.616251 200
33 4.616251 200
34 4.616251 200
35 4.616251 200
36 4.616251 200
37 4.616251 200
38 4.616251 200
39 4.616251 200
40 4.616251 200
41 4.616251 200
42 4.616251 200
43 4.616251 200
44 4.616251 200
45 4.616251 200
46 4.616251 200
47 4.616251 200
48 4.616251 200
49 4.616251 200
50 4.616251 200
51 4.616251 200
52 4.616251 200
53 4.616251 200
54 4.616251 200
55 4.616251 200
56 4.616251 200
57 4.616251 200
58 4.616251 200
59 4.616251 200
60 4.616251 200
61 4.616251 200
62 4.616251 200
63 4.616251 200
64 4.616251 200
65 4.616251 200
66 4.616251 200
67 4.616251 200
68 4.616251 200
69 4.616251 200
70 4.616251 200
71 4.616251 200
72 4.616251 200
73 4.616251 200
74 4.616251 200
75 4.616251 200
76 4.616251 200
77 4.616251 200
78 4.616251 200
79 4.616251 200
80 4.616251 200
81 4.616251 200
82 4.616251 200
83 4.616251 200
84 4.616251 200
85 4.616251 200
86 4.616251 200
87 4.616251 200
88 4.616251 200
89 4.616251 200
90 4.616251 200
91 4.616251 200
92 4.616251 200
93 4.616251 200
94 4.616251 200
95 4.616251 200
96 4.616251 200
97 4.616251 200
98 4.616251 200
99 4.616251 200
100 4.616251 200
101 4.616251 200
102 4.616251 200
103 4.616251 200
104 4.616251 200
105 4.616251 200
106 4.616251 200
107 4.616251 200
108 4.616251 200
109 4.616251 200
110 4.616251 200
111 4.616251 200
112 4.616251 200
113 4.616251 200
114 4.616251 200
115 4.616251 200
116 4.616251 200
117 4.616251 200
118 4.616251 200
119 4.616251 200
120 4.616251 200
121 4.616251 200
122 4.616251 200
123 4.616251 200
124 4.616251 200
125 4.616251 200
126 4.616251 200
127 4.616251 200
128 4.616251 200
129 4.616251 200
130 4.616251 200
131 4.616251 200
132 4.616251 200
133 4.616251 200
134 4.616251 200
135 4.616251 200
136 4.616251 200
137 4.616251 200
138 4.616251 200
139 4.616251 200
140 4.616251 200
141 4.616251 200
142 4.616251 200
143 4.616251 200
144 4.616251 200
145 4.616251 200
146 4.616251 200
147 4.616251 200
148 4.616251 200
149 4.616251 200
150 4.616251 200
151 4.616251 200
152 4.616251 200
153 4.616251 200
154 4.616251 200
155 4.616251 200
156 4.616251 200
157 4.616251 200
158 4.616251 200
159 4.616251 200
160 4.616251 200
161 4.616251 200
162 4.616251 200
163 4.616251 200
164 4.616251 200
165 4.616251 200
166 4.616251 200
167 4.616251 200
168 4.616251 200
169 4.616251 200
170 4.616251 200
171 4.616251 200
172 4.616251 200
173 4.616251 200
174 4.616251 200
175 4.616251 200
176 4.616251 200
177 4.616251 200
178 4.616251 200
179 4.616251 200
180 4.616251 200
181 4.616251 200
182 4.616251 200
183 4.616251 200
184 4.616251 200
185 4.616251 200
186 4.616251 200
187 4.616251 200
188 4.616251 200
189 4.616251 200
190 4.616251 200
191 4.616251 200
192 4.616251 200
193 4.616251 200
194 4.616251 200
195 4.616251 200
196 4.616251 200
197 4.616251 200
198 4.616251 200
199 4.616251 200
200 4.616251 200
201 4.616251 200
202 4.616251 200
203 4.616251 200
204 4.616251 200
205 4.616251 200
206 4.616251 200
207 4.616251 200
208 4.616251 200
209 4.616251 200
210 4.616251 200
211 4.616251 200
212 4.616251 200
213 4.616251 200
214 4.616251 200
215 4.616251 200
216 4.616251 200
217 4.616251 200
218 4.616251 200
219 4.616251 200
220 4.616251 200
221 4.616251 200
222 4.616251 200
223 4.616251 200
224 4.616251 200
225 4.704490 200
226 4.704490 200
227 4.704490 200
228 4.704490 200
229 4.704490 200
230 4.704490 200
231 4.704490 200
232 4.704490 200
233 4.704490 200
234 4.704490 200
235 4.704490 200
236 4.704490 200
237 4.704490 200
238 4.704490 200
239 4.704490 200
240 4.704490 200
241 4.704490 200
242 4.704490 200
243 4.704490 200
244 4.704490 200
245 4.704490 200
246 4.704490 200
247 4.704490 200
248 4.704490 200
249 4.704490 200
250 4.704490 200
251 4.704490 200
252 4.704490 200
253 4.704490 200
254 4.704490 200
255 4.704490 200
256 4.704490 200
257 4.704490 200
258 4.704490 200
259 4.704490 200
260 4.704490 200
261 4.704490 200
262 4.704490 200
263 4.704490 200
264 4.704490 200
265 4.704490 200
266 4.704490 200
267 4.704490 200
268 4.704490 200
269 4.704490 200
270 4.704490 200
271 4.704490 200
272 4.704490 200
273 4.704490 200
274 4.704490 200
275 4.704490 200
276 4.704490 200
277 4.704490 200
278 4.704490 200
279 4.704490 200
280 4.704490 200
281 4.704490 200
282 4.704490 200
283 4.704490 200
284 4.704490 200
285 4.704490 200
286 4.704490 200
287 4.704490 200
288 4.704490 200
289 4.704490 200
290 4.704490 200
291 4.704490 200
292 4.704490 200
293 4.704490 200
294 4.704490 200
295 4.704490 200
296 4.704490 200
297 4.704490 200
298 4.704490 200
299 4.704490 200
300 4.704490 200
301 4.704490 200
302 4.704490 200
303 4.704490 200
304 4.704490 200
305 4.704490 200
306 4.704490 200
307 4.704490 200
308 4.704490 200
309 4.704490 200
310 4.704490 200
311 4.704490 200
312 4.704490 200
313 4.704490 200
314 4.704490 200
315 4.704490 200
316 4.704490 200
317 4.704490 200
318 4.704490 200
319 4.704490 200
320 4.704490 200
321 4.704490 200
322 4.704490 200
323 4.704490 200
324 4.704490 200
325 4.704490 200
326 4.704490 200
327 4.704490 200
328 4.704490 200
329 4.704490 200
330 4.704490 200
331 4.704490 200
332 4.704490 200
333 4.704490 200
334 4.704490 200
335 4.704490 200
336 4.704490 200
337 4.704490 200
338 4.704490 200
339 4.704490 200
340 4.704490 200
341 4.704490 200
342 4.704490 200
343 4.704490 200
344 4.704490 200
345 4.704490 200
346 4.704490 200
347 4.704490 200
348 4.704490 200
349 4.704490 200
350 4.704490 200
351 4.704490 200
352 4.704490 200
353 4.704490 200
354 4.704490 200
355 4.704490 200
356 4.704490 200
357 4.704490 200
358 4.704490 200
359 4.704490 200
360 4.704490 200
361 4.704490 200
362 4.704490 200
363 4.704490 200
364 4.704490 200
365 4.704490 200
366 4.704490 200
367 4.704490 200
368 4.704490 200
369 4.704490 200
370 4.704490 200
371 4.704490 200
372 4.704490 200
373 4.704490 200
374 4.704490 200
375 4.704490 200
376 4.704490 200
377 4.704490 200
378 4.704490 200
379 4.704490 200
380 4.704490 200
381 4.704490 200
382 4.704490 200
383 4.704490 200
384 4.704490 200
385 4.704490 200
386 4.704490 200
387 4.704490 200
388 4.704490 200
389 4.704490 200
390 4.704490 200
391 4.704490 200
392 4.704490 200
393 4.704490 200
394 4.704490 200
395 4.704490 200
396 4.704490 200
397 4.704490 200
398 4.704490 200
399 4.704490 200
400 4.704490 200
401 4.704490 200
402 4.704490 200
403 4.704490 200
404 4.704490 200
405 4.704490 200
406 4.704490 200
407 4.704490 200
408 4.704490 200
409 4.704490 200
410 4.704490 200
411 4.704490 200
412 4.704490 200
413 4.704490 200
414 4.704490 200
415 4.704490 200
416 4.704490 200
417 4.704490 200
418 4.704490 200
419 4.704490 200
420 4.704490 200
421 4.704490 200
422 4.704490 200
423 4.704490 200
424 4.704490 200
425 4.704490 200
426 4.704490 200
427 4.704490 200
428 4.704490 200
429 4.704490 200
430 4.704490 200
431 4.704490 200
432 4.704490 200
433 4.704490 200
434 4.704490 200
435 4.704490 200
436 4.704490 200
437 4.704490 200
438 4.704490 200
439 4.704490 200
440 4.704490 200
441 4.704490 200
442 4.704490 200
443 4.704490 200
444 4.704490 200
445 4.704490 200
446 4.704490 200
447 4.704490 200
448 4.704490 200
449 4.704490 200
450 4.704490 200
451 4.704490 200
452 4.704490 200
453 4.704490 200
454 4.704490 200
455 4.704490 200
456 4.704490 200
457 4.704490 200
458 4.704490 200
459 4.704490 200
460 4.704490 200
461 4.704490 200
462 4.704490 200
463 4.704490 200
464 4.704490 200
465 4.704490 200
466 4.704490 200
467 4.704490 200
468 4.704490 200
469 4.704490 200
470 4.704490 200
471 4.704490 200
472 4.704490 200
473 4.704490 200
474 4.704490 200
475 4.704490 200
476 4.704490 200
477 4.704490 200
478 4.704490 200
479 4.704490 200
480 4.704490 200
481 4.704490 200
482 4.704490 200
483 4.704490 200
484 4.704490 200
485 4.704490 200
486 4.704490 200
487 4.704490 200
488 4.704490 200
489 4.704490 200
490 4.704490 200
491 4.704490 200
492 4.704490 200
493 4.704490 200
494 4.704490 200
495 4.704490 200
496 4.704490 200
497 4.704490 200
498 4.704490 200
499 4.704490 200
500 4.704490 200
501 4.704490 200
502 4.704490 200
503 4.704490 200
504 4.704490 200
505 4.704490 200
506 4.704490 200
507 4.704490 200
508 4.704490 200
509 4.704490 200
510 4.704490 200
511 4.704490 200
512 4.704490 200
513 4.704490 200
514 4.704490 200
515 4.704490 200
516 4.704490 200
517 4.704490 200
518 4.704490 200
519 4.704490 200
520 4.704490 200
521 4.704490 200
522 4.704490 200
523 4.704490 200
524 4.704490 200
525 4.704490 200
526 4.704490 200
527 4.704490 200
528 4.704490 200
529 4.704490 200
530 4.704490 200
531 4.704490 200
532 4.704490 200
533 4.704490 200
534 4.704490 200
535 4.704490 200
536 4.704490 200
537 4.704490 200
538 4.704490 200
539 4.704490 200
540 4.704490 200
541 4.704490 200
542 4.704490 200
543 4.704490 200
544 4.704490 200
545 4.704490 200
546 4.704490 200
547 4.704490 200
548 4.704490 200
549 4.704490 200
550 4.704490 200
551 4.704490 200
552 4.704490 200
553 4.704490 200
554 4.704490 200
555 4.704490 200
556 4.704490 200
557 4.704490 200
558 4.704490 200
559 4.704490 200
560 4.704490 200
561 4.704490 200
562 4.704490 200
563 4.704490 200
564 4.704490 200
565 4.704490 200
566 4.704490 200
567 4.704490 200
568 4.704490 200
569 4.704490 200
570 4.704490 200
571 4.704490 200
572 4.704490 200
573 4.704490 200
574 4.704490 200
575 4.704490 200
576 4.704490 200
577 4.704490 200
578 4.704490 200
579 4.704490 200
580 4.704490 200
581 4.704490 200
582 4.704490 200
583 4.704490 200
584 4.704490 200
585 4.704490 200
586 4.704490 200
587 4.704490 200
588 4.704490 200
589 4.704490 200
590 4.704490 200
591 4.704490 200
592 4.704490 200
593 4.704490 200
594 4.704490 200
595 4.704490 200
596 4.704490 200
597 4.704490 200
598 4.704490 200
599 4.704490 200
600 4.704490 200
601 4.704490 200
602 4.704490 200
603 4.704490 200
604 4.704490 200
605 4.704490 200
606 4.704490 200
607 4.704490 200
608 4.704490 200
609 4.704490 200
610 4.704490 200
611 4.704490 200
612 4.704490 200
613 4.704490 200
614 4.704490 200
615 4.704490 200
616 4.704490 200
617 4.704490 200
618 4.704490 200
619 4.704490 200
620 4.704490 200
621 4.704490 200
622 4.704490 200
623 4.704490 200
624 4.704490 200
625 4.704490 200
626 4.704490 200
627 4.704490 200
628 4.704490 200
629 4.704490 200
630 4.704490 200
631 4.704490 200
632 4.704490 200
633 4.704490 200
634 4.704490 200
635 4.704490 200
636 4.704490 200
637 4.704490 200
638 4.704490 200
639 4.704490 200
640 4.704490 200
641 4.704490 200
642 4.704490 200
643 4.704490 200
644 4.704490 200
645 4.704490 200
646 4.704490 200
647 4.704490 200
648 4.704490 200
649 4.704490 200
650 4.704490 200
651 4.704490 200
652 4.704490 200
653 4.704490 200
654 4.704490 200
655 4.704490 200
656 4.704490 200
657 4.704490 200
658 4.704490 200
659 4.704490 200
660 4.704490 200
661 4.704490 200
662 4.704490 200
663 4.704490 200
664 4.704490 200
665 4.704490 200
666 4.704490 200
667 4.704490 200
668 4.704490 200
669 4.704490 200
670 4.704490 200
671 4.704490 200
672 4.704490 200
673 4.704490 200
674 4.704490 200
675 4.704490 200
676 4.704490 200
677 4.704490 200
678 4.704490 200
679 4.704490 200
680 4.704490 200
681 4.704490 200
682 4.704490 200
683 4.704490 200
684 4.704490 200
685 4.704490 200
686 4.704490 200
687 4.704490 200
688 4.704490 200
689 4.704490 200
690 4.704490 200
691 4.704490 200
692 4.704490 200
693 4.704490 200
694 4.704490 200
695 4.704490 200
696 4.704490 200
697 4.704490 200
698 4.704490 200
699 4.704490 200
700 4.704490 200
701 4.704490 200
702 4.704490 200
703 4.704490 200
704 4.704490 200
705 4.704490 200
706 4.704490 200
707 4.704490 200
708 4.704490 200
709 4.704490 200
710 4.704490 200
711 4.704490 200
712 4.704490 200
713 4.704490 200
714 4.704490 200
715 4.704490 200
716 4.704490 200
717 4.704490 200
718 4.704490 200
719 4.704490 200
720 4.704490 200
721 4.704490 200
722 4.704490 200
723 4.704490 200
724 4.704490 200
725 4.704490 200
726 4.704490 200
727 4.704490 200
728 4.704490 200
729 4.704490 200
730 4.704490 200
731 4.704490 200
732 4.704490 200
733 4.704490 200
734 4.704490 200
735 4.704490 200
736 4.704490 200
