# gen=350 x0..xd f
0.292958 0.226080 0.232535 0.434402 0.370357 0.546265 0.459585 0.522140 0.504676 0.520992 80.318327
0.310331 0.231498 0.250002 0.484842 0.548072 0.523067 0.472642 0.464510 0.445729 0.513461 83.906155
0.340586 0.226684 0.161775 0.350980 0.556003 0.463537 0.481092 0.525499 0.554112 0.453769 74.284231
0.306271 0.239048 0.239232 0.554723 0.549326 0.653358 0.499622 0.468125 0.405509 0.517277 77.968422
0.206512 0.280409 0.365679 0.441801 0.597916 0.411884 0.450790 0.500251 0.541699 0.577398 70.353609
0.318727 0.253555 0.293836 0.503539 0.379731 0.401551 0.481053 0.537055 0.379558 0.471434 76.358056
0.292736 0.224562 0.264498 0.495299 0.426157 0.509779 0.697500 0.497524 0.548824 0.498790 77.556457
0.215910 0.210245 0.270241 0.544328 0.595919 0.590195 0.435407 0.416147 0.703921 0.652284 70.973417
0.329435 0.296381 0.211497 0.243988 0.466246 0.532193 0.666414 0.482633 0.533399 0.493201 68.223224
0.207860 0.000000 0.276651 0.650587 0.657165 0.536964 0.796485 0.539131 0.445575 0.704010 51.663633
0.315873 0.192321 0.324494 0.613452 0.355757 0.501278 0.356079 0.507239 0.487949 0.406532 73.360238
0.308877 0.180608 0.254304 0.392142 0.487510 0.610438 0.574119 0.524934 0.486033 0.643236 76.248189
0.243223 0.214846 0.269390 0.465248 0.329226 0.382799 0.529593 0.574036 0.489268 0.627651 74.566457
0.270568 0.232253 0.246859 0.474074 0.411787 0.602762 0.564751 0.380838 0.483789 0.442858 78.062352
0.188031 0.991275 0.231593 0.750227 0.078904 0.310637 0.659252 0.711351 0.714439 0.034732 36.313348
0.325536 0.187858 0.255395 0.463479 0.643601 0.512589 0.238997 0.501652 0.519004 0.557639 71.821528
0.278290 0.190509 0.314839 0.469849 0.446795 0.468128 0.396462 0.504740 0.450431 0.542383 79.237931
0.318935 0.229198 0.179224 0.491455 0.422671 0.606183 0.585534 0.467372 0.550779 0.536031 76.460819
0.254183 0.205809 0.490139 0.507107 0.516934 0.504988 0.325715 0.493722 0.545767 0.467774 61.938615
0.319776 0.186109 0.269958 0.555856 0.437907 0.638469 0.480400 0.396861 0.466659 0.441624 77.310918
0.327097 0.343132 0.179052 0.318657 0.380604 0.377564 0.319407 0.752859 0.615322 0.294396 57.208650
0.312022 0.192594 0.252168 0.541941 0.594532 0.505057 0.591717 0.520538 0.404937 0.457668 79.382364
0.276408 0.209968 0.399286 0.572827 0.483234 0.544963 0.467728 0.422422 0.357840 0.471726 70.900543
0.248596 0.206011 0.264819 0.432620 0.561763 0.345364 0.480614 0.376150 0.719848 0.538847 71.719378
0.258603 0.125421 0.258514 0.528282 0.479027 0.583352 0.442707 0.503479 0.428353 0.401863 74.729316
0.667751 0.359466 0.409549 0.645174 0.541750 0.734861 0.802805 0.387811 0.277640 0.362175 0.000000
0.284058 0.276846 0.512898 0.550865 0.608913 0.652643 0.635995 0.470235 0.164924 0.597004 51.929843
0.210136 0.183235 0.323037 0.516096 0.571334 0.547457 0.512492 0.539272 0.493442 0.536137 77.185378
0.253307 0.191650 0.221776 0.538341 0.399335 0.467287 0.547909 0.398868 0.541971 0.396043 77.403151
0.241348 0.218860 0.224612 0.509516 0.431574 0.564908 0.457910 0.468119 0.510297 0.435641 80.695538
0.477098 0.954156 0.654525 0.463981 0.946115 0.458662 0.307732 0.359183 0.396634 0.300516 0.000000
0.248000 0.205202 0.223150 0.388326 0.356531 0.341074 0.420249 0.409654 0.575840 0.577962 72.515887
0.238026 0.228576 0.272451 0.600799 0.430086 0.416952 0.399398 0.359318 0.502000 0.467435 75.775203
0.293105 0.170551 0.263920 0.498580 0.569966 0.473503 0.349048 0.494753 0.507427 0.309946 74.378631
0.318994 0.232449 0.247262 0.500000 0.443891 0.560075 0.404659 0.542459 0.595420 0.522893 79.774113
0.253300 0.246165 0.244335 0.496296 0.600015 0.477253 0.364387 0.430457 0.493931 0.586523 77.142630
0.247309 0.223888 0.132617 0.499823 0.458381 0.581833 0.568827 0.588843 0.581993 0.507304 72.738167
0.233451 0.158832 0.366506 0.555286 0.453456 0.455480 0.505131 0.555380 0.525662 0.382934 72.390752
0.707681 0.179701 0.002265 0.372421 0.003559 0.406826 0.795614 0.546006 0.645075 0.393968 0.000000
0.330769 0.206319 0.233449 0.371217 0.435565 0.435642 0.790805 0.447491 0.512199 0.593775 69.547809
0.300325 0.177969 0.238702 0.404604 0.525307 0.367961 0.473803 0.455926 0.514317 0.437182 78.206682
0.315479 0.191712 0.235206 0.389141 0.488434 0.430910 0.414158 0.637676 0.453855 0.455482 76.709762
0.320854 0.224831 0.179288 0.574700 0.739322 0.391653 0.384631 0.463999 0.607652 0.435662 69.346658
0.341742 0.202229 0.265430 0.447567 0.556296 0.510031 0.486881 0.507097 0.524713 0.454488 82.226593
0.257634 0.226912 0.234209 0.453558 0.520663 0.452759 0.614032 0.515948 0.572345 0.542109 80.024564
0.349148 0.212288 0.221119 0.486115 0.572036 0.430862 0.651426 0.374291 0.436757 0.500000 75.044148
0.283528 0.246015 0.250487 0.470238 0.522282 0.434935 0.570876 0.529634 0.461681 0.466929 82.006146
0.292634 0.221142 0.273178 0.431811 0.438406 0.492349 0.300670 0.412525 0.379770 0.482140 74.733272
0.253767 0.229247 0.279667 0.478191 0.499573 0.414447 0.437165 0.452358 0.539935 0.441019 80.866039
0.333663 0.180761 0.343179 0.584017 0.425952 0.510593 0.344390 0.500000 0.569656 0.547078 73.469574
0.316213 0.233211 0.169937 0.424001 0.460576 0.489753 0.429489 0.444780 0.482655 0.468710 77.300866
0.370955 0.206441 0.225698 0.555199 0.699948 0.504167 0.659228 0.392358 0.517588 0.442982 71.269030
0.286703 0.210726 0.253323 0.544064 0.552613 0.642511 0.539825 0.399618 0.477412 0.556129 78.547735
0.289543 0.203991 0.248952 0.500266 0.438464 0.420280 0.567753 0.465952 0.526331 0.504565 82.478370
0.756933 0.565241 0.676597 0.752758 0.207912 0.615651 0.134250 0.060922 0.916939 0.555305 0.000000
0.337412 0.194358 0.232407 0.462711 0.461335 0.480024 0.574377 0.395718 0.453896 0.523779 79.472791
0.028455 0.172041 0.370095 0.537505 0.446935 0.481979 0.530057 0.605356 0.493503 0.437174 59.793392
0.305250 0.231491 0.264513 0.579520 0.419330 0.433398 0.651033 0.460630 0.422811 0.387533 75.724437
0.298769 0.234102 0.222933 0.482673 0.371743 0.443777 0.563511 0.522234 0.608589 0.511631 78.165296
0.324101 0.154962 0.093521 0.331003 0.509863 0.492342 0.184256 0.482969 0.462074 0.452261 61.156328
0.242790 0.254574 0.222191 0.377497 0.430516 0.632594 0.622120 0.504489 0.578130 0.487793 74.086543
0.520663 0.860511 0.386567 0.450055 0.865198 0.404024 0.789612 0.987218 0.900309 0.735435 0.000000
0.000927 0.881592 0.866162 0.071161 0.774964 0.043805 0.749872 0.767766 0.559762 0.390609 0.000000
0.191858 0.194122 0.240992 0.456285 0.502214 0.445259 0.618675 0.596289 0.416055 0.652626 72.946789
0.262846 0.261912 0.331688 0.543012 0.589261 0.442004 0.451463 0.427660 0.591284 0.401522 74.518461
0.319203 0.198035 0.227389 0.568785 0.554283 0.352539 0.555102 0.504711 0.580140 0.434045 77.148710
0.320867 0.201791 0.273487 0.363645 0.500304 0.334803 0.615566 0.636919 0.596612 0.620858 71.377644
0.264489 0.252497 0.266997 0.536324 0.510810 0.404536 0.510486 0.501118 0.471698 0.619646 79.246369
0.318841 0.256264 0.275061 0.521031 0.460228 0.612189 0.432219 0.389242 0.599112 0.437155 76.197837
0.076905 0.339185 0.404700 0.233038 0.607666 0.182504 0.467248 0.803893 0.002637 0.764395 36.132313
0.219774 0.202480 0.311783 0.498218 0.490205 0.640125 0.621617 0.557433 0.584692 0.384179 73.448732
0.255425 0.303292 0.453914 0.425746 0.481154 0.576410 0.378139 0.736314 0.418002 0.515035 59.780700
0.256046 0.226278 0.243592 0.490367 0.508857 0.517754 0.459228 0.381683 0.447633 0.453587 80.892921
0.322291 0.244077 0.275032 0.556625 0.507072 0.586374 0.531076 0.692424 0.477210 0.536320 76.052784
0.283089 0.211192 0.274932 0.419638 0.542028 0.400324 0.652098 0.402541 0.555533 0.567121 76.090783
0.288066 0.299586 0.260307 0.536008 0.565254 0.465257 0.443416 0.490445 0.638509 0.617471 73.654202
0.338988 0.228568 0.331265 0.382333 0.562640 0.583396 0.438271 0.602245 0.514908 0.508036 75.057172
0.692803 0.116771 0.119308 0.545334 0.822449 0.829718 0.862235 0.453694 0.099604 0.707755 0.000000
0.292743 0.200578 0.435414 0.398151 0.421180 0.448200 0.432991 0.427294 0.558624 0.544794 67.535534
0.272181 0.205284 0.244769 0.449452 0.388209 0.562644 0.534848 0.461519 0.420716 0.513404 80.150732
0.104471 0.093221 0.032180 0.236828 0.065846 0.264460 0.176998 0.682203 0.850045 0.820168 31.711836
0.259240 0.222975 0.251923 0.550513 0.508116 0.548150 0.729322 0.482655 0.424460 0.423578 74.685908
0.301139 0.222280 0.223709 0.383078 0.594844 0.470578 0.645742 0.468603 0.601097 0.534434 75.800213
0.274214 0.196180 0.224351 0.530642 0.599971 0.492491 0.553402 0.547541 0.530481 0.530080 81.108465
0.206396 0.232245 0.264718 0.561162 0.403647 0.633709 0.416206 0.472904 0.455456 0.500640 75.747199
0.334363 0.160612 0.157367 0.471833 0.485327 0.474835 0.487328 0.477334 0.567419 0.480206 75.256538
0.314813 0.207734 0.252213 0.569676 0.617553 0.499944 0.404368 0.421776 0.583731 0.363494 75.819526
0.251563 0.181612 0.272438 0.397319 0.447361 0.609616 0.511400 0.521556 0.481466 0.503035 79.042967
0.316081 0.212067 0.270667 0.500000 0.664224 0.551182 0.547373 0.658257 0.465788 0.502123 75.926826
0.288544 0.204276 0.243362 0.527604 0.500000 0.520305 0.502881 0.398787 0.667510 0.553773 78.106315
0.282122 0.303704 0.244368 0.271650 0.475104 0.432233 0.311749 0.481995 0.571777 0.572676 68.133979
0.312500 0.192873 0.256793 0.491054 0.394717 0.444489 0.475015 0.547201 0.465602 0.502057 81.441583
0.244234 0.221687 0.260502 0.503083 0.592472 0.324914 0.537118 0.561812 0.565252 0.613141 75.200218
0.283419 0.580523 0.607303 0.598404 0.192213 0.727527 0.567754 0.443973 0.299084 0.377575 51.285350
0.258102 0.235450 0.272578 0.522838 0.521087 0.512005 0.399784 0.548860 0.653151 0.395863 76.790892
0.306664 0.219176 0.225035 0.433296 0.478554 0.538919 0.636740 0.555232 0.448345 0.541568 78.959505
0.273065 0.298380 0.175922 0.543739 0.518145 0.413939 0.371862 0.434969 0.734147 0.659543 66.223579
0.287457 0.247860 0.187280 0.594218 0.657641 0.616102 0.532531 0.601236 0.456892 0.529388 73.331278
0.315143 0.181654 0.281335 0.445981 0.402867 0.628914 0.412380 0.577638 0.536314 0.500000 76.741588
0.325740 0.178192 0.273203 0.459183 0.572657 0.531636 0.316524 0.439911 0.404173 0.303396 71.516959
0.589286 0.052936 0.023064 0.885757 0.655662 0.303958 0.895657 0.622484 0.654490 0.227259 0.000000
0.265621 0.215997 0.238285 0.569528 0.473985 0.470429 0.427645 0.435651 0.452053 0.700750 75.913373
0.274593 0.207133 0.236358 0.479878 0.518073 0.555968 0.311758 0.523119 0.586627 0.455049 77.040494
0.292753 0.226451 0.415287 0.532429 0.661843 0.483109 0.707267 0.547397 0.479729 0.535094 66.546062
0.340016 0.442368 0.509161 0.804141 0.771694 0.625589 0.650384 0.319320 0.678277 0.515246 47.177373
0.073305 0.814583 0.134729 0.606189 0.765950 0.538399 0.846512 0.126155 0.646471 0.502789 44.791660
0.238390 0.196718 0.279968 0.426608 0.538048 0.492664 0.536221 0.474783 0.438511 0.507006 81.218988
0.242333 0.175641 0.244194 0.473093 0.389905 0.445255 0.437801 0.585477 0.692678 0.634805 72.230415
0.291214 0.212067 0.263582 0.530241 0.477276 0.500018 0.481053 0.521220 0.500000 0.487462 87.089864
0.280842 0.186441 0.257621 0.469519 0.603001 0.579293 0.516117 0.633206 0.536401 0.461398 78.186585
0.893507 0.630017 0.809165 0.030257 0.918957 0.322241 0.291690 0.168990 0.021152 0.385450 35.677515
0.205915 0.230442 0.206893 0.581042 0.500000 0.361269 0.584017 0.456693 0.450771 0.419095 74.410589
0.279193 0.218686 0.246681 0.566949 0.482815 0.558415 0.582959 0.545469 0.422861 0.592018 79.768629
0.248791 0.200679 0.256444 0.447348 0.509574 0.484674 0.481590 0.414292 0.496769 0.638260 79.259344
0.300266 0.190438 0.237214 0.534249 0.407818 0.450387 0.645524 0.342173 0.500000 0.500000 75.678957
0.369906 0.753354 0.684005 0.018471 0.594304 0.095865 0.703524 0.983550 0.616396 0.505536 0.000000
0.281683 0.229776 0.224562 0.559419 0.355288 0.498777 0.470515 0.515319 0.324670 0.518017 75.820319
0.327907 0.288291 0.178897 0.513157 0.648434 0.372675 0.437445 0.527645 0.739313 0.660284 65.610421
0.312232 0.157099 0.234273 0.396710 0.378538 0.508780 0.499943 0.438557 0.481243 0.513705 77.091942
0.365119 0.184313 0.224625 0.497250 0.462524 0.433152 0.733624 0.361194 0.362267 0.526327 69.780962
0.124963 0.218805 0.069549 0.273643 0.216613 0.495039 0.655159 0.518666 0.997840 1.000000 36.994041
0.265021 0.223997 0.243150 0.493469 0.623406 0.536684 0.369300 0.483244 0.490278 0.455041 78.767656
0.288298 0.219952 0.227373 0.440434 0.461894 0.544450 0.546500 0.433998 0.399913 0.621272 78.371690
0.278704 0.224348 0.223602 0.472312 0.496523 0.490162 0.502672 0.486791 0.473554 0.374540 81.452412
0.288150 0.212067 0.500000 0.500000 0.500000 0.499996 0.481053 0.500000 0.500000 0.500000 63.097322
0.271244 0.206427 0.255557 0.609777 0.622393 0.414768 0.489601 0.503570 0.672227 0.412594 74.627339
0.134480 0.070723 0.010747 0.474736 0.801326 0.315422 0.514159 0.836441 0.786855 0.496430 41.229171
0.287770 0.197992 0.266398 0.417215 0.429082 0.470138 0.521982 0.510110 0.546198 0.477424 82.405325
0.755805 0.041963 0.244094 0.012192 0.803789 0.763186 0.703165 0.421531 0.050386 0.568555 0.000000
0.236705 0.195950 0.236827 0.481580 0.655435 0.483324 0.416856 0.599407 0.408466 0.611174 74.547391
0.175577 0.203948 0.238859 0.563414 0.521709 0.429467 0.554868 0.480721 0.560688 0.400984 75.337746
0.271577 0.212439 0.290132 0.574591 0.483340 0.469919 0.569951 0.464535 0.453112 0.409763 80.441231
0.069652 0.575014 0.488266 0.474249 0.471487 0.118597 0.025004 0.464816 0.011867 0.377124 0.000000
0.349453 0.145735 0.393429 0.563560 0.497247 0.640548 0.410855 0.532935 0.477162 0.577062 68.212402
0.282918 0.238239 0.225913 0.490666 0.506193 0.495400 0.488847 0.577144 0.409129 0.468597 81.498228
0.379883 0.503951 0.747288 0.258556 0.517908 0.330212 0.981370 0.585269 0.762026 0.291624 0.000000
0.249730 0.192485 0.218683 0.395187 0.376408 0.490302 0.387305 0.418403 0.485740 0.608078 74.912515
0.273247 0.213161 0.188812 0.662552 0.553785 0.520862 0.490638 0.402610 0.572106 0.655658 73.202744
0.726468 0.027649 0.031489 0.806037 0.805920 0.105851 0.013666 0.355790 0.051415 0.788201 0.000000
0.821938 0.683205 0.478566 0.601838 0.180785 0.199573 0.820548 0.735702 0.784516 0.795492 0.000000
0.190775 0.210997 0.226697 0.569161 0.490036 0.526388 0.601231 0.407593 0.466746 0.549811 76.049566
0.266299 0.235128 0.208895 0.445953 0.486377 0.416796 0.451192 0.521968 0.563201 0.496472 80.230081
0.037671 0.545190 0.705454 0.177140 0.648349 0.832636 0.510850 0.658034 0.140778 0.170537 0.000000
0.339590 0.179892 0.248912 0.528713 0.360155 0.352417 0.451574 0.557934 0.510533 0.491559 75.739046
0.236219 0.152966 0.229381 0.620465 0.618550 0.605247 0.467397 0.355881 0.600998 0.527574 71.641530
0.477028 0.825862 0.057853 0.237126 0.010444 0.951466 0.071575 0.943020 0.395620 0.079368 29.618994
0.257107 0.208737 0.221184 0.477813 0.449160 0.580657 0.545200 0.599754 0.627101 0.666747 74.568030
0.271200 0.219428 0.243054 0.431508 0.361728 0.334277 0.388765 0.385642 0.422069 0.477530 73.399736
0.260183 0.158234 0.384719 0.356968 0.654247 0.563422 0.553784 0.553336 0.601777 0.545024 68.141509
0.318485 0.223229 0.213812 0.524862 0.578197 0.564306 0.591644 0.600533 0.493047 0.609613 77.054065
0.925898 0.570323 0.106668 0.935872 0.453263 0.396972 0.477678 0.951035 0.875250 0.057174 0.000000
0.345065 0.240818 0.270743 0.515400 0.602303 0.575246 0.460449 0.526770 0.561734 0.613623 77.322833
0.298964 0.333464 0.320826 0.359051 0.430687 0.503597 0.531006 0.546131 0.493585 0.607322 69.319988
0.228794 0.185305 0.278221 0.491341 0.413957 0.676026 0.428813 0.675351 0.408408 0.733176 67.666684
0.309802 0.215239 0.185348 0.631430 0.484761 0.489438 0.492548 0.492261 0.456822 0.344854 75.535658
0.278362 0.500000 0.257144 0.500000 0.500000 0.504167 0.500000 0.500000 0.500000 0.500000 54.159900
0.338622 0.214096 0.250595 0.557335 0.465056 0.575812 0.536099 0.513876 0.436484 0.489245 81.229770
0.284946 0.201982 0.250578 0.452638 0.449891 0.620217 0.505395 0.529069 0.371865 0.583893 77.982154
0.283878 0.303588 0.435517 0.365743 0.482340 0.649242 0.432451 0.689710 0.435924 0.475682 61.574359
0.278416 0.201193 0.280894 0.426122 0.637247 0.509303 0.395043 0.372098 0.529360 0.523688 76.463678
0.941617 0.576207 0.391963 0.315922 0.056256 0.156355 0.966746 0.991103 0.835495 0.906729 21.118035
0.237831 0.527567 0.239918 0.570934 0.471049 0.824905 0.467043 0.478657 0.475386 0.473435 53.492154
0.884407 0.438323 0.362632 0.611913 0.050344 0.079260 0.122576 0.306618 0.401700 0.696945 0.000000
0.072382 0.626801 0.664721 0.845373 0.357153 0.883795 0.485752 0.106915 0.372683 0.730664 39.419306
0.622478 0.751131 0.093919 0.242614 0.595272 0.065590 0.200240 0.174950 0.751022 0.078895 0.000000
0.287386 0.196925 0.243339 0.442814 0.536467 0.445291 0.551299 0.533757 0.369972 0.406362 78.696719
0.329240 0.237051 0.191603 0.664595 0.462819 0.550154 0.436774 0.540356 0.598345 0.518020 74.863393
0.320859 0.257263 0.288642 0.545188 0.439493 0.548047 0.438805 0.547194 0.436065 0.442259 78.854642
0.236919 0.221416 0.263774 0.534215 0.343389 0.462134 0.554962 0.508764 0.673752 0.560379 74.684913
0.231295 0.232381 0.229782 0.436477 0.070827 0.244777 0.766581 0.397324 0.640884 0.638334 54.532213
0.147825 0.580248 0.978941 0.422189 0.126833 0.031287 0.802869 0.839874 0.608497 0.048762 0.000000
0.181024 0.376467 0.095506 0.984160 0.107041 0.821279 0.555201 0.711871 0.915593 0.054188 27.973341
0.328735 0.236276 0.237031 0.551240 0.356368 0.512424 0.648418 0.504254 0.651564 0.353202 72.085078
0.330053 0.161701 0.208873 0.546780 0.506028 0.267247 0.450073 0.462335 0.587111 0.501916 72.259883
0.110973 0.222943 0.002708 0.117110 0.005654 0.516827 0.368198 0.840966 0.762129 0.349541 34.347949
0.329564 0.226110 0.202854 0.491988 0.620348 0.464964 0.412823 0.473498 0.494178 0.502811 78.450669
0.295405 0.238271 0.262569 0.420113 0.424944 0.376243 0.454148 0.491966 0.462867 0.483320 79.426314
0.258635 0.214461 0.280944 0.491577 0.497537 0.580598 0.349473 0.664339 0.537468 0.510968 75.766896
0.853343 0.542484 0.494239 0.336094 0.541985 0.362579 0.255127 0.984545 0.451424 0.384678 29.020645
0.349637 0.232706 0.136542 0.420635 0.417689 0.494401 0.742104 0.405661 0.678518 0.781409 60.983104
0.290831 0.089482 0.142056 0.487886 0.407696 0.464369 0.608280 0.432182 0.588217 0.508942 66.591415
0.532185 0.253475 0.944498 0.301724 0.876726 0.943458 0.622305 0.243277 0.922139 0.523244 0.000000
0.324855 0.255205 0.210959 0.645778 0.539835 0.520508 0.521114 0.497370 0.531865 0.465349 77.649929
0.328803 0.205635 0.272963 0.431805 0.500000 0.594302 0.468256 0.481399 0.522255 0.454789 81.221215
0.303904 0.326149 0.301445 0.545730 0.569181 0.543824 0.305176 0.560280 0.471440 0.468618 69.622518
0.286949 0.192856 0.266437 0.552098 0.435566 0.608392 0.503740 0.472262 0.361359 0.425193 77.648860
0.932744 0.898882 0.155490 0.507626 0.482180 0.334544 0.848905 0.482011 0.052480 0.129765 0.000000
0.306018 0.204114 0.236052 0.592288 0.407332 0.490416 0.450678 0.240533 0.373353 0.532461 71.356977
0.229539 0.521568 0.692895 0.884280 0.894769 0.892499 0.746594 0.930190 0.150039 0.377696 31.179203
0.243253 0.221847 0.348081 0.531429 0.574582 0.667177 0.513447 0.593709 0.500000 0.478974 73.746995
0.362626 0.193116 0.272095 0.465015 0.379387 0.415609 0.460959 0.476830 0.557478 0.526050 77.404193
0.272356 0.179827 0.250898 0.480158 0.646784 0.558598 0.443150 0.504158 0.537375 0.557865 78.504648
0.347825 0.226913 0.274375 0.461994 0.501815 0.466833 0.545929 0.477603 0.484568 0.521916 82.242988
0.297311 0.228801 0.226701 0.423031 0.447822 0.410132 0.605852 0.369876 0.523761 0.562763 76.743522
0.332433 0.230078 0.431809 0.458018 0.471476 0.487457 0.589421 0.434623 0.430797 0.638478 67.121685
0.243816 0.220198 0.244736 0.453150 0.406620 0.499196 0.529471 0.521770 0.606538 0.601483 78.533182
0.286976 0.175308 0.241502 0.439173 0.557903 0.681254 0.649931 0.500000 0.500000 0.472224 74.682209
0.304242 0.193921 0.288151 0.432534 0.607602 0.527676 0.528851 0.574090 0.596899 0.530738 78.578690
0.282423 0.203729 0.194371 0.412661 0.423768 0.441344 0.612861 0.461289 0.480786 0.513477 77.621875
0.240698 0.223081 0.257223 0.563798 0.500000 0.507264 0.445493 0.493170 0.511248 0.500000 83.158292
0.315648 0.190634 0.310141 0.392725 0.272350 0.576021 0.529192 0.534460 0.885855 0.624608 61.451590
0.241495 0.206860 0.272924 0.504599 0.474736 0.527822 0.563164 0.536414 0.558585 0.504454 82.361729
0.350083 0.131754 0.251621 0.558851 0.493946 0.641413 0.441368 0.520900 0.490851 0.522112 74.225809
0.223153 0.203672 0.222922 0.419647 0.445754 0.182750 0.472612 0.448190 0.629363 0.513074 68.089984
0.223271 0.256420 0.259418 0.571047 0.603196 0.553092 0.443340 0.471934 0.576357 0.504678 77.192810
0.251840 0.208972 0.236308 0.345557 0.568262 0.497793 0.537703 0.524503 0.610990 0.591875 76.401820
0.278362 0.214470 0.500000 0.500000 0.500000 0.504167 0.499951 0.500000 0.500000 0.500000 63.102450
0.087600 0.547906 0.453168 0.839654 0.966664 0.784051 0.257053 0.046643 0.174582 0.734647 30.205772
0.289431 0.204318 0.511585 0.501770 0.357754 0.425510 0.512259 0.439399 0.456885 0.484656 60.039902
0.264678 0.196458 0.280295 0.525461 0.701664 0.504167 0.511734 0.572207 0.504511 0.500000 77.001156
0.306016 0.203211 0.285497 0.444674 0.413757 0.487415 0.384445 0.523130 0.571906 0.460253 79.202155
0.365473 0.692519 0.107820 0.620920 0.533724 0.344357 0.054276 0.501461 0.019583 0.238763 47.134683
0.294028 0.220555 0.262883 0.484634 0.533555 0.543946 0.425186 0.601557 0.505847 0.510968 81.992614
0.267568 0.250078 0.228463 0.532694 0.538643 0.495688 0.440988 0.409980 0.583814 0.551708 79.329127
0.211467 0.263069 0.244778 0.481378 0.426962 0.424500 0.608289 0.544561 0.393165 0.348568 72.870610
0.225108 0.206467 0.268517 0.534429 0.411986 0.460381 0.418135 0.474072 0.573708 0.423339 78.336926
0.282131 0.233900 0.227802 0.527091 0.543621 0.377087 0.615546 0.458864 0.515572 0.468118 78.692331
0.285192 0.190016 0.268795 0.513586 0.562914 0.445700 0.446358 0.521761 0.500000 0.458995 82.820017
0.257470 0.190930 0.316750 0.386142 0.595130 0.532288 0.380747 0.533835 0.427535 0.518980 75.678089
0.233358 0.222478 0.274719 0.502519 0.435488 0.432254 0.447135 0.461488 0.475304 0.329730 76.872369
0.290057 0.213349 0.231071 0.592979 0.398083 0.518137 0.572652 0.537934 0.532192 0.345074 76.808941
0.317103 0.219077 0.210934 0.443072 0.405838 0.589766 0.537085 0.543944 0.491671 0.606917 77.833250
0.788360 0.020695 0.250422 0.656465 0.421820 0.481722 0.790933 0.040795 0.846006 0.039896 0.000000
0.278302 0.192738 0.237758 0.545643 0.432815 0.542668 0.528210 0.340190 0.283031 0.451593 73.071529
0.278293 0.216852 0.223788 0.469328 0.390647 0.470798 0.557991 0.463658 0.500000 0.592075 79.906780
0.296824 0.226034 0.312575 0.475297 0.524221 0.458828 0.521048 0.438977 0.638635 0.540591 78.545090
0.339663 0.210525 0.698057 0.530973 0.460766 0.763732 0.841752 0.189628 0.926648 0.866888 0.000000
0.115430 0.773734 0.543595 0.466718 0.657143 0.771381 0.562783 0.313885 0.964745 0.089022 0.000000
0.872195 0.992036 0.764587 0.627331 0.370231 0.586649 0.951017 0.910851 0.004684 0.094799 0.000000
0.197023 0.225136 0.255884 0.532826 0.469312 0.315464 0.510500 0.517087 0.495795 0.565053 75.338288
0.830762 0.560666 0.259110 0.214834 0.298509 0.026798 0.997707 0.917487 0.538393 0.212033 0.000000
0.318107 0.206049 0.264359 0.543713 0.550224 0.634583 0.521398 0.564984 0.467181 0.522627 79.801388
0.278956 0.221983 0.268171 0.578257 0.565349 0.491293 0.477366 0.485503 0.485731 0.375475 80.488257
0.209017 0.316130 0.036992 0.433825 0.680564 0.927592 0.891973 0.384265 0.138590 0.347159 39.116593
0.250228 0.242602 0.279923 0.447452 0.418233 0.558513 0.489751 0.372009 0.500000 0.606423 77.110575
0.481904 0.667775 0.323599 0.809101 0.124931 0.525580 0.893017 0.182333 0.791927 0.225213 28.803461
0.154042 0.703874 0.736630 0.468104 0.203881 0.058594 0.108690 0.353178 0.006374 0.119414 0.000000
0.297291 0.218475 0.279054 0.445259 0.500000 0.504167 0.458731 0.477912 0.537071 0.559488 83.694078
0.304093 0.238757 0.298433 0.500640 0.648801 0.477276 0.624033 0.528725 0.484025 0.471033 77.223368
0.243891 0.223668 0.209176 0.444461 0.490222 0.508080 0.644103 0.284725 0.433651 0.542573 72.770285
0.292471 0.183574 0.261579 0.523183 0.544745 0.506955 0.584017 0.492851 0.503641 0.524111 82.888507
0.254582 0.212838 0.213998 0.494444 0.551235 0.462607 0.514766 0.613378 0.537843 0.597162 78.839716
0.293473 0.247916 0.021550 0.498721 0.514346 0.347160 0.494537 0.578134 0.450238 0.426283 61.333325
0.204392 0.242058 0.237249 0.578398 0.593314 0.493833 0.390700 0.534466 0.306779 0.418829 72.117092
0.546580 0.069438 0.998485 0.357389 0.509909 0.649133 0.106444 0.753108 0.887102 0.197511 0.000000
0.278748 0.193182 0.272390 0.335855 0.429940 0.474786 0.399938 0.480048 0.464422 0.569682 76.942250
0.538544 0.543904 0.574529 0.774778 0.361932 0.798220 0.281775 0.659897 0.387209 0.955593 36.154695
0.290124 0.193823 0.289031 0.506442 0.534046 0.342194 0.420656 0.583950 0.376028 0.538731 75.771214
0.329756 0.223325 0.211732 0.419483 0.466449 0.369262 0.510040 0.470196 0.409957 0.531692 77.497756
0.348351 0.206416 0.305160 0.427779 0.529012 0.507653 0.645078 0.605065 0.347455 0.405958 72.894916
0.318191 0.199079 0.256230 0.587266 0.549652 0.546879 0.418402 0.381907 0.501455 0.478436 78.997997
0.114964 0.773173 0.281929 0.274694 0.573618 0.469789 0.365662 0.957909 0.543658 0.327374 45.584274
0.321666 0.188735 0.241617 0.514072 0.424513 0.397445 0.383865 0.448853 0.553596 0.543360 77.903221
0.335026 0.204833 0.231496 0.525250 0.477512 0.485998 0.660269 0.503586 0.364858 0.461738 76.484716
0.352277 0.162831 0.198127 0.634334 0.524732 0.381672 0.534061 0.432922 0.553949 0.422694 73.186477
0.349575 0.273957 0.246602 0.467835 0.482129 0.518330 0.584981 0.553864 0.397702 0.481027 76.813789
0.198200 0.235815 0.254831 0.630579 0.532039 0.471879 0.611365 0.574946 0.498450 0.484939 75.603263
0.290903 0.203426 0.258020 0.340886 0.645311 0.572587 0.554266 0.580268 0.550628 0.535537 75.420744
0.273130 0.246681 0.282458 0.475548 0.472271 0.407020 0.468398 0.547545 0.518983 0.376888 78.972604
0.259224 0.207576 0.217801 0.445988 0.580331 0.402549 0.518958 0.540024 0.428845 0.533242 79.256622
0.221413 0.188248 0.211012 0.566151 0.455173 0.455204 0.411978 0.589594 0.369844 0.495374 75.341795
0.293457 0.237937 0.279281 0.379583 0.625753 0.581852 0.465005 0.602499 0.626071 0.500000 74.986233
0.286028 0.216348 0.193486 0.335026 0.481710 0.468163 0.409851 0.530929 0.445977 0.428948 75.945199
0.311102 0.206796 0.257790 0.522866 0.603240 0.604727 0.517382 0.442160 0.454920 0.397209 78.572581
0.295769 0.201177 0.257038 0.541265 0.477550 0.560792 0.513002 0.409900 0.506172 0.518340 82.868134
0.311084 0.206191 0.272150 0.515390 0.587510 0.502067 0.503779 0.419149 0.517649 0.638668 79.080707
0.298059 0.248015 0.214471 0.614189 0.334059 0.501079 0.687973 0.489132 0.542337 0.509565 72.808974
0.337003 0.223511 0.293199 0.446285 0.566989 0.515968 0.484396 0.576581 0.458644 0.427803 79.626945
0.324438 0.202771 0.263545 0.402674 0.509119 0.482995 0.460321 0.499855 0.497317 0.569899 81.716404
0.227989 0.229289 0.291020 0.541328 0.657907 0.597432 0.525769 0.215159 0.492893 0.552802 68.916167
0.231080 0.051001 0.819957 0.645736 0.289271 0.525667 0.519638 0.401343 0.899051 0.285295 0.000000
0.300757 0.220569 0.155230 0.492862 0.454640 0.539699 0.402103 0.564036 0.733489 0.395787 70.061549
0.261185 0.223902 0.266532 0.457371 0.495725 0.639529 0.595163 0.548867 0.590309 0.489774 78.058398
0.751649 0.738314 0.781951 0.783941 0.915886 0.498285 0.319619 0.901000 0.842964 0.464231 0.000000
0.165166 0.659094 0.030361 0.130779 0.052763 0.969485 0.931118 0.913707 0.298239 0.294238 32.988940
0.242688 0.262794 0.142641 0.476246 0.471896 0.493624 0.403768 0.550367 0.513207 0.490654 73.706166
0.244907 0.123843 0.223627 0.411300 0.454426 0.429286 0.525016 0.425912 0.474587 0.445511 73.982688
0.289262 0.237730 0.287943 0.462996 0.649208 0.460936 0.476872 0.651340 0.421529 0.567903 75.387919
0.289849 0.242849 0.309221 0.512894 0.477070 0.706345 0.610988 0.536006 0.570179 0.433341 73.810350
0.205484 0.932551 0.236426 0.435789 0.458941 0.227521 0.580798 0.440509 0.653206 0.534283 51.011451
0.293198 0.224503 0.189898 0.453865 0.478253 0.425883 0.589552 0.438317 0.403856 0.404122 76.520728
0.301987 0.182012 0.277575 0.461373 0.564278 0.624289 0.356518 0.494034 0.489143 0.453949 77.043501
0.296784 0.223741 0.232578 0.158670 0.448412 0.623633 0.498388 0.356918 0.410477 0.511610 66.805006
0.304970 0.214055 0.236259 0.521426 0.492386 0.469546 0.531809 0.456567 0.459182 0.583416 82.920142
0.215056 0.210895 0.234789 0.498335 0.472883 0.490138 0.496596 0.425402 0.582820 0.479243 79.858790
0.283889 0.227260 0.264564 0.534404 0.381976 0.530828 0.683765 0.350931 0.423544 0.494007 73.992242
0.280684 0.216791 0.297982 0.379675 0.548825 0.463415 0.558039 0.582997 0.450529 0.452182 78.659490
0.305237 0.223006 0.324093 0.441307 0.525438 0.459141 0.443923 0.505335 0.452880 0.482208 80.191206
0.859683 0.794327 0.131408 0.306739 0.570055 0.005639 0.137250 0.613776 0.611736 0.168471 0.000000
0.140125 0.066971 0.598456 0.837921 0.266153 0.724291 0.608086 0.083771 0.213635 0.091195 0.000000
0.280717 0.207669 0.259941 0.534478 0.382497 0.486175 0.481466 0.420816 0.505987 0.505453 81.497608
0.261195 0.239044 0.293078 0.492385 0.506249 0.592551 0.610822 0.506341 0.524702 0.592941 78.532881
0.283649 0.205480 0.224867 0.526161 0.533374 0.481350 0.703037 0.397209 0.410104 0.461233 75.161402
0.326475 0.208039 0.272241 0.426005 0.426516 0.516676 0.492271 0.439692 0.644898 0.416191 77.479723
0.301813 0.226154 0.306318 0.449467 0.540800 0.503809 0.458954 0.513892 0.581117 0.500000 81.341400
0.812948 0.704086 0.585531 0.694546 0.201111 0.272517 0.863537 0.242662 0.973222 0.240730 0.000000
0.253127 0.177946 0.263095 0.492703 0.614294 0.547598 0.524288 0.621199 0.448156 0.618313 76.242173
0.277428 0.238769 0.259636 0.438058 0.378719 0.550499 0.566145 0.412000 0.436471 0.531891 78.355702
0.313379 0.190549 0.286224 0.507245 0.543092 0.496806 0.358102 0.495218 0.483320 0.500000 80.046164
0.319911 0.199822 0.253188 0.550346 0.512494 0.380230 0.514656 0.431263 0.488685 0.505096 80.752553
# OSA solutions
0.305527 0.215007 0.252066 0.523018 0.465757 0.454850 0.485646 0.549751 0.497557 0.485149 85.018625
0.296950 0.214652 0.254424 0.501849 0.503918 0.499062 0.497765 0.502580 0.536155 0.548564 86.418469
0.314969 0.229113 0.234703 0.502706 0.481334 0.504167 0.511464 0.466932 0.452355 0.484881 84.500160
0.283061 0.230566 0.284042 0.542193 0.507642 0.492486 0.519690 0.500000 0.492994 0.507139 85.373769
0.302786 0.215083 0.268452 0.471617 0.527080 0.414271 0.510550 0.508130 0.473064 0.489980 84.023645
0.298313 0.213117 0.276944 0.484049 0.491876 0.465103 0.532890 0.570296 0.471594 0.488161 84.219627
0.276256 0.221001 0.223741 0.503789 0.519086 0.493403 0.496375 0.517444 0.520084 0.531602 85.231732
0.295956 0.214461 0.286044 0.447778 0.472389 0.495439 0.505554 0.461856 0.478623 0.478308 84.520885
0.283544 0.208438 0.286075 0.476956 0.434544 0.524995 0.488706 0.542649 0.490962 0.523942 83.904645
0.297015 0.242350 0.250676 0.499866 0.539525 0.469867 0.480160 0.490485 0.533627 0.519526 84.573184
0.273079 0.201317 0.246884 0.557748 0.435811 0.504740 0.477504 0.488716 0.498451 0.516829 84.190647
0.269057 0.209469 0.244109 0.511286 0.447600 0.472571 0.535413 0.535822 0.507696 0.485603 84.813273
0.269139 0.224118 0.264695 0.527910 0.560713 0.528588 0.516788 0.520883 0.510960 0.457327 84.379342
0.257803 0.191600 0.257079 0.489711 0.490085 0.473376 0.497299 0.479508 0.467723 0.501847 84.909890
0.294519 0.206362 0.242236 0.467827 0.490567 0.488369 0.476686 0.516053 0.472748 0.538117 85.749678
0.274980 0.200683 0.261776 0.455438 0.548916 0.556166 0.504913 0.468969 0.504977 0.485113 84.194982
0.297118 0.209653 0.241572 0.542503 0.508181 0.539834 0.485739 0.541219 0.561026 0.518955 84.103352
0.286648 0.214373 0.288249 0.529815 0.556412 0.521952 0.525944 0.475660 0.506624 0.543741 83.911710
0.291591 0.220430 0.284720 0.473181 0.527149 0.486335 0.447600 0.511215 0.485312 0.464727 84.576295
0.275742 0.223821 0.253842 0.487476 0.507353 0.481760 0.439478 0.502572 0.486260 0.496217 85.818707
0.290006 0.192074 0.249505 0.498275 0.532061 0.486221 0.507305 0.527381 0.489466 0.500000 85.938931
0.288625 0.199186 0.295757 0.497337 0.531719 0.513199 0.447546 0.491969 0.502193 0.511638 84.016560
0.282601 0.215797 0.272648 0.491490 0.443432 0.525005 0.502973 0.495604 0.443492 0.456870 84.310764
0.276193 0.194669 0.276841 0.532986 0.499524 0.540782 0.517460 0.520502 0.559400 0.514951 83.961486
0.251608 0.223041 0.243502 0.469233 0.485587 0.457069 0.502575 0.504766 0.506932 0.543848 84.274183
0.286805 0.208622 0.276356 0.462653 0.504507 0.492172 0.431569 0.523304 0.552212 0.472439 83.823587
0.302157 0.210784 0.234040 0.501168 0.512399 0.515978 0.485343 0.548491 0.445453 0.484235 84.634897
0.300993 0.207468 0.284337 0.498311 0.526804 0.513566 0.539752 0.482243 0.502502 0.503841 85.452972
0.301136 0.212067 0.272518 0.490323 0.486948 0.513911 0.520855 0.493928 0.539072 0.561018 85.033559
0.276218 0.242074 0.266197 0.492644 0.538952 0.476078 0.487719 0.514433 0.492141 0.564953 83.852130
0.275064 0.187208 0.231198 0.508812 0.505976 0.523714 0.488557 0.465935 0.544401 0.517033 83.942393
0.302883 0.207167 0.260815 0.500515 0.514215 0.429888 0.529454 0.523355 0.522152 0.523039 84.737476
0.303129 0.201657 0.255190 0.544677 0.534378 0.499318 0.510318 0.470869 0.462150 0.463971 84.768632
0.314449 0.210460 0.256894 0.528831 0.535841 0.525570 0.463786 0.507595 0.546704 0.525224 84.561562
0.257367 0.218509 0.226470 0.504639 0.530447 0.528393 0.512299 0.501779 0.537366 0.491854 84.345375
0.308174 0.194351 0.237252 0.500000 0.568475 0.513089 0.489405 0.500000 0.523612 0.522123 84.051080
0.283973 0.221710 0.279318 0.454466 0.462643 0.493898 0.454963 0.509343 0.451137 0.526443 84.055810
0.288550 0.198604 0.270745 0.476023 0.471110 0.436462 0.521530 0.493410 0.453979 0.513408 84.218122
0.270485 0.216961 0.257192 0.567615 0.536010 0.475446 0.538287 0.503999 0.456014 0.494262 84.059194
0.286324 0.214161 0.253955 0.457076 0.495021 0.518371 0.500414 0.453946 0.504856 0.574094 84.339814
0.260946 0.216043 0.261566 0.504549 0.533147 0.450452 0.456623 0.502602 0.477713 0.541701 84.304458
0.295191 0.220961 0.278593 0.520540 0.442946 0.501608 0.466934 0.466420 0.444380 0.511331 83.964840
0.244477 0.212067 0.263494 0.530241 0.477276 0.500018 0.481053 0.511234 0.500000 0.487462 84.909942
0.298828 0.206148 0.267801 0.474691 0.488660 0.468483 0.495904 0.511319 0.572773 0.524049 84.620747
0.282164 0.209695 0.255704 0.484073 0.472533 0.519921 0.460150 0.409530 0.486501 0.489772 83.842217
0.279722 0.240761 0.255085 0.493717 0.564325 0.532155 0.502454 0.476712 0.494698 0.536582 83.999014
0.278677 0.208022 0.263927 0.571009 0.488129 0.461895 0.485064 0.527643 0.510713 0.511360 84.741339
0.313760 0.217473 0.278749 0.568734 0.498936 0.505207 0.515186 0.517378 0.495054 0.465352 84.222712
0.289098 0.198084 0.261792 0.502752 0.469919 0.465275 0.453618 0.536732 0.522207 0.482819 84.924911
0.258453 0.204987 0.243750 0.536310 0.445490 0.548599 0.503378 0.499069 0.519213 0.486723 84.022395
0.293625 0.190051 0.251624 0.456657 0.514671 0.496040 0.533578 0.528813 0.512817 0.522894 84.845451
0.305828 0.211857 0.233991 0.502747 0.527267 0.491312 0.557639 0.497638 0.491039 0.557951 84.139863
0.318468 0.210206 0.255665 0.487673 0.476289 0.488284 0.549628 0.552030 0.552872 0.502824 83.842522
0.294108 0.207722 0.254612 0.475210 0.546740 0.536968 0.462087 0.464583 0.488393 0.485642 85.045288
0.300478 0.198844 0.237340 0.553177 0.514238 0.512895 0.445934 0.506895 0.513674 0.538149 84.009211
0.276370 0.217568 0.274486 0.456794 0.551104 0.477753 0.496610 0.487615 0.497004 0.517308 85.219628
0.293992 0.222549 0.241266 0.491758 0.502979 0.463045 0.510212 0.472035 0.552072 0.481135 85.303352
0.295272 0.210640 0.261527 0.510507 0.450806 0.560181 0.531581 0.487572 0.531117 0.456643 84.179187
0.311495 0.222947 0.266018 0.476805 0.474634 0.577518 0.528493 0.499656 0.519261 0.500000 84.110476
0.267524 0.203992 0.245613 0.535746 0.529804 0.494064 0.483135 0.433767 0.505286 0.517300 84.429442
0.266307 0.215107 0.270343 0.520440 0.500000 0.538004 0.468974 0.533504 0.517776 0.495040 85.452190
0.274341 0.208981 0.236563 0.523853 0.494529 0.552959 0.465513 0.491399 0.540175 0.543351 84.167907
0.292553 0.219644 0.239362 0.495332 0.473452 0.491636 0.509416 0.434006 0.497255 0.528595 85.081735
0.291214 0.212067 0.263582 0.530241 0.477276 0.500018 0.481053 0.521220 0.500000 0.487462 87.089864
0.340838 0.223596 0.251895 0.489031 0.525552 0.493592 0.488459 0.493808 0.489981 0.504532 84.299826
0.301010 0.229571 0.263973 0.497798 0.512556 0.444351 0.487451 0.535090 0.478315 0.543417 84.624084
0.305149 0.228236 0.260146 0.493177 0.487733 0.442788 0.494485 0.516853 0.496081 0.479335 85.531042
0.287292 0.233919 0.234950 0.532928 0.521512 0.472995 0.521527 0.520373 0.483988 0.472360 84.877871
0.265572 0.220810 0.280302 0.484994 0.522300 0.457985 0.545036 0.501449 0.462670 0.535381 84.045521
0.261496 0.214283 0.238843 0.462928 0.532167 0.469462 0.501020 0.520932 0.563247 0.509260 83.957224
0.293818 0.218123 0.272140 0.503032 0.451323 0.504536 0.476438 0.460640 0.546227 0.530988 84.714895
0.287982 0.213050 0.277837 0.485596 0.552958 0.492108 0.463253 0.477617 0.506699 0.438203 84.189818
0.301131 0.208587 0.222364 0.484261 0.469624 0.504504 0.538530 0.492371 0.490849 0.500801 84.881083
0.288220 0.237787 0.249732 0.566079 0.493334 0.530295 0.544331 0.495275 0.521971 0.524801 83.874957
0.282117 0.224081 0.234360 0.489041 0.474903 0.542762 0.551440 0.514453 0.522680 0.503036 84.742330
0.305138 0.236940 0.259704 0.529398 0.546580 0.506215 0.560827 0.500346 0.526616 0.501602 83.996190
0.261890 0.230989 0.265569 0.546548 0.497411 0.480076 0.495456 0.506982 0.493639 0.555818 84.416143
0.272093 0.218542 0.237449 0.543261 0.477302 0.505384 0.516922 0.574731 0.492668 0.500000 84.119575
0.267121 0.226843 0.260284 0.502430 0.509805 0.547080 0.442196 0.486148 0.482588 0.543897 84.228148
0.301779 0.240319 0.276107 0.533404 0.466787 0.546363 0.489236 0.501789 0.532026 0.508232 83.993469
0.287614 0.216899 0.281184 0.483627 0.499627 0.562576 0.505669 0.495056 0.537243 0.491011 84.932279
0.283382 0.198693 0.280403 0.468208 0.498642 0.444254 0.531271 0.517443 0.508441 0.529560 84.361577
0.320626 0.205719 0.248079 0.466680 0.502794 0.454764 0.487204 0.475783 0.444994 0.490884 84.049617
0.298186 0.201084 0.278301 0.528933 0.468645 0.518013 0.490074 0.508474 0.512961 0.449740 84.915682
0.291460 0.203468 0.295856 0.507246 0.520394 0.511708 0.489414 0.484211 0.521998 0.478274 84.820790
0.285497 0.217122 0.245650 0.471815 0.578556 0.451815 0.509043 0.503745 0.495298 0.483401 84.240113
0.302468 0.199924 0.227544 0.472186 0.462091 0.527065 0.497705 0.495605 0.477407 0.477645 84.582671
0.260213 0.220415 0.253509 0.490176 0.512555 0.499565 0.529726 0.490875 0.417228 0.467122 83.831552
0.274099 0.224441 0.276274 0.510403 0.479119 0.515775 0.490503 0.470853 0.422530 0.487923 84.195581
0.332335 0.219616 0.240562 0.493901 0.483591 0.501123 0.514423 0.462518 0.457113 0.524254 83.918485
0.290595 0.210777 0.226088 0.558347 0.494609 0.477134 0.518988 0.468557 0.517305 0.519694 84.384908
0.271461 0.218122 0.253246 0.447999 0.440405 0.528337 0.502105 0.504116 0.531291 0.467942 84.292445
0.299194 0.218762 0.224820 0.449026 0.492432 0.486249 0.497972 0.441731 0.522574 0.494506 83.975275
0.297849 0.220379 0.253511 0.464432 0.468465 0.506108 0.494445 0.442855 0.494179 0.530401 85.211981
0.294919 0.233997 0.267790 0.500000 0.500000 0.493872 0.481053 0.457666 0.489109 0.570715 84.322292
0.272073 0.210359 0.280296 0.523837 0.518234 0.540318 0.487560 0.479449 0.491902 0.543898 84.911734
0.303970 0.225382 0.282174 0.566571 0.502013 0.487015 0.516476 0.480441 0.482009 0.528407 84.262204
0.283894 0.233030 0.243923 0.548690 0.495799 0.479168 0.507435 0.500000 0.516346 0.541262 85.091346
0.293818 0.207612 0.272140 0.503032 0.451323 0.504536 0.525664 0.460640 0.546227 0.530988 84.628079
0.258529 0.213243 0.291962 0.518394 0.522218 0.545559 0.471546 0.485517 0.514458 0.500000 83.931240
0.270509 0.212095 0.267602 0.530309 0.498807 0.466173 0.459679 0.500000 0.463425 0.500000 85.443685
0.302027 0.223278 0.267971 0.518149 0.450685 0.565782 0.502660 0.500000 0.516181 0.500000 84.659043
0.268412 0.201642 0.246018 0.495997 0.515728 0.481753 0.482446 0.462572 0.564918 0.495340 84.577849
0.287557 0.213621 0.261719 0.545499 0.551665 0.472429 0.518708 0.477705 0.473982 0.484560 85.121394
0.303161 0.226952 0.250184 0.492093 0.502270 0.471748 0.582516 0.483355 0.484499 0.542174 83.847897
0.299236 0.229325 0.238843 0.460519 0.509594 0.485600 0.525790 0.500000 0.523719 0.560710 84.420102
0.289295 0.203813 0.233851 0.514434 0.480019 0.523320 0.448382 0.446242 0.475603 0.537177 83.934583
0.283567 0.204602 0.257651 0.485929 0.473181 0.456479 0.469443 0.482274 0.518202 0.581976 83.842304
0.259079 0.217126 0.258024 0.478276 0.513930 0.538597 0.482327 0.497052 0.492683 0.500637 85.929274
0.310331 0.231498 0.250002 0.484842 0.548072 0.523067 0.472642 0.464510 0.445729 0.513461 83.906155
0.320315 0.204526 0.245798 0.485337 0.478305 0.533669 0.524149 0.548271 0.478413 0.520068 84.381623
0.276083 0.219442 0.289548 0.494450 0.501472 0.512250 0.453562 0.479650 0.485676 0.442122 84.070639
0.283579 0.207812 0.245981 0.497367 0.500000 0.501464 0.417173 0.525020 0.484272 0.537321 84.333678
0.306305 0.238185 0.253743 0.524048 0.561877 0.519833 0.490722 0.467604 0.529182 0.480348 83.957005
0.292699 0.220298 0.254059 0.518132 0.512129 0.460591 0.574065 0.493660 0.469245 0.544272 84.099810
0.292199 0.227228 0.222001 0.504958 0.534802 0.472983 0.521607 0.547645 0.466075 0.496623 83.903879
0.312366 0.212864 0.265120 0.510904 0.507292 0.488297 0.421474 0.491855 0.476277 0.483005 84.476706
0.301797 0.220742 0.226534 0.516078 0.470941 0.538613 0.465370 0.521702 0.446418 0.493387 83.896499
0.292085 0.206135 0.246463 0.422383 0.482214 0.536404 0.483704 0.505268 0.492753 0.529504 84.383108
0.283579 0.210398 0.243715 0.500432 0.477350 0.490287 0.578069 0.468232 0.535204 0.479461 84.249346
