# gen=400 party 0 competing subpops
# subpop_id x0..xd fitness
0 0.286807 0.500000 0.500000 0.500000 0.500000 0.500435 0.500000 0.500000 0.500000 0.500000 86.969443
0 0.278362 0.500000 0.500000 0.500000 0.500000 0.504167 0.500000 0.500000 0.500000 0.500000 88.217774
0 0.288135 0.500000 0.500000 0.500000 0.500000 0.501960 0.500000 0.500000 0.500000 0.500000 86.970332
0 0.286499 0.500000 0.500000 0.500000 0.500000 0.500422 0.500000 0.500000 0.500000 0.500000 86.967980
0 0.288249 0.500000 0.500000 0.500000 0.500000 0.500354 0.500000 0.500000 0.500000 0.500000 86.972299
0 0.289440 0.500000 0.500000 0.500000 0.500000 0.500515 0.500000 0.500000 0.500000 0.500000 86.969505
0 0.290613 0.500000 0.500000 0.500000 0.500000 0.500176 0.500000 0.500000 0.500000 0.500000 86.962497
0 0.287936 0.500000 0.500000 0.500000 0.500000 0.500217 0.500000 0.500000 0.500000 0.500000 86.972298
0 0.288197 0.500000 0.500000 0.500000 0.500000 0.502371 0.500000 0.500000 0.500000 0.500000 86.969374
0 0.288414 0.500000 0.500000 0.500000 0.500000 0.499071 0.500000 0.500000 0.500000 0.500000 86.971800
0 0.287744 0.500000 0.500000 0.500000 0.500000 0.499164 0.500000 0.500000 0.500000 0.500000 86.971766
0 0.286767 0.500000 0.500000 0.500000 0.500000 0.500790 0.500000 0.500000 0.500000 0.500000 86.969037
0 0.287519 0.500000 0.500000 0.500000 0.500000 0.500939 0.500000 0.500000 0.500000 0.500000 86.971303
0 0.286390 0.500000 0.500000 0.500000 0.500000 0.502043 0.500000 0.500000 0.500000 0.500000 86.965257
0 0.287250 0.500000 0.500000 0.500000 0.500000 0.502326 0.500000 0.500000 0.500000 0.500000 86.968232
0 0.286571 0.500000 0.500000 0.500000 0.500000 0.500708 0.500000 0.500000 0.500000 0.500000 86.968181
0 0.286748 0.500000 0.500000 0.500000 0.500000 0.501899 0.500000 0.500000 0.500000 0.500000 86.967360
0 0.288081 0.500000 0.500000 0.500000 0.500000 0.501628 0.500000 0.500000 0.500000 0.500000 86.970965
0 0.287652 0.500000 0.500000 0.500000 0.500000 0.501747 0.500000 0.500000 0.500000 0.500000 86.970379
0 0.287314 0.500000 0.500000 0.500000 0.500000 0.500490 0.500000 0.500000 0.500000 0.500000 86.971172
1 0.249313 0.500000 0.500000 0.500000 0.500000 0.495728 0.500000 0.500000 0.500000 0.500000 85.108167
1 0.292825 0.500000 0.500000 0.500000 0.500000 0.530820 0.500000 0.500000 0.500000 0.500000 86.470318
1 0.264681 0.500000 0.500000 0.500000 0.500000 0.555534 0.500000 0.500000 0.500000 0.500000 85.047640
1 0.255447 0.500000 0.500000 0.500000 0.500000 0.487270 0.500000 0.500000 0.500000 0.500000 85.514844
1 0.289080 0.500000 0.500000 0.500000 0.500000 0.582544 0.500000 0.500000 0.500000 0.500000 84.409769
1 0.263871 0.500000 0.500000 0.500000 0.500000 0.489802 0.500000 0.500000 0.500000 0.500000 86.095209
1 0.297384 0.500000 0.500000 0.500000 0.500000 0.534531 0.500000 0.500000 0.500000 0.500000 86.276509
1 0.275955 0.500000 0.500000 0.500000 0.500000 0.508820 0.500000 0.500000 0.500000 0.500000 86.703662
1 0.333810 0.500000 0.500000 0.500000 0.500000 0.519969 0.500000 0.500000 0.500000 0.500000 84.449114
1 0.270653 0.500000 0.500000 0.500000 0.500000 0.459913 0.500000 0.500000 0.500000 0.500000 85.834069
1 0.308319 0.500000 0.500000 0.500000 0.500000 0.532247 0.500000 0.500000 0.500000 0.500000 85.936756
1 0.276729 0.500000 0.500000 0.500000 0.500000 0.455666 0.500000 0.500000 0.500000 0.500000 85.900726
1 0.300656 0.500000 0.500000 0.500000 0.500000 0.553691 0.500000 0.500000 0.500000 0.500000 85.523848
1 0.251313 0.500000 0.500000 0.500000 0.500000 0.463675 0.500000 0.500000 0.500000 0.500000 84.835648
1 0.262020 0.500000 0.500000 0.500000 0.500000 0.468863 0.500000 0.500000 0.500000 0.500000 85.645485
1 0.267099 0.500000 0.500000 0.500000 0.500000 0.522815 0.500000 0.500000 0.500000 0.500000 86.105079
1 0.330003 0.500000 0.500000 0.500000 0.500000 0.522398 0.500000 0.500000 0.500000 0.500000 84.718513
1 0.288108 0.500000 0.500000 0.500000 0.500000 0.500326 0.500000 0.500000 0.500000 0.500000 86.972329
1 0.282805 0.500000 0.500000 0.500000 0.500000 0.555861 0.500000 0.500000 0.500000 0.500000 85.578020
1 0.266694 0.500000 0.500000 0.500000 0.500000 0.489949 0.500000 0.500000 0.500000 0.500000 86.261146
2 0.288135 0.500000 0.500000 0.500000 0.500000 0.500000 0.500000 0.500000 0.500000 0.500000 86.972387
2 0.288024 0.500000 0.500000 0.500000 0.500000 0.500392 0.500000 0.500000 0.500000 0.500000 86.972285
2 0.288261 0.500000 0.500000 0.500000 0.500000 0.499393 0.500000 0.500000 0.500000 0.500000 86.972164
2 0.287985 0.500000 0.500000 0.500000 0.500000 0.499800 0.500000 0.500000 0.500000 0.500000 86.972329
2 0.287614 0.500000 0.500000 0.500000 0.500000 0.499880 0.500000 0.500000 0.500000 0.500000 86.971940
2 0.287681 0.500000 0.500000 0.500000 0.500000 0.500394 0.500000 0.500000 0.500000 0.500000 86.971972
2 0.288286 0.500000 0.500000 0.500000 0.500000 0.500083 0.500000 0.500000 0.500000 0.500000 86.972347
2 0.287912 0.500000 0.500000 0.500000 0.500000 0.498689 0.500000 0.500000 0.500000 0.500000 86.971386
2 0.287803 0.500000 0.500000 0.500000 0.500000 0.500303 0.500000 0.500000 0.500000 0.500000 86.972160
2 0.288427 0.500000 0.500000 0.500000 0.500000 0.499176 0.500000 0.500000 0.500000 0.500000 86.971886
2 0.288135 0.500000 0.500000 0.500000 0.500000 0.500163 0.500000 0.500000 0.500000 0.500000 86.972373
2 0.288211 0.500000 0.500000 0.500000 0.500000 0.499652 0.500000 0.500000 0.500000 0.500000 86.972313
2 0.287550 0.500000 0.500000 0.500000 0.500000 0.499501 0.500000 0.500000 0.500000 0.500000 86.971702
2 0.287703 0.500000 0.500000 0.500000 0.500000 0.499501 0.500000 0.500000 0.500000 0.500000 86.971953
2 0.288398 0.500000 0.500000 0.500000 0.500000 0.499890 0.500000 0.500000 0.500000 0.500000 86.972269
3 0.314541 0.500000 0.500000 0.500000 0.500000 0.483552 0.500000 0.500000 0.500000 0.500000 85.895610
3 0.321426 0.500000 0.500000 0.500000 0.500000 0.492967 0.500000 0.500000 0.500000 0.500000 85.512300
3 0.277486 0.500000 0.500000 0.500000 0.500000 0.472969 0.500000 0.500000 0.500000 0.500000 86.444694
3 0.259992 0.500000 0.500000 0.500000 0.500000 0.500116 0.500000 0.500000 0.500000 0.500000 85.889735
3 0.287331 0.500000 0.500000 0.500000 0.500000 0.477509 0.500000 0.500000 0.500000 0.500000 86.711893
3 0.300084 0.500000 0.500000 0.500000 0.500000 0.512671 0.500000 0.500000 0.500000 0.500000 86.671391
3 0.288150 0.500000 0.500000 0.500000 0.500000 0.499996 0.500000 0.500000 0.500000 0.500000 86.972387
3 0.271174 0.500000 0.500000 0.500000 0.500000 0.509848 0.500000 0.500000 0.500000 0.500000 86.494670
3 0.316922 0.500000 0.500000 0.500000 0.500000 0.472606 0.500000 0.500000 0.500000 0.500000 85.563495
3 0.300169 0.500000 0.500000 0.500000 0.500000 0.485754 0.500000 0.500000 0.500000 0.500000 86.647853
3 0.281967 0.500000 0.500000 0.500000 0.500000 0.472142 0.500000 0.500000 0.500000 0.500000 86.528368
3 0.264287 0.500000 0.500000 0.500000 0.500000 0.522951 0.500000 0.500000 0.500000 0.500000 85.947619
3 0.275704 0.500000 0.500000 0.500000 0.500000 0.496334 0.500000 0.500000 0.500000 0.500000 86.726224
3 0.277234 0.500000 0.500000 0.500000 0.500000 0.507371 0.500000 0.500000 0.500000 0.500000 86.759340
3 0.275137 0.500000 0.500000 0.500000 0.500000 0.486552 0.500000 0.500000 0.500000 0.500000 86.623505
