# gen=400 party 3 competing subpops
# subpop_id x0..xd fitness
0 0.500000 0.500000 0.500000 0.500299 0.500000 0.500000 0.500000 0.500000 0.499574 0.500000 86.930038
0 0.500000 0.500000 0.500000 0.500135 0.500000 0.500000 0.500000 0.500000 0.498816 0.500000 86.929431
0 0.500000 0.500000 0.500000 0.506974 0.500000 0.500000 0.500000 0.500000 0.486699 0.500000 88.362156
0 0.500000 0.500000 0.500000 0.501653 0.500000 0.500000 0.500000 0.500000 0.500161 0.500000 86.928726
0 0.500000 0.500000 0.500000 0.500008 0.500000 0.500000 0.500000 0.500000 0.499333 0.500000 86.929946
0 0.500000 0.500000 0.500000 0.499691 0.500000 0.500000 0.500000 0.500000 0.500707 0.500000 86.929867
0 0.500000 0.500000 0.500000 0.499686 0.500000 0.500000 0.500000 0.500000 0.500047 0.500000 86.930128
0 0.500000 0.500000 0.500000 0.499830 0.500000 0.500000 0.500000 0.500000 0.499460 0.500000 86.930012
0 0.500000 0.500000 0.500000 0.500079 0.500000 0.500000 0.500000 0.500000 0.501567 0.500000 86.928883
0 0.500000 0.500000 0.500000 0.498467 0.500000 0.500000 0.500000 0.500000 0.499974 0.500000 86.928941
0 0.500000 0.500000 0.500000 0.499818 0.500000 0.500000 0.500000 0.500000 0.500129 0.500000 86.930155
0 0.500000 0.500000 0.500000 0.500182 0.500000 0.500000 0.500000 0.500000 0.498514 0.500000 86.928998
0 0.500000 0.500000 0.500000 0.500386 0.500000 0.500000 0.500000 0.500000 0.501087 0.500000 86.929479
0 0.500000 0.500000 0.500000 0.500260 0.500000 0.500000 0.500000 0.500000 0.500708 0.500000 86.929881
0 0.500000 0.500000 0.500000 0.499457 0.500000 0.500000 0.500000 0.500000 0.500650 0.500000 86.929802
0 0.500000 0.500000 0.500000 0.500742 0.500000 0.500000 0.500000 0.500000 0.500833 0.500000 86.929524
0 0.500000 0.500000 0.500000 0.500795 0.500000 0.500000 0.500000 0.500000 0.499324 0.500000 86.929607
0 0.500000 0.500000 0.500000 0.501162 0.500000 0.500000 0.500000 0.500000 0.500022 0.500000 86.929468
0 0.500000 0.500000 0.500000 0.500552 0.500000 0.500000 0.500000 0.500000 0.500331 0.500000 86.929963
0 0.500000 0.500000 0.500000 0.499794 0.500000 0.500000 0.500000 0.500000 0.498507 0.500000 86.928982
1 0.500000 0.500000 0.500000 0.500459 0.500000 0.500000 0.500000 0.500000 0.495844 0.500000 86.920967
1 0.500000 0.500000 0.500000 0.493868 0.500000 0.500000 0.500000 0.500000 0.497682 0.500000 86.907587
1 0.500000 0.500000 0.500000 0.492871 0.500000 0.500000 0.500000 0.500000 0.500924 0.500000 86.903033
1 0.500000 0.500000 0.500000 0.504923 0.500000 0.500000 0.500000 0.500000 0.505211 0.500000 86.903180
1 0.500000 0.500000 0.500000 0.495885 0.500000 0.500000 0.500000 0.500000 0.507845 0.500000 86.889045
1 0.500000 0.500000 0.500000 0.507559 0.500000 0.500000 0.500000 0.500000 0.497007 0.500000 86.895496
1 0.500000 0.500000 0.500000 0.499952 0.500000 0.500000 0.500000 0.500000 0.500049 0.500000 86.930178
1 0.500000 0.500000 0.500000 0.497275 0.500000 0.500000 0.500000 0.500000 0.499581 0.500000 86.926172
1 0.500000 0.500000 0.500000 0.494195 0.500000 0.500000 0.500000 0.500000 0.495582 0.500000 86.902223
1 0.500000 0.500000 0.500000 0.493003 0.500000 0.500000 0.500000 0.500000 0.507845 0.500000 86.872407
1 0.500000 0.500000 0.500000 0.495391 0.500000 0.500000 0.500000 0.500000 0.492273 0.500000 86.887751
1 0.500000 0.500000 0.500000 0.490800 0.500000 0.500000 0.500000 0.500000 0.494489 0.500000 86.870075
1 0.500000 0.500000 0.500000 0.507216 0.500000 0.500000 0.500000 0.500000 0.509905 0.500000 86.851927
1 0.500000 0.500000 0.500000 0.491824 0.500000 0.500000 0.500000 0.500000 0.499564 0.500000 86.895004
1 0.500000 0.500000 0.500000 0.503500 0.500000 0.500000 0.500000 0.500000 0.501867 0.500000 86.921887
2 0.500000 0.500000 0.500000 0.499200 0.500000 0.500000 0.500000 0.500000 0.500683 0.500000 86.929597
2 0.500000 0.500000 0.500000 0.500644 0.500000 0.500000 0.500000 0.500000 0.500089 0.500000 86.929958
2 0.500000 0.500000 0.500000 0.500259 0.500000 0.500000 0.500000 0.500000 0.500403 0.500000 86.930060
2 0.500000 0.500000 0.500000 0.500581 0.500000 0.500000 0.500000 0.500000 0.498985 0.500000 86.929460
2 0.500000 0.500000 0.500000 0.499459 0.500000 0.500000 0.500000 0.500000 0.499406 0.500000 86.929840
2 0.500000 0.500000 0.500000 0.499006 0.500000 0.500000 0.500000 0.500000 0.500819 0.500000 86.929306
2 0.500000 0.500000 0.500000 0.500000 0.500000 0.500000 0.500000 0.500000 0.500000 0.500000 86.930181
2 0.500000 0.500000 0.500000 0.501103 0.500000 0.500000 0.500000 0.500000 0.499397 0.500000 86.929347
2 0.500000 0.500000 0.500000 0.500295 0.500000 0.500000 0.500000 0.500000 0.500053 0.500000 86.930133
2 0.500000 0.500000 0.500000 0.499308 0.500000 0.500000 0.500000 0.500000 0.499391 0.500000 86.929733
2 0.500000 0.500000 0.500000 0.501146 0.500000 0.500000 0.500000 0.500000 0.499959 0.500000 86.929487
2 0.500000 0.500000 0.500000 0.499662 0.500000 0.500000 0.500000 0.500000 0.500369 0.500000 86.930049
2 0.500000 0.500000 0.500000 0.499577 0.500000 0.500000 0.500000 0.500000 0.500561 0.500000 86.929921
2 0.500000 0.500000 0.500000 0.499539 0.500000 0.500000 0.500000 0.500000 0.499700 0.500000 86.930021
2 0.500000 0.500000 0.500000 0.499699 0.500000 0.500000 0.500000 0.500000 0.499970 0.500000 86.930133
3 0.500000 0.500000 0.500000 0.500220 0.500000 0.500000 0.500000 0.500000 0.502344 0.500000 86.927256
3 0.500000 0.500000 0.500000 0.504230 0.500000 0.500000 0.500000 0.500000 0.503836 0.500000 86.913022
3 0.500000 0.500000 0.500000 0.501614 0.500000 0.500000 0.500000 0.500000 0.498300 0.500000 86.927283
3 0.500000 0.500000 0.500000 0.503871 0.500000 0.500000 0.500000 0.500000 0.499785 0.500000 86.922261
3 0.500000 0.500000 0.500000 0.502039 0.500000 0.500000 0.500000 0.500000 0.498606 0.500000 86.926965
3 0.500000 0.500000 0.500000 0.501695 0.500000 0.500000 0.500000 0.500000 0.500567 0.500000 86.928496
3 0.500000 0.500000 0.500000 0.499676 0.500000 0.500000 0.500000 0.500000 0.500632 0.500000 86.929915
3 0.500000 0.500000 0.500000 0.499989 0.500000 0.500000 0.500000 0.500000 0.499988 0.500000 86.930181
3 0.500000 0.500000 0.500000 0.498231 0.500000 0.500000 0.500000 0.500000 0.499255 0.500000 86.928237
3 0.500000 0.500000 0.500000 0.499325 0.500000 0.500000 0.500000 0.500000 0.499830 0.500000 86.929925
3 0.500000 0.500000 0.500000 0.501319 0.500000 0.500000 0.500000 0.500000 0.501677 0.500000 86.927780
3 0.500000 0.500000 0.500000 0.498112 0.500000 0.500000 0.500000 0.500000 0.499872 0.500000 86.928291
3 0.500000 0.500000 0.500000 0.498108 0.500000 0.500000 0.500000 0.500000 0.497619 0.500000 86.925305
3 0.500000 0.500000 0.500000 0.498960 0.500000 0.500000 0.500000 0.500000 0.497171 0.500000 86.925392
3 0.500000 0.500000 0.500000 0.500800 0.500000 0.500000 0.500000 0.500000 0.499510 0.500000 86.929717
4 0.500000 0.500000 0.500000 0.499564 0.500000 0.500000 0.500000 0.500000 0.500145 0.500000 86.930069
4 0.500000 0.500000 0.500000 0.499795 0.500000 0.500000 0.500000 0.500000 0.500674 0.500000 86.929919
4 0.500000 0.500000 0.500000 0.499703 0.500000 0.500000 0.500000 0.500000 0.499382 0.500000 86.929933
4 0.500000 0.500000 0.500000 0.500025 0.500000 0.500000 0.500000 0.500000 0.501204 0.500000 86.929416
4 0.500000 0.500000 0.500000 0.499896 0.500000 0.500000 0.500000 0.500000 0.499930 0.500000 86.930173
4 0.500000 0.500000 0.500000 0.500000 0.500000 0.500000 0.500000 0.500000 0.500000 0.500000 86.930181
4 0.500000 0.500000 0.500000 0.500341 0.500000 0.500000 0.500000 0.500000 0.499702 0.500000 86.930073
4 0.500000 0.500000 0.500000 0.500187 0.500000 0.500000 0.500000 0.500000 0.500073 0.500000 86.930160
4 0.500000 0.500000 0.500000 0.499421 0.500000 0.500000 0.500000 0.500000 0.500180 0.500000 86.929987
4 0.500000 0.500000 0.500000 0.499958 0.500000 0.500000 0.500000 0.500000 0.499997 0.500000 86.930180
4 0.500000 0.500000 0.500000 0.500679 0.500000 0.500000 0.500000 0.500000 0.500059 0.500000 86.929936
4 0.500000 0.500000 0.500000 0.499774 0.500000 0.500000 0.500000 0.500000 0.500071 0.500000 86.930151
4 0.500000 0.500000 0.500000 0.500343 0.500000 0.500000 0.500000 0.500000 0.499541 0.500000 86.930008
4 0.500000 0.500000 0.500000 0.500390 0.500000 0.500000 0.500000 0.500000 0.500149 0.500000 86.930089
4 0.500000 0.500000 0.500000 0.499920 0.500000 0.500000 0.500000 0.500000 0.500234 0.500000 86.930149
5 0.500000 0.500000 0.500000 0.509893 0.500000 0.500000 0.500000 0.500000 0.500911 0.500000 86.878528
5 0.500000 0.500000 0.500000 0.494303 0.500000 0.500000 0.500000 0.500000 0.502269 0.500000 86.910404
5 0.500000 0.500000 0.500000 0.497310 0.500000 0.500000 0.500000 0.500000 0.499967 0.500000 86.926363
5 0.500000 0.500000 0.500000 0.497523 0.500000 0.500000 0.500000 0.500000 0.500877 0.500000 86.926538
5 0.500000 0.500000 0.500000 0.498356 0.500000 0.500000 0.500000 0.500000 0.497044 0.500000 86.924149
5 0.500000 0.500000 0.500000 0.500157 0.500000 0.500000 0.500000 0.500000 0.501191 0.500000 86.929420
5 0.500000 0.500000 0.500000 0.500000 0.500000 0.500000 0.500000 0.500000 0.500007 0.500000 86.930181
5 0.500000 0.500000 0.500000 0.497152 0.500000 0.500000 0.500000 0.500000 0.498783 0.500000 86.925125
5 0.500000 0.500000 0.500000 0.502544 0.500000 0.500000 0.500000 0.500000 0.502642 0.500000 86.923091
5 0.500000 0.500000 0.500000 0.496528 0.500000 0.500000 0.500000 0.500000 0.497043 0.500000 86.919226
5 0.500000 0.500000 0.500000 0.493961 0.500000 0.500000 0.500000 0.500000 0.499077 0.500000 86.910550
5 0.500000 0.500000 0.500000 0.502602 0.500000 0.500000 0.500000 0.500000 0.502035 0.500000 86.924429
5 0.500000 0.500000 0.500000 0.503100 0.500000 0.500000 0.500000 0.500000 0.497608 0.500000 86.922101
5 0.500000 0.500000 0.500000 0.502126 0.500000 0.500000 0.500000 0.500000 0.498352 0.500000 86.926365
5 0.500000 0.500000 0.500000 0.497800 0.500000 0.500000 0.500000 0.500000 0.498360 0.500000 86.926211
6 0.500000 0.500000 0.500000 0.500341 0.500000 0.500000 0.500000 0.500000 0.500111 0.500000 86.930113
6 0.500000 0.500000 0.500000 0.500000 0.500000 0.500000 0.500000 0.500000 0.500000 0.500000 86.930181
6 0.500000 0.500000 0.500000 0.499006 0.500000 0.500000 0.500000 0.500000 0.500424 0.500000 86.929565
6 0.500000 0.500000 0.500000 0.501950 0.500000 0.500000 0.500000 0.500000 0.500268 0.500000 86.928137
6 0.500000 0.500000 0.500000 0.499788 0.500000 0.500000 0.500000 0.500000 0.500397 0.500000 86.930074
6 0.500000 0.500000 0.500000 0.499447 0.500000 0.500000 0.500000 0.500000 0.500168 0.500000 86.930004
6 0.500000 0.500000 0.500000 0.500344 0.500000 0.500000 0.500000 0.500000 0.499294 0.500000 86.929855
6 0.500000 0.500000 0.500000 0.500628 0.500000 0.500000 0.500000 0.500000 0.499069 0.500000 86.929516
6 0.500000 0.500000 0.500000 0.500227 0.500000 0.500000 0.500000 0.500000 0.499164 0.500000 86.929785
6 0.500000 0.500000 0.500000 0.500575 0.500000 0.500000 0.500000 0.500000 0.500664 0.500000 86.929774
6 0.500000 0.500000 0.500000 0.500538 0.500000 0.500000 0.500000 0.500000 0.500398 0.500000 86.929945
6 0.500000 0.500000 0.500000 0.500660 0.500000 0.500000 0.500000 0.500000 0.499048 0.500000 86.929472
6 0.500000 0.500000 0.500000 0.500217 0.500000 0.500000 0.500000 0.500000 0.499871 0.500000 86.930147
6 0.500000 0.500000 0.500000 0.499337 0.500000 0.500000 0.500000 0.500000 0.498532 0.500000 86.928812
6 0.500000 0.500000 0.500000 0.500337 0.500000 0.500000 0.500000 0.500000 0.499998 0.500000 86.930121
7 0.500000 0.500000 0.500000 0.501302 0.500000 0.500000 0.500000 0.500000 0.502513 0.500000 86.925956
7 0.500000 0.500000 0.500000 0.497823 0.500000 0.500000 0.500000 0.500000 0.497020 0.500000 86.923002
7 0.500000 0.500000 0.500000 0.498443 0.500000 0.500000 0.500000 0.500000 0.494148 0.500000 86.910890
7 0.500000 0.500000 0.500000 0.493960 0.500000 0.500000 0.500000 0.500000 0.493667 0.500000 86.890024
7 0.500000 0.500000 0.500000 0.500134 0.500000 0.500000 0.500000 0.500000 0.505134 0.500000 86.916291
7 0.500000 0.500000 0.500000 0.501256 0.500000 0.500000 0.500000 0.500000 0.501230 0.500000 86.928550
7 0.500000 0.500000 0.500000 0.497138 0.500000 0.500000 0.500000 0.500000 0.501967 0.500000 86.923825
7 0.500000 0.500000 0.500000 0.497005 0.500000 0.500000 0.500000 0.500000 0.506387 0.500000 86.904028
7 0.500000 0.500000 0.500000 0.498732 0.500000 0.500000 0.500000 0.500000 0.503605 0.500000 86.922484
7 0.500000 0.500000 0.500000 0.499950 0.500000 0.500000 0.500000 0.500000 0.500003 0.500000 86.930180
7 0.500000 0.500000 0.500000 0.496300 0.500000 0.500000 0.500000 0.500000 0.495456 0.500000 86.912112
7 0.500000 0.500000 0.500000 0.501302 0.500000 0.500000 0.500000 0.500000 0.502513 0.500000 86.925956
7 0.500000 0.500000 0.500000 0.499608 0.500000 0.500000 0.500000 0.500000 0.502476 0.500000 86.926866
7 0.500000 0.500000 0.500000 0.496313 0.500000 0.500000 0.500000 0.500000 0.499842 0.500000 86.923002
7 0.500000 0.500000 0.500000 0.495073 0.500000 0.500000 0.500000 0.500000 0.504711 0.500000 86.905757
