# gen=230 x0..xd f
0.284807 0.153865 0.280623 0.573925 0.376011 0.522921 0.413290 0.510124 0.381074 0.459364 75.282225
0.279315 0.223553 0.278869 0.596904 0.503199 0.387874 0.479256 0.569530 0.583427 0.468534 78.954431
0.419817 0.452298 0.816126 0.912960 0.061172 0.711657 0.244275 0.302075 0.236292 0.711116 34.196373
0.002397 0.885372 0.201885 0.171129 0.036984 0.784939 0.724769 0.134616 0.774110 0.535918 36.457330
0.326403 0.196231 0.250648 0.578374 0.579961 0.526464 0.481053 0.424468 0.396763 0.561615 78.597217
0.295191 0.220961 0.278593 0.520540 0.442946 0.501608 0.466934 0.466420 0.444380 0.511331 83.964840
0.280503 0.194917 0.249526 0.401334 0.522352 0.505686 0.431604 0.415980 0.484981 0.493979 81.047447
0.331221 0.157484 0.192520 0.547939 0.531170 0.497152 0.443976 0.493795 0.424155 0.382896 75.493948
0.293712 0.214679 0.283388 0.421691 0.413957 0.303824 0.505114 0.629944 0.482567 0.565704 74.282040
0.296551 0.200087 0.218722 0.493909 0.444153 0.590001 0.374281 0.471884 0.500133 0.591378 78.180193
0.313587 0.344511 0.145771 0.444282 0.446173 0.341899 0.415073 0.531969 0.439796 0.446551 65.418800
0.356259 0.858787 0.641060 0.240286 0.832431 0.399190 0.327252 0.476544 0.500090 0.005034 0.000000
0.288272 0.212067 0.372393 0.640024 0.523406 0.641220 0.571820 0.723209 0.410902 0.514801 67.699917
0.328572 0.214948 0.251242 0.493401 0.541519 0.534715 0.499583 0.534466 0.424182 0.364651 79.615223
0.280206 0.244235 0.257655 0.407883 0.541564 0.963503 0.456511 0.369348 0.396358 0.359691 59.910005
0.234467 0.173473 0.336531 0.325409 0.514849 0.363892 0.312743 0.478973 0.600227 0.604032 68.158568
0.305242 0.254457 0.280531 0.562889 0.462456 0.303771 0.514201 0.601607 0.341345 0.541448 72.648008
0.286394 0.183478 0.256586 0.374235 0.506045 0.513178 0.569493 0.473497 0.472220 0.533650 80.358462
0.300077 0.181086 0.243475 0.511805 0.406782 0.466273 0.537563 0.607444 0.492960 0.432802 79.400310
0.261964 0.200565 0.251422 0.734579 0.461754 0.591668 0.450855 0.471097 0.498669 0.438007 74.388251
0.282651 0.171408 0.276987 0.663994 0.564993 0.614508 0.587973 0.518592 0.581045 0.500000 74.882373
0.289200 0.264857 0.268786 0.522438 0.506036 0.359825 0.444173 0.659121 0.477977 0.391600 74.392698
0.579711 0.564791 0.641227 0.326317 0.539165 0.639429 0.249207 0.730295 0.614356 0.706755 25.530413
0.287053 0.248911 0.284523 0.560947 0.538476 0.376996 0.508301 0.406447 0.510157 0.525501 78.731925
0.336689 0.172853 0.260745 0.546335 0.522611 0.602802 0.389787 0.570834 0.534082 0.323270 73.966450
0.279815 0.122658 0.261145 0.708770 0.730798 0.565704 0.733905 0.311403 0.746031 0.860217 52.769321
0.283630 0.224499 0.262015 0.433799 0.623585 0.375642 0.527320 0.504264 0.500000 0.500000 79.112777
0.269326 0.190225 0.280026 0.562785 0.620157 0.489413 0.393089 0.557460 0.488658 0.451511 78.342853
0.265885 0.188755 0.251425 0.526474 0.558192 0.516687 0.530531 0.377206 0.425311 0.444874 79.473491
0.327635 0.165046 0.239542 0.642597 0.560197 0.487900 0.513019 0.611471 0.566342 0.487379 76.010597
0.347314 0.213865 0.289995 0.491432 0.576173 0.463128 0.454187 0.341791 0.538247 0.603670 75.918199
0.302678 0.210622 0.296438 0.480745 0.520641 0.372089 0.541165 0.625956 0.465788 0.551164 77.917140
0.380731 0.218539 0.336415 0.496416 0.501982 0.541051 0.429514 0.457697 0.412443 0.503088 75.398537
0.278171 0.151869 0.106584 0.233839 0.710271 0.530711 0.937438 0.966622 0.906570 0.124490 34.851413
0.368286 0.195200 0.248706 0.433758 0.519153 0.431911 0.416595 0.425464 0.536287 0.596176 76.760509
0.285180 0.204408 0.300764 0.583426 0.543099 0.527736 0.462622 0.667999 0.526901 0.491431 77.558568
0.289031 0.249910 0.255880 0.571496 0.451597 0.435488 0.522725 0.613610 0.581050 0.604380 77.355995
0.349589 0.168363 0.252232 0.512379 0.467787 0.580775 0.642819 0.474617 0.611467 0.454281 75.345088
0.293761 0.269443 0.228027 0.606876 0.515935 0.448528 0.439652 0.607097 0.597638 0.669572 73.166596
0.281717 0.220114 0.219136 0.614518 0.534336 0.593763 0.619966 0.501774 0.417319 0.598496 76.083198
0.277563 0.207660 0.246353 0.414062 0.471396 0.409524 0.522830 0.499742 0.450476 0.576405 80.781396
0.241836 0.221534 0.300570 0.490608 0.633460 0.599296 0.552498 0.602305 0.501183 0.466731 76.536423
0.247856 0.181060 0.204098 0.483973 0.476194 0.449102 0.447994 0.579513 0.521528 0.277446 73.500485
0.283375 0.211429 0.251144 0.814928 0.403909 0.640207 0.492190 0.746065 0.335884 0.434104 63.288914
0.308529 0.201047 0.351357 0.561141 0.586474 0.508539 0.456986 0.598445 0.630284 0.559772 73.984394
0.581183 0.111372 0.349716 0.939882 0.535006 0.046836 0.538340 0.407635 0.768093 0.508203 0.000000
0.265944 0.198820 0.265150 0.540682 0.403996 0.598313 0.595094 0.444934 0.404440 0.514261 77.924896
0.291564 0.206064 0.305908 0.571807 0.678782 0.416408 0.549260 0.501938 0.451631 0.465714 76.119965
0.272484 0.237459 0.279815 0.426887 0.430452 0.453436 0.488668 0.480941 0.493368 0.459988 81.941481
0.375779 0.222125 0.302513 0.620160 0.555259 0.552669 0.505596 0.483145 0.413101 0.609284 74.800065
0.283674 0.255668 0.274288 0.446440 0.537921 0.543634 0.544356 0.418327 0.447773 0.527243 80.353781
0.301907 0.215929 0.195354 0.647670 0.558282 0.368958 0.487014 0.620132 0.611805 0.433327 73.024608
0.768941 0.731413 0.846222 0.893197 0.790072 0.162048 0.985779 0.473405 0.222183 0.834590 0.000000
0.276236 0.214067 0.202512 0.543908 0.618932 0.450089 0.378829 0.543751 0.486538 0.570599 77.015344
0.313173 0.188554 0.249604 0.611409 0.596513 0.658075 0.523309 0.511680 0.481316 0.625089 75.032760
0.295689 0.216250 0.201617 0.522040 0.370956 0.454716 0.511867 0.415338 0.526332 0.556398 78.304453
0.254245 0.212485 0.224743 0.463374 0.474025 0.454050 0.501488 0.358401 0.353458 0.479979 76.833576
0.292884 0.184326 0.267132 0.471460 0.423899 0.436072 0.426546 0.381126 0.405344 0.504827 77.981252
0.278362 0.220798 0.268703 0.535313 0.424538 0.396887 0.383537 0.500000 0.269580 0.576932 72.813965
0.310826 0.205800 0.236521 0.524552 0.428814 0.352050 0.573054 0.575968 0.529378 0.596251 76.975041
0.295172 0.195652 0.186632 0.518507 0.390408 0.453482 0.531849 0.632288 0.466489 0.619790 75.007610
0.277251 0.234941 0.249254 0.555487 0.484853 0.489345 0.567292 0.467910 0.416424 0.507115 82.177309
0.255817 0.174277 0.280907 0.524200 0.452798 0.601635 0.498238 0.546288 0.461923 0.428871 79.221713
0.537591 0.338409 0.598622 0.032243 0.661212 0.591317 0.076523 0.382989 0.965804 0.949184 0.000000
0.617551 0.597234 0.286319 0.018255 0.136896 0.015122 0.364149 0.330938 0.322796 0.935042 0.000000
0.278362 0.264978 0.299785 0.580812 0.402061 0.438769 0.424928 0.651980 0.182174 0.497775 66.485529
0.356304 0.258932 0.238897 0.517369 0.528887 0.804385 0.158584 0.591036 0.422371 0.319081 59.698026
0.319333 0.218555 0.215119 0.480129 0.429395 0.536138 0.573744 0.516069 0.496922 0.475199 81.422854
0.319895 0.210163 0.232387 0.534473 0.514821 0.595321 0.454933 0.610016 0.541226 0.401715 78.412257
0.364789 0.044256 0.270458 0.444398 0.511671 0.453420 0.374584 0.574306 0.500000 0.448864 64.222111
0.328358 0.143536 0.205613 0.618458 0.566564 0.434950 0.364069 0.585741 0.644421 0.568618 70.584713
0.328797 0.151882 0.249800 0.547592 0.530554 0.519153 0.388747 0.423675 0.553411 0.559972 76.688937
0.250592 0.221903 0.315207 0.530703 0.609508 0.588723 0.630263 0.660065 0.557087 0.444016 73.202913
0.246701 0.347519 0.283525 0.498656 0.542497 0.447864 0.548273 0.436932 0.452746 0.443122 70.254356
0.294173 0.162381 0.249373 0.484768 0.483246 0.518620 0.534132 0.609102 0.604850 0.477247 78.542020
0.254080 0.201324 0.229620 0.491539 0.373195 0.560354 0.464778 0.547458 0.500089 0.438130 79.441310
0.316961 0.241362 0.274660 0.558152 0.610392 0.397150 0.417772 0.412044 0.459533 0.647849 74.754472
0.320756 0.215643 0.199884 0.574004 0.448580 0.588856 0.377330 0.593891 0.559385 0.562738 75.718580
0.286518 0.262311 0.407354 0.605858 0.476758 0.351093 0.514496 0.601736 0.366107 0.503245 67.218899
0.283805 0.214204 0.221826 0.634601 0.417280 0.489710 0.530895 0.598916 0.516085 0.508410 78.487450
0.300601 0.190716 0.281377 0.372389 0.574909 0.502504 0.436326 0.440596 0.466962 0.388449 77.429137
0.334519 0.170433 0.263588 0.545111 0.461858 0.506544 0.423341 0.658060 0.545083 0.342616 74.065529
0.306492 0.200288 0.314771 0.432990 0.485844 0.517681 0.337370 0.505485 0.592800 0.557789 76.280295
0.311375 0.212337 0.242687 0.566126 0.631576 0.487924 0.524840 0.517776 0.546220 0.448637 80.144385
0.137896 0.008517 0.735314 0.741025 0.980612 0.817004 0.226732 0.064611 0.290225 0.410243 0.000000
0.303003 0.259833 0.304710 0.486936 0.500000 0.393519 0.683063 0.392007 0.500000 0.515942 74.169470
0.301705 0.216726 0.264849 0.519349 0.491120 0.390311 0.493317 0.492223 0.589277 0.554426 81.121531
0.262506 0.221677 0.297805 0.549351 0.601069 0.436947 0.447613 0.454812 0.546909 0.432922 79.106762
0.298551 0.195662 0.314638 0.528717 0.409193 0.491384 0.516724 0.490205 0.547477 0.385936 78.682799
0.336739 0.194388 0.312114 0.509504 0.517352 0.509915 0.459955 0.584032 0.559359 0.533512 79.422890
0.700899 0.706520 0.020870 0.136143 0.647455 0.356519 0.609355 0.311388 0.608625 0.645610 0.000000
0.237555 0.313976 0.207484 0.553659 0.533030 0.466791 0.348589 0.336534 0.513422 0.471946 69.751452
0.329221 0.213289 0.297966 0.485588 0.458370 0.478414 0.415568 0.594218 0.322054 0.567618 75.372253
0.310594 0.201591 0.283300 0.533439 0.579962 0.380465 0.544669 0.483837 0.554522 0.444268 79.329472
0.491959 0.211127 0.135864 0.582263 0.462884 0.602701 0.881289 0.475248 0.480660 0.526630 56.491931
0.264165 0.236291 0.218645 0.421170 0.524541 0.656408 0.481589 0.624015 0.553099 0.558057 75.700158
0.307181 0.218677 0.255595 0.455484 0.491665 0.412069 0.461858 0.530033 0.433292 0.715382 75.580098
0.629252 0.637288 0.505800 0.881339 0.900157 0.126725 0.074486 0.305617 0.530170 0.907594 0.000000
0.283304 0.249742 0.232867 0.479943 0.528340 0.598333 0.580275 0.500374 0.410725 0.447683 79.037638
0.220864 0.084831 0.314673 0.452187 0.627507 0.782574 0.633619 0.710398 0.801684 0.675918 54.002126
0.280777 0.201883 0.273637 0.454826 0.477473 0.520778 0.297803 0.483012 0.588422 0.303825 72.687517
0.527198 0.279283 0.425479 0.051298 0.645849 0.362300 0.331752 0.607317 0.915192 0.793829 37.763263
0.314632 0.242794 0.320822 0.529838 0.483901 0.506536 0.597932 0.406901 0.621868 0.594013 75.493607
0.292469 0.219898 0.283816 0.509800 0.574959 0.509135 0.485558 0.518697 0.446545 0.471700 83.529556
0.256322 0.213555 0.341413 0.457852 0.493256 0.478907 0.518549 0.467189 0.425312 0.529156 78.613415
0.377065 0.242775 0.301929 0.452382 0.482060 0.472696 0.503734 0.550676 0.418664 0.605196 76.132500
0.278362 0.223368 0.500000 0.500000 0.500000 0.504167 0.523419 0.500000 0.500000 0.500000 63.043511
0.351169 0.270893 0.331468 0.773859 0.524541 0.370192 0.786216 0.335139 0.555059 0.527169 61.229303
0.300760 0.170830 0.317109 0.335373 0.641940 0.523644 0.617778 0.453602 0.608202 0.443955 71.722815
0.299443 0.197682 0.222697 0.509684 0.509360 0.543115 0.309447 0.530413 0.498222 0.498421 77.833951
0.249041 0.269588 0.248708 0.556212 0.507278 0.575749 0.559690 0.495793 0.605675 0.571913 77.239065
0.393568 0.211154 0.237079 0.472673 0.695828 0.415543 0.477667 0.405359 0.379808 0.410140 70.843757
0.704947 0.737804 0.106800 0.602881 0.516407 0.812143 0.207296 0.615204 0.089300 0.632918 0.000000
0.242831 0.192945 0.210001 0.662586 0.723485 0.426408 0.569373 0.575327 0.529961 0.561015 70.781064
0.299285 0.216053 0.360656 0.425636 0.557216 0.504167 0.457323 0.483553 0.635218 0.366106 73.112226
0.307493 0.184196 0.332681 0.405898 0.497377 0.560498 0.540767 0.587350 0.381765 0.606759 74.424902
0.286110 0.197371 0.194829 0.602871 0.459109 0.580008 0.526018 0.518930 0.517594 0.470525 79.028693
0.350256 0.252006 0.239166 0.547359 0.482754 0.405004 0.475102 0.490513 0.495434 0.550930 79.291372
0.295744 0.246632 0.290454 0.546123 0.500000 0.249825 0.581687 0.480717 0.521207 0.419386 73.047212
0.237427 0.257619 0.277054 0.462338 0.654936 0.481227 0.511806 0.478790 0.593001 0.559804 76.296753
0.275580 0.225156 0.236708 0.453943 0.415050 0.506257 0.494580 0.593456 0.424415 0.610601 78.793455
0.677589 0.246519 0.592428 0.203968 0.058172 0.088154 0.270680 0.805225 0.244198 0.495642 38.023221
0.278727 0.126206 0.272116 0.570339 0.381133 0.487933 0.357283 0.527176 0.492839 0.567932 73.071690
0.289212 0.232852 0.246228 0.335020 0.420719 0.440477 0.554836 0.491365 0.401890 0.660201 74.132331
0.281458 0.232598 0.262203 0.610274 0.501509 0.627169 0.446328 0.517163 0.527801 0.454927 79.150092
0.859041 0.075051 0.083563 0.511884 0.355575 0.569010 0.629337 0.294180 0.351563 0.065239 0.000000
0.422919 0.413343 0.380629 0.401628 0.559158 0.593150 0.490329 0.629574 0.547237 0.739201 52.868451
0.266904 0.204670 0.212015 0.582241 0.607733 0.560365 0.444077 0.517841 0.518225 0.492305 79.285951
0.296455 0.181515 0.253422 0.571607 0.475984 0.498954 0.484429 0.567257 0.591408 0.388379 78.985124
0.312393 0.200128 0.307569 0.614247 0.473042 0.511655 0.557400 0.686983 0.501381 0.459946 75.345691
0.296950 0.214652 0.254424 0.501849 0.503918 0.499062 0.497765 0.502580 0.536155 0.548564 86.418469
0.290468 0.226290 0.236774 0.606947 0.454363 0.492443 0.446522 0.540034 0.413432 0.573866 79.607289
0.064566 0.451735 0.027554 0.618808 0.882203 0.543490 0.886541 0.503037 0.307330 0.169165 35.511217
0.149753 0.149091 0.420432 0.534119 0.682833 0.344146 0.754930 0.441859 0.783438 0.491910 54.482265
0.098895 0.261563 0.094608 0.166974 0.501131 0.766455 0.829300 0.462229 0.664707 0.110805 42.712691
0.775397 0.673569 0.749596 0.340069 0.924451 0.667012 0.359144 0.002514 0.883502 0.897847 29.799019
0.270597 0.240511 0.233095 0.363808 0.512927 0.418315 0.548877 0.506947 0.510441 0.597209 78.035092
0.331584 0.137387 0.208890 0.530991 0.367763 0.534091 0.320392 0.556874 0.503528 0.500515 71.830390
0.288135 0.171441 0.208355 0.558301 0.504625 0.433498 0.576175 0.614224 0.596266 0.474557 76.570170
0.288742 0.220589 0.258987 0.607984 0.541229 0.502247 0.487599 0.606068 0.410675 0.492234 79.655567
0.279010 0.215698 0.225652 0.447368 0.435995 0.441078 0.614477 0.542654 0.608560 0.504125 78.463997
0.291161 0.190531 0.237413 0.515387 0.590054 0.402838 0.621199 0.547775 0.711536 0.494938 73.488636
0.279862 0.183966 0.230581 0.624342 0.461034 0.652612 0.573759 0.488090 0.615456 0.507760 75.247593
0.578244 0.650764 0.831222 0.080350 0.330452 0.721299 0.387211 0.884669 0.590358 0.195501 25.998382
0.331846 0.265567 0.294977 0.389805 0.455581 0.412753 0.490488 0.476677 0.506319 0.441614 77.123588
0.318311 0.213496 0.287893 0.577562 0.486918 0.502714 0.419736 0.398786 0.369182 0.644872 75.232986
0.263996 0.175961 0.296658 0.512714 0.497639 0.597171 0.672830 0.405035 0.403059 0.499178 74.556574
0.255010 0.187263 0.237806 0.447690 0.514034 0.397426 0.500743 0.830350 0.538209 0.273242 65.570020
0.027811 0.051157 0.706175 0.753998 0.014882 0.435227 0.230738 0.326890 0.789145 0.393080 0.000000
0.208279 0.251454 0.249037 0.536737 0.532728 0.470963 0.621329 0.507419 0.626857 0.565140 75.458355
0.941658 0.419798 0.037686 0.697017 0.320045 0.258790 0.308470 0.818866 0.509463 0.009109 0.000000
0.316122 0.234090 0.228101 0.509997 0.546075 0.399538 0.559177 0.562955 0.628715 0.500000 78.061482
0.790243 0.447271 0.320840 0.282523 0.071892 0.451810 0.722942 0.453118 0.484317 0.307626 0.000000
0.308971 0.313219 0.276182 0.425922 0.484637 0.428104 0.579298 0.542973 0.446731 0.578587 73.529051
0.253246 0.222152 0.259142 0.474584 0.556392 0.514466 0.397576 0.489761 0.403206 0.634636 77.774734
0.330385 0.180762 0.339893 0.703714 0.587482 0.520769 0.495733 0.642462 0.525462 0.541830 71.144403
0.277831 0.199035 0.224042 0.458178 0.443677 0.482297 0.557302 0.626276 0.627614 0.462265 77.538451
0.216731 0.217834 0.279404 0.520474 0.509284 0.431423 0.495033 0.382997 0.521774 0.448837 78.715481
0.316558 0.217939 0.270605 0.570618 0.547407 0.627904 0.443875 0.463160 0.511047 0.554531 79.445754
0.283832 0.213877 0.264608 0.528481 0.523967 0.477840 0.593819 0.416520 0.504698 0.525648 82.237903
0.879093 0.357272 0.429799 0.738949 0.324695 0.750275 0.305034 0.528961 0.942823 0.069332 0.000000
0.264179 0.169808 0.289217 0.441859 0.442660 0.379005 0.495472 0.468040 0.500000 0.539880 78.559641
0.307339 0.195735 0.282847 0.627228 0.497778 0.455967 0.436804 0.546190 0.466295 0.405593 78.641298
0.295216 0.325494 0.293918 0.384680 0.559014 0.751167 0.553304 0.501075 0.578361 0.601489 66.432737
0.333169 0.360070 0.261760 0.565516 0.470683 0.442262 0.527154 0.472592 0.461062 0.533274 69.161222
0.278890 0.214623 0.266520 0.434864 0.533325 0.453524 0.635611 0.561051 0.550936 0.523506 79.602356
0.354980 0.177122 0.254971 0.521270 0.652376 0.538463 0.576817 0.529640 0.505670 0.562726 76.416589
0.331541 0.216134 0.259015 0.570301 0.462968 0.590870 0.559897 0.414155 0.499012 0.539769 79.689232
0.354315 0.181159 0.191827 0.529432 0.422925 0.611334 0.562724 0.523308 0.468732 0.450764 75.777918
0.259148 0.206803 0.259225 0.580129 0.580820 0.473639 0.538258 0.492485 0.519688 0.533764 82.039062
0.219276 0.205528 0.304174 0.469893 0.465583 0.523910 0.471629 0.577467 0.432720 0.458561 78.789774
0.270738 0.241469 0.232531 0.452419 0.506543 0.414336 0.517181 0.638135 0.496389 0.252294 72.221031
0.274004 0.222035 0.265832 0.518723 0.523825 0.493829 0.452631 0.491620 0.496541 0.412319 83.720921
0.281515 0.235690 0.260262 0.439419 0.637503 0.479894 0.475537 0.566784 0.471176 0.374668 77.633969
0.218299 0.220676 0.267306 0.561672 0.434819 0.553191 0.391626 0.520637 0.511750 0.571560 78.114898
0.348860 0.192232 0.251659 0.314548 0.576204 0.481158 0.300331 0.417415 0.545381 0.497112 71.713048
0.302184 0.250594 0.292561 0.449477 0.487542 0.419658 0.621966 0.466341 0.581842 0.439685 77.536908
0.558391 0.435414 0.861846 0.925415 0.654702 0.628366 0.147046 0.313291 0.809788 0.577879 32.875849
0.316574 0.213519 0.311002 0.457943 0.439311 0.559934 0.519841 0.517125 0.440069 0.480810 80.629916
0.279854 0.272745 0.237179 0.518427 0.487153 0.529714 0.625579 0.478965 0.648401 0.502979 76.079357
0.272028 0.199801 0.271404 0.513677 0.478950 0.504493 0.526229 0.436373 0.340074 0.313801 75.118513
0.276561 0.198021 0.269547 0.499894 0.467870 0.494175 0.540570 0.546591 0.342344 0.490569 79.772974
0.277223 0.217388 0.242167 0.425152 0.465216 0.573518 0.514041 0.447346 0.482529 0.575638 81.468253
0.310135 0.190602 0.217057 0.422739 0.470355 0.438185 0.480448 0.491556 0.426092 0.415736 79.456128
0.328210 0.313805 0.777552 0.680751 0.727097 0.551554 0.490742 0.950221 0.745795 0.126674 0.000000
0.298194 0.196705 0.250492 0.407027 0.544892 0.557135 0.397732 0.472878 0.494912 0.492788 80.581050
0.256590 0.219884 0.329972 0.575133 0.660510 0.586131 0.492249 0.562262 0.263014 0.438395 69.800560
0.244865 0.172633 0.291723 0.541622 0.401197 0.430917 0.509245 0.470164 0.483259 0.679405 75.007182
0.712281 0.528102 0.895472 0.861122 0.655295 0.085782 0.654136 0.996951 0.106594 0.279295 0.000000
0.337749 0.166328 0.307077 0.644706 0.528208 0.572562 0.609316 0.426659 0.527803 0.458164 74.278582
0.261780 0.148303 0.266370 0.493961 0.522436 0.607139 0.536762 0.425575 0.434958 0.617535 75.695019
0.278362 0.332555 0.272617 0.449610 0.464544 0.518162 0.469125 0.652947 0.434230 0.483986 71.116946
0.301407 0.217375 0.190389 0.511637 0.550881 0.574836 0.560619 0.549844 0.507100 0.547458 79.471706
0.183061 0.853596 0.090019 0.598367 0.278866 0.952586 0.471165 0.041805 0.949025 0.615764 39.623085
0.319754 0.231898 0.240888 0.413524 0.374628 0.560859 0.548442 0.550503 0.542457 0.555972 78.279990
0.287127 0.270004 0.260884 0.495615 0.586631 0.572813 0.659256 0.491222 0.531800 0.558804 76.108563
0.342517 0.098502 0.275738 0.500000 0.620257 0.490883 0.454192 0.423450 0.393345 0.596883 69.749690
0.305429 0.189718 0.201994 0.436269 0.475624 0.604248 0.538483 0.557942 0.372029 0.580011 76.189443
0.227356 0.208528 0.270912 0.515115 0.581366 0.503160 0.508293 0.496830 0.572121 0.452623 80.748681
0.305872 0.232510 0.240923 0.501113 0.568208 0.588481 0.519343 0.355134 0.591908 0.522842 77.722444
0.234989 0.219993 0.269273 0.497529 0.532838 0.472945 0.446304 0.436379 0.462490 0.541736 81.727003
0.275111 0.198794 0.277439 0.432151 0.502556 0.360546 0.552081 0.465144 0.608945 0.714676 72.986251
0.334888 0.191638 0.288860 0.582848 0.611332 0.508228 0.555181 0.395030 0.473108 0.369132 75.548766
0.267769 0.272231 0.259165 0.529111 0.456104 0.654750 0.355006 0.472041 0.489576 0.483871 75.124064
0.235381 0.175167 0.320925 0.644962 0.537797 0.541415 0.684520 0.541084 0.511323 0.454256 72.523525
0.399034 0.225647 0.231190 0.467819 0.594269 0.522721 0.505972 0.403911 0.525338 0.497538 75.985829
0.261516 0.297627 0.263487 0.469862 0.583419 0.715180 0.558072 0.453579 0.541127 0.561607 71.549767
0.389384 0.230673 0.292176 0.492891 0.486295 0.465547 0.563406 0.416998 0.525917 0.561773 76.802131
0.328124 0.271386 0.303781 0.570070 0.402381 0.475983 0.524968 0.354346 0.512925 0.423974 74.573076
0.279652 0.212852 0.233060 0.465876 0.635088 0.600355 0.485056 0.514868 0.512761 0.555309 79.264003
0.815518 0.189873 0.485965 0.550868 0.907506 0.544650 0.625680 0.107426 0.220097 0.307762 0.000000
0.277237 0.266712 0.232851 0.580206 0.451424 0.495122 0.471165 0.509563 0.298713 0.500000 75.191269
0.319367 0.216967 0.289188 0.534105 0.513304 0.573417 0.389327 0.525056 0.329041 0.490926 76.557779
0.297537 0.223182 0.231016 0.444742 0.491194 0.374165 0.486609 0.620879 0.628610 0.478174 76.768602
0.301568 0.286766 0.224679 0.547008 0.558048 0.584082 0.515367 0.441880 0.521721 0.574050 76.631027
0.069145 0.837145 0.310667 0.021283 0.842113 0.249866 0.922336 0.014163 0.623429 0.984932 21.783742
0.284105 0.171991 0.275445 0.490340 0.610419 0.498215 0.511549 0.445026 0.510000 0.582539 79.585427
0.272534 0.222127 0.250754 0.451769 0.499707 0.469108 0.467293 0.545023 0.444293 0.318399 78.105492
0.063982 0.927396 0.408873 0.152188 0.539037 0.753654 0.276610 0.505942 0.204686 0.726802 0.000000
0.233054 0.208216 0.350040 0.526110 0.453002 0.413977 0.476079 0.612582 0.363972 0.471662 73.422430
0.286257 0.186170 0.254479 0.493486 0.472493 0.451388 0.362969 0.506152 0.544541 0.376779 78.123683
0.306090 0.180775 0.232434 0.535576 0.639850 0.484550 0.439873 0.395134 0.525821 0.479575 77.764577
0.437150 0.974240 0.002007 0.599102 0.337489 0.315815 0.063977 0.626478 0.100445 0.907577 34.963717
0.279535 0.205527 0.285741 0.521968 0.412092 0.390318 0.573768 0.652867 0.646666 0.444676 74.167066
0.274544 0.202421 0.334489 0.510758 0.567512 0.551355 0.365146 0.440971 0.385888 0.516434 75.350745
0.172736 0.220932 0.279528 0.503007 0.508423 0.411403 0.430750 0.464459 0.614323 0.385248 73.655730
0.773562 0.491447 0.586627 0.308169 0.024034 0.949692 0.532781 0.338731 0.252751 0.148865 24.914824
0.299598 0.227474 0.282891 0.569419 0.487264 0.396324 0.462053 0.584142 0.377388 0.496694 78.180536
0.349160 0.155720 0.164715 0.522720 0.445866 0.507861 0.521512 0.548050 0.523051 0.388419 73.746971
0.327564 0.229985 0.218563 0.433236 0.416939 0.607674 0.560775 0.393504 0.518452 0.531372 77.154410
0.301086 0.223209 0.255031 0.549395 0.578041 0.519186 0.460337 0.525765 0.452729 0.569191 82.134357
0.283166 0.219771 0.252968 0.422586 0.482186 0.432589 0.463426 0.600914 0.481778 0.596600 79.764836
0.253875 0.202657 0.233054 0.595854 0.498765 0.425114 0.483503 0.467023 0.535304 0.498227 81.201598
0.275862 0.146217 0.275928 0.430318 0.437645 0.470846 0.500010 0.411884 0.395123 0.419998 75.842818
0.323050 0.719976 0.117080 0.532974 0.719819 0.709092 0.270314 0.990269 0.568806 0.743489 46.728043
0.306361 0.233527 0.256690 0.609745 0.551429 0.612536 0.687999 0.427058 0.461361 0.482129 74.641163
0.232174 0.228235 0.243186 0.425727 0.583541 0.416062 0.512022 0.569848 0.591909 0.410870 77.000808
0.867526 0.478864 0.738038 0.046678 0.813014 0.485255 0.839144 0.337957 0.843061 0.734141 40.757177
0.312403 0.225888 0.242384 0.399681 0.597492 0.502022 0.520957 0.582166 0.502933 0.467897 79.960421
0.066077 0.700790 0.248463 0.063576 0.166054 0.057886 0.199003 0.338044 0.985442 0.486499 34.699164
0.924389 0.244392 0.135886 0.236894 0.143400 0.283295 0.310155 0.406920 0.397080 0.581302 0.000000
0.307172 0.191852 0.339452 0.416287 0.630571 0.504677 0.467062 0.432426 0.624536 0.500000 74.440372
0.293851 0.186483 0.278317 0.558284 0.473617 0.515034 0.476733 0.475393 0.648023 0.460228 79.350016
0.233314 0.500000 0.212631 0.505871 0.430567 0.360317 0.441105 0.394530 0.439102 0.592801 57.407784
0.254872 0.187641 0.318591 0.538116 0.475610 0.529009 0.463095 0.462892 0.551515 0.605286 78.490670
0.293577 0.233875 0.278467 0.502430 0.557835 0.445246 0.569674 0.560509 0.513712 0.400307 80.332074
0.267008 0.165461 0.282254 0.049677 0.480177 0.570444 0.409862 0.435736 0.501185 0.634209 61.245406
0.240396 0.186228 0.276336 0.554667 0.422064 0.426191 0.592308 0.573724 0.444413 0.569494 77.403382
0.238243 0.219485 0.278905 0.526645 0.609941 0.363514 0.349729 0.510403 0.521288 0.596429 74.590261
0.310813 0.629957 0.095140 0.714196 0.896700 0.089172 0.145997 0.705107 0.156265 0.734162 39.663335
0.283111 0.212866 0.198681 0.606217 0.452941 0.468107 0.585788 0.568374 0.392377 0.568767 76.545386
0.317714 0.215369 0.290771 0.497696 0.432089 0.489723 0.517753 0.591838 0.474859 0.530087 81.571861
0.313696 0.186225 0.235462 0.563104 0.433896 0.392266 0.566902 0.436716 0.472633 0.557847 78.528960
0.337142 0.253601 0.238239 0.591742 0.393346 0.489035 0.542045 0.536991 0.540251 0.565022 77.817538
0.284717 0.301718 0.249665 0.502221 0.575621 0.533040 0.682251 0.560330 0.498313 0.630880 71.782244
0.264833 0.151361 0.267862 0.458456 0.501669 0.462334 0.368804 0.599463 0.476966 0.380902 75.082854
0.278362 0.500000 0.257880 0.500000 0.500000 0.504167 0.500000 0.509737 0.500000 0.500000 54.091190
0.261988 0.233737 0.254116 0.450156 0.579864 0.557383 0.418757 0.462460 0.636302 0.595586 77.020868
0.278362 0.251190 0.278592 0.575771 0.576952 0.504167 0.434915 0.332177 0.499107 0.631616 74.858162
0.296524 0.209183 0.279504 0.542095 0.536734 0.580802 0.393565 0.447323 0.500000 0.382783 78.651812
0.824628 0.811854 0.213044 0.595199 0.155808 0.909700 0.766714 0.612686 0.628250 0.682415 0.000000
0.713935 0.760551 0.923339 0.495974 0.702291 0.082120 0.256094 0.129783 0.353045 0.745518 26.922752
0.319832 0.229453 0.322567 0.569221 0.407343 0.545129 0.498774 0.535960 0.457791 0.454346 78.473829
0.882497 0.087624 0.874133 0.203251 0.324185 0.742109 0.592005 0.059587 0.794603 0.754516 26.181083
0.337091 0.222766 0.292750 0.476839 0.544106 0.457959 0.506298 0.457734 0.438615 0.598194 79.838269
0.242870 0.202463 0.229030 0.523670 0.650861 0.397808 0.506604 0.541686 0.542984 0.486773 77.593423
0.294700 0.245435 0.281090 0.415245 0.373696 0.431289 0.540597 0.551587 0.438383 0.489761 78.117168
0.286879 0.210668 0.286471 0.600091 0.447845 0.527134 0.666741 0.631747 0.591865 0.602326 73.812100
0.270470 0.179065 0.281063 0.436063 0.404933 0.383809 0.400465 0.505728 0.461662 0.501342 77.535601
0.290165 0.178399 0.179853 0.634139 0.393481 0.475230 0.687320 0.608214 0.370429 0.827728 62.665238
0.278110 0.233530 0.238746 0.623993 0.436554 0.566639 0.562946 0.611543 0.594139 0.581046 76.146569
0.276240 0.205961 0.205533 0.446441 0.491334 0.525070 0.441010 0.414782 0.481501 0.389057 78.925343
0.341657 0.211732 0.258188 0.414655 0.435302 0.576731 0.484058 0.484415 0.510319 0.318252 76.096390
0.355040 0.201209 0.280906 0.628586 0.473811 0.479308 0.422389 0.541746 0.368346 0.445875 75.798790
0.340614 0.230361 0.298979 0.483457 0.447752 0.523144 0.432020 0.382213 0.458342 0.650127 75.759257
0.274278 0.187449 0.207935 0.540433 0.501274 0.504167 0.552118 0.487487 0.403711 0.400580 78.994635
0.663724 0.214043 0.522845 0.517969 0.273673 0.271386 0.164834 0.326962 0.971604 0.697737 37.507796
0.328980 0.026852 0.333009 0.518166 0.435533 0.570535 0.563238 0.500059 0.630351 0.328159 59.983663
0.457719 0.652896 0.249299 0.293743 0.617308 0.106597 0.407960 0.586542 0.922010 0.971610 33.483273
0.286201 0.206473 0.255327 0.475243 0.508315 0.445376 0.453606 0.521254 0.588048 0.460666 82.813514
0.306530 0.185285 0.328149 0.517829 0.507989 0.509751 0.474809 0.455148 0.395038 0.393914 77.259127
0.311093 0.217210 0.325857 0.551094 0.557230 0.593920 0.502462 0.588030 0.467872 0.419298 77.337574
0.287614 0.216899 0.281184 0.483627 0.499627 0.562576 0.505669 0.495056 0.537243 0.491011 84.932279
0.282024 0.178014 0.231155 0.518642 0.352609 0.480501 0.529103 0.507975 0.612008 0.496715 77.817646
0.235328 0.208566 0.253012 0.590297 0.466481 0.435621 0.525031 0.460430 0.454214 0.404607 79.281202
0.299183 0.215202 0.201332 0.589802 0.494259 0.565777 0.478753 0.617326 0.501182 0.507127 78.781990
0.295103 0.156778 0.282371 0.391227 0.518697 0.542612 0.417567 0.367543 0.564148 0.560720 75.290894
0.278115 0.226982 0.305940 0.548072 0.543838 0.499661 0.647037 0.607150 0.556667 0.434981 76.659425
0.298113 0.226610 0.289242 0.562035 0.492960 0.386357 0.636392 0.500000 0.549447 0.500000 78.216152
0.323120 0.231145 0.238197 0.434507 0.442952 0.362990 0.509525 0.505992 0.440524 0.556378 78.656574
0.790477 0.498123 0.266437 0.271046 0.667616 0.625028 0.942364 0.043456 0.400784 0.462517 0.000000
0.298954 0.219775 0.276311 0.589412 0.398233 0.460817 0.488650 0.364919 0.423730 0.403662 76.619914
0.292297 0.252241 0.310660 0.543712 0.413391 0.440191 0.571125 0.505116 0.511495 0.447630 78.674664
0.303220 0.196230 0.254855 0.444198 0.366150 0.423200 0.345271 0.452523 0.337000 0.598650 72.741069
0.822163 0.132218 0.998843 0.213158 0.445411 0.279362 0.328219 0.749300 0.748387 0.266356 26.982003
0.188605 0.974525 0.111630 0.869086 0.425477 0.350255 0.758304 0.141414 0.306760 0.294767 42.598999
0.308873 0.258037 0.292095 0.517084 0.531343 0.550839 0.594211 0.429989 0.529926 0.639851 76.733016
0.307613 0.255119 0.220534 0.444422 0.404075 0.406466 0.412560 0.437131 0.434572 0.565233 76.485776
0.299692 0.196256 0.279687 0.527971 0.487594 0.500956 0.518710 0.568649 0.571653 0.684890 77.343098
0.340359 0.221914 0.320466 0.488717 0.379047 0.442430 0.435664 0.434769 0.487844 0.621994 75.468937
# OSA solutions
0.305527 0.215007 0.252066 0.523018 0.465757 0.454850 0.485646 0.549751 0.497557 0.485149 85.018625
0.296950 0.214652 0.254424 0.501849 0.503918 0.499062 0.497765 0.502580 0.536155 0.548564 86.418469
0.292745 0.209216 0.296832 0.482672 0.439160 0.493551 0.450967 0.505332 0.498269 0.482757 83.523658
0.283061 0.230566 0.284042 0.542193 0.507642 0.492486 0.519690 0.500000 0.492994 0.507139 85.373769
0.273512 0.189043 0.251864 0.463800 0.539115 0.555084 0.467649 0.515199 0.514141 0.534880 83.552567
0.298313 0.213117 0.276944 0.484049 0.491876 0.465103 0.532890 0.570296 0.471594 0.488161 84.219627
0.276256 0.221001 0.223741 0.503789 0.519086 0.493403 0.496375 0.517444 0.520084 0.531602 85.231732
0.292818 0.196795 0.259913 0.440500 0.552432 0.454382 0.502445 0.517102 0.524712 0.531886 83.741915
0.283544 0.208438 0.286075 0.476956 0.434544 0.524995 0.488706 0.542649 0.490962 0.523942 83.904645
0.282115 0.207764 0.215127 0.450931 0.475199 0.490768 0.542208 0.519185 0.494979 0.520115 83.581552
0.303974 0.232441 0.243427 0.513873 0.532975 0.485181 0.543595 0.430907 0.500977 0.465542 83.614179
0.269057 0.209469 0.244109 0.511286 0.447600 0.472571 0.535413 0.535822 0.507696 0.485603 84.813273
0.283579 0.205474 0.258219 0.500000 0.523973 0.440978 0.515915 0.528107 0.434423 0.551339 83.624952
0.257803 0.191600 0.257079 0.489711 0.490085 0.473376 0.497299 0.479508 0.467723 0.501847 84.909890
0.284270 0.212027 0.230191 0.500000 0.481688 0.551923 0.420805 0.480048 0.478482 0.500000 83.513031
0.274980 0.200683 0.261776 0.455438 0.548916 0.556166 0.504913 0.468969 0.504977 0.485113 84.194982
0.304448 0.218530 0.258132 0.453428 0.438603 0.529845 0.484921 0.511683 0.439140 0.528086 83.615490
0.292832 0.212455 0.233606 0.521707 0.502113 0.553316 0.481885 0.487072 0.518682 0.424042 83.734781
0.291591 0.220430 0.284720 0.473181 0.527149 0.486335 0.447600 0.511215 0.485312 0.464727 84.576295
0.275742 0.223821 0.253842 0.487476 0.507353 0.481760 0.439478 0.502572 0.486260 0.496217 85.818707
0.298962 0.210878 0.247557 0.473668 0.568947 0.481834 0.446828 0.474827 0.547860 0.500140 83.687460
0.288625 0.199186 0.295757 0.497337 0.531719 0.513199 0.447546 0.491969 0.502193 0.511638 84.016560
0.282601 0.215797 0.272648 0.491490 0.443432 0.525005 0.502973 0.495604 0.443492 0.456870 84.310764
0.276193 0.194669 0.276841 0.532986 0.499524 0.540782 0.517460 0.520502 0.559400 0.514951 83.961486
0.251608 0.223041 0.243502 0.469233 0.485587 0.457069 0.502575 0.504766 0.506932 0.543848 84.274183
0.286805 0.208622 0.276356 0.462653 0.504507 0.492172 0.431569 0.523304 0.552212 0.472439 83.823587
0.302157 0.210784 0.234040 0.501168 0.512399 0.515978 0.485343 0.548491 0.445453 0.484235 84.634897
0.300829 0.236425 0.259645 0.541358 0.549282 0.474131 0.547709 0.476692 0.526946 0.520244 83.792007
0.283213 0.214956 0.249043 0.535876 0.493825 0.491505 0.559731 0.500000 0.423702 0.462868 83.639180
0.324230 0.223183 0.248392 0.523551 0.502123 0.484667 0.468211 0.546974 0.526909 0.439442 83.502778
0.275064 0.187208 0.231198 0.508812 0.505976 0.523714 0.488557 0.465935 0.544401 0.517033 83.942393
0.301591 0.229284 0.255853 0.562400 0.472904 0.531605 0.516300 0.551230 0.551605 0.502388 83.527124
0.296950 0.214652 0.254424 0.501849 0.503918 0.499062 0.497765 0.409525 0.536155 0.548564 83.728849
0.314449 0.210460 0.256894 0.528831 0.535841 0.525570 0.463786 0.507595 0.546704 0.525224 84.561562
0.257367 0.218509 0.226470 0.504639 0.530447 0.528393 0.512299 0.501779 0.537366 0.491854 84.345375
0.308174 0.194351 0.237252 0.500000 0.568475 0.513089 0.489405 0.500000 0.523612 0.522123 84.051080
0.317404 0.224800 0.259867 0.529364 0.487866 0.512645 0.431119 0.468790 0.457964 0.504438 83.800181
0.288550 0.198604 0.270745 0.476023 0.471110 0.436462 0.521530 0.493410 0.453979 0.513408 84.218122
0.270485 0.216961 0.257192 0.567615 0.536010 0.475446 0.538287 0.503999 0.456014 0.494262 84.059194
0.296261 0.235175 0.239937 0.481140 0.487985 0.488860 0.468806 0.555409 0.475459 0.436596 83.524954
0.260946 0.216043 0.261566 0.504549 0.533147 0.450452 0.456623 0.502602 0.477713 0.541701 84.304458
0.295191 0.220961 0.278593 0.520540 0.442946 0.501608 0.466934 0.466420 0.444380 0.511331 83.964840
0.268072 0.214432 0.279469 0.469242 0.490282 0.447023 0.462424 0.503533 0.443444 0.467579 83.606099
0.288163 0.241314 0.264934 0.517988 0.473321 0.544090 0.556282 0.536167 0.501486 0.526275 83.688049
0.282164 0.209695 0.255704 0.484073 0.472533 0.519921 0.460150 0.409530 0.486501 0.489772 83.842217
0.279722 0.240761 0.255085 0.493717 0.564325 0.532155 0.502454 0.476712 0.494698 0.536582 83.999014
0.278677 0.208022 0.263927 0.571009 0.488129 0.461895 0.485064 0.527643 0.510713 0.511360 84.741339
0.313760 0.217473 0.278749 0.568734 0.498936 0.505207 0.515186 0.517378 0.495054 0.465352 84.222712
0.279029 0.211174 0.237244 0.518919 0.534571 0.463474 0.492747 0.580474 0.493272 0.538528 83.572389
0.295760 0.207767 0.253114 0.509853 0.433956 0.493027 0.435689 0.556557 0.497098 0.484712 83.619676
0.280322 0.242076 0.248354 0.537596 0.490490 0.548737 0.459808 0.541487 0.484267 0.476687 83.603556
0.305828 0.211857 0.233991 0.502747 0.527267 0.491312 0.557639 0.497638 0.491039 0.557951 84.139863
0.283579 0.233978 0.231150 0.425237 0.500000 0.495659 0.480241 0.526597 0.511881 0.475805 83.733463
0.295698 0.217897 0.264127 0.485708 0.439556 0.428988 0.500621 0.489887 0.452531 0.484033 83.782297
0.300478 0.198844 0.237340 0.553177 0.514238 0.512895 0.445934 0.506895 0.513674 0.538149 84.009211
0.276370 0.217568 0.274486 0.456794 0.551104 0.477753 0.496610 0.487615 0.497004 0.517308 85.219628
0.293992 0.222549 0.241266 0.491758 0.502979 0.463045 0.510212 0.472035 0.552072 0.481135 85.303352
0.295272 0.210640 0.261527 0.510507 0.450806 0.560181 0.531581 0.487572 0.531117 0.456643 84.179187
0.311495 0.222947 0.266018 0.476805 0.474634 0.577518 0.528493 0.499656 0.519261 0.500000 84.110476
0.267524 0.203992 0.245613 0.535746 0.529804 0.494064 0.483135 0.433767 0.505286 0.517300 84.429442
0.266307 0.215107 0.270343 0.520440 0.500000 0.538004 0.468974 0.533504 0.517776 0.495040 85.452190
0.274341 0.208981 0.236563 0.523853 0.494529 0.552959 0.465513 0.491399 0.540175 0.543351 84.167907
0.292553 0.219644 0.239362 0.495332 0.473452 0.491636 0.509416 0.434006 0.497255 0.528595 85.081735
0.305107 0.209114 0.268671 0.533601 0.557192 0.494690 0.473035 0.516845 0.576562 0.500000 83.553592
0.340838 0.223596 0.251895 0.489031 0.525552 0.493592 0.488459 0.493808 0.489981 0.504532 84.299826
0.301010 0.229571 0.263973 0.497798 0.512556 0.444351 0.487451 0.535090 0.478315 0.543417 84.624084
0.305149 0.228236 0.260146 0.493177 0.487733 0.442788 0.494485 0.516853 0.496081 0.479335 85.531042
0.287292 0.233919 0.234950 0.532928 0.521512 0.472995 0.521527 0.520373 0.483988 0.472360 84.877871
0.265572 0.220810 0.280302 0.484994 0.522300 0.457985 0.545036 0.501449 0.462670 0.535381 84.045521
0.261496 0.214283 0.238843 0.462928 0.532167 0.469462 0.501020 0.520932 0.563247 0.509260 83.957224
0.293818 0.218123 0.272140 0.503032 0.451323 0.504536 0.476438 0.460640 0.546227 0.530988 84.714895
0.318419 0.188701 0.256464 0.516767 0.500000 0.476677 0.455425 0.445903 0.518586 0.478201 83.527658
0.301131 0.208587 0.222364 0.484261 0.469624 0.504504 0.538530 0.492371 0.490849 0.500801 84.881083
0.288220 0.237787 0.249732 0.566079 0.493334 0.530295 0.544331 0.495275 0.521971 0.524801 83.874957
0.267158 0.236489 0.280432 0.472225 0.480594 0.477309 0.524316 0.550753 0.543305 0.499127 83.580462
0.305138 0.236940 0.259704 0.529398 0.546580 0.506215 0.560827 0.500346 0.526616 0.501602 83.996190
0.261890 0.230989 0.265569 0.546548 0.497411 0.480076 0.495456 0.506982 0.493639 0.555818 84.416143
0.272093 0.218542 0.237449 0.543261 0.477302 0.505384 0.516922 0.574731 0.492668 0.500000 84.119575
0.284811 0.198296 0.261417 0.549413 0.500000 0.508213 0.500000 0.481555 0.590980 0.519620 83.501436
0.301779 0.240319 0.276107 0.533404 0.466787 0.546363 0.489236 0.501789 0.532026 0.508232 83.993469
0.287614 0.216899 0.281184 0.483627 0.499627 0.562576 0.505669 0.495056 0.537243 0.491011 84.932279
0.292469 0.219898 0.283816 0.509800 0.574959 0.509135 0.485558 0.518697 0.446545 0.471700 83.529556
0.320626 0.205719 0.248079 0.466680 0.502794 0.454764 0.487204 0.475783 0.444994 0.490884 84.049617
0.298186 0.201084 0.278301 0.528933 0.468645 0.518013 0.490074 0.508474 0.512961 0.449740 84.915682
0.284270 0.212027 0.248604 0.480442 0.510878 0.568241 0.552749 0.488469 0.528222 0.442844 83.638763
0.285497 0.217122 0.245650 0.471815 0.578556 0.451815 0.509043 0.503745 0.495298 0.483401 84.240113
0.274004 0.222035 0.265832 0.518723 0.523825 0.493829 0.452631 0.491620 0.496541 0.412319 83.720921
0.302726 0.215171 0.220440 0.539116 0.499486 0.526735 0.554866 0.530544 0.525863 0.480987 83.520983
0.269750 0.187517 0.246479 0.516250 0.475511 0.508362 0.438220 0.501971 0.539149 0.481625 83.759772
0.332335 0.219616 0.240562 0.493901 0.483591 0.501123 0.514423 0.462518 0.457113 0.524254 83.918485
0.290595 0.210777 0.226088 0.558347 0.494609 0.477134 0.518988 0.468557 0.517305 0.519694 84.384908
0.299628 0.243314 0.268469 0.516818 0.478170 0.569598 0.508325 0.471228 0.530226 0.502434 83.553202
0.299194 0.218762 0.224820 0.449026 0.492432 0.486249 0.497972 0.441731 0.522574 0.494506 83.975275
0.297849 0.220379 0.253511 0.464432 0.468465 0.506108 0.494445 0.442855 0.494179 0.530401 85.211981
0.264831 0.201403 0.246258 0.454232 0.571372 0.461246 0.504278 0.508689 0.522009 0.489155 83.662386
0.271362 0.202292 0.285788 0.486716 0.474871 0.543493 0.445137 0.529213 0.507429 0.466527 83.637851
0.303970 0.225382 0.282174 0.566571 0.502013 0.487015 0.516476 0.480441 0.482009 0.528407 84.262204
0.283894 0.233030 0.243923 0.548690 0.495799 0.479168 0.507435 0.500000 0.516346 0.541262 85.091346
0.293818 0.207612 0.272140 0.503032 0.451323 0.504536 0.525664 0.460640 0.546227 0.530988 84.628079
0.258529 0.213243 0.291962 0.518394 0.522218 0.545559 0.471546 0.485517 0.514458 0.500000 83.931240
0.270509 0.212095 0.267602 0.530309 0.498807 0.466173 0.459679 0.500000 0.463425 0.500000 85.443685
0.302027 0.223278 0.267971 0.518149 0.450685 0.565782 0.502660 0.500000 0.516181 0.500000 84.659043
0.268412 0.201642 0.246018 0.495997 0.515728 0.481753 0.482446 0.462572 0.564918 0.495340 84.577849
0.287557 0.213621 0.261719 0.545499 0.551665 0.472429 0.518708 0.477705 0.473982 0.484560 85.121394
0.303161 0.226952 0.250184 0.492093 0.502270 0.471748 0.582516 0.483355 0.484499 0.542174 83.847897
0.324786 0.222152 0.232589 0.512028 0.531209 0.509346 0.501941 0.554397 0.471304 0.532544 83.585973
0.289295 0.203813 0.233851 0.514434 0.480019 0.523320 0.448382 0.446242 0.475603 0.537177 83.934583
0.283567 0.204602 0.257651 0.485929 0.473181 0.456479 0.469443 0.482274 0.518202 0.581976 83.842304
0.259079 0.217126 0.258024 0.478276 0.513930 0.538597 0.482327 0.497052 0.492683 0.500637 85.929274
0.306222 0.209623 0.260990 0.434275 0.471917 0.509784 0.439211 0.538823 0.491618 0.514948 83.798826
0.320315 0.204526 0.245798 0.485337 0.478305 0.533669 0.524149 0.548271 0.478413 0.520068 84.381623
0.276083 0.219442 0.289548 0.494450 0.501472 0.512250 0.453562 0.479650 0.485676 0.442122 84.070639
0.283579 0.207812 0.245981 0.497367 0.500000 0.501464 0.417173 0.525020 0.484272 0.537321 84.333678
0.306305 0.238185 0.253743 0.524048 0.561877 0.519833 0.490722 0.467604 0.529182 0.480348 83.957005
0.292699 0.220298 0.254059 0.518132 0.512129 0.460591 0.574065 0.493660 0.469245 0.544272 84.099810
0.292199 0.227228 0.222001 0.504958 0.534802 0.472983 0.521607 0.547645 0.466075 0.496623 83.903879
0.312366 0.212864 0.265120 0.510904 0.507292 0.488297 0.421474 0.491855 0.476277 0.483005 84.476706
0.301797 0.220742 0.226534 0.516078 0.470941 0.538613 0.465370 0.521702 0.446418 0.493387 83.896499
0.252583 0.214879 0.255792 0.487790 0.523133 0.526115 0.443153 0.455050 0.502236 0.541761 83.717734
0.283579 0.210398 0.243715 0.500432 0.477350 0.490287 0.578069 0.468232 0.535204 0.479461 84.249346
