# gen=400 CA size=200
# x0..x(D-1) consensus
0.079564 0.076604 0.781835 0.225900 0.949368 0.564389 0.299768 0.067308 0.963983 0.916408 2.745493
0.435402 0.108041 0.064999 0.495073 0.297202 0.362375 0.695180 0.294104 0.610604 0.158803 3.156144
0.844562 0.472052 0.051060 0.779712 0.184536 0.190180 0.659499 0.364262 0.855738 0.021666 3.285740
0.801788 0.429131 0.030393 0.447380 0.823050 0.840288 0.476001 0.405381 0.523630 0.080821 3.285740
0.761749 0.301432 0.056882 0.144851 0.240186 0.023685 0.378387 0.952273 0.433304 0.289969 3.285740
0.691766 0.312477 0.000245 0.578536 0.624342 0.903615 0.592156 0.674466 0.327091 0.006803 3.285740
0.681966 0.804317 0.161157 0.531006 0.436285 0.533663 0.962444 0.134154 0.616672 0.605977 3.285740
0.011124 0.119687 0.766845 0.685173 0.306870 0.043059 0.195459 0.594036 0.706729 0.304419 2.431737
0.870445 0.987763 0.711957 0.644303 0.943374 0.077922 0.356029 0.905439 0.904130 0.955810 3.437456
0.561081 0.953459 0.879428 0.797600 0.221239 0.597577 0.043332 0.438459 0.185564 0.083020 3.437456
0.313832 0.070256 0.792158 0.662395 0.169800 0.550138 0.971343 0.518397 0.537814 0.363845 5.128648
0.297510 0.077491 0.758235 0.650400 0.189403 0.645376 0.999465 0.492159 0.528775 0.311176 5.130100
0.311013 0.122372 0.478049 0.537940 0.659239 0.464864 0.265746 0.167008 0.512196 0.652228 2.040943
0.317746 0.077712 0.786949 0.653810 0.201761 0.623280 0.994306 0.542091 0.544481 0.413412 5.128957
0.299917 0.052058 0.791724 0.666523 0.185744 0.597786 1.000000 0.565133 0.579236 0.375687 5.128457
0.498241 0.530750 0.472213 0.646337 0.259220 0.479976 0.369256 0.366282 0.398084 0.120912 2.946951
0.298100 0.081538 0.792327 0.649297 0.211603 0.597550 0.963750 0.580944 0.524002 0.405336 5.128486
0.308859 0.072153 0.751951 0.644552 0.207092 0.635214 1.000000 0.491664 0.556914 0.353895 5.129214
0.294276 0.064434 0.783894 0.653929 0.207515 0.579220 0.958708 0.517047 0.449490 0.336624 5.129025
0.305063 0.062627 0.800973 0.665364 0.193938 0.501092 0.902638 0.486760 0.515704 0.390460 5.129451
0.306198 0.086489 0.806722 0.659101 0.243642 0.596272 1.000000 0.601753 0.511094 0.383808 5.128451
0.319586 0.057746 0.762428 0.661315 0.175865 0.639701 1.000000 0.566827 0.497704 0.357145 5.129331
0.277613 0.070441 0.766238 0.624420 0.086189 0.413967 0.738997 0.601504 0.576427 0.139289 5.128451
0.626423 0.632968 0.439836 0.688068 0.422790 0.750596 0.317744 0.556463 0.256327 0.044912 3.285740
0.317967 0.075013 0.763641 0.631229 0.076523 0.467404 1.000000 0.491561 0.524262 0.325989 5.128451
0.285410 0.076534 0.830189 0.644194 0.083038 0.414753 0.831424 0.574220 0.623170 0.188452 5.128451
0.335818 0.059095 0.774152 0.634469 0.252134 0.404283 0.940226 0.496957 0.440868 0.307284 5.128451
0.307826 0.066801 0.782062 0.601817 0.080017 0.594796 0.903130 0.570704 0.696716 0.276881 5.128451
0.325762 0.084545 0.771181 0.598993 0.174576 0.529237 0.820544 0.436204 0.483300 0.038547 5.128451
0.297263 0.062764 0.729433 0.628002 0.290914 0.417737 1.000000 0.574401 0.458178 0.254422 5.128451
0.336656 0.101988 0.709924 0.626355 0.246294 0.514275 0.910941 0.591000 0.535956 0.182488 5.128451
0.286065 0.022817 0.778884 0.604512 0.261473 0.459393 0.858834 0.595716 0.431948 0.368247 5.128451
0.316406 0.087726 0.733928 0.619022 0.137672 0.385938 0.846364 0.566210 0.488482 0.309204 5.128451
0.314619 0.089058 0.730302 0.607740 0.303323 0.565579 1.000000 0.803709 0.623271 0.353463 5.128451
0.340197 0.085163 0.703188 0.607792 0.215174 0.552699 1.000000 0.688420 0.542700 0.395708 5.128451
0.325657 0.104972 0.825748 0.613933 0.114894 0.481491 0.884532 0.665870 0.748989 0.269192 5.128451
0.279946 0.080371 0.778250 0.606896 0.190675 0.480666 0.871138 0.633161 0.537866 0.291282 5.128451
0.320775 0.090821 0.805391 0.631910 0.231802 0.555169 0.851437 0.662969 0.600449 0.241621 5.128451
0.480175 0.261572 0.034244 0.867368 0.345518 0.680015 0.656365 0.418686 0.252210 0.914229 1.491544
0.335518 0.082552 0.756459 0.614725 0.227911 0.426578 0.856534 0.693492 0.637174 0.241674 5.128451
0.311181 0.070962 0.770450 0.640591 0.224639 0.489731 1.000000 0.627654 0.658987 0.335763 5.128451
0.332963 0.083908 0.813847 0.609218 0.158084 0.486952 0.887475 0.611042 0.732012 0.273606 5.128451
0.311047 0.111859 0.807286 0.613297 0.007898 0.548776 0.910105 0.563665 0.699239 0.204038 5.128451
0.317660 0.077263 0.864210 0.598420 0.187663 0.577067 0.929755 0.463301 0.508216 0.415808 5.128451
0.326764 0.099931 0.769654 0.622922 0.304510 0.479054 0.929285 0.626322 0.560268 0.467433 5.128451
0.317725 0.076650 0.789741 0.657280 0.215674 0.516366 1.000000 0.614738 0.630976 0.385668 5.128451
0.314077 0.094097 0.715437 0.606448 0.219188 0.436307 0.893062 0.643701 0.633073 0.188279 5.128451
0.240955 0.014170 0.737843 0.568415 0.690687 0.148519 0.574340 0.816437 0.086005 0.799317 2.745493
0.332531 0.081470 0.821598 0.635040 0.251906 0.542781 0.939072 0.509762 0.377891 0.337504 5.128451
0.330908 0.070912 0.805788 0.612494 0.166931 0.477307 0.848975 0.574048 0.477538 0.189788 5.128451
0.337537 0.086045 0.823551 0.630382 0.136913 0.443824 1.000000 0.556951 0.712137 0.352953 5.128451
0.352535 0.083082 0.828753 0.623598 0.090895 0.500924 0.997105 0.462288 0.616672 0.298710 5.128451
0.299880 0.076962 0.753854 0.608757 0.085800 0.476477 0.960609 0.750822 0.690336 0.371293 5.128451
0.317952 0.108044 0.803169 0.605121 0.182191 0.564684 0.965197 0.583523 0.445979 0.336206 5.128451
0.339442 0.091466 0.855109 0.626611 0.255356 0.533663 0.963569 0.506220 0.528852 0.412804 5.128451
0.319565 0.078113 0.799675 0.634380 0.090434 0.515593 0.894696 0.494850 0.551594 0.257904 5.128451
0.327516 0.085593 0.753978 0.632731 0.185015 0.446114 0.924331 0.655958 0.682895 0.412914 5.128451
0.304467 0.094009 0.741325 0.627061 0.246793 0.489754 0.901599 0.540970 0.403355 0.179951 5.128451
0.705563 0.041329 0.350291 0.990284 0.874873 0.592823 0.841125 0.765744 0.925773 0.632702 2.591855
0.290358 0.048557 0.822370 0.610029 0.047598 0.376183 0.793670 0.522059 0.611123 0.257793 5.128451
0.315185 0.062105 0.819240 0.618032 0.244655 0.345614 0.834631 0.592599 0.534150 0.309548 5.128451
0.323215 0.067927 0.802447 0.638352 0.161876 0.478508 0.994056 0.513240 0.547690 0.322283 5.128451
0.272770 0.075106 0.760570 0.626904 0.212336 0.467397 0.798097 0.758120 0.669413 0.288814 5.128451
0.273660 0.056235 0.839181 0.604230 0.104171 0.303191 0.787586 0.628869 0.730643 0.333875 5.128451
0.325847 0.119998 0.802990 0.601085 0.306648 0.426457 0.857532 0.629658 0.621319 0.330927 5.128451
0.275605 0.036491 0.786764 0.617901 0.231247 0.528758 0.844350 0.655198 0.630014 0.245634 5.128451
0.310776 0.090723 0.722078 0.609409 0.146277 0.512539 0.959513 0.789091 0.716453 0.231305 5.128451
0.310460 0.072715 0.772380 0.595479 0.102546 0.586366 0.973261 0.709577 0.776564 0.158150 5.128451
0.321948 0.108403 0.828064 0.631638 0.127381 0.360725 0.899256 0.548302 0.606889 0.338646 5.128451
0.300610 0.061524 0.753368 0.637244 0.148171 0.531630 0.996250 0.536993 0.658093 0.299412 5.128451
0.302076 0.071488 0.833717 0.596910 0.074613 0.411373 0.826237 0.612024 0.642627 0.295166 5.128451
0.306065 0.093577 0.763047 0.652227 0.168484 0.458322 0.861039 0.733670 0.643579 0.274235 5.128451
0.269510 0.092230 0.788884 0.618759 0.198866 0.450880 0.861552 0.539436 0.562730 0.181993 5.128451
0.293704 0.067680 0.726235 0.609258 0.130816 0.507233 0.818379 0.786627 0.701225 0.274771 5.128451
0.321303 0.067229 0.766250 0.611662 0.257008 0.316308 0.893522 0.748876 0.567312 0.263161 5.128451
0.305595 0.069495 0.751122 0.615841 0.081451 0.605402 0.993527 0.597429 0.669694 0.294349 5.128451
0.343272 0.085267 0.766315 0.606522 0.285593 0.455092 0.962182 0.577244 0.579717 0.537730 5.128451
0.326422 0.091018 0.730339 0.637654 0.186403 0.435489 0.852841 0.588488 0.588470 0.140361 5.128451
0.306017 0.055780 0.880385 0.605252 0.202705 0.411543 0.892975 0.554074 0.513636 0.381667 5.128451
0.303113 0.079499 0.827400 0.595027 0.273034 0.427544 0.811302 0.612714 0.459008 0.219258 5.128451
0.326193 0.072642 0.822572 0.640803 0.137888 0.344607 0.926524 0.591119 0.627290 0.453059 5.128451
0.306060 0.057334 0.801965 0.616008 0.310715 0.475499 0.984163 0.652771 0.397908 0.317662 5.128451
0.309370 0.042387 0.820176 0.641787 0.169077 0.421261 1.000000 0.624197 0.610383 0.429100 5.128451
0.294362 0.065203 0.775607 0.647161 0.234942 0.631573 0.926093 0.663093 0.536207 0.281015 5.128451
0.289546 0.074148 0.787544 0.618757 0.113008 0.453489 0.982184 0.726887 0.651294 0.430748 5.128451
0.288091 0.052310 0.718811 0.611316 0.221135 0.386907 0.884044 0.769551 0.645981 0.260838 5.128451
0.294174 0.071611 0.758903 0.621839 0.104738 0.509677 0.858382 0.520028 0.612847 0.222624 5.128451
0.356722 0.094697 0.798938 0.624215 0.223754 0.571133 1.000000 0.594695 0.536700 0.339481 5.128451
0.299649 0.060905 0.809409 0.595313 0.216860 0.357790 0.871908 0.730775 0.610604 0.332471 5.128451
0.304704 0.067557 0.688673 0.612011 0.224633 0.463427 0.895784 0.786126 0.691098 0.362087 5.128451
0.305986 0.063230 0.748595 0.612515 0.287662 0.537847 1.000000 0.513252 0.366041 0.307227 5.128451
0.340779 0.067253 0.792136 0.625674 0.131378 0.554654 0.932611 0.631444 0.694433 0.239387 5.128451
0.274994 0.062500 0.753273 0.616245 0.140818 0.590951 0.912970 0.672668 0.701029 0.205224 5.128451
0.309872 0.108687 0.808502 0.619530 0.000000 0.478233 0.855751 0.542938 0.712376 0.178585 5.128451
0.306050 0.067064 0.732727 0.637361 0.195275 0.457424 1.000000 0.635496 0.671184 0.305650 5.128451
0.312705 0.103162 0.806878 0.649338 0.257852 0.485135 0.926093 0.546404 0.535710 0.293306 5.128451
0.324928 0.109665 0.763449 0.607198 0.218651 0.483784 0.795965 0.697361 0.670730 0.236805 5.128451
0.274851 0.068469 0.761739 0.634027 0.161875 0.550207 0.872027 0.581004 0.495168 0.132494 5.128451
0.298374 0.052833 0.752772 0.637009 0.214420 0.410866 0.943690 0.661105 0.660496 0.322795 5.128451
0.327850 0.073217 0.770756 0.599362 0.186549 0.643054 1.000000 0.462670 0.483966 0.351616 5.128451
0.305277 0.094064 0.761034 0.631051 0.131757 0.523277 1.000000 0.489931 0.632362 0.236853 5.128451
0.304105 0.064316 0.820977 0.640678 0.142410 0.424576 0.964682 0.581000 0.651413 0.470341 5.128451
0.291167 0.068585 0.805749 0.640276 0.019412 0.509549 0.925536 0.583833 0.688895 0.250378 5.128451
0.307703 0.072314 0.765463 0.636984 0.103763 0.458799 0.880817 0.590437 0.721774 0.338794 5.128451
0.267663 0.037981 0.740258 0.615277 0.084381 0.501282 0.850842 0.658982 0.627815 0.229003 5.128451
0.335964 0.075353 0.789799 0.644463 0.116133 0.599696 1.000000 0.542067 0.557441 0.171921 5.128451
0.307464 0.091407 0.760502 0.635797 0.192396 0.564366 0.965124 0.595384 0.613566 0.155311 5.128451
0.302845 0.119853 0.816778 0.597939 0.205231 0.404707 0.746356 0.535241 0.597237 0.247658 5.128451
0.314428 0.063218 0.733188 0.601601 0.237601 0.473789 0.978243 0.811965 0.624484 0.314725 5.128451
0.306871 0.073138 0.739098 0.634559 0.168007 0.482410 0.903980 0.794025 0.584677 0.309888 5.128451
0.313582 0.082695 0.726970 0.616138 0.216434 0.440646 0.935251 0.762143 0.734079 0.453759 5.128451
0.337790 0.081925 0.773174 0.611559 0.242438 0.518337 1.000000 0.719566 0.675753 0.431307 5.128451
0.343451 0.075200 0.785797 0.608192 0.237213 0.590102 0.915953 0.631131 0.617505 0.218572 5.128451
0.315373 0.119993 0.757964 0.623602 0.269939 0.589944 0.893072 0.659392 0.543877 0.187259 5.128451
0.335036 0.080265 0.773206 0.642187 0.201629 0.348966 0.982857 0.675505 0.575717 0.470235 5.128451
0.342113 0.062469 0.762385 0.619358 0.113724 0.444184 0.932611 0.658762 0.661938 0.264169 5.128451
0.305205 0.039572 0.782829 0.654592 0.142768 0.559122 0.950425 0.556586 0.550834 0.327772 5.128451
0.298270 0.097134 0.788389 0.627606 0.267931 0.509065 0.850429 0.571555 0.548969 0.329714 5.128451
0.341024 0.048959 0.701852 0.603871 0.221350 0.503379 0.992820 0.659416 0.487881 0.373927 5.128451
0.318130 0.036745 0.744543 0.635592 0.263178 0.580602 0.987433 0.601692 0.544761 0.265980 5.128451
0.319336 0.075280 0.726032 0.634083 0.130295 0.492275 0.979417 0.650992 0.497439 0.316082 5.128451
0.322194 0.102992 0.798127 0.647925 0.134877 0.537786 1.000000 0.473670 0.565863 0.205837 5.128451
0.311380 0.065420 0.817085 0.626542 0.185942 0.562456 1.000000 0.668165 0.729102 0.322200 5.128451
0.333329 0.079381 0.810489 0.622801 0.154615 0.457798 0.962818 0.544008 0.606013 0.308866 5.128451
0.326078 0.053288 0.817567 0.637338 0.197475 0.360425 0.922823 0.568121 0.525780 0.328101 5.128451
0.306098 0.075984 0.834992 0.602652 0.045634 0.366925 0.895213 0.555818 0.606173 0.428681 5.128451
0.307023 0.089571 0.686674 0.596371 0.229138 0.500049 0.903189 0.699664 0.687897 0.228040 5.128451
0.283546 0.076076 0.766276 0.634011 0.149140 0.559241 0.888389 0.561267 0.537456 0.175484 5.128451
0.309825 0.065460 0.835507 0.602417 0.196610 0.370856 0.959400 0.682120 0.625720 0.381687 5.128451
0.314227 0.057612 0.780694 0.606609 0.168837 0.305202 0.836191 0.655494 0.625144 0.419316 5.128451
0.283316 0.096969 0.756417 0.613021 0.274019 0.560416 0.865364 0.672345 0.605895 0.177572 5.128451
0.319632 0.077029 0.728699 0.633118 0.171062 0.441093 0.892985 0.794674 0.602913 0.288328 5.128451
0.294371 0.094770 0.838434 0.608167 0.179728 0.494192 0.950958 0.580590 0.603569 0.409032 5.128451
0.280375 0.077051 0.767563 0.608959 0.233278 0.531840 0.865860 0.624554 0.643867 0.134232 5.128451
0.292215 0.070004 0.753965 0.603994 0.226502 0.479985 0.879490 0.564403 0.359062 0.127097 5.128451
0.335446 0.066291 0.733217 0.596509 0.227993 0.462329 0.991982 0.676505 0.597826 0.516346 5.128451
0.287695 0.077871 0.743375 0.609411 0.315992 0.465856 0.923918 0.550458 0.451675 0.199111 5.128451
0.323128 0.080930 0.797994 0.629913 0.115521 0.476162 1.000000 0.569369 0.490396 0.397165 5.128451
0.314254 0.084762 0.743750 0.628425 0.376419 0.465208 0.999377 0.561627 0.417133 0.360125 5.128451
0.306042 0.080110 0.819369 0.626408 0.076469 0.477226 0.849499 0.510551 0.618035 0.143688 5.128451
0.324430 0.050911 0.768057 0.607881 0.172437 0.409211 0.945910 0.515499 0.600016 0.225076 5.128451
0.284941 0.069679 0.750677 0.611556 0.148584 0.535125 0.951232 0.690039 0.623333 0.238680 5.128451
0.324761 0.087486 0.763164 0.615878 0.258644 0.506793 1.000000 0.572946 0.366909 0.319931 5.128451
0.333619 0.075113 0.763032 0.611984 0.146486 0.532716 0.928661 0.486099 0.570696 0.404573 5.128451
0.307010 0.041281 0.779752 0.630921 0.140447 0.480880 0.954260 0.679209 0.665050 0.331647 5.128451
0.314173 0.080717 0.820993 0.663923 0.206256 0.505135 1.000000 0.562948 0.652686 0.427437 5.128451
0.316720 0.066687 0.851318 0.632590 0.162080 0.459900 0.929408 0.513680 0.609090 0.481212 5.128451
0.306020 0.084289 0.834947 0.611115 0.149030 0.520520 0.967383 0.670525 0.713886 0.235136 5.128451
0.336529 0.089436 0.736007 0.608389 0.269668 0.461943 0.890073 0.630654 0.608573 0.176272 5.128451
0.287714 0.050744 0.765170 0.626614 0.278834 0.518241 0.961857 0.597212 0.577948 0.165174 5.128451
0.332786 0.094364 0.805544 0.602503 0.122119 0.625643 0.992066 0.516845 0.720335 0.246392 5.128451
0.303421 0.088124 0.840213 0.627114 0.151476 0.443452 1.000000 0.482693 0.509852 0.333430 5.128451
0.302983 0.084410 0.741631 0.595570 0.235448 0.286201 0.830042 0.787019 0.602979 0.246001 5.128451
0.315576 0.059869 0.761084 0.602221 0.222105 0.419405 1.000000 0.667341 0.450389 0.296972 5.128451
0.300319 0.071368 0.763485 0.603091 0.119070 0.392477 0.835985 0.562089 0.589744 0.268426 5.128451
0.314912 0.087817 0.790326 0.619797 0.130632 0.558593 1.000000 0.403011 0.477032 0.264273 5.128451
0.354009 0.102047 0.809807 0.600489 0.162426 0.504846 0.904301 0.579318 0.672574 0.244283 5.128451
0.299416 0.067807 0.787361 0.601581 0.133405 0.448713 0.862912 0.556712 0.612879 0.168250 5.128451
0.326770 0.069622 0.752358 0.631571 0.220443 0.417109 0.868243 0.604031 0.432767 0.189345 5.128451
0.288905 0.086935 0.735532 0.595844 0.127676 0.373009 0.920531 0.702523 0.734261 0.262392 5.128451
0.281290 0.067575 0.825288 0.601513 0.139865 0.454382 0.787681 0.446432 0.510093 0.262352 5.128451
0.315452 0.098569 0.782561 0.615804 0.114939 0.400064 0.805975 0.658201 0.775165 0.277042 5.128451
0.316457 0.096920 0.715161 0.612103 0.147476 0.438799 1.000000 0.681250 0.500164 0.309272 5.128451
0.336228 0.066720 0.808950 0.610926 0.171453 0.523841 1.000000 0.621192 0.593135 0.296745 5.128451
0.308681 0.058285 0.759168 0.601360 0.161856 0.418366 0.894949 0.509288 0.634498 0.246770 5.128451
0.303862 0.095178 0.795794 0.617321 0.173309 0.557176 0.877880 0.480821 0.488436 0.194728 5.128451
0.311097 0.096355 0.770330 0.614232 0.259928 0.419061 0.831681 0.525716 0.522478 0.351645 5.128451
0.322908 0.078217 0.800393 0.618371 0.255058 0.414546 0.814432 0.543796 0.518172 0.220993 5.128451
0.306584 0.063708 0.761488 0.616177 0.226502 0.523359 1.000000 0.492888 0.423357 0.322978 5.128451
0.307063 0.084733 0.761842 0.612675 0.121667 0.448270 0.936652 0.736650 0.578805 0.212010 5.128451
0.294331 0.068788 0.781898 0.614290 0.143733 0.566764 1.000000 0.515374 0.433067 0.386929 5.128451
0.322258 0.070216 0.773404 0.598261 0.282965 0.367971 0.995877 0.680762 0.418088 0.414675 5.128451
0.336382 0.053074 0.846347 0.599429 0.171361 0.616386 0.982752 0.614228 0.586102 0.254149 5.128451
0.307723 0.070319 0.845151 0.610234 0.160361 0.549011 0.878359 0.590970 0.653592 0.137434 5.128451
0.313959 0.078961 0.761435 0.608652 0.282759 0.484210 0.954337 0.670528 0.644884 0.438056 5.128451
0.357743 0.108715 0.763682 0.618225 0.163307 0.522870 1.000000 0.537449 0.534190 0.410958 5.128451
0.274542 0.064428 0.784555 0.603266 0.196521 0.508373 0.883338 0.556287 0.645421 0.169773 5.128451
0.318361 0.062224 0.725448 0.628420 0.297868 0.445381 1.000000 0.698036 0.584073 0.454497 5.128451
0.323730 0.095356 0.720636 0.629175 0.143200 0.485942 0.962166 0.679324 0.514891 0.178040 5.128451
0.302332 0.057653 0.758908 0.615383 0.228891 0.565655 0.923740 0.549982 0.556312 0.228354 5.128451
0.272660 0.055192 0.771951 0.599066 0.224429 0.519375 0.900533 0.659968 0.718200 0.270958 5.128451
0.339183 0.074831 0.742768 0.608945 0.278924 0.506992 1.000000 0.594571 0.540471 0.408786 5.128451
0.325614 0.080100 0.737846 0.613891 0.306689 0.420293 1.000000 0.751325 0.561402 0.237192 5.128451
0.325845 0.068534 0.749073 0.607124 0.078958 0.626448 1.000000 0.542927 0.623981 0.364680 5.128451
0.306984 0.067692 0.744334 0.597746 0.191735 0.484567 0.928642 0.701141 0.718834 0.245082 5.128451
0.281491 0.071106 0.695304 0.603409 0.220057 0.520388 0.860474 0.677977 0.616094 0.231661 5.128451
0.297546 0.048291 0.818571 0.623617 0.192854 0.487664 0.924974 0.566813 0.685501 0.262132 5.128451
0.297472 0.048296 0.811084 0.597060 0.153785 0.389893 0.832629 0.464265 0.491388 0.392911 5.128451
0.258282 0.071202 0.763140 0.606694 0.127464 0.521442 0.871711 0.633069 0.532350 0.335824 5.128451
0.304106 0.044497 0.736637 0.615767 0.208339 0.492134 0.820375 0.512872 0.456854 0.276430 5.128451
0.305720 0.077179 0.741094 0.623488 0.227911 0.399511 0.887861 0.713894 0.639501 0.312821 5.128451
0.331382 0.057211 0.812887 0.653825 0.184812 0.491777 0.929465 0.554834 0.589811 0.280496 5.128451
0.301650 0.087953 0.838217 0.605694 0.155232 0.468985 0.851918 0.598498 0.587606 0.122092 5.128451
0.343917 0.078559 0.748818 0.607050 0.107994 0.534284 0.962855 0.626592 0.712226 0.345338 5.128451
0.295623 0.065902 0.788331 0.625302 0.239753 0.558067 0.919805 0.570075 0.612536 0.364128 5.128451
0.271902 0.112883 0.778147 0.596713 0.114456 0.459417 0.822714 0.573090 0.515962 0.224709 5.128451
0.295130 0.096979 0.806016 0.649472 0.175626 0.454804 0.926093 0.630721 0.552777 0.240994 5.128451
0.311082 0.071716 0.715617 0.617957 0.136404 0.562202 1.000000 0.734042 0.645079 0.192157 5.128451
0.324773 0.069944 0.753599 0.620678 0.087995 0.470552 0.921532 0.628869 0.729497 0.351429 5.128451
0.345062 0.102535 0.773575 0.606766 0.235176 0.431722 0.966974 0.611545 0.506908 0.392205 5.128451
