# Party-0 optima (Phase 1b)
# x0..x(D-1) party_fit f0 f1 consensus
0.860035 0.177060 0.349664 0.873436 0.195698 0.217996 0.068951 0.060959 0.165109 0.759530 0.260834 0.260834 0.260834 0.260834
0.479588 0.078675 0.620522 0.885161 0.986967 0.921151 0.895266 0.630442 0.872760 0.267574 0.260834 0.260834 0.247943 0.247943
0.820225 0.397578 0.439518 0.906350 0.311418 0.242828 0.064397 0.989697 0.096119 0.623345 0.260834 0.260834 0.260834 0.260834
0.815870 0.408362 0.201716 0.698813 0.114384 0.655441 0.931005 0.891864 0.575474 0.045792 0.260834 0.260834 0.203103 0.203103
0.803636 0.241346 0.869742 0.868333 0.203732 0.865434 0.206890 0.208245 0.184913 0.943000 0.260834 0.260834 0.260834 0.260834
0.782742 0.150951 0.479837 0.582239 0.887130 0.253743 0.424748 0.863613 0.261360 0.421475 0.260834 0.260834 0.260834 0.260834
0.740273 0.212094 0.211659 0.737314 0.480114 0.869029 0.563545 0.809929 0.499948 0.661755 0.260834 0.260834 0.203103 0.203103
0.704809 0.066675 0.568756 0.889641 0.775756 0.829094 0.179783 0.906869 0.960553 0.175321 0.260834 0.260834 0.260834 0.260834
