# Consensus Archive (v3 basin-tagged)
# x0..x(D-1) f0 f1 consensus
0.899708 0.522219 0.127178 0.840407 0.155867 15.168934 18.607142 15.168934
0.811147 0.395659 0.109660 0.600794 0.161674 33.883321 19.591739 19.591739
0.440850 0.162320 0.354081 0.640304 0.561856 9.616754 9.320684 9.320684
0.198871 0.268407 0.699218 0.927093 0.946438 9.390147 9.320684 9.320684
0.453482 0.957745 0.085019 0.423709 0.282909 9.320684 9.320684 9.320684
0.492649 0.977983 0.876972 0.543637 0.509839 9.320684 9.320684 9.320684
0.866437 0.086461 0.021514 0.941371 0.470713 9.320684 7.366988 7.366988
0.747198 0.068725 0.592614 0.323056 0.598717 9.320684 6.176604 6.176604
0.147633 0.617788 0.804870 0.656498 0.897227 9.320684 10.165103 9.320684
0.865186 0.446327 0.153417 0.675614 0.285187 64.052648 55.061922 55.061922
0.233916 0.658236 0.586818 0.713286 0.924683 9.320684 9.709768 9.320684
0.905633 0.788666 0.842586 0.946803 0.429471 9.320684 9.336167 9.320684
0.387565 0.542151 0.750934 0.388029 0.018420 9.320684 9.320684 9.320684
0.657686 0.745222 0.451693 0.266057 0.439111 6.915819 9.320684 6.915819
0.733739 0.393085 0.761661 0.399458 0.613543 9.320684 9.320684 9.320684
0.115340 0.644937 0.104687 0.381999 0.343005 9.320684 9.320684 9.320684
0.809363 0.361804 0.148402 0.675146 0.301161 18.777974 15.612718 15.612718
0.904818 0.487864 0.103174 0.731555 0.225520 57.205773 56.331282 56.331282
0.853035 0.387103 0.091516 0.619344 0.251771 32.288228 31.623347 31.623347
0.838298 0.453843 0.059496 0.626425 0.219901 17.022090 21.317899 17.022090
0.821805 0.458846 0.159054 0.552756 0.171747 43.604501 18.220668 18.220668
0.819576 0.391573 0.180508 0.669560 0.240099 48.902238 21.830067 21.830067
0.979522 0.515991 0.103209 0.798130 0.278264 16.930269 16.413184 16.413184
0.880919 0.445538 0.062876 0.775828 0.126148 17.264047 17.293268 17.264047
0.787879 0.467590 0.174709 0.656170 0.193873 21.199243 33.096267 21.199243
0.926478 0.453771 0.055079 0.591181 0.310426 22.228473 15.137539 15.137539
0.819999 0.379568 0.153725 0.597054 0.289660 24.835507 25.879007 24.835507
0.868106 0.431408 0.119327 0.654722 0.263249 63.391260 67.382526 63.391260
0.897302 0.429710 0.047624 0.584548 0.267282 30.522788 19.857457 19.857457
0.969239 0.482077 0.075747 0.847907 0.271427 20.366185 15.387914 15.387914
0.828723 0.403314 0.132665 0.647069 0.163183 58.424319 21.012555 21.012555
0.858754 0.456014 0.131488 0.843862 0.202316 15.557756 16.702031 15.557756
0.821018 0.394768 0.117682 0.620417 0.318225 20.672539 18.783100 18.783100
0.861854 0.416645 0.074622 0.496802 0.300875 18.462082 15.649531 15.649531
0.887265 0.473620 0.137821 0.795953 0.244542 47.656468 24.548884 24.548884
0.833168 0.421993 0.169643 0.631679 0.299077 47.768278 29.689698 29.689698
0.866460 0.457951 0.135935 0.677199 0.228313 89.308531 89.361201 89.308531
0.882019 0.546151 0.099957 0.683988 0.222915 19.787566 15.525630 15.525630
0.840367 0.497479 0.150501 0.609893 0.169330 41.412832 28.730754 28.730754
0.825945 0.425719 0.109470 0.688187 0.200663 24.361448 62.979375 24.361448
0.963142 0.496908 0.053774 0.667430 0.235125 19.190548 15.442769 15.442769
0.134647 0.872671 0.123174 0.542768 0.822990 27.512493 25.519413 25.519413
0.836436 0.413478 0.093816 0.643059 0.137457 39.068177 19.809642 19.809642
0.832444 0.435543 0.194875 0.624570 0.306562 31.512529 26.544012 26.544012
0.840719 0.392915 0.095881 0.655729 0.279689 23.214347 29.840541 23.214347
0.819489 0.493232 0.191491 0.651965 0.233948 46.225509 25.141344 25.141344
0.854814 0.452358 0.190451 0.774432 0.213327 56.180050 22.240573 22.240573
0.818383 0.384841 0.118065 0.675073 0.140925 30.826830 16.743291 16.743291
0.852442 0.463948 0.197397 0.655541 0.350379 34.260147 16.911989 16.911989
0.856607 0.406111 0.142794 0.579390 0.210434 19.978959 22.428962 19.978959
0.832796 0.451141 0.126036 0.669743 0.314026 28.948240 17.238162 17.238162
0.793891 0.387351 0.139007 0.639536 0.275525 20.615586 27.798725 20.615586
0.884210 0.472101 0.173914 0.781347 0.290073 49.040012 19.588703 19.588703
0.801125 0.445222 0.223912 0.576297 0.281150 23.237811 18.394638 18.394638
0.848063 0.559095 0.168735 0.687391 0.158944 16.157005 16.447387 16.157005
0.868872 0.460901 0.132899 0.633828 0.243382 70.290682 72.420292 70.290682
0.876420 0.474988 0.206201 0.754380 0.268532 37.068874 21.375888 21.375888
0.807921 0.488194 0.146435 0.682492 0.206810 15.227870 31.495685 15.227870
0.885749 0.509179 0.171914 0.658761 0.263474 29.419157 33.820370 29.419157
0.936115 0.403246 0.032580 0.652200 0.239808 19.105807 15.219644 15.219644
0.861174 0.370578 0.060210 0.686661 0.223136 19.023181 17.662035 17.662035
0.865033 0.502477 0.135894 0.607755 0.196911 49.004683 27.730308 27.730308
0.867610 0.484254 0.214312 0.652441 0.190799 15.939817 17.495620 15.939817
0.789046 0.386817 0.125874 0.550841 0.193554 25.639591 20.168564 20.168564
0.826674 0.430607 0.106280 0.562883 0.223663 41.782411 34.762859 34.762859
0.908955 0.495951 0.093892 0.816861 0.169447 20.845626 19.460531 19.460531
0.890055 0.403804 0.094487 0.655261 0.313755 27.773795 27.877810 27.773795
0.868292 0.456382 0.119746 0.581586 0.265141 45.823439 42.398189 42.398189
0.800199 0.443500 0.210358 0.557280 0.250282 25.569059 18.131959 18.131959
0.823907 0.362858 0.121527 0.702522 0.256791 20.276926 17.296028 17.296028
0.851237 0.484719 0.150984 0.649329 0.204753 64.582800 60.268957 60.268957
0.839275 0.441248 0.134752 0.598222 0.275866 53.485734 39.104867 39.104867
0.866493 0.519638 0.191074 0.548751 0.288460 16.506546 15.463300 15.463300
0.912770 0.509216 0.120639 0.752965 0.212310 43.799841 43.106234 43.106234
0.889678 0.445147 0.083826 0.778017 0.191063 28.523506 30.493960 28.523506
0.761007 0.413817 0.207734 0.608722 0.285052 21.876916 15.902546 15.902546
0.849844 0.511151 0.132402 0.592717 0.147736 32.916750 18.475418 18.475418
0.896651 0.450757 0.087114 0.614858 0.245160 44.706775 36.127958 36.127958
0.872541 0.468839 0.152112 0.717279 0.219980 74.454981 73.010096 73.010096
0.838013 0.489482 0.185154 0.726438 0.166386 34.596632 38.810626 34.596632
0.950404 0.443578 0.041385 0.605499 0.260007 15.528960 15.353016 15.353016
0.786408 0.403806 0.123642 0.545591 0.216882 25.452703 23.652695 23.652695
0.859557 0.381543 0.072915 0.684743 0.250677 21.654456 28.372580 21.654456
0.821370 0.485530 0.122068 0.612337 0.264129 27.545457 15.337357 15.337357
0.907053 0.459502 0.114754 0.677773 0.349477 39.641016 16.526591 16.526591
0.933547 0.466718 0.113137 0.720980 0.240388 26.851788 40.479388 26.851788
0.823138 0.519450 0.149757 0.606066 0.186566 24.299483 20.068266 20.068266
0.874071 0.432503 0.158143 0.750267 0.232854 66.348385 30.545701 30.545701
0.824391 0.492816 0.210465 0.590733 0.234191 31.174936 21.536761 21.536761
0.886305 0.431779 0.163093 0.649329 0.351705 17.302441 26.035873 17.302441
0.860878 0.453449 0.137106 0.675246 0.224240 89.811922 89.807975 89.807975
0.882321 0.503449 0.105702 0.588860 0.230290 56.425240 17.576976 17.576976
0.839609 0.438718 0.151032 0.606215 0.247516 61.548083 54.707735 54.707735
0.871174 0.404633 0.149716 0.741891 0.288480 38.315653 23.147812 23.147812
0.905166 0.481454 0.170698 0.799511 0.238453 36.199345 24.905605 24.905605
0.829059 0.382078 0.118485 0.734923 0.223493 21.292380 21.432364 21.292380
0.840548 0.463281 0.191826 0.753422 0.302226 42.141262 17.290113 17.290113
0.799263 0.406549 0.126976 0.621208 0.304048 19.316194 19.007229 19.007229
0.855834 0.397812 0.126214 0.743189 0.237165 41.536799 28.556260 28.556260
0.831573 0.441347 0.205002 0.586057 0.254786 20.370132 29.954381 20.370132
0.869470 0.463403 0.132634 0.685656 0.223311 87.983360 87.574609 87.574609
0.844287 0.418937 0.170771 0.703181 0.232615 65.598865 35.756702 35.756702
0.870922 0.450504 0.107099 0.669513 0.334882 36.569506 15.803459 15.803459
0.814501 0.475149 0.206903 0.654463 0.178821 41.652779 24.323701 24.323701
0.853701 0.438977 0.081675 0.664224 0.147370 37.208906 29.093025 29.093025
0.899418 0.420555 0.101695 0.763293 0.226935 53.577465 28.533586 28.533586
0.901101 0.464451 0.120561 0.705496 0.269976 59.512588 58.140691 58.140691
0.857855 0.500669 0.144432 0.556669 0.256791 46.573686 22.280778 22.280778
0.877593 0.455803 0.106750 0.525253 0.285902 22.804245 19.218135 19.218135
0.977347 0.474288 0.057645 0.722478 0.289107 17.576340 17.000166 17.000166
0.902328 0.416247 0.094505 0.777328 0.279676 34.489331 19.414718 19.414718
0.893475 0.499419 0.165883 0.619631 0.343921 24.259008 16.141622 16.141622
0.948636 0.537936 0.128609 0.856170 0.191488 16.808208 16.077106 16.077106
0.785236 0.403257 0.196945 0.675614 0.248588 27.845601 18.136920 18.136920
0.868797 0.429846 0.196632 0.686032 0.350563 21.020331 17.718113 17.718113
0.874544 0.393434 0.112076 0.732033 0.325093 23.447709 16.532046 16.532046
0.827194 0.385057 0.191074 0.644256 0.280422 23.559050 17.621076 17.621076
0.838969 0.374111 0.058118 0.594376 0.211346 19.910369 17.163281 17.163281
0.931515 0.474444 0.160602 0.747482 0.290165 19.172163 40.208746 19.172163
0.935434 0.451484 0.052671 0.722911 0.212706 39.268918 18.518765 18.518765
0.849065 0.508911 0.111039 0.603352 0.089885 23.413555 15.527468 15.527468
0.875013 0.420626 0.069080 0.712174 0.186352 32.114658 30.160527 30.160527
0.932493 0.449628 0.098412 0.740581 0.144724 28.100514 19.785170 19.785170
0.918299 0.449628 0.099234 0.634357 0.246223 23.147823 37.116431 23.147823
0.875178 0.423982 0.052231 0.583786 0.217239 37.843530 21.833541 21.833541
0.811545 0.408319 0.149347 0.604711 0.226632 48.414171 47.722461 47.722461
0.967329 0.529814 0.138542 0.817281 0.258567 16.868601 16.386668 16.386668
0.812458 0.383145 0.101673 0.580938 0.237659 24.646672 34.794876 24.646672
0.857489 0.398582 0.102231 0.677670 0.328740 21.397498 19.893915 19.893915
0.790406 0.453112 0.192296 0.573025 0.236078 36.438303 23.037583 23.037583
0.851024 0.537730 0.113000 0.656468 0.100580 14.908577 16.247616 14.908577
0.879111 0.533457 0.178391 0.628196 0.205135 19.731081 22.857464 19.731081
0.932174 0.472818 0.054902 0.680195 0.250068 42.315844 24.490605 24.490605
0.839911 0.412097 0.151178 0.614555 0.207851 43.524398 34.795685 34.795685
0.831203 0.494224 0.250097 0.713122 0.197999 23.224730 19.471046 19.471046
0.880059 0.480606 0.159269 0.729805 0.290421 62.758157 26.468519 26.468519
0.831790 0.453796 0.103310 0.638181 0.194698 35.182192 49.730443 35.182192
0.947225 0.511337 0.100475 0.801789 0.254966 27.456945 18.527680 18.527680
0.148893 0.868477 0.120502 0.548681 0.772795 51.283543 53.467369 51.283543
0.870728 0.563033 0.124300 0.665533 0.158804 16.946820 15.703565 15.703565
0.775182 0.423300 0.178512 0.601040 0.171124 26.873269 23.482889 23.482889
0.904724 0.428762 0.097491 0.806757 0.217757 45.428110 23.205180 23.205180
0.835788 0.438747 0.154951 0.647511 0.230329 75.073026 74.977853 74.977853
0.947115 0.536286 0.110599 0.632863 0.266641 15.021808 16.025449 15.021808
0.894599 0.439395 0.110200 0.749285 0.276390 53.913681 29.123828 29.123828
0.872515 0.489427 0.142778 0.577698 0.308949 42.182736 16.386822 16.386822
0.839354 0.473378 0.126256 0.552458 0.192526 59.721653 23.214043 23.214043
0.766728 0.381299 0.185550 0.603203 0.280673 20.487311 21.885699 20.487311
0.858562 0.454294 0.122926 0.680677 0.189559 72.993691 72.608355 72.608355
0.927014 0.515142 0.162409 0.767986 0.237689 23.821503 28.319866 23.821503
0.900721 0.429008 0.039969 0.596844 0.203585 41.518641 18.738114 18.738114
0.785668 0.366725 0.172110 0.588675 0.258235 24.330857 17.947190 17.947190
0.896844 0.486513 0.095886 0.753648 0.108474 30.834440 20.204091 20.204091
0.940847 0.526458 0.098252 0.719634 0.117788 18.106988 16.192271 16.192271
0.849055 0.483236 0.180848 0.699932 0.193674 51.732793 55.807973 51.732793
0.862247 0.476771 0.171628 0.670165 0.311139 63.906534 25.098586 25.098586
0.839275 0.502671 0.163408 0.734902 0.275866 22.152698 16.534726 16.534726
0.910104 0.466906 0.093329 0.844425 0.137722 23.206307 15.526000 15.526000
0.852965 0.544686 0.204573 0.604339 0.246397 19.734789 14.951627 14.951627
0.867903 0.459964 0.101500 0.557436 0.232351 52.952629 21.318593 21.318593
0.872667 0.461806 0.211659 0.737210 0.245491 30.138952 22.152996 22.152996
0.896788 0.488867 0.087918 0.639014 0.182480 50.890308 23.724837 23.724837
0.880776 0.454444 0.136654 0.707618 0.240795 78.415974 75.251475 75.251475
0.851782 0.489988 0.131313 0.521858 0.208264 46.386185 16.613315 16.613315
0.933255 0.471463 0.122591 0.701980 0.312232 23.022553 31.839963 23.022553
0.799286 0.399876 0.102231 0.521891 0.250598 21.900258 19.070007 19.070007
0.868477 0.404483 0.070384 0.770556 0.248566 16.244744 17.190966 16.244744
0.882092 0.410552 0.095520 0.719047 0.250223 42.720994 40.058788 40.058788
0.859186 0.450622 0.133426 0.668796 0.222684 88.968114 88.435455 88.435455
0.856660 0.542168 0.155172 0.673496 0.134697 20.557799 17.708865 17.708865
0.889082 0.547035 0.121153 0.723946 0.171312 19.480264 23.755528 19.480264
0.878328 0.479469 0.136654 0.619631 0.292871 53.426580 30.313076 30.313076
0.841646 0.406691 0.108768 0.597010 0.246425 40.019608 42.831147 40.019608
0.929458 0.400098 0.050884 0.725885 0.236684 26.562231 16.591474 16.591474
0.875178 0.512115 0.110629 0.690379 0.217239 32.553189 32.367021 32.367021
0.873843 0.486330 0.140366 0.828140 0.086414 16.974500 15.386241 15.386241
0.885642 0.483608 0.186412 0.741737 0.215534 34.107602 41.610910 34.107602
0.889985 0.485268 0.066435 0.700772 0.201608 26.333342 30.442344 26.333342
0.899972 0.459583 0.170337 0.748326 0.245039 39.340063 37.855572 37.855572
0.949989 0.481543 0.089773 0.742485 0.271922 27.493072 24.874447 24.874447
0.886830 0.504819 0.095304 0.598779 0.203245 52.832680 16.971665 16.971665
0.849344 0.449845 0.148078 0.645479 0.246310 79.798372 73.442964 73.442964
0.802285 0.436243 0.199331 0.674351 0.281333 36.353678 21.104209 21.104209
0.928862 0.536225 0.155629 0.695613 0.212978 15.970239 24.234452 15.970239
0.800139 0.394587 0.181324 0.645843 0.305057 28.674797 21.260488 21.260488
0.807035 0.467033 0.183411 0.549422 0.268512 37.591664 16.778988 16.778988
0.837645 0.419317 0.094160 0.596211 0.217348 41.912843 42.351684 41.912843
0.943257 0.430886 0.059523 0.651621 0.226050 18.525325 19.026961 18.525325
0.880776 0.445400 0.121628 0.631271 0.188026 46.921534 36.284132 36.284132
0.930161 0.541172 0.154896 0.840973 0.226102 19.152773 16.493744 16.493744
0.845981 0.435293 0.122402 0.632147 0.224480 70.163099 69.360948 69.360948
0.948046 0.481713 0.070079 0.695084 0.273176 28.181301 21.921638 21.921638
0.862072 0.449545 0.130473 0.710973 0.199249 73.101782 72.925674 72.925674
0.881414 0.440825 0.127380 0.705439 0.259980 67.702272 63.501481 63.501481
0.800984 0.440128 0.198701 0.511803 0.267958 21.177355 16.160773 16.160773
0.910250 0.499508 0.072261 0.727950 0.125339 28.190803 17.827546 17.827546
0.948482 0.496365 0.098581 0.636349 0.277727 15.123335 19.644188 15.123335
0.826686 0.405975 0.134434 0.660257 0.242378 43.880537 45.963669 43.880537
0.764329 0.360692 0.144745 0.565563 0.244310 17.182483 19.319894 17.182483
0.856432 0.450503 0.143485 0.667046 0.229706 87.520979 87.701673 87.520979
