# gen=0 CA size=16
# x0..x(D-1) consensus
0.845876 0.236417 0.780548 0.283618 0.232849 9.132714
0.614598 0.140541 0.063815 0.716774 0.799928 6.078077
0.683415 0.335069 0.051899 0.687323 0.840896 6.078077
0.880199 0.180599 0.202588 0.977853 0.663541 6.078077
0.811664 0.160183 0.632396 0.329296 0.437929 5.250547
0.730433 0.209510 0.268072 0.531149 0.741952 5.346455
0.894406 0.273677 0.665932 0.405459 0.420719 9.263348
0.699776 0.185083 0.248321 0.571578 0.794189 6.078077
0.649433 0.145840 0.175640 0.429321 0.830625 5.491902
0.683842 0.243105 0.169683 0.414596 0.851109 6.078077
0.782234 0.165869 0.245027 0.559861 0.762431 5.627350
0.519654 0.199868 0.253033 0.641754 0.797795 5.166826
0.554063 0.297133 0.247075 0.627029 0.818279 5.956751
0.794555 0.120667 0.070846 0.693866 0.506126 5.152399
0.828964 0.217931 0.064888 0.679141 0.526610 5.794280
0.986366 0.121960 0.205798 0.924470 0.642807 5.033998
