# gen=50 CA size=200
# x0..x(D-1) consensus
0.746134 0.285535 0.677319 0.276514 0.435431 14.083932
0.614598 0.140541 0.063815 0.716774 0.799928 6.078077
0.683415 0.335069 0.051899 0.687323 0.840896 6.078077
0.880199 0.180599 0.202588 0.977853 0.663541 6.078077
0.793887 0.217149 0.765833 0.221350 0.236832 12.171300
0.730433 0.209510 0.268072 0.531149 0.741952 5.346455
0.894406 0.273677 0.665932 0.405459 0.420719 9.263348
0.816879 0.244624 0.761752 0.193650 0.111777 10.157929
0.828682 0.303348 0.633639 0.266944 0.354483 13.841528
0.683842 0.243105 0.169683 0.414596 0.851109 6.078077
0.715200 0.237062 0.777087 0.199152 0.124118 9.458520
0.879155 0.283574 0.715989 0.424801 0.249688 14.892924
0.554063 0.297133 0.247075 0.627029 0.818279 5.956751
0.819562 0.332732 0.641632 0.408714 0.100817 9.834063
0.841587 0.234057 0.709042 0.255376 0.172216 11.611661
0.752696 0.290472 0.746751 0.360733 0.237254 40.916018
0.716136 0.252507 0.651379 0.339206 0.470264 9.429740
0.860979 0.343923 0.787272 0.469924 0.193134 9.518449
0.784814 0.301729 0.697344 0.246544 0.027522 16.009254
0.769332 0.415632 0.655522 0.385672 0.138101 10.541996
0.713445 0.248381 0.742391 0.193644 0.254513 15.447938
0.814482 0.230226 0.661237 0.197868 0.196151 10.009048
0.792896 0.332159 0.776997 0.316710 0.324883 10.497769
0.790462 0.272539 0.639306 0.172679 0.391766 9.848635
0.684865 0.381917 0.694903 0.341809 0.109715 12.937514
0.718585 0.247580 0.673010 0.259138 0.331112 18.670407
0.810317 0.286404 0.693766 0.432648 0.452565 14.114275
0.706367 0.320384 0.726492 0.400012 0.318834 19.886689
0.769064 0.296608 0.732219 0.297712 0.173885 54.454707
0.736438 0.412300 0.709143 0.300893 0.196628 11.820210
0.728505 0.215446 0.717599 0.406855 0.195419 9.282242
0.813393 0.298738 0.764501 0.164133 0.133616 11.829516
0.760841 0.368338 0.666006 0.213276 0.188589 18.412991
0.693900 0.327057 0.707032 0.256353 0.206495 31.308722
0.822516 0.256882 0.666828 0.494950 0.407100 10.191286
0.850631 0.288936 0.665360 0.148078 0.194627 12.297533
0.892971 0.280979 0.699496 0.368749 0.346193 12.955626
0.782040 0.336505 0.746994 0.158025 0.045175 10.217428
0.808944 0.326527 0.744696 0.213499 0.000000 10.354107
0.677671 0.292782 0.670891 0.115203 0.268933 9.849946
0.725368 0.282029 0.705220 0.142818 0.273438 18.405612
0.820983 0.298237 0.715392 0.505533 0.218505 21.793397
0.820899 0.353852 0.691618 0.505672 0.301941 16.829746
0.799548 0.337925 0.765883 0.331637 0.011998 12.994276
0.841633 0.242038 0.705488 0.151889 0.201149 11.184121
0.618957 0.312887 0.649908 0.138817 0.258400 5.748020
0.734848 0.337743 0.612661 0.341809 0.215812 17.324529
0.842867 0.270350 0.779863 0.425986 0.219770 12.440155
0.755354 0.249907 0.714493 0.126689 0.238261 12.958119
0.779660 0.338030 0.667613 0.583324 0.310457 10.746786
0.797374 0.280644 0.716481 0.279476 0.177989 42.567937
0.763953 0.345483 0.684877 0.405113 0.055297 19.501872
0.710833 0.264653 0.661097 0.311336 0.464475 9.542703
0.716573 0.229117 0.756578 0.239840 0.186050 12.549892
0.724508 0.266696 0.785137 0.148495 0.170013 10.048464
0.788126 0.315725 0.778272 0.349978 0.058382 15.324098
0.740485 0.335355 0.684971 0.288567 0.060634 19.747378
0.836410 0.281461 0.747100 0.455833 0.173482 16.136361
0.766270 0.246229 0.693188 0.482223 0.303372 13.385862
0.763896 0.363788 0.654742 0.585066 0.287179 9.967838
0.794952 0.266803 0.671958 0.173310 0.201074 17.952327
0.677303 0.343903 0.652323 0.400770 0.337395 9.741958
0.752677 0.275618 0.651731 0.401272 0.241582 18.888063
0.834868 0.245233 0.722642 0.360065 0.409971 12.193631
0.748098 0.262141 0.673583 0.198774 0.233774 20.494538
0.885555 0.317290 0.703562 0.283857 0.216648 13.306853
0.755748 0.393894 0.714025 0.358043 0.219593 18.496931
0.689360 0.342451 0.729352 0.369400 0.194529 20.045339
0.870989 0.314534 0.724774 0.201160 0.156093 10.820139
0.820400 0.383606 0.678255 0.430180 0.069596 15.083594
0.757315 0.326341 0.636790 0.474533 0.357138 15.978170
0.777223 0.357081 0.720167 0.453120 0.400623 14.170391
0.784931 0.310298 0.766348 0.205483 0.039816 12.127921
0.734834 0.236985 0.738668 0.150144 0.332805 11.703374
0.719996 0.281663 0.628519 0.145523 0.278691 11.182873
0.695848 0.332498 0.614881 0.358257 0.281150 10.290639
0.863078 0.239353 0.681780 0.235793 0.358420 10.955624
0.794511 0.239590 0.729557 0.453082 0.403486 10.499716
0.771179 0.398515 0.651185 0.279534 0.286820 10.968087
0.743560 0.335875 0.610039 0.264256 0.268582 12.933885
0.799926 0.297932 0.678157 0.515310 0.227897 15.226916
0.685024 0.327148 0.632386 0.222726 0.268363 12.308590
0.840488 0.351758 0.690158 0.192078 0.316027 9.699650
0.779732 0.389269 0.654458 0.240707 0.234394 12.951143
0.810090 0.275355 0.675359 0.100877 0.296606 11.444494
0.827517 0.286627 0.764501 0.300392 0.317340 14.125059
0.772055 0.234086 0.634117 0.409770 0.354023 9.822549
0.841609 0.320161 0.769380 0.452092 0.217451 19.307782
0.698276 0.374858 0.761747 0.313230 0.043590 10.305654
0.703290 0.298029 0.755967 0.270016 0.150553 18.984952
0.779699 0.256659 0.724611 0.272812 0.053646 15.265829
0.768740 0.208731 0.741747 0.350615 0.170231 11.323163
0.798762 0.268310 0.692332 0.533822 0.256628 13.246507
0.754656 0.286840 0.707751 0.523655 0.413864 12.127947
0.849990 0.304620 0.768573 0.515041 0.173383 10.347586
0.782281 0.262557 0.186763 0.661021 0.422255 5.019182
0.794218 0.328781 0.684764 0.412109 0.000000 10.363647
0.847004 0.274781 0.649196 0.444409 0.449856 10.489733
0.767629 0.298978 0.658931 0.281417 0.295479 39.763792
0.843435 0.273580 0.675450 0.279419 0.136933 12.200227
0.683738 0.249699 0.724683 0.316169 0.353870 13.032499
0.707348 0.264196 0.615172 0.307381 0.365093 9.303268
0.863095 0.300951 0.656589 0.345421 0.384885 12.660830
0.790925 0.252129 0.670367 0.303939 0.377923 21.621872
0.766038 0.356098 0.650763 0.499228 0.210732 17.021596
0.724384 0.235814 0.741974 0.467735 0.257148 12.309183
0.582057 0.650728 0.775613 0.804854 0.841511 10.400842
0.765185 0.227984 0.670622 0.186632 0.144349 9.906867
0.762268 0.288417 0.621841 0.358265 0.259432 17.443129
0.756499 0.341171 0.695010 0.489037 0.193370 28.621556
0.764662 0.288520 0.735271 0.304881 0.133601 42.445351
0.694504 0.351820 0.629795 0.372773 0.215598 11.790831
0.840965 0.336380 0.678808 0.128710 0.164627 10.921297
0.773818 0.279090 0.670659 0.397045 0.431653 18.681703
0.819563 0.276894 0.756827 0.141295 0.177627 10.728833
0.712211 0.361629 0.625432 0.448113 0.360011 9.286510
0.670839 0.365946 0.645877 0.224157 0.208495 9.866455
0.776417 0.333297 0.686474 0.193086 0.106271 19.337086
0.682343 0.354214 0.713692 0.507950 0.306927 10.556446
0.824338 0.288557 0.747801 0.280673 0.341209 14.913118
0.823899 0.349151 0.701668 0.485707 0.395559 12.166752
0.838188 0.334226 0.765499 0.309081 0.087925 12.050127
0.580086 0.570712 0.782230 0.687809 0.641219 47.493171
0.720316 0.323660 0.629341 0.249547 0.191116 16.484358
0.762277 0.331989 0.689895 0.348338 0.313698 54.120384
0.788065 0.331435 0.588638 0.290386 0.303359 9.903264
0.781459 0.320322 0.715875 0.281520 0.431570 11.284331
0.789529 0.294760 0.648011 0.450312 0.456523 14.233583
0.719893 0.415992 0.665728 0.316121 0.226383 10.184276
0.690802 0.294878 0.756446 0.456441 0.278489 13.645129
0.706729 0.254916 0.730047 0.212572 0.182441 19.380225
0.705126 0.381644 0.647312 0.286351 0.215598 13.300060
0.682648 0.313186 0.776760 0.285943 0.120383 11.744289
0.766200 0.298064 0.738513 0.605326 0.288646 11.004524
0.778872 0.298325 0.706867 0.338972 0.448555 20.841922
0.683259 0.275461 0.714351 0.468723 0.206426 10.750609
0.798909 0.337732 0.731022 0.255262 0.276649 17.806301
0.744108 0.382781 0.629861 0.342108 0.188509 14.306851
0.682217 0.317018 0.758141 0.250858 0.157995 15.445138
0.852687 0.378512 0.700883 0.342349 0.247703 11.561678
0.811852 0.367240 0.695134 0.474120 0.137303 22.162371
0.858061 0.302800 0.612675 0.428657 0.321875 9.266121
0.635504 0.592074 0.795346 0.876473 0.660812 11.208298
0.739838 0.265460 0.625166 0.402655 0.279392 11.225569
0.765956 0.317745 0.755472 0.244079 0.323525 11.479029
0.703351 0.342611 0.736087 0.461386 0.142016 16.529049
0.689407 0.285809 0.773785 0.363593 0.185169 11.779192
0.782337 0.338906 0.617266 0.439516 0.240755 15.761260
0.713981 0.347182 0.648729 0.378731 0.065924 10.391260
0.805077 0.345002 0.671156 0.509960 0.126034 12.212414
0.740183 0.382195 0.729352 0.282343 0.310300 9.929078
0.739930 0.301656 0.642264 0.294927 0.191614 22.081054
0.671358 0.382886 0.693452 0.335794 0.063647 9.657582
0.766359 0.246184 0.693235 0.382801 0.109701 10.203891
0.812232 0.306607 0.764793 0.365381 0.263290 25.250374
0.806250 0.354118 0.734841 0.376951 0.170960 31.549019
0.810523 0.315558 0.689453 0.304818 0.345265 31.045461
0.726804 0.387849 0.694903 0.419928 0.205607 20.911425
0.749032 0.361483 0.634641 0.390744 0.315078 19.127590
0.708649 0.336172 0.753461 0.273568 0.000000 10.803386
0.748610 0.288000 0.748362 0.146562 0.274540 11.338839
0.664445 0.353800 0.701389 0.270271 0.031284 9.389812
0.715528 0.369022 0.721667 0.275800 0.103655 14.630382
0.860017 0.338373 0.758796 0.293168 0.245439 9.539180
0.836377 0.381858 0.659529 0.454836 0.314905 13.634335
0.727498 0.369913 0.748339 0.581708 0.167171 9.350097
0.739158 0.252851 0.790359 0.290120 0.361970 9.405755
0.766446 0.326338 0.661899 0.562045 0.362725 10.732944
0.719040 0.323467 0.651675 0.571578 0.358250 9.270553
0.675753 0.345002 0.752437 0.320569 0.073888 11.300068
0.697947 0.241831 0.652859 0.184147 0.361872 9.937662
0.726956 0.298880 0.799166 0.247891 0.048436 9.733912
0.876224 0.341081 0.751618 0.517536 0.239528 11.771722
0.735913 0.288100 0.724472 0.415689 0.312655 38.078393
0.788431 0.272563 0.719392 0.453965 0.341598 23.824611
0.790237 0.387321 0.646421 0.243811 0.151093 13.682299
0.846531 0.278822 0.709549 0.257137 0.297051 21.273635
0.861480 0.363152 0.720127 0.247730 0.077842 9.748340
0.781629 0.344840 0.730471 0.310471 0.185259 40.239753
0.768409 0.321026 0.781617 0.382631 0.197004 23.395510
0.806262 0.233142 0.722461 0.263510 0.239997 21.802521
0.713183 0.271338 0.752234 0.439670 0.195661 15.570092
0.734952 0.219609 0.720461 0.256707 0.385767 14.611729
0.582412 0.583261 0.792356 0.753015 0.540181 21.275774
0.846473 0.264171 0.661541 0.361230 0.357858 16.188330
0.848507 0.267097 0.720716 0.387025 0.256616 20.672724
0.823648 0.296985 0.767727 0.294049 0.185057 19.752727
0.692307 0.224408 0.771361 0.235801 0.297051 9.298147
0.811341 0.282876 0.760082 0.538274 0.354649 11.549489
0.722659 0.281630 0.758421 0.221021 0.296750 14.452950
0.862214 0.305005 0.673468 0.341809 0.317264 21.014527
0.754416 0.299495 0.724903 0.613280 0.205571 9.319503
0.678140 0.259002 0.674625 0.329554 0.368065 10.868137
0.769134 0.317489 0.760082 0.544443 0.354649 11.540443
0.844012 0.288033 0.709303 0.333207 0.153761 18.148054
0.783524 0.323423 0.727118 0.469385 0.246481 37.906645
0.748046 0.319093 0.631093 0.103962 0.160528 10.283273
0.772744 0.317419 0.764312 0.406858 0.087948 16.899586
0.736359 0.270287 0.697779 0.317144 0.119779 21.774978
0.754767 0.339560 0.729062 0.417934 0.234350 43.238826
