# gen=50 party=0
# sp x0..x(D-1) party_fit
0 0.953497 0.958019 0.845944 0.015389 0.327499 0.020103 0.411084 0.828010 0.960969 0.602886 86.074838
1 0.563602 0.725525 0.180493 0.004929 0.727542 0.615378 0.793578 0.595658 0.903623 0.953068 86.074838
2 0.167117 0.177452 0.983736 0.772738 0.709449 0.043916 0.571935 0.900937 0.955561 0.289053 85.655853
3 0.929022 0.154905 0.005405 0.376861 0.813985 0.808688 0.454161 0.013283 0.941913 0.368494 84.280486
4 0.569311 0.493025 0.820599 0.938114 0.037979 0.571963 0.278734 0.870097 0.714139 0.253708 83.882941
5 0.452970 0.259461 0.418306 0.612669 0.872970 0.124703 0.634614 0.526168 0.585843 0.823559 83.882941
6 0.476436 0.521537 0.251487 0.638031 0.331540 0.983254 0.395826 0.683564 0.370593 0.420417 83.882941
7 0.819849 0.644217 0.310229 0.580268 0.552553 0.310513 0.530860 0.773284 0.750397 0.895668 83.882941
