# Party-0 optima (Phase 1b)
# x0..x(D-1) party_fit f0 f1 consensus
0.435402 0.108041 0.064999 0.495073 0.297202 0.362375 0.695180 0.294104 0.610604 0.158803 0.561674 0.561674 0.000000 0.000000
0.090103 0.062731 0.013843 0.829328 0.064736 0.303911 0.444782 0.922518 0.007179 0.380367 0.561674 0.561674 0.000000 0.000000
0.108426 0.035281 0.007124 0.056216 0.323637 0.406250 0.607157 0.521889 0.113727 0.652377 0.561674 0.561674 0.000000 0.000000
0.342817 0.170878 0.141035 0.391617 0.354907 0.048371 0.779592 0.075658 0.041566 0.444882 0.561674 0.561674 0.000000 0.000000
0.325209 0.023839 0.047750 0.095026 0.267165 0.542748 0.942537 0.803483 0.585214 0.727246 0.561674 0.561674 0.000000 0.000000
0.403181 0.621117 0.940332 0.753794 0.669172 0.866171 0.532191 0.896145 0.896384 0.338175 0.298460 0.298460 0.181393 0.181393
0.117777 0.611309 0.841471 0.992995 0.426005 0.709633 0.715739 0.213275 0.144796 0.423624 0.298460 0.298460 0.181393 0.181393
0.216470 0.262882 0.827642 0.761958 0.537030 0.334305 0.642785 0.413004 0.220463 0.608055 0.298460 0.298460 0.000000 0.000000
