# Consensus Archive (basin-tagged)
# x0..x(D-1) f0 f1 consensus
0.425505 0.329138 0.280452 0.464879 0.163149 5.128073 12.862086 5.128073
0.244790 0.173886 0.314021 0.459764 0.199067 5.128073 5.475281 5.128073
0.423488 0.197309 0.120976 0.582060 0.140277 5.128073 5.231903 5.128073
0.826043 0.496703 0.491735 0.234022 0.356194 27.561541 15.023256 15.023256
0.320726 0.359382 0.257277 0.623772 0.215188 5.128073 33.453829 5.128073
0.230369 0.281757 0.274061 0.621215 0.233147 5.128073 8.765059 5.128073
0.779030 0.566573 0.374827 0.299415 0.303568 12.867042 10.260121 10.260121
0.785107 0.523286 0.508747 0.348347 0.210781 23.656837 7.870869 7.870869
0.849988 0.518254 0.542507 0.307981 0.381589 59.029517 44.804419 44.804419
0.724740 0.517258 0.553084 0.361844 0.377049 13.331095 6.150448 6.150448
0.813821 0.565550 0.406176 0.204806 0.328218 19.279897 10.489283 10.489283
0.848065 0.492939 0.542507 0.315963 0.246860 24.412975 15.849853 15.849853
0.800085 0.500818 0.511898 0.201773 0.293641 14.437400 5.394699 5.394699
0.795494 0.556634 0.433477 0.219314 0.273713 19.266729 7.648895 7.648895
0.793075 0.495789 0.499115 0.290917 0.420844 21.441471 6.487368 6.487368
0.824287 0.559807 0.551714 0.313433 0.341529 75.900804 70.335689 70.335689
0.819988 0.519293 0.430790 0.306251 0.349338 30.841470 22.253939 22.253939
0.777817 0.530433 0.529660 0.304204 0.315903 25.496336 17.123926 17.123926
0.792448 0.517945 0.506487 0.285765 0.279985 18.440420 9.959032 9.959032
0.772955 0.560311 0.527892 0.314622 0.386100 51.105747 23.151702 23.151702
0.748781 0.556304 0.451800 0.308886 0.386448 15.955133 6.647339 6.647339
0.800870 0.488680 0.517272 0.290725 0.362408 33.482410 27.927295 27.927295
0.751853 0.570183 0.567909 0.338344 0.401137 32.690952 11.483506 11.483506
0.823510 0.508537 0.439942 0.272093 0.320959 26.554925 13.047834 13.047834
0.767293 0.552171 0.417512 0.355169 0.277596 13.748888 5.369599 5.369599
0.859192 0.535372 0.534309 0.190100 0.405477 33.036351 24.583291 24.583291
0.801427 0.453014 0.545947 0.305644 0.349369 36.433706 13.792898 13.792898
0.384985 0.154147 0.302654 0.325074 0.154118 5.738852 7.540286 5.738852
0.827689 0.563663 0.554124 0.215606 0.334134 59.742720 51.260581 51.260581
0.760406 0.496812 0.536968 0.289236 0.327147 18.691950 5.667033 5.667033
0.854310 0.522160 0.467602 0.208704 0.264715 14.531716 5.389963 5.389963
0.849989 0.523957 0.553191 0.261657 0.177656 19.915666 8.677083 8.677083
0.744185 0.560156 0.509882 0.303514 0.335298 30.258047 15.132269 15.132269
0.811787 0.491096 0.490046 0.332138 0.202053 19.440668 12.566703 12.566703
0.786188 0.467728 0.541884 0.361841 0.243156 17.548128 7.975613 7.975613
0.809770 0.523572 0.491735 0.234022 0.383835 32.760893 16.668232 16.668232
0.799497 0.570410 0.561934 0.286354 0.379641 58.882615 44.815973 44.815973
0.914827 0.457634 0.486795 0.344021 0.412139 18.355012 5.677826 5.677826
0.823414 0.557027 0.469616 0.323370 0.234195 33.361374 20.704620 20.704620
0.900525 0.468882 0.523713 0.213664 0.381589 12.569937 5.306165 5.306165
0.843315 0.528307 0.563341 0.294292 0.420974 43.849188 9.323442 9.323442
0.723453 0.514681 0.550783 0.305772 0.332814 10.281145 8.829364 8.829364
0.849693 0.538743 0.313188 0.286246 0.394471 7.540070 5.626270 5.626270
0.799766 0.576315 0.443928 0.120818 0.354836 14.565913 6.065628 6.065628
0.848695 0.591667 0.561983 0.277993 0.264275 28.324881 9.883932 9.883932
0.850070 0.500681 0.489343 0.209272 0.403944 32.738222 14.272678 14.272678
0.771897 0.421251 0.561715 0.263875 0.404444 18.270664 5.693088 5.693088
0.836349 0.582234 0.560779 0.022132 0.410527 15.652259 6.450889 6.450889
0.824321 0.484427 0.533491 0.243813 0.254027 19.950533 9.577951 9.577951
0.859144 0.541891 0.438282 0.260174 0.398439 27.228970 16.207137 16.207137
0.936403 0.551895 0.557813 0.273727 0.329287 10.414939 7.295470 7.295470
0.819988 0.551601 0.430790 0.136098 0.365391 12.271555 5.456788 5.456788
0.804218 0.516016 0.470149 0.317058 0.219825 12.349492 5.270847 5.270847
0.859433 0.534646 0.554623 0.232698 0.322492 25.293208 15.841668 15.841668
0.856494 0.583935 0.572225 0.319310 0.418587 35.363926 11.372917 11.372917
0.804146 0.465603 0.483887 0.309424 0.285776 14.507374 9.814502 9.814502
0.770341 0.477930 0.549179 0.316788 0.397813 45.862866 13.776175 13.776175
0.878801 0.530577 0.508833 0.265508 0.396749 34.841762 17.095463 17.095463
0.901983 0.525924 0.405035 0.350828 0.349338 17.159859 7.526293 7.526293
0.871310 0.576692 0.431390 0.346725 0.300505 24.715726 18.794469 18.794469
0.804002 0.481053 0.520223 0.165623 0.405477 17.381733 6.084886 6.084886
0.827321 0.560587 0.554895 0.311970 0.397436 87.167383 86.093372 86.093372
0.813157 0.471052 0.466548 0.240862 0.313877 16.445726 7.531494 7.531494
0.803927 0.549158 0.498538 0.059971 0.410527 16.445792 8.596435 8.596435
0.801187 0.545153 0.473699 0.364548 0.398073 41.684809 23.581198 23.581198
0.854654 0.510415 0.536836 0.146675 0.203462 11.836697 5.241864 5.241864
0.843763 0.562207 0.456101 0.251125 0.349338 31.172347 22.795015 22.795015
0.830213 0.559324 0.382417 0.334161 0.276335 30.217687 15.058431 15.058431
0.855829 0.592877 0.473561 0.265172 0.330768 18.268215 7.200804 7.200804
0.765134 0.546031 0.477035 0.299977 0.308739 15.385131 7.307401 7.307401
0.824658 0.548560 0.490979 0.151023 0.420280 27.740893 9.515205 9.515205
0.848975 0.520060 0.482644 0.154510 0.356194 20.224465 11.200395 11.200395
0.203378 0.134317 0.850578 0.297707 0.344475 52.306719 20.706790 20.706790
0.791287 0.534529 0.430016 0.329454 0.397314 33.145980 30.838640 30.838640
0.791226 0.516153 0.455323 0.086118 0.398529 10.927584 6.684390 6.684390
0.809738 0.493766 0.514582 0.349139 0.147090 18.603467 9.835155 9.835155
0.876827 0.527801 0.371524 0.308350 0.327195 12.038717 5.183401 5.183401
0.786155 0.498483 0.532396 0.344300 0.304934 35.494514 14.587074 14.587074
0.790851 0.533139 0.388968 0.334422 0.343647 17.342609 7.611606 7.611606
0.743479 0.567649 0.512314 0.188253 0.361114 21.006467 8.184474 8.184474
0.827209 0.566292 0.548903 0.342815 0.401712 89.815734 89.738942 89.738942
0.824462 0.565438 0.518916 0.348402 0.400276 87.689378 86.733361 86.733361
0.790604 0.563175 0.434981 0.317248 0.403078 41.958554 36.993193 36.993193
0.826665 0.565151 0.546019 0.247773 0.403384 79.075726 75.526970 75.526970
0.203192 0.135613 0.874780 0.311782 0.465921 79.322820 65.737268 65.737268
0.850083 0.564411 0.459214 0.348040 0.272392 42.671774 29.709294 29.709294
0.827021 0.557431 0.491819 0.309876 0.402507 78.192052 73.525662 73.525662
0.824088 0.565707 0.551049 0.352055 0.365646 87.452831 86.377885 86.377885
0.832538 0.566014 0.549620 0.342549 0.239526 62.077919 54.026212 54.026212
0.869751 0.534080 0.490171 0.348708 0.366975 44.671058 40.598688 40.598688
0.826894 0.564046 0.546966 0.348242 0.334063 84.383206 82.454523 82.454523
0.826588 0.564100 0.459586 0.356144 0.405124 74.874713 72.561324 72.561324
0.826803 0.571303 0.516535 0.341779 0.335676 76.166958 71.267295 71.267295
0.827624 0.562772 0.523499 0.341780 0.365956 83.246292 80.586572 80.586572
0.427824 0.132557 0.296591 0.321037 0.122919 5.129848 5.719798 5.129848
0.826215 0.536086 0.548875 0.348747 0.404670 88.020137 87.242662 87.242662
0.827230 0.560971 0.464946 0.317388 0.334979 59.675220 49.011007 49.011007
0.778809 0.567989 0.545983 0.341965 0.382852 58.597123 57.990785 57.990785
0.827788 0.566532 0.549974 0.184518 0.372812 58.691320 50.188296 50.188296
0.827016 0.572184 0.429175 0.179031 0.329930 23.021001 16.606426 16.606426
0.826679 0.486965 0.548350 0.339286 0.147196 25.071599 16.909499 16.909499
0.825128 0.533069 0.552689 0.281473 0.331755 65.336182 56.056942 56.056942
0.827135 0.563956 0.520955 0.152129 0.386553 48.325294 38.154480 38.154480
0.827247 0.561516 0.511275 0.215528 0.406883 62.633032 56.305728 56.305728
0.825905 0.467789 0.542362 0.333532 0.408275 57.116660 59.945986 57.116660
0.823769 0.562526 0.552055 0.271731 0.176017 36.510917 26.919233 26.919233
0.824855 0.541492 0.483951 0.059251 0.388475 20.749388 12.889090 12.889090
0.827229 0.558165 0.541849 0.215187 0.396927 69.609134 63.555001 63.555001
0.791764 0.513315 0.555762 0.347632 0.233947 28.704400 21.993212 21.993212
0.828643 0.563387 0.513512 0.341962 0.303524 69.819686 64.218592 64.218592
0.800440 0.567542 0.431497 0.350536 0.269523 31.881043 24.448313 24.448313
0.825897 0.536493 0.433597 0.348584 0.377498 57.639635 50.706514 50.706514
0.827603 0.537281 0.430974 0.313736 0.401566 53.455748 50.353520 50.353520
0.826965 0.535974 0.494218 0.214582 0.402697 53.040021 42.235777 42.235777
0.761044 0.582098 0.483575 0.334161 0.266347 17.816814 6.090332 6.090332
0.826163 0.559569 0.544776 0.057518 0.338233 25.934775 16.614591 16.614591
0.826586 0.564308 0.403218 0.344471 0.393966 54.699327 55.592669 54.699327
0.826615 0.557594 0.539522 0.056830 0.405321 32.393364 22.763644 22.763644
0.827910 0.563859 0.560545 0.345761 0.268760 68.935171 62.365140 62.365140
0.827704 0.529136 0.372848 0.119372 0.383854 12.449815 8.836803 8.836803
0.833262 0.421945 0.551084 0.309225 0.406129 46.743267 36.102465 36.102465
0.827797 0.565326 0.549780 0.244084 0.242628 45.093044 35.166441 35.166441
0.823645 0.553201 0.406980 0.305668 0.397041 52.224164 42.010433 42.010433
0.823772 0.560214 0.545617 0.347670 0.299998 76.355304 71.625071 71.625071
0.830301 0.557325 0.538343 0.336553 0.174130 42.059656 31.724454 31.724454
0.824998 0.550358 0.548927 0.152224 0.210582 23.510233 13.533495 13.533495
0.433844 0.157342 0.299927 0.324123 0.149986 5.249533 6.065059 5.249533
0.414930 0.300001 0.267393 0.193720 0.128443 5.128073 5.609119 5.128073
0.396819 0.205302 0.254871 0.353278 0.000000 5.128073 5.181981 5.128073
0.346399 0.186471 0.269397 0.519761 0.250750 5.128073 7.416373 5.128073
0.352324 0.212362 0.185301 0.505935 0.166189 5.128073 5.471796 5.128073
0.403911 0.152833 0.211618 0.379898 0.136863 5.128073 5.362898 5.128073
0.266659 0.315169 0.307549 0.347816 0.000000 5.128073 6.399303 5.128073
0.335967 0.266213 0.311186 0.452405 0.236283 5.128073 17.519453 5.128073
0.475262 0.360580 0.201761 0.634988 0.103383 5.128073 8.273229 5.128073
0.528754 0.287247 0.327466 0.422648 0.000000 5.128073 5.501497 5.128073
0.361945 0.359982 0.212137 0.579152 0.134145 5.128073 18.296863 5.128073
0.401290 0.181546 0.270383 0.381125 0.000000 5.128073 5.947511 5.128073
0.463042 0.238931 0.251019 0.394973 0.191580 5.128073 5.593972 5.128073
0.372115 0.261137 0.268304 0.291157 0.000000 5.128073 5.576923 5.128073
0.343533 0.414044 0.270130 0.569395 0.000000 5.128073 6.021246 5.128073
0.242742 0.174936 0.319149 0.610778 0.307805 5.128073 11.743072 5.128073
0.481773 0.245135 0.262884 0.460868 0.145473 5.128073 6.301097 5.128073
0.808091 0.567268 0.521951 0.229309 0.334005 36.283098 20.618615 20.618615
0.445222 0.152391 0.330112 0.419139 0.288922 5.128073 10.358356 5.128073
0.203377 0.363390 0.221459 0.585445 0.033124 5.128073 5.540131 5.128073
0.449988 0.303019 0.301100 0.314801 0.182632 5.128073 7.376998 5.128073
0.462717 0.292116 0.244301 0.502419 0.270463 5.128073 16.299285 5.128073
0.497072 0.350922 0.248695 0.406072 0.032296 5.128073 5.545061 5.128073
0.284605 0.268445 0.239024 0.330384 0.281206 5.128073 5.526455 5.128073
0.424941 0.213426 0.314538 0.511572 0.145652 5.128073 9.364997 5.128073
0.346023 0.212518 0.292456 0.613592 0.142615 5.128073 9.307158 5.128073
0.285939 0.107226 0.303531 0.516145 0.260713 5.128073 5.600103 5.128073
0.337925 0.134485 0.258267 0.526588 0.237045 5.128073 9.109548 5.128073
0.370967 0.277200 0.255915 0.194165 0.249407 5.128073 6.385103 5.128073
0.199589 0.320145 0.284090 0.381857 0.157809 5.128073 7.363398 5.128073
0.472768 0.294243 0.302159 0.589611 0.054635 5.128073 8.657046 5.128073
0.370809 0.346015 0.313283 0.356648 0.000000 5.128073 9.504723 5.128073
0.270414 0.237238 0.210463 0.463747 0.278318 5.128073 5.192962 5.128073
0.306942 0.384160 0.244104 0.638244 0.280223 5.128073 27.665244 5.128073
0.242545 0.331425 0.226661 0.503633 0.000000 5.128073 7.498109 5.128073
0.224393 0.370605 0.268093 0.476718 0.039767 5.128073 5.940896 5.128073
0.557926 0.286799 0.250871 0.595560 0.000000 5.128073 5.496113 5.128073
0.527955 0.286250 0.345049 0.610176 0.187455 5.128073 8.290421 5.128073
0.327229 0.238639 0.302326 0.527465 0.201676 5.128073 12.332716 5.128073
0.459681 0.278703 0.167879 0.664181 0.000000 5.128073 5.639432 5.128073
0.290722 0.208347 0.229104 0.573330 0.137708 5.128073 5.227467 5.128073
0.417178 0.199476 0.285574 0.478138 0.000000 5.128073 8.645166 5.128073
0.311797 0.346224 0.237165 0.639650 0.094295 5.128073 11.536226 5.128073
0.510326 0.365382 0.267813 0.452519 0.278858 5.128073 10.700851 5.128073
0.242737 0.220369 0.287479 0.444784 0.305870 5.128073 10.651652 5.128073
0.262554 0.210869 0.272070 0.609480 0.110569 5.128073 5.821231 5.128073
0.366431 0.315041 0.243759 0.464845 0.000000 5.128073 8.253170 5.128073
0.332856 0.321072 0.258076 0.555420 0.000000 5.128073 10.002754 5.128073
0.488854 0.244691 0.304524 0.602726 0.000000 5.128073 10.033642 5.128073
0.463041 0.328327 0.239552 0.596822 0.000000 5.128073 10.753828 5.128073
0.251929 0.320235 0.253377 0.486306 0.237777 5.128073 6.686412 5.128073
0.359011 0.261263 0.171492 0.597170 0.313101 5.128073 6.498269 5.128073
0.254108 0.232776 0.325038 0.459877 0.191580 5.128073 5.656573 5.128073
0.497154 0.224862 0.264952 0.502957 0.188501 5.128073 7.846223 5.128073
0.261929 0.393137 0.322954 0.224326 0.180208 5.128073 5.870219 5.128073
0.281799 0.328788 0.230092 0.563510 0.000000 5.128073 9.727796 5.128073
0.344069 0.309484 0.214016 0.445532 0.180297 5.128073 11.875752 5.128073
0.442741 0.329128 0.146588 0.656804 0.266347 5.128073 5.217554 5.128073
0.391559 0.307354 0.253544 0.572842 0.000000 5.128073 12.786654 5.128073
0.306735 0.128108 0.302326 0.525693 0.210381 5.128073 5.212051 5.128073
0.419327 0.258519 0.181716 0.491123 0.000000 5.128073 5.538539 5.128073
0.263159 0.366508 0.288611 0.606891 0.122150 5.128073 21.802804 5.128073
0.353174 0.376318 0.300748 0.566188 0.000000 5.128073 16.533095 5.128073
0.440174 0.329502 0.169291 0.605356 0.311184 5.128073 11.982133 5.128073
0.307924 0.371375 0.296579 0.596498 0.152858 5.128073 22.053874 5.128073
0.354812 0.181707 0.299000 0.612699 0.016829 5.128073 5.377634 5.128073
0.358252 0.353109 0.140532 0.502255 0.231870 5.128073 5.348534 5.128073
0.356788 0.329138 0.234274 0.454781 0.163149 5.128073 9.503150 5.128073
0.823676 0.542857 0.378751 0.260467 0.365392 25.353697 15.371645 15.371645
0.811787 0.555743 0.494501 0.181029 0.140724 12.882494 5.652496 5.652496
0.823676 0.542857 0.378751 0.143739 0.368300 13.834590 5.710004 5.710004
0.374228 0.333211 0.287885 0.223390 0.073746 5.128073 6.053771 5.128073
0.360509 0.406654 0.332203 0.504672 0.059186 5.128073 9.650773 5.128073
0.505662 0.341206 0.217242 0.626853 0.000000 5.128073 8.025363 5.128073
