# Final mediating pop (post Phase 4)
# x0..x(D-1) f0 f1 consensus
0.391987 0.036191 89.982403 89.921158 89.921158
0.488674 0.946119 89.882468 89.863409 89.863409
0.714327 0.268146 89.905450 89.929518 89.905450
0.694216 0.054228 89.844025 89.832441 89.832441
0.917541 0.878021 89.879317 89.658078 89.658078
0.081383 0.618997 89.413985 89.590896 89.413985
0.970938 0.653403 89.992598 89.990381 89.990381
0.337176 0.388602 89.632607 89.917229 89.632607
0.428251 0.391859 89.997841 89.996954 89.996954
0.672439 0.722763 89.244492 89.005935 89.005935
0.562922 0.788946 89.950187 89.947842 89.947842
0.836316 0.334434 89.986220 89.958486 89.958486
0.286028 0.780394 89.852277 89.898718 89.852277
0.937346 0.091333 89.807124 89.823213 89.807124
0.567021 0.301913 89.492475 89.796602 89.492475
0.044087 0.316977 89.923210 89.952225 89.923210
0.152339 0.938031 89.365269 89.839946 89.365269
0.059296 0.034311 89.273149 89.789026 89.273149
0.671004 0.724908 89.906842 89.882051 89.882051
0.918796 0.226099 89.769605 89.849017 89.769605
0.939707 0.090634 89.891392 89.883925 89.883925
0.309417 0.615862 89.142577 87.236020 87.236020
0.428192 0.392587 89.986348 89.978009 89.978009
0.836388 0.335723 89.960347 89.804268 89.804268
0.617778 0.556753 63.022038 62.967650 62.967650
0.918573 0.227795 89.994720 89.993648 89.993648
0.487550 0.947045 89.943937 89.930802 89.930802
0.286903 0.779677 89.846703 89.873839 89.846703
0.337061 0.390599 89.986117 89.944351 89.944351
0.835840 0.333803 89.960501 89.958194 89.958194
0.670898 0.726185 89.831924 89.814846 89.814846
0.747131 0.604140 44.510062 45.044961 44.510062
0.044514 0.314080 89.772535 89.507983 89.507983
0.428254 0.390359 89.963909 89.935469 89.935469
0.488128 0.947400 89.996903 89.996732 89.996732
0.394407 0.037536 89.435676 89.595064 89.435676
0.488031 0.947693 89.998192 89.997771 89.997771
0.392686 0.034684 89.886197 89.821303 89.821303
0.751105 0.612944 44.785232 44.528756 44.528756
0.618883 0.558136 64.985961 61.964985 61.964985
0.971309 0.651942 89.780285 89.914413 89.780285
0.284800 0.774252 86.309358 88.825894 86.309358
0.393284 0.034747 89.930639 89.665986 89.665986
0.336810 0.389671 89.954600 89.977924 89.954600
0.565461 0.299766 89.703574 89.813133 89.703574
0.939505 0.092980 89.814746 89.752514 89.752514
0.687191 0.056580 88.028422 88.393501 88.028422
0.918012 0.227385 89.628803 89.815063 89.628803
0.083598 0.617943 89.892463 89.848684 89.848684
0.057431 0.032451 89.820068 89.551392 89.551392
0.971678 0.652517 89.933010 89.915045 89.915045
0.566504 0.297411 89.127841 89.062772 89.062772
0.428763 0.391124 89.968476 89.949915 89.949915
0.034382 0.794766 20.400577 20.297318 20.297318
0.716505 0.270242 89.096711 88.410882 88.410882
0.043938 0.314942 89.791699 89.929157 89.791699
0.762330 0.911435 18.404712 18.659103 18.404712
0.393866 0.037155 89.664415 89.767530 89.664415
0.435776 0.646096 14.057054 14.638872 14.057054
0.940467 0.090517 89.754951 89.751033 89.751033
0.837170 0.334608 89.573103 89.379752 89.379752
0.670356 0.721048 89.882776 89.891863 89.882776
0.036270 0.797161 20.554240 21.320291 20.554240
0.691667 0.055119 89.905409 89.901969 89.901969
0.763166 0.914117 18.080762 18.718832 18.080762
0.429394 0.389968 89.789513 89.670480 89.670480
0.043483 0.315576 89.788756 89.923976 89.788756
0.749491 0.609653 45.071133 44.620312 44.620312
0.488451 0.947430 89.983825 89.980305 89.980305
0.970754 0.654300 89.863635 89.925766 89.863635
0.487772 0.948392 89.973420 89.968473 89.968473
0.617312 0.557078 64.391246 62.091620 62.091620
0.153149 0.937781 89.977765 89.945145 89.945145
0.836211 0.313714 81.497900 81.978203 81.497900
0.433143 0.640257 14.388387 14.314792 14.314792
0.393386 0.036697 89.850269 89.897113 89.850269
0.971005 0.653147 89.997945 89.997940 89.997940
0.234739 0.290529 7.046152 7.126169 7.046152
0.691585 0.054728 89.978338 89.970720 89.970720
0.395254 0.036665 89.698530 89.648336 89.648336
0.715479 0.267974 89.988746 89.977065 89.977065
0.293498 0.148387 2.824179 2.639190 2.639190
0.392134 0.034974 89.914347 89.956050 89.914347
0.392709 0.036022 89.989106 89.992600 89.989106
0.392887 0.036061 89.982158 89.985533 89.982158
0.740873 0.591799 43.122141 42.537073 42.537073
0.153373 0.937898 89.943157 89.977083 89.943157
0.153112 0.939562 89.963435 89.890080 89.890080
0.083871 0.618634 89.728236 89.372423 89.372423
0.153502 0.939450 89.895942 89.838464 89.838464
0.043409 0.315915 89.853669 89.893980 89.853669
0.112341 0.473357 2.259946 2.545635 2.259946
0.044024 0.312370 88.359766 89.080503 88.359766
0.044078 0.313366 89.179157 89.464078 89.179157
0.040146 0.462905 2.259946 2.545635 2.259946
0.670833 0.723158 89.925132 89.910634 89.910634
0.428975 0.391141 89.945208 89.916449 89.916449
0.691602 0.055163 89.886896 89.883651 89.883651
0.939653 0.093041 89.772759 89.699184 89.699184
0.918557 0.228188 89.960015 89.984054 89.960015
0.836493 0.337245 89.868347 89.461523 89.461523
0.745397 0.600437 44.131597 44.817794 44.131597
0.035581 0.796365 20.576202 20.911706 20.576202
0.337277 0.392287 89.743201 89.700245 89.700245
0.336819 0.390041 89.989258 89.995564 89.989258
0.336647 0.389859 89.984229 89.977893 89.977893
0.394804 0.036059 89.762644 89.639599 89.639599
0.838383 0.289327 51.379439 64.278472 51.379439
0.811087 0.825427 2.773152 14.765747 2.773152
0.487759 0.945686 89.877638 89.861147 89.861147
0.606027 0.909279 1.789044 1.651444 1.651444
0.626389 1.000000 1.789044 1.651444 1.651444
0.918544 0.226653 89.859221 89.874851 89.859221
0.146613 0.755836 2.953377 2.321273 2.321273
0.599334 0.173377 1.523617 2.581848 1.523617
0.691895 0.055052 89.937055 89.929224 89.929224
0.033796 0.793066 19.547292 20.511087 19.547292
0.284161 0.932221 1.535146 1.432801 1.432801
0.388672 0.790598 2.376170 1.432801 1.432801
0.397566 0.723718 2.376170 1.432801 1.432801
0.793485 0.474756 2.950060 1.875697 1.875697
0.220203 0.488343 0.523977 0.645028 0.523977
0.992043 0.578128 0.645028 5.054986 0.645028
0.696539 0.054844 89.253358 87.548584 87.548584
0.023327 0.503315 2.259946 0.645028 0.645028
0.076894 0.615163 86.208510 85.995281 85.995281
0.092295 0.041804 36.893137 18.656184 18.656184
0.213368 0.024750 1.882929 1.204777 1.204777
0.750365 0.631614 51.433780 27.893422 27.893422
0.837399 0.320199 83.316905 86.141647 83.316905
0.419465 0.391701 84.826844 83.050729 83.050729
0.681944 0.143539 1.523617 0.727350 0.727350
0.191739 0.425346 0.523977 0.579787 0.523977
0.623815 0.974107 1.789044 1.651444 1.651444
0.516305 0.278573 2.982058 0.645028 0.645028
0.555525 0.295254 68.852292 68.749281 68.749281
0.861299 0.072499 7.083688 9.869293 7.083688
0.151483 0.144897 0.523977 1.204777 0.523977
0.812492 0.077973 1.978161 3.141505 1.978161
0.899038 0.624491 0.645028 0.645028 0.645028
0.923530 0.207776 65.172049 79.063779 65.172049
0.392097 0.034410 89.769837 89.884882 89.769837
0.040390 0.349954 41.855275 37.383183 37.383183
0.750326 0.536055 2.327062 28.633414 2.327062
0.422676 0.391324 87.744574 87.124708 87.124708
0.112920 0.500452 2.259946 0.645028 0.645028
0.923105 0.082891 69.317670 69.749183 69.317670
0.677950 0.739965 69.641611 67.840953 67.840953
0.123976 0.672557 4.798147 2.321273 2.321273
0.100473 0.307746 2.259946 2.545635 2.259946
0.693033 0.278774 56.902127 42.070156 42.070156
0.961805 0.346806 1.263292 1.646407 1.263292
0.540781 0.805815 0.645028 31.046944 0.645028
0.303020 0.614103 73.265444 83.914094 73.265444
0.150889 0.942280 84.185160 88.755688 84.185160
0.108657 0.426894 2.259946 2.545635 2.259946
0.442961 0.286035 17.754080 6.009049 6.009049
0.822673 0.647286 0.920996 1.206525 0.920996
0.648806 0.663202 18.456786 14.479709 14.479709
0.904181 0.314325 1.926847 7.684964 1.926847
0.390405 0.394366 28.515245 1.750536 1.750536
0.433477 0.015914 37.436341 10.459060 10.459060
0.748561 0.058393 27.969276 6.767835 6.767835
0.178889 0.912035 3.753753 38.104371 3.753753
0.885926 0.737284 0.645028 0.645028 0.645028
0.040146 0.462905 2.259946 2.545635 2.259946
0.066320 0.935321 2.513508 0.602504 0.602504
0.155409 0.457235 0.523977 2.545635 0.523977
0.273088 0.540591 3.361681 0.645028 0.645028
0.653942 0.596350 8.260315 5.446713 5.446713
0.544463 0.299123 25.031917 24.960383 24.960383
0.562613 0.544128 4.142537 14.519293 4.142537
0.768493 0.459372 2.327062 1.585531 1.585531
0.350770 0.759777 1.303071 1.432801 1.303071
0.558699 0.914560 0.809209 1.651444 0.809209
0.214086 0.001901 1.882929 1.204777 1.204777
0.627102 0.558297 54.507385 53.319922 53.319922
0.175130 0.391731 0.523977 2.545635 0.523977
0.488860 0.945514 89.784467 89.750020 89.750020
0.521676 0.461463 0.645028 0.645028 0.645028
0.455751 0.337369 26.163771 12.165576 12.165576
0.855344 0.664949 0.645028 0.575441 0.575441
0.393970 0.087851 12.938609 8.926624 8.926624
0.344509 0.044180 34.207040 12.144371 12.144371
0.377254 0.062445 52.231022 23.498631 23.498631
0.631522 0.423177 0.645028 2.581848 0.645028
0.939600 0.346495 1.263292 1.646407 1.263292
0.040395 0.314047 84.389426 87.099473 84.389426
0.564462 0.782800 81.910972 85.905597 81.910972
0.841860 0.353610 76.072133 59.297940 59.297940
0.282988 0.231211 0.645028 1.406889 0.645028
0.576079 0.301927 70.501169 75.593177 70.501169
0.440091 0.387368 79.613331 76.043175 76.043175
0.441987 0.114946 2.824179 3.011744 2.824179
0.501771 0.982410 2.376170 1.405608 1.405608
0.339683 0.320323 4.618686 17.935081 4.618686
0.281461 0.755597 59.995896 68.203368 59.995896
0.967724 0.656498 87.873168 87.243359 87.243359
0.709963 0.271521 87.183117 84.599570 84.599570
0.741659 0.725661 3.243517 0.573167 0.573167
0.266331 0.497862 0.645028 0.645028 0.645028
0.486287 0.384714 7.906609 2.177485 2.177485
0.735184 0.157718 1.523617 0.727350 0.727350
0.856252 0.363074 21.463456 9.060463 9.060463
0.919029 0.216227 78.076819 80.853689 78.076819
0.545442 0.800615 2.506908 45.969306 2.506908
0.801825 0.398338 2.950060 2.658795 2.658795
0.122408 0.862184 2.953377 2.321273 2.321273
0.668055 0.714207 86.331615 85.880299 85.880299
0.031995 0.979319 0.954358 0.602504 0.602504
0.078774 0.617811 87.386493 89.028760 87.386493
0.650302 0.991725 1.789044 0.658864 0.658864
0.284161 0.932221 1.535146 1.432801 1.432801
0.682188 0.051580 85.664731 69.206205 69.206205
0.383865 0.957535 2.376170 1.432801 1.432801
0.397580 0.448244 5.181812 0.645028 0.645028
0.807128 0.044160 1.978161 3.141505 1.978161
0.010572 0.757213 1.771922 5.188148 1.771922
0.422479 0.397464 85.755448 83.039282 83.039282
0.085819 0.589743 60.855672 17.923173 17.923173
0.046324 0.030434 75.580688 67.257948 67.257948
0.821850 0.360594 25.600159 32.145893 25.600159
0.976167 0.390080 1.263292 1.646407 1.263292
0.537118 0.525297 0.645028 1.743043 0.645028
0.443811 0.651961 8.654115 20.168688 8.654115
0.977166 0.913350 2.773152 0.645028 0.645028
0.047549 0.812203 19.146876 6.787350 6.787350
1.000000 0.613327 13.456969 13.708364 13.456969
0.592325 0.681574 0.645028 1.651444 0.645028
0.053554 0.391809 2.259946 13.076067 2.259946
0.807588 0.375059 2.950060 3.813094 2.950060
0.070357 0.018016 14.595027 33.590365 14.595027
0.313429 0.483232 0.645028 0.645028 0.645028
0.047460 0.257024 11.514935 12.768651 11.514935
0.278600 0.751098 40.783693 66.361319 40.783693
0.904036 0.481409 1.263292 0.645028 0.645028
0.957345 0.451197 1.263292 0.645028 0.645028
0.606027 0.909279 1.789044 1.651444 1.651444
0.217791 0.323821 3.165159 2.500981 2.500981
0.649686 0.096322 1.959893 1.747332 1.747332
0.231797 0.987282 1.303071 2.321273 1.303071
0.994283 0.651513 52.644174 39.892682 39.892682
0.588303 0.334028 26.028163 29.792332 26.028163
0.720182 0.192863 5.718254 0.727350 0.727350
0.869814 0.270008 2.950060 1.646407 1.646407
0.763802 0.840651 1.713910 6.831680 1.713910
0.935487 0.876497 34.634556 15.502466 15.502466
0.038818 0.622340 5.658693 29.314488 5.658693
0.444015 0.578158 1.345033 19.477399 1.345033
0.455179 0.281629 10.396868 2.288727 2.288727
0.865942 0.632262 0.645028 0.575441 0.575441
0.567037 0.889678 4.455856 1.651444 1.651444
0.566112 0.798294 78.819427 73.745229 73.745229
0.034063 0.383764 12.237407 5.826391 5.826391
0.976342 0.566771 0.645028 2.526464 0.645028
0.662723 0.880759 1.789044 0.658864 0.658864
0.116692 0.520391 0.667850 0.645028 0.645028
0.694941 0.054897 89.723002 88.917578 88.917578
0.390536 0.069871 33.440925 26.543513 26.543513
0.889067 0.876548 9.647275 5.228586 5.228586
0.752871 0.642882 37.291333 22.486658 22.486658
0.753444 0.897941 27.032685 11.135477 11.135477
0.638006 0.700062 15.039459 6.875327 6.875327
0.925563 0.823023 13.887383 0.645028 0.645028
0.747916 0.165491 1.523617 0.727350 0.727350
0.146738 0.051088 2.207583 1.204777 1.204777
0.147216 0.858866 12.525444 2.321273 2.321273
0.554339 0.257174 13.033974 33.196117 13.033974
0.442281 0.590615 2.077343 25.590791 2.077343
0.293498 0.148387 2.824179 2.639190 2.639190
0.592502 0.557115 33.077474 34.358752 33.077474
0.158540 0.940203 66.076731 86.105795 66.076731
0.626389 1.000000 1.789044 1.651444 1.651444
0.917514 0.875557 89.506014 87.926353 87.926353
0.631819 0.757061 5.622853 2.202236 2.202236
0.609980 0.334851 6.751431 5.031222 5.031222
0.029968 0.092935 1.882929 1.204777 1.204777
0.973454 0.645772 83.979268 86.996298 83.979268
0.012389 0.142771 2.259946 1.204777 1.204777
0.956663 0.086396 74.197258 74.876479 74.197258
0.387513 0.031556 86.798713 87.630992 86.798713
0.838485 0.325551 84.362869 85.794749 84.362869
0.306690 1.000000 1.303071 1.432801 1.303071
0.287716 0.775168 88.165505 86.152545 86.152545
0.671349 0.734792 86.807709 87.161867 86.807709
0.394689 0.931347 2.376170 1.432801 1.432801
0.559808 0.302034 73.584843 74.689609 73.584843
0.297128 0.347462 8.532934 1.750536 1.750536
0.298600 0.052165 7.108461 2.639190 2.639190
0.141588 0.193387 0.523977 2.545635 0.523977
0.046048 0.307005 85.849912 80.833385 80.833385
0.876271 0.851924 2.773152 0.765749 0.765749
0.551244 0.771987 25.921422 37.502626 25.921422
0.596243 0.108457 1.523617 1.766227 1.523617
0.344483 0.415554 62.835799 45.676516 45.676516
0.471222 0.250318 4.163029 0.819666 0.819666
0.445116 0.969956 9.465527 4.419822 4.419822
0.753322 0.606494 35.547891 54.387587 35.547891
0.583136 0.867130 5.070719 1.651444 1.651444
0.713455 0.271510 89.107101 87.924661 87.924661
