# Final mediating pop (post Phase 4)
# x0..x(D-1) f0 f1 consensus
0.960799 0.422136 89.974558 89.851822 89.851822
0.098077 0.700643 85.510928 89.656122 85.510928
0.936686 0.788248 84.309281 88.755849 84.309281
0.114106 0.311884 83.181220 89.056172 83.181220
0.780246 0.437818 83.588136 86.491400 83.588136
0.507068 0.847720 86.803752 89.038025 86.803752
0.581497 0.327400 89.994318 89.944550 89.944550
0.127824 0.126139 64.636066 84.306748 64.636066
0.939124 0.782046 89.391851 89.568606 89.391851
0.940273 0.780009 89.455155 89.453876 89.453876
0.581230 0.327728 89.041326 88.188893 88.188893
0.289047 0.788977 79.345995 86.532163 79.345995
0.804503 0.733840 30.091723 21.540241 21.540241
0.715152 0.678207 39.795710 89.197933 39.795710
0.222519 0.498248 81.511368 79.233573 79.233573
0.900748 0.057276 84.881694 89.136853 84.881694
0.394750 0.870302 87.456791 81.839012 81.839012
0.375780 0.213501 3.225704 14.517408 3.225704
0.965098 0.420614 76.512428 73.480055 73.480055
0.289134 0.790521 87.376009 86.962721 86.962721
0.308556 0.749258 27.126243 2.866222 2.866222
0.248284 0.851892 3.538530 2.866222 2.866222
0.450948 0.065725 89.733579 75.770191 75.770191
1.000000 0.277439 2.312182 3.183507 2.312182
0.958863 0.423665 88.184397 81.545437 81.545437
0.957572 0.279802 2.312182 3.183507 2.312182
0.960110 0.319357 2.312182 3.183507 2.312182
1.000000 0.241353 2.312182 3.183507 2.312182
0.969045 0.249196 2.312182 3.183507 2.312182
1.000000 0.318995 2.312182 3.183507 2.312182
0.990163 0.478398 2.312182 3.183507 2.312182
0.970843 0.420508 21.059320 61.806055 21.059320
0.432173 0.416050 3.225704 2.146026 2.146026
0.668843 0.497004 5.091220 2.146026 2.146026
0.539857 0.376250 3.225704 2.146026 2.146026
0.433556 0.377113 3.225704 2.146026 2.146026
0.444607 0.535369 3.745173 2.146026 2.146026
0.621466 0.486791 3.745173 2.146026 2.146026
0.573909 0.326642 71.412835 76.698630 71.412835
0.413272 0.463265 3.745173 2.146026 2.146026
0.420258 0.506959 3.745173 2.146026 2.146026
0.662839 0.415020 2.911364 2.146026 2.146026
0.504951 0.502253 3.745173 2.146026 2.146026
0.542563 0.430709 3.225704 2.146026 2.146026
0.660303 0.446009 3.385254 2.146026 2.146026
0.412185 0.313102 3.225704 2.146026 2.146026
0.493945 0.394513 3.225704 2.146026 2.146026
0.597913 0.466262 3.745173 2.146026 2.146026
0.490268 0.467084 3.745173 2.146026 2.146026
0.580846 0.327172 88.986321 89.978148 88.986321
0.591202 0.532372 3.745173 2.146026 2.146026
0.592436 0.328291 62.532621 65.607651 62.532621
0.583925 0.327114 89.865937 85.089646 85.089646
0.249793 0.597305 1.100868 2.866222 1.100868
0.289639 0.795711 71.089721 89.767104 71.089721
0.196598 0.794797 1.100868 2.866222 1.100868
0.201388 0.992446 1.100868 2.866222 1.100868
0.319568 0.644100 1.100868 2.866222 1.100868
0.302686 0.677253 1.100868 2.866222 1.100868
0.288121 0.807262 15.729345 30.564638 15.729345
0.885445 0.912870 1.498282 1.572631 1.498282
0.859943 0.637656 1.498282 0.953706 0.953706
0.893859 0.626970 1.498282 0.953706 0.953706
0.878793 0.726939 1.498282 0.953706 0.953706
0.850034 0.858278 1.498282 0.953706 0.953706
0.911943 0.997011 1.498282 0.953706 0.953706
0.908942 0.696940 1.498282 0.953706 0.953706
0.889481 0.800851 1.498282 0.953706 0.953706
0.838003 0.921445 1.498282 0.953706 0.953706
0.861901 0.972606 1.498282 0.953706 0.953706
0.201152 0.599650 1.100868 2.866222 1.100868
0.191790 1.000000 1.100868 2.866222 1.100868
0.222547 0.742810 1.100868 2.866222 1.100868
0.097887 0.699793 89.775726 88.565961 88.565961
0.623381 0.627252 0.787140 2.333567 0.787140
0.722288 0.905831 0.787140 0.853215 0.787140
0.972280 0.984879 0.782513 0.953706 0.782513
0.930420 0.801194 65.245741 70.657653 65.245741
0.897531 0.884933 1.498282 3.268662 1.498282
1.000000 0.623957 0.782513 0.953706 0.782513
1.000000 0.820518 0.782513 0.953706 0.782513
1.000000 1.000000 0.782513 0.953706 0.782513
0.895983 0.884359 1.498282 5.617115 1.498282
0.720302 0.816179 0.787140 73.623249 0.787140
0.720479 0.819971 0.787140 72.262704 0.787140
0.720371 0.806034 0.787140 28.703795 0.787140
0.722444 0.840241 0.787140 8.586920 0.787140
0.716832 0.751989 0.787140 19.200092 0.787140
0.695933 0.986942 0.787140 0.758996 0.758996
0.113969 0.312162 85.854670 88.322366 85.854670
0.114683 0.310648 67.192148 89.006200 67.192148
0.120997 0.391742 3.725873 0.869364 0.869364
0.121260 0.428729 1.144298 0.869364 0.869364
0.052140 0.433212 0.710801 0.869364 0.710801
0.115884 0.395799 1.559095 0.869364 0.869364
0.000169 0.411055 0.710801 0.869364 0.710801
0.113059 0.312821 86.832993 89.820044 86.832993
0.783889 0.694915 0.787140 12.658296 0.787140
0.589855 0.327259 85.707373 59.667388 59.667388
1.000000 0.267460 2.312182 3.183507 2.312182
0.948172 0.122834 2.312182 0.456925 0.456925
1.000000 0.115957 2.312182 0.456925 0.456925
0.018796 0.785170 1.825439 0.362246 0.362246
0.957792 0.422467 75.173468 88.762587 75.173468
0.786761 0.605593 0.787140 0.708927 0.708927
0.034075 0.247146 0.710801 0.315099 0.315099
0.115041 0.312213 60.014579 71.976881 60.014579
0.113744 0.311721 88.391459 89.700161 88.391459
0.929661 0.802594 64.278046 65.207984 64.278046
0.015678 0.020199 0.273870 0.333437 0.273870
0.172645 0.143880 0.273870 0.333437 0.273870
0.138030 0.088298 2.399488 1.790406 1.790406
0.128228 0.128576 83.219421 77.728157 77.728157
0.237883 0.081125 0.273870 0.381361 0.273870
0.027055 0.085915 0.273870 0.333437 0.273870
0.188166 0.091067 0.273870 0.333437 0.273870
0.127112 0.131025 86.530974 89.336105 86.530974
0.238839 0.034537 0.273870 0.381361 0.273870
0.293327 0.029291 0.273870 0.381361 0.273870
0.899128 0.057892 64.360542 75.374189 64.360542
0.178937 0.735308 1.100868 0.809476 0.809476
0.901076 0.060833 2.753668 34.331950 2.753668
0.893859 0.626970 1.498282 0.953706 0.953706
0.982211 0.850626 0.782513 0.953706 0.782513
0.490268 0.467084 3.745173 2.146026 2.146026
0.964227 0.420263 81.919328 70.370419 70.370419
0.444607 0.535369 3.745173 2.146026 2.146026
0.855185 0.999947 1.498282 0.953706 0.953706
0.973880 0.302694 2.312182 3.183507 2.312182
0.008520 0.103524 0.273870 0.333437 0.273870
0.591620 0.760589 0.062778 0.111582 0.062778
0.135357 0.533536 0.154270 0.809476 0.154270
0.657307 0.670212 0.787140 0.177333 0.177333
0.233797 0.928135 1.100868 2.866222 1.100868
0.948254 0.762952 64.220346 66.822654 64.220346
0.450689 0.059631 2.383968 78.714894 2.383968
0.916870 0.881429 0.782513 0.953706 0.782513
0.661395 0.018623 0.024792 0.211844 0.024792
0.776142 0.260727 0.116050 0.080386 0.080386
1.000000 0.270459 2.312182 3.183507 2.312182
0.332502 0.764266 0.104729 2.866222 0.104729
0.166189 0.371492 0.710801 0.869364 0.710801
0.607508 0.069506 0.159016 0.211844 0.159016
0.213453 0.489586 9.520409 35.939538 9.520409
0.442759 0.994167 0.104729 0.111582 0.104729
0.048486 0.292940 0.710801 0.869364 0.710801
1.000000 0.115957 2.312182 0.456925 0.456925
1.000000 0.318995 2.312182 3.183507 2.312182
0.908542 0.644924 1.498282 0.953706 0.953706
0.705902 0.854213 0.787140 0.758996 0.758996
0.491401 0.076268 0.159016 0.211844 0.159016
0.265778 0.798459 1.100868 2.866222 1.100868
0.591202 0.532372 3.745173 2.146026 2.146026
0.311965 0.021121 0.159016 0.381361 0.159016
0.119874 0.619159 0.168219 0.809476 0.168219
0.302686 0.677253 1.100868 2.866222 1.100868
0.567288 0.000945 0.159016 0.211844 0.159016
0.840003 0.421156 0.116050 0.080386 0.080386
0.990163 0.478398 2.312182 3.183507 2.312182
0.053954 0.999671 0.168219 0.362246 0.168219
0.329603 0.266246 0.098866 0.120376 0.098866
0.323592 0.074763 0.159016 0.381361 0.159016
0.592450 0.327610 77.622064 52.255057 52.255057
0.357538 0.693644 0.104729 2.866222 0.104729
0.389510 0.379036 3.225704 0.120151 0.120151
0.851332 0.612097 0.355044 0.953706 0.355044
0.341189 0.827408 2.890804 2.866222 2.866222
0.462175 0.511354 3.745173 2.146026 2.146026
0.818705 0.152457 0.116050 0.456925 0.116050
0.996771 0.397412 3.002889 3.183507 3.002889
0.048330 0.319756 0.710801 0.869364 0.710801
0.125689 0.130842 72.632221 48.160393 48.160393
0.982085 0.226348 2.312182 3.183507 2.312182
0.678708 0.597293 0.787140 0.177333 0.177333
0.972280 0.984879 0.782513 0.953706 0.782513
0.646861 0.160148 0.024792 0.211844 0.024792
0.001733 0.011026 0.273870 0.333437 0.273870
0.616619 0.369453 3.225704 2.146026 2.146026
0.804503 0.733840 30.091723 21.540241 21.540241
0.238839 0.034537 0.273870 0.381361 0.273870
0.611743 0.550660 0.024294 0.177333 0.024294
0.375780 0.213501 3.225704 14.517408 3.225704
0.995351 0.364606 2.312182 3.183507 2.312182
0.525054 0.483620 3.745173 2.146026 2.146026
0.673277 0.486834 5.091220 2.146026 2.146026
0.507275 0.381841 3.225704 2.146026 2.146026
0.723753 0.796672 0.787140 0.758996 0.758996
0.695933 0.986942 0.787140 0.758996 0.758996
0.114499 0.308526 68.410081 55.755069 55.755069
0.358026 0.023297 0.159016 0.381361 0.159016
0.429680 0.557823 0.104729 0.177333 0.104729
0.067327 0.165394 0.273870 0.333437 0.273870
0.539857 0.376250 3.225704 2.146026 2.146026
0.948172 0.122834 2.312182 0.456925 0.456925
0.731689 0.860137 0.787140 0.758996 0.758996
0.868622 0.859386 1.498282 0.953706 0.953706
0.718958 0.597414 0.787140 0.177333 0.177333
0.632864 0.815684 0.787140 0.111582 0.111582
1.000000 0.394643 2.576294 3.183507 2.576294
0.078449 0.411465 0.710801 0.869364 0.710801
0.965530 0.242684 2.312182 3.183507 2.312182
0.034075 0.247146 0.710801 0.315099 0.315099
0.242840 0.070710 0.273870 0.381361 0.273870
0.188166 0.091067 0.273870 0.333437 0.273870
0.691541 0.202641 0.898848 0.456925 0.456925
1.000000 0.480625 2.312182 3.183507 2.312182
0.098032 0.696073 45.538212 72.256590 45.538212
0.099824 0.729084 0.168219 0.809476 0.168219
0.327854 0.906824 0.104729 2.866222 0.104729
0.424601 0.437925 3.225704 2.146026 2.146026
0.312910 0.622546 1.100868 2.866222 1.100868
0.630611 0.792457 0.787140 0.111582 0.111582
0.920711 0.631793 0.782513 0.953706 0.782513
0.052140 0.433212 0.710801 0.869364 0.710801
0.532512 0.024864 0.159016 0.211844 0.159016
0.433556 0.377113 3.225704 2.146026 2.146026
0.444607 0.535369 3.745173 2.146026 2.146026
0.289645 0.776944 12.997693 73.543174 12.997693
0.977999 0.305139 2.312182 3.183507 2.312182
0.861901 0.972606 1.498282 0.953706 0.953706
0.703958 0.725925 0.787140 0.177333 0.177333
0.598882 0.509932 3.745173 2.146026 2.146026
0.664679 0.618737 0.787140 0.177333 0.177333
0.357980 0.793330 0.104729 2.866222 0.104729
0.621466 0.486791 3.745173 2.146026 2.146026
1.000000 0.292326 2.312182 3.183507 2.312182
0.245476 0.546562 0.154270 17.280730 0.154270
0.180824 0.438007 0.710801 0.869364 0.710801
0.249793 0.597305 1.100868 2.866222 1.100868
0.166231 1.000000 1.100868 0.809476 0.809476
0.015678 0.020199 0.273870 0.333437 0.273870
0.585156 0.277863 3.225704 2.146026 2.146026
0.848714 0.646029 1.498282 0.953706 0.953706
0.014182 0.568218 0.168219 19.493226 0.168219
0.287909 0.529959 0.170437 0.120151 0.120151
0.383299 0.190387 0.159016 0.120376 0.120376
0.120731 0.047910 0.273870 0.333437 0.273870
0.369712 0.066240 0.159016 0.381361 0.159016
0.383979 0.900262 0.104729 0.002334 0.002334
0.293327 0.029291 0.273870 0.381361 0.273870
0.908942 0.696940 1.498282 0.953706 0.953706
0.497817 0.770892 0.024294 0.111582 0.024294
0.093542 0.680521 0.168219 0.809476 0.168219
0.913945 0.049647 0.219805 0.456925 0.219805
0.748472 0.853991 0.787140 0.758996 0.758996
0.150162 0.288132 0.710801 0.869364 0.710801
0.308556 0.749258 27.126243 2.866222 2.866222
0.722288 0.905831 0.787140 0.853215 0.787140
0.830427 0.827243 0.313785 0.708927 0.313785
0.858676 0.264939 0.116050 0.080386 0.080386
0.960799 0.422136 89.974558 89.851822 89.851822
0.018796 0.785170 1.825439 0.362246 0.362246
0.936686 0.788248 84.309281 88.755849 84.309281
0.450151 0.893356 0.104729 0.111582 0.104729
0.861424 0.101871 0.219805 0.456925 0.219805
0.413272 0.463265 3.745173 2.146026 2.146026
0.941925 0.275875 2.312182 3.183507 2.312182
0.376227 0.918483 0.104729 0.002334 0.002334
0.400359 0.396522 3.225704 0.120151 0.120151
0.465474 0.659220 0.104729 0.177333 0.104729
1.000000 0.241353 2.312182 3.183507 2.312182
0.838003 0.921445 1.498282 0.953706 0.953706
0.456593 0.045625 0.159016 69.072791 0.159016
0.730543 0.752441 0.787140 0.758996 0.758996
0.480270 0.251434 3.225704 0.211844 0.211844
0.172645 0.143880 0.273870 0.333437 0.273870
0.851548 0.572795 0.355044 0.548406 0.355044
0.328125 0.620056 0.104729 2.866222 0.104729
0.586747 0.331451 16.530864 38.078154 16.530864
0.315939 0.021278 0.159016 0.381361 0.159016
0.596531 0.026265 0.159016 0.211844 0.159016
0.282887 0.165648 0.273870 0.136729 0.136729
0.948524 0.758211 22.517371 55.331404 22.517371
0.075447 0.736851 0.803152 0.809476 0.803152
0.000169 0.411055 0.710801 0.869364 0.710801
0.300877 0.298268 0.710801 0.120151 0.120151
0.508798 0.848699 67.548604 84.876089 67.548604
0.726588 0.765046 0.787140 0.758996 0.758996
0.420258 0.506959 3.745173 2.146026 2.146026
1.000000 0.239789 2.312182 3.183507 2.312182
0.023407 0.949443 0.168219 0.362246 0.168219
1.000000 0.440504 2.312182 3.183507 2.312182
0.685523 0.776162 0.787140 0.111582 0.111582
0.293927 0.424574 0.710801 0.120151 0.120151
0.199407 0.351738 0.710801 0.120151 0.120151
0.332315 0.105828 0.159016 0.381361 0.159016
0.201388 0.992446 1.100868 2.866222 1.100868
0.905929 0.056527 32.007082 4.903843 4.903843
0.074190 0.925863 0.168219 0.809476 0.168219
0.007135 0.622726 0.168219 0.362246 0.168219
0.662839 0.415020 2.911364 2.146026 2.146026
0.224466 0.504827 11.102999 87.124730 11.102999
0.454925 0.958128 0.104729 0.111582 0.104729
0.504951 0.502253 3.745173 2.146026 2.146026
0.286062 0.795846 85.057067 7.762201 7.762201
0.878793 0.726939 1.498282 0.953706 0.953706
0.286730 0.784688 23.377719 20.315929 20.315929
1.000000 0.391128 2.312182 3.183507 2.312182
0.983084 0.167644 2.312182 0.456925 0.456925
1.000000 1.000000 0.782513 0.953706 0.782513
