# Party-1 optima (Phase 1b)
# x0..x(D-1) party_fit f0 f1 consensus
0.737652 0.393163 86.283346 56.501257 86.283346 56.501257
0.011124 0.119687 82.252285 31.433373 82.252285 31.433373
0.219745 0.562362 68.622193 40.492988 68.622193 40.492988
0.202593 0.602802 63.745287 31.614485 63.745287 31.614485
0.356178 0.154218 62.728772 51.120135 62.728772 51.120135
0.332840 0.899118 58.570103 31.433373 58.570103 31.433373
0.329689 0.180931 58.451052 27.979537 58.451052 27.979537
0.815668 0.807510 55.638068 31.433373 55.638068 31.433373
