# Final mediating pop (post Phase 4)
# x0..x(D-1) f0 f1 consensus
0.207670 0.622467 0.323501 0.750503 0.901276 0.642589 0.742063 0.561509 0.853389 0.543100 8.919725 8.491876 8.491876
0.145032 0.619480 0.216614 0.765816 0.816332 0.630356 0.628423 0.666860 0.975306 0.840636 8.756012 8.491876 8.491876
0.260025 0.589737 0.179359 0.776205 0.744898 0.590727 0.584431 0.468553 0.790318 0.814955 9.589130 8.491876 8.491876
0.299502 0.554179 0.188523 0.610813 0.966937 0.560220 0.825753 0.536452 0.845006 0.627855 8.496058 8.491876 8.491876
0.207196 0.588799 0.214709 0.695066 0.937105 0.615158 0.721055 0.501994 0.719829 0.733369 16.448168 8.491876 8.491876
0.170941 0.541408 0.195023 0.773325 0.977910 0.602204 0.856887 0.380188 1.000000 0.878386 8.746381 8.491876 8.491876
0.102937 0.740591 0.252662 0.623516 0.785539 0.668099 0.845468 0.502386 0.773250 0.736867 8.586420 8.491876 8.491876
0.284428 0.572736 0.242891 0.810528 0.704095 0.788533 0.695417 0.570741 0.641833 0.901437 8.793357 8.491876 8.491876
0.156650 0.505470 0.285626 0.943450 0.903110 0.771103 0.763917 0.395085 0.563957 0.689036 8.492406 8.491876 8.491876
0.232953 0.626118 0.272947 0.852400 0.842806 0.648414 0.756146 0.511666 0.570957 0.742411 11.397522 8.491876 8.491876
0.170996 0.621927 0.248175 0.904155 0.845292 0.583744 0.924288 0.611557 0.717415 0.918648 8.639333 8.491876 8.491876
0.119141 0.594032 0.252576 0.687832 1.000000 0.588710 1.000000 0.587747 1.000000 0.757467 8.624851 8.491876 8.491876
0.287933 0.609964 0.145008 0.697761 0.777487 0.596736 0.664128 0.578829 0.812542 0.623900 8.827659 8.491876 8.491876
0.168973 0.591747 0.227943 0.794626 1.000000 0.668129 0.910563 0.595668 1.000000 0.744748 8.982594 8.491876 8.491876
0.341599 0.567595 0.242481 0.787393 0.799340 0.565461 0.793247 0.522623 0.782771 0.703978 9.068960 8.491876 8.491876
0.140275 0.544511 0.191598 0.702708 0.738441 0.669213 0.708246 0.513595 0.788715 0.781257 11.404672 8.491876 8.491876
0.249705 0.581889 0.208587 0.640973 0.718327 0.471465 0.706408 0.578961 0.872257 0.813173 10.301475 8.491876 8.491876
0.159078 0.557528 0.232935 0.902938 0.628235 0.596906 0.606378 0.429274 0.612264 0.782671 9.164506 8.491876 8.491876
0.149995 0.535794 0.244889 0.829697 0.972250 0.620997 0.705884 0.467363 0.533193 0.713954 9.033621 8.491876 8.491876
0.216806 0.554257 0.220116 0.717852 0.913911 0.712089 0.815067 0.514493 0.809777 0.574201 10.212673 8.491876 8.491876
0.232110 0.585427 0.206062 0.691289 0.736355 0.641052 0.770286 0.630899 0.802802 0.827436 13.388653 8.491876 8.491876
0.134150 0.625545 0.234409 0.561372 0.854505 0.695438 0.849210 0.429722 0.931288 0.648763 8.518274 8.491876 8.491876
0.145645 0.495941 0.219112 0.649143 1.000000 0.622004 0.959165 0.405066 0.962268 0.712399 8.755619 8.491876 8.491876
0.192698 0.554770 0.243043 0.887007 0.959182 0.621066 0.729428 0.377014 0.909540 0.688448 10.463445 8.491876 8.491876
0.219843 0.524878 0.201749 0.562790 0.926190 0.689513 0.861632 0.620313 1.000000 0.807665 8.736647 8.491876 8.491876
0.095130 0.565258 0.237344 0.832341 0.996765 0.504140 0.777334 0.462605 0.922504 0.733859 10.729271 8.491876 8.491876
0.244023 0.563401 0.177268 0.742950 0.910436 0.649902 0.673703 0.548747 0.696341 0.626898 9.654417 8.491876 8.491876
0.120905 0.536049 0.330793 0.715486 1.000000 0.771763 0.734741 0.501289 0.700029 0.676991 9.408806 8.491876 8.491876
0.131240 0.602105 0.186697 0.690111 0.800594 0.505210 0.618721 0.561446 0.770982 0.841017 10.824847 8.491876 8.491876
0.191074 0.578895 0.266496 0.734086 0.851752 0.439762 0.621473 0.659586 0.839410 0.718537 8.756665 8.491876 8.491876
0.143411 0.648643 0.244176 0.919343 0.893194 0.548296 0.831256 0.576828 0.701875 0.783013 10.114615 8.491876 8.491876
0.205025 0.538507 0.187983 0.719936 0.841786 0.645655 0.728728 0.485111 0.792858 0.545799 9.195795 8.491876 8.491876
0.192641 0.531748 0.271131 0.680662 1.000000 0.473394 0.943670 0.386997 0.826345 0.732786 9.663594 8.491876 8.491876
0.260522 0.569263 0.213476 0.586772 0.957101 0.616553 0.957761 0.585452 0.844606 0.762157 8.760293 8.491876 8.491876
0.174093 0.584534 0.278881 0.722757 1.000000 0.489643 0.852269 0.345045 0.840760 0.793552 11.085545 8.491876 8.491876
0.214278 0.521870 0.197916 0.747511 1.000000 0.500213 0.675865 0.499014 0.875068 0.745520 10.769837 8.491876 8.491876
0.207517 0.612200 0.224126 0.776827 0.586515 0.659786 0.938338 0.609789 0.811929 0.799464 8.732291 8.491876 8.491876
0.295804 0.562458 0.188516 0.952556 0.647641 0.558949 0.814122 0.542477 0.715890 0.891737 8.585312 8.491876 8.491876
0.185823 0.633065 0.237765 0.656764 0.925899 0.654857 0.747746 0.666396 0.617594 0.744138 9.154979 8.491876 8.491876
0.159474 0.566850 0.235886 0.762590 1.000000 0.590629 0.762021 0.665962 0.631420 0.660378 8.572509 8.491876 8.491876
0.167529 0.711926 0.222652 0.616587 0.630610 0.557188 0.812645 0.586386 0.775466 0.642848 8.849410 8.491876 8.491876
0.163622 0.653695 0.280781 0.689325 0.615245 0.625116 0.610341 0.540432 0.659434 0.760869 8.674301 8.491876 8.491876
0.120403 0.549881 0.275612 0.849050 0.894528 0.442932 0.673336 0.514283 0.927348 0.791992 9.533530 8.491876 8.491876
0.194062 0.494479 0.288844 0.751422 0.942478 0.615262 0.681348 0.305892 0.754774 0.691874 9.758530 8.491876 8.491876
0.180531 0.543066 0.264039 0.910174 0.934553 0.582305 0.731595 0.404658 0.644337 0.487669 8.658784 8.491876 8.491876
0.172720 0.614635 0.248615 0.876284 0.863453 0.525826 0.713867 0.437988 0.772762 0.639052 17.046237 8.491876 8.491876
0.234670 0.536461 0.232886 0.874583 0.938457 0.514579 0.657619 0.490981 0.676283 0.758457 10.254233 8.491876 8.491876
0.215101 0.582575 0.220413 0.812839 1.000000 0.614661 0.710338 0.495223 0.757278 0.651303 12.634519 8.491876 8.491876
0.152897 0.529280 0.286796 0.792958 0.993892 0.553975 0.632272 0.458232 0.730656 0.690592 11.600923 8.491876 8.491876
0.068618 0.614834 0.259800 0.788319 0.930729 0.468108 0.772496 0.458522 0.737608 0.699268 10.762210 8.491876 8.491876
0.233795 0.618356 0.166751 0.738231 0.841113 0.562782 0.854361 0.491933 0.685801 0.814844 10.899074 8.491876 8.491876
0.266303 0.629914 0.201378 0.672495 0.783735 0.589660 0.896487 0.559336 0.956418 0.875644 9.393740 8.491876 8.491876
0.088356 0.500399 0.255458 0.655388 0.924685 0.581573 0.740490 0.338673 0.965606 0.712640 8.847507 8.491876 8.491876
0.190079 0.704049 0.213399 0.695832 1.000000 0.608552 0.878493 0.382938 0.869967 0.724206 8.889924 8.491876 8.491876
0.239799 0.600477 0.258315 0.792143 0.944869 0.663454 0.910374 0.578126 0.783124 0.694703 10.321179 8.491876 8.491876
0.155696 0.631284 0.202827 0.697910 1.000000 0.538013 0.641785 0.581705 0.738807 0.652031 9.161783 8.491876 8.491876
0.149334 0.551641 0.194742 0.732922 1.000000 0.466208 0.755118 0.599764 0.805557 0.720066 9.899748 8.491876 8.491876
0.151999 0.505356 0.297739 0.750290 1.000000 0.591807 0.719069 0.353859 1.000000 0.695219 8.890315 8.491876 8.491876
0.296302 0.615165 0.179602 0.623793 0.837873 0.586690 0.800261 0.546343 0.888251 0.810961 10.302455 8.491876 8.491876
0.106001 0.609128 0.320178 0.752706 0.795162 0.695226 0.906036 0.619170 0.691083 0.731977 8.707612 8.491876 8.491876
0.236668 0.515806 0.178884 0.671714 0.851971 0.492447 0.856755 0.606048 0.871498 0.841743 9.222691 8.491876 8.491876
0.315680 0.548546 0.234194 0.870221 0.787459 0.621441 0.891502 0.385496 0.802089 0.737761 8.909597 8.491876 8.491876
0.232413 0.616323 0.277944 0.899914 0.904391 0.751301 0.669932 0.571041 0.545864 0.806979 8.610653 8.491876 8.491876
0.075588 0.545998 0.249883 0.708146 0.918222 0.672826 0.845134 0.574488 0.593421 0.826699 8.768464 8.491876 8.491876
0.174501 0.534269 0.224566 0.799830 0.991729 0.562098 0.702079 0.573638 0.677056 0.781312 10.466141 8.491876 8.491876
0.086804 0.563869 0.268547 0.678816 1.000000 0.616890 0.930034 0.643320 0.873095 0.850639 9.183650 8.491876 8.491876
0.225341 0.709535 0.188489 0.827601 0.704816 0.540381 0.713676 0.394273 0.545525 0.890060 8.885520 8.491876 8.491876
0.109397 0.548794 0.247539 0.740872 0.967954 0.429624 0.785858 0.399756 0.886210 0.721658 12.159069 8.491876 8.491876
0.187728 0.527886 0.328616 0.731177 0.958220 0.602928 0.684217 0.463946 0.891980 0.769250 9.247562 8.491876 8.491876
0.185147 0.637959 0.206715 0.661815 0.931974 0.645602 0.786261 0.530433 0.686992 0.795713 11.808359 8.491876 8.491876
0.193437 0.553170 0.135471 0.770661 0.769436 0.561560 0.632460 0.472799 0.750005 0.761996 9.641962 8.491876 8.491876
0.170170 0.649495 0.301976 0.922836 1.000000 0.600054 0.827045 0.479866 0.871870 0.661188 8.796483 8.491876 8.491876
0.168578 0.640516 0.259203 0.704120 0.964984 0.694693 0.967799 0.499952 0.708205 0.773450 9.112306 8.491876 8.491876
0.162291 0.615259 0.277989 0.974749 0.756434 0.695636 0.651593 0.458956 0.777950 0.664065 9.479051 8.491876 8.491876
0.136168 0.568415 0.294957 0.724517 0.841461 0.784180 0.616873 0.524248 0.835863 0.762882 8.964749 8.491876 8.491876
0.146075 0.566205 0.262100 0.556327 1.000000 0.545999 1.000000 0.591289 0.912711 0.739364 8.790102 8.491876 8.491876
0.203449 0.521159 0.176212 0.810320 0.865214 0.674426 0.823360 0.511880 0.962268 0.738032 8.902405 8.491876 8.491876
0.239186 0.574042 0.268733 0.644588 1.000000 0.724360 0.746959 0.551230 1.000000 0.643950 8.942394 8.491876 8.491876
0.194320 0.534790 0.159431 0.687450 0.819414 0.752954 0.694086 0.677945 0.703033 0.884273 8.519421 8.491876 8.491876
0.181659 0.556856 0.228504 0.735450 0.946965 0.452209 0.601060 0.428070 0.641659 0.638850 8.927261 8.491876 8.491876
0.227052 0.596678 0.273867 0.722626 1.000000 0.758893 0.801459 0.414793 0.879931 0.590672 8.967308 8.491876 8.491876
0.257458 0.640037 0.196629 0.831526 0.789542 0.381298 0.739868 0.236942 0.775806 0.794766 8.535293 8.491876 8.491876
0.196291 0.684502 0.202646 0.864033 0.702904 0.640624 0.764607 0.411017 0.835508 0.716440 10.127492 8.491876 8.491876
0.232105 0.631339 0.260055 0.889661 0.759039 0.791571 0.628119 0.466972 0.704861 0.885536 9.074310 8.491876 8.491876
0.152902 0.689758 0.217772 0.830223 0.779447 0.612972 0.786019 0.425976 0.779145 0.828534 11.974545 8.491876 8.491876
0.134985 0.503080 0.239882 0.653402 0.880507 0.615197 0.951641 0.460149 0.911858 0.899857 9.537136 8.491876 8.491876
0.296262 0.604614 0.246134 0.793627 0.827042 0.669674 0.792287 0.534380 0.525823 0.646928 8.700848 8.491876 8.491876
0.226740 0.614636 0.181505 0.541479 0.920420 0.611896 0.742851 0.596823 0.792143 0.688121 9.368903 8.491876 8.491876
0.192986 0.647949 0.287379 0.828886 0.727754 0.637977 0.659981 0.412224 0.868254 0.808762 8.851907 8.491876 8.491876
0.172355 0.558092 0.215420 0.864194 1.000000 0.542382 0.630007 0.562795 0.855236 0.821252 9.483054 8.491876 8.491876
0.197652 0.613275 0.241323 0.726955 1.000000 0.658044 0.948255 0.554445 0.994109 0.643506 8.643425 8.491876 8.491876
0.297094 0.656011 0.291340 0.835975 0.802760 0.663879 0.777380 0.492076 0.702560 0.909989 8.996497 8.491876 8.491876
0.023919 0.579593 0.300212 0.711266 0.947040 0.701188 0.848369 0.487695 0.759276 0.690624 9.404269 8.491876 8.491876
0.116604 0.672970 0.235363 0.675106 0.748379 0.455495 0.781575 0.406490 0.948438 0.620670 8.563860 8.491876 8.491876
0.118790 0.610094 0.258984 0.630591 0.699298 0.659475 0.859291 0.636716 0.818410 0.752035 10.114637 8.491876 8.491876
0.125520 0.668915 0.242244 0.758811 0.951037 0.650384 0.895569 0.571345 0.732763 0.644191 9.541812 8.491876 8.491876
0.199856 0.524753 0.190849 0.714853 1.000000 0.580406 0.717780 0.512908 1.000000 0.672619 9.643787 8.491876 8.491876
0.250957 0.677261 0.151525 0.678169 0.757812 0.600986 0.813759 0.534281 0.868058 0.651050 9.014380 8.491876 8.491876
0.206785 0.508233 0.184872 0.725535 0.776989 0.631722 0.817255 0.402665 0.758157 0.630787 9.305007 8.491876 8.491876
0.197908 0.605279 0.284454 0.872778 0.891725 0.704592 0.856470 0.539008 0.801705 0.807621 11.614319 8.491876 8.491876
0.111331 0.568994 0.220625 0.560550 0.970016 0.611314 0.692242 0.487479 0.767523 0.667790 9.879338 8.491876 8.491876
0.172539 0.611612 0.279033 0.679415 0.924921 0.664768 1.000000 0.461171 0.808208 0.937218 8.566036 8.491876 8.491876
0.180146 0.598542 0.350920 0.760821 1.000000 0.666194 0.731256 0.476891 0.767744 0.585797 9.092484 8.491876 8.491876
0.162002 0.512085 0.205455 0.731994 0.908750 0.464372 0.910489 0.479250 0.806679 0.608290 8.891920 8.491876 8.491876
0.269912 0.582806 0.238430 0.818228 0.827042 0.627647 0.747419 0.582455 0.788715 0.580475 10.594392 8.491876 8.491876
0.262724 0.656137 0.316370 0.745762 0.874475 0.645390 0.833223 0.588506 0.852561 0.611327 8.804927 8.491876 8.491876
0.058437 0.542892 0.223451 0.703943 0.944254 0.567845 0.869302 0.525512 0.851058 0.677030 9.637506 8.491876 8.491876
0.169332 0.599566 0.264412 0.676870 0.947792 0.760649 0.807146 0.382536 0.744171 0.591738 9.755616 8.491876 8.491876
0.114110 0.526032 0.297837 0.567541 0.779609 0.581496 0.841630 0.514959 0.899678 0.633487 8.743179 8.491876 8.491876
0.292304 0.527179 0.221865 0.894252 1.000000 0.632233 0.764796 0.402840 0.875707 0.707349 8.882541 8.491876 8.491876
0.162139 0.598065 0.264193 0.625729 0.938098 0.533754 0.813214 0.314467 0.870554 0.647544 10.137425 8.491876 8.491876
0.222220 0.669371 0.265200 0.811559 0.802030 0.809497 0.750003 0.565092 0.776924 0.878385 9.810780 8.491876 8.491876
0.075872 0.583369 0.291956 0.980268 0.957299 0.641243 0.656719 0.463415 0.770227 0.684778 8.979145 8.491876 8.491876
0.192537 0.563402 0.215883 0.726266 1.000000 0.537709 0.615975 0.294638 0.888869 0.734533 8.618998 8.491876 8.491876
0.187978 0.542572 0.301349 0.679487 0.874122 0.671634 0.906274 0.402797 0.907692 0.698606 10.393092 8.491876 8.491876
0.206111 0.592164 0.228928 0.600950 0.983468 0.596634 0.810739 0.245217 0.877152 0.706575 8.523087 8.491876 8.491876
0.128172 0.578660 0.306288 0.706832 0.678988 0.620456 0.708694 0.709689 0.800775 0.762337 8.641129 8.491876 8.491876
0.169115 0.595583 0.261617 0.864911 0.882512 0.582001 0.929073 0.502811 0.792293 0.728878 12.783913 8.491876 8.491876
0.187298 0.624501 0.182512 0.887296 0.720364 0.633910 0.646699 0.728756 0.707532 0.898624 8.671241 8.491876 8.491876
0.128741 0.622849 0.245339 0.771660 0.694024 0.459352 0.885507 0.467232 0.852632 0.866046 9.709322 8.491876 8.491876
0.211696 0.483208 0.183684 0.695313 0.897399 0.480456 0.828958 0.489264 0.921553 0.705899 9.873539 8.491876 8.491876
0.198373 0.693461 0.226666 0.619348 0.704181 0.515154 0.663780 0.434776 0.718932 0.854328 8.672473 8.491876 8.491876
0.109980 0.501360 0.221536 0.701937 0.918611 0.530776 0.933165 0.596140 0.947199 0.946309 8.542332 8.491876 8.491876
0.195741 0.571050 0.263164 0.715406 0.922646 0.472227 0.945487 0.596300 0.862511 0.808271 9.687166 8.491876 8.491876
0.070743 0.607121 0.230365 0.857392 0.952196 0.766939 0.754996 0.568479 0.683222 0.776487 8.709061 8.491876 8.491876
0.161840 0.531939 0.289319 1.000000 0.938126 0.709883 0.735565 0.519190 0.805558 0.720435 8.951346 8.491876 8.491876
0.166052 0.603013 0.268733 0.559610 0.946783 0.651895 0.992146 0.500110 0.976429 0.706783 8.539134 8.491876 8.491876
0.166587 0.525579 0.213798 0.706307 0.912327 0.503456 0.572048 0.442161 0.738512 0.729560 9.628474 8.491876 8.491876
0.196768 0.621015 0.233007 0.800940 0.640901 0.574408 0.813830 0.550734 0.633336 0.700458 10.616295 8.491876 8.491876
0.246480 0.562833 0.261348 0.647180 0.827417 0.811011 0.764517 0.403767 0.604100 0.664696 8.573809 8.491876 8.491876
0.203045 0.554898 0.252867 0.877536 0.898687 0.577199 0.578957 0.403423 0.832423 0.594163 9.154913 8.491876 8.491876
0.126549 0.570671 0.284291 0.638408 0.745596 0.479615 0.657629 0.460298 0.814815 0.729628 9.027283 8.491876 8.491876
0.282381 0.595188 0.256632 0.809047 0.852624 0.744436 0.811284 0.424197 0.514279 0.715486 8.567891 8.491876 8.491876
0.081748 0.475230 0.296467 0.803981 0.965968 0.732928 0.865879 0.610777 0.963604 0.717052 8.494374 8.491876 8.491876
0.176413 0.619968 0.207964 0.826632 0.929720 0.574489 0.615832 0.554900 0.662190 0.716554 10.648910 8.491876 8.491876
0.203063 0.653175 0.232360 0.920800 0.737542 0.541532 0.802426 0.520103 0.619676 0.754486 11.274312 8.491876 8.491876
0.186004 0.625212 0.196301 0.929049 0.927478 0.522837 0.684220 0.556654 0.652749 0.658517 8.714512 8.491876 8.491876
0.283101 0.625957 0.303809 0.697155 0.945601 0.586172 0.796905 0.560740 0.879798 0.576376 8.628013 8.491876 8.491876
0.217661 0.608859 0.266697 0.846724 0.856127 0.563794 0.729432 0.374155 1.000000 0.843463 8.758411 8.491876 8.491876
0.208236 0.588978 0.200422 0.644039 0.968948 0.713625 0.751355 0.691576 0.837671 0.851650 9.071115 8.491876 8.491876
0.102440 0.501812 0.214322 0.813581 0.818130 0.617771 0.651294 0.473350 0.628627 0.627416 8.866697 8.491876 8.491876
0.240999 0.610238 0.265099 0.806762 0.786701 0.663669 0.837402 0.492897 0.470471 0.710189 8.606821 8.491876 8.491876
0.255355 0.630003 0.228952 0.771741 0.811899 0.749997 0.774670 0.470035 0.820931 0.549263 8.844139 8.491876 8.491876
0.139790 0.541876 0.210585 0.826238 1.000000 0.457753 0.697085 0.369348 1.000000 0.711639 8.630904 8.491876 8.491876
0.224954 0.636108 0.242741 0.826884 0.818392 0.593115 0.902944 0.562442 0.736419 0.805416 12.443337 8.491876 8.491876
0.056051 0.565006 0.215415 0.836640 1.000000 0.482597 0.760882 0.426098 0.816293 0.697251 9.116026 8.491876 8.491876
0.172693 0.599335 0.317747 0.922661 0.876915 0.624226 0.837534 0.395960 0.602430 0.537965 8.554548 8.491876 8.491876
0.271156 0.588104 0.200751 0.948241 0.989298 0.562192 0.798796 0.462454 0.755245 0.707855 8.672787 8.491876 8.491876
0.172300 0.556363 0.241942 0.678746 1.000000 0.729471 0.984178 0.509914 0.990403 0.737798 8.600476 8.491876 8.491876
0.120000 0.610009 0.227275 0.588688 0.825331 0.799118 0.761192 0.592723 0.793771 0.672777 8.919654 8.491876 8.491876
0.219148 0.661148 0.241134 0.846562 0.917565 0.592590 0.563958 0.457855 0.846340 0.662629 8.855392 8.491876 8.491876
0.275936 0.579504 0.165476 0.756751 0.699338 0.500434 0.596665 0.370663 0.766103 0.711482 8.748744 8.491876 8.491876
0.153599 0.638401 0.294040 0.807468 0.662730 0.574753 0.709350 0.450342 0.719630 0.923353 8.709881 8.491876 8.491876
0.257905 0.575782 0.240903 0.775375 1.000000 0.698653 0.664019 0.513023 0.665370 0.678256 9.539585 8.491876 8.491876
0.245154 0.642473 0.230780 0.708866 0.964253 0.630502 0.894731 0.590715 0.896192 0.880498 9.303474 8.491876 8.491876
0.138716 0.524828 0.303098 0.817286 0.730372 0.595552 0.942864 0.463687 0.727075 0.676249 8.733816 8.491876 8.491876
0.220535 0.702217 0.220574 0.816691 0.759039 0.774168 0.609784 0.530973 0.649026 0.833051 9.066333 8.491876 8.491876
0.065915 0.486010 0.286375 0.674945 0.936678 0.638506 0.722403 0.528767 0.644544 0.695316 9.217678 8.491876 8.491876
0.154311 0.683780 0.236739 0.807878 0.721715 0.521602 0.849345 0.643747 0.753355 0.644157 9.063709 8.491876 8.491876
0.129164 0.584882 0.262580 0.633051 0.951294 0.733347 0.763125 0.613944 0.789446 0.590264 9.963408 8.491876 8.491876
0.188248 0.557353 0.242173 0.706872 0.813131 0.623906 0.835725 0.531637 0.797330 0.734924 21.644739 8.491876 8.491876
0.168627 0.604274 0.200083 0.759507 1.000000 0.662711 0.753519 0.361007 0.905107 0.705860 8.969581 8.491876 8.491876
0.103917 0.519825 0.252868 0.809940 0.682574 0.624563 0.641842 0.441954 0.599894 0.808627 8.796467 8.491876 8.491876
0.212304 0.666724 0.243940 0.796536 1.000000 0.571381 0.643545 0.413742 0.857807 0.734415 9.125069 8.491876 8.491876
0.080177 0.473579 0.303957 0.705473 1.000000 0.618202 0.797442 0.569428 1.000000 0.604292 8.643571 8.491876 8.491876
0.246544 0.621989 0.221862 0.767041 0.924195 0.672795 0.513599 0.478105 0.609808 0.686784 8.740912 8.491876 8.491876
0.111470 0.563767 0.267635 0.851698 0.946818 0.546936 1.000000 0.492347 0.814959 0.828526 8.678891 8.491876 8.491876
0.259292 0.585512 0.185315 0.853237 0.907481 0.601300 0.963936 0.426231 0.717097 0.818002 8.677207 8.491876 8.491876
0.102846 0.530083 0.301507 0.798890 1.000000 0.772431 0.935269 0.493683 0.798799 0.858868 8.911170 8.491876 8.491876
0.147277 0.530806 0.245122 0.736297 0.836045 0.673368 0.883596 0.551550 1.000000 0.874383 9.374116 8.491876 8.491876
0.233763 0.591198 0.190532 0.787223 0.767734 0.701059 0.676746 0.559693 0.479339 0.798098 8.709843 8.491876 8.491876
0.071323 0.614904 0.253697 0.549302 0.901374 0.672241 0.921333 0.650593 0.805213 0.793195 8.571343 8.491876 8.491876
0.253333 0.564526 0.230901 0.592450 0.992996 0.668754 0.814489 0.501416 0.900066 0.701227 10.851762 8.491876 8.491876
0.183313 0.529998 0.227974 0.727607 0.879292 0.615244 1.000000 0.404557 0.950953 0.863128 9.098521 8.491876 8.491876
0.108404 0.565008 0.221143 0.898146 0.709244 0.581141 0.591145 0.637968 0.752262 0.812719 9.077411 8.491876 8.491876
0.099350 0.549201 0.195688 0.674828 0.905389 0.465961 0.753064 0.358603 0.917514 0.695568 9.173232 8.491876 8.491876
0.255598 0.746462 0.221086 0.809448 0.673109 0.588370 0.752194 0.519100 0.667282 0.888362 9.883208 8.491876 8.491876
0.179987 0.540511 0.238857 0.755718 0.847144 0.632460 0.819354 0.446924 0.906387 0.689997 15.188417 8.491876 8.491876
0.283262 0.516408 0.264062 0.843156 0.828556 0.581697 0.706825 0.412861 0.753891 0.757992 10.036089 8.491876 8.491876
0.208202 0.598911 0.256202 0.889320 0.845292 0.491099 0.907631 0.606434 0.764863 0.873928 8.910952 8.491876 8.491876
0.252421 0.776890 0.219173 0.700812 0.681909 0.621493 0.750079 0.486074 0.560002 0.803497 8.550759 8.491876 8.491876
0.186908 0.577919 0.213806 0.898039 0.929344 0.395102 0.895110 0.311681 0.835001 0.742824 8.606638 8.491876 8.491876
0.088424 0.569540 0.234080 0.596505 0.980288 0.671923 0.681580 0.428290 0.848727 0.729281 9.014099 8.491876 8.491876
0.123827 0.598067 0.230949 0.864412 0.876772 0.702642 0.555261 0.514096 0.785322 0.836630 9.179593 8.491876 8.491876
0.166947 0.562651 0.183859 0.661207 0.889931 0.650098 0.756191 0.419819 0.946079 0.601633 8.802399 8.491876 8.491876
0.181739 0.585253 0.286553 0.696832 0.864544 0.743603 0.969352 0.567255 0.914773 0.880401 8.842791 8.491876 8.491876
0.155329 0.584113 0.189362 0.850529 0.752166 0.784193 0.657744 0.618243 0.663880 0.665919 8.642505 8.491876 8.491876
0.135501 0.604958 0.279969 0.880523 0.824708 0.727078 0.794659 0.533836 0.891569 0.723272 10.021841 8.491876 8.491876
0.098891 0.575258 0.264013 0.913424 0.730146 0.617612 0.717631 0.411219 0.592338 0.760336 10.987063 8.491876 8.491876
0.160745 0.539541 0.300673 0.855655 0.741483 0.691165 0.617388 0.454600 0.687381 0.847750 9.357209 8.491876 8.491876
0.184071 0.549064 0.244685 0.806275 0.730755 0.549169 0.691311 0.461973 0.857376 0.680167 12.997872 8.491876 8.491876
0.186986 0.588670 0.305601 0.845458 0.856363 0.658276 0.595060 0.438082 0.883872 0.773536 8.852109 8.491876 8.491876
0.114621 0.580785 0.251899 0.632335 1.000000 0.572112 0.938989 0.498741 1.000000 0.861654 9.121710 8.491876 8.491876
0.087840 0.491996 0.232898 0.809013 1.000000 0.377533 0.683450 0.463665 0.937799 0.765407 8.655198 8.491876 8.491876
0.191831 0.680181 0.213311 0.618956 0.607290 0.588116 0.685154 0.524115 0.655545 0.799081 9.413522 8.491876 8.491876
0.119754 0.518979 0.336983 0.794733 0.907336 0.690455 0.877047 0.348110 0.820726 0.907071 8.575863 8.491876 8.491876
0.066379 0.573565 0.299381 0.924915 1.000000 0.709799 0.649829 0.529041 0.712439 0.814635 8.641419 8.491876 8.491876
0.122939 0.607483 0.305060 0.791197 0.962699 0.644332 0.772019 0.606720 0.713165 0.883129 9.874409 8.491876 8.491876
0.179221 0.606138 0.181470 0.853478 0.683355 0.567207 0.599806 0.486029 0.638980 0.761681 10.830223 8.491876 8.491876
0.136554 0.571253 0.211885 0.801460 0.828102 0.612664 0.783417 0.465019 0.494786 0.612219 8.532118 8.491876 8.491876
0.141127 0.587069 0.193163 0.919962 0.877125 0.492477 0.594175 0.520186 0.853766 0.832009 8.860463 8.491876 8.491876
0.100182 0.575048 0.236560 0.867913 0.840361 0.529449 0.846930 0.520184 0.950612 0.764678 10.187385 8.491876 8.491876
0.200189 0.648552 0.247465 0.721866 0.957654 0.685560 0.731678 0.654722 0.741883 0.596120 9.733612 8.491876 8.491876
0.176969 0.626657 0.299128 0.657662 1.000000 0.695534 0.805326 0.457897 0.847897 0.711401 10.626727 8.491876 8.491876
0.169937 0.574156 0.238260 0.832954 0.771336 0.586157 0.610447 0.648770 0.846053 0.702749 10.567620 8.491876 8.491876
0.184059 0.603563 0.250754 0.637339 0.802087 0.455647 0.953127 0.647475 0.750292 0.801937 8.651118 8.491876 8.491876
0.107739 0.626487 0.280966 0.791633 0.944591 0.656017 0.622178 0.370092 0.860024 0.699803 8.968401 8.491876 8.491876
0.303021 0.579570 0.248771 0.694953 0.906761 0.754319 0.776103 0.430308 0.613427 0.633651 8.671616 8.491876 8.491876
0.209771 0.605950 0.222712 0.892072 0.914278 0.648380 0.773525 0.375798 0.584096 0.708565 10.101568 8.491876 8.491876
0.044908 0.597656 0.296177 0.895099 0.893637 0.681287 0.697748 0.487538 0.610213 0.620240 8.587780 8.491876 8.491876
0.170617 0.581634 0.261720 0.785665 0.782380 0.649791 0.873993 0.713633 0.841255 0.632455 8.808506 8.491876 8.491876
0.202608 0.600839 0.289937 0.908385 0.971449 0.681904 0.734767 0.546677 0.890908 0.651441 9.482892 8.491876 8.491876
0.147102 0.724915 0.226238 0.778310 0.784078 0.607850 0.606905 0.426173 0.633286 0.873340 8.566317 8.491876 8.491876
0.196049 0.617756 0.269475 0.717240 0.823726 0.546078 0.520204 0.548850 0.799441 0.604005 8.717367 8.491876 8.491876
0.301839 0.615410 0.263438 0.956806 0.871297 0.730745 0.598581 0.501844 0.711825 0.795551 8.653782 8.491876 8.491876
0.056421 0.573900 0.221791 0.687477 0.809249 0.638089 0.846422 0.336855 0.835374 0.728155 8.630285 8.491876 8.491876
0.180991 0.583879 0.353371 0.736243 0.876302 0.682401 0.769767 0.461673 0.881376 0.819441 8.594315 8.491876 8.491876
0.253802 0.527269 0.301071 0.776593 1.000000 0.632463 0.716565 0.409608 0.968899 0.669334 8.765603 8.491876 8.491876
0.312223 0.640809 0.222560 0.800430 0.740779 0.611732 0.788693 0.298060 0.800018 0.634859 8.822574 8.491876 8.491876
0.150415 0.567423 0.206914 0.668516 0.806219 0.712555 0.778543 0.405174 0.765410 0.654912 10.000663 8.491876 8.491876
0.172283 0.552843 0.259715 0.581448 0.807240 0.581271 0.852728 0.608532 1.000000 0.745130 9.039569 8.491876 8.491876
0.113851 0.653540 0.214997 0.732829 0.752768 0.477980 0.771518 0.564647 0.810060 0.869422 10.509066 8.491876 8.491876
0.250309 0.597687 0.142386 0.789053 0.856212 0.531176 0.676255 0.438900 0.950058 0.779414 8.947926 8.491876 8.491876
0.355446 0.558698 0.231126 0.800309 0.815284 0.529297 0.702402 0.382350 0.765788 0.709344 8.593934 8.491876 8.491876
0.153271 0.558317 0.207440 0.777434 0.910301 0.599131 0.735266 0.651792 0.734272 0.966752 9.293947 8.491876 8.491876
0.126826 0.504241 0.289379 0.782604 0.931327 0.686498 0.744243 0.460111 0.619389 0.689210 10.455608 8.491876 8.491876
0.139307 0.633592 0.243225 0.746735 0.714217 0.632758 0.850145 0.625514 0.756391 0.768370 13.615270 8.491876 8.491876
0.116140 0.700081 0.249707 0.795090 0.877137 0.546733 0.749486 0.321816 0.790272 0.574541 8.647290 8.491876 8.491876
0.225215 0.535253 0.292748 0.695861 1.000000 0.825040 0.761900 0.597640 0.763764 0.680077 9.209055 8.491876 8.491876
0.305012 0.623859 0.180816 0.800430 0.708081 0.576677 0.615889 0.365109 0.848743 0.760316 8.808354 8.491876 8.491876
0.251774 0.587248 0.236924 0.612406 0.944254 0.628999 0.941088 0.550755 0.717761 0.657745 8.734969 8.491876 8.491876
0.112785 0.480357 0.292141 0.827951 1.000000 0.772457 0.906502 0.471021 0.851732 0.733911 8.783389 8.491876 8.491876
0.210337 0.550947 0.236955 0.704844 0.678289 0.564623 0.783922 0.617027 0.756466 0.824791 10.413398 8.491876 8.491876
0.165987 0.551515 0.192411 0.592600 0.862195 0.621178 0.833509 0.545975 0.838089 0.632401 10.639433 8.491876 8.491876
0.263063 0.648121 0.159618 0.685789 0.896861 0.635100 0.821960 0.467523 0.837398 0.808370 9.975854 8.491876 8.491876
0.156264 0.516052 0.216237 0.644365 1.000000 0.650141 0.968559 0.524223 0.919667 0.708538 8.848807 8.491876 8.491876
0.161916 0.655697 0.222815 0.730525 0.971450 0.614781 0.640304 0.352934 0.870923 0.809517 8.544936 8.491876 8.491876
0.189478 0.607658 0.243313 1.000000 0.667422 0.679338 0.744783 0.496402 0.729172 0.855702 9.383100 8.491876 8.491876
0.150967 0.667626 0.227395 0.608464 1.000000 0.662821 0.833271 0.422702 0.813272 0.820790 8.958079 8.491876 8.491876
0.076810 0.578618 0.254224 0.840915 0.930348 0.641617 0.876696 0.452664 0.850620 0.876169 10.021637 8.491876 8.491876
0.097212 0.635450 0.243667 0.790352 0.721715 0.569198 0.909379 0.675894 0.869474 0.696765 8.566998 8.491876 8.491876
0.221676 0.550658 0.229426 0.682028 0.767507 0.544924 0.951402 0.420854 0.758123 0.767177 10.034869 8.491876 8.491876
0.202761 0.497943 0.207000 0.876567 0.855758 0.610381 0.704512 0.571175 1.000000 0.760102 8.532517 8.491876 8.491876
0.211719 0.581758 0.199112 0.582152 0.930920 0.674846 0.786964 0.587642 0.876001 0.904587 9.672863 8.491876 8.491876
0.177788 0.526707 0.180656 0.731667 0.724881 0.580954 0.862737 0.543433 0.799570 0.657629 8.946393 8.491876 8.491876
0.264244 0.595075 0.154338 0.634310 0.696172 0.526046 0.771833 0.604234 0.831156 0.715649 9.303817 8.491876 8.491876
0.147701 0.547568 0.218031 0.777566 0.869634 0.453294 0.861667 0.453178 0.707247 0.524212 8.503081 8.491876 8.491876
0.124907 0.617657 0.220956 0.816184 0.753603 0.496869 0.727689 0.395347 0.835508 0.707495 14.171348 8.491876 8.491876
0.253940 0.666151 0.225823 0.794902 0.886494 0.623961 0.520091 0.536019 0.795355 0.635697 8.660998 8.491876 8.491876
0.184624 0.534115 0.217354 0.699848 0.966114 0.564463 0.852519 0.427080 1.000000 0.657884 10.191837 8.491876 8.491876
0.163499 0.576009 0.233625 0.669299 1.000000 0.566631 0.735795 0.226497 0.892183 0.765407 8.611405 8.491876 8.491876
0.148049 0.602845 0.299901 0.745200 0.938287 0.726671 0.779860 0.341854 0.904520 0.684493 9.052859 8.491876 8.491876
0.117129 0.612946 0.242639 0.717930 1.000000 0.673502 0.771401 0.504815 0.960511 0.812121 10.555132 8.491876 8.491876
0.147087 0.648988 0.218798 0.710099 0.721489 0.671965 0.846178 0.550400 0.777002 0.626632 10.077895 8.491876 8.491876
0.149137 0.611816 0.212560 0.747487 1.000000 0.690878 0.819523 0.635117 0.695778 0.773011 9.288942 8.491876 8.491876
0.283265 0.696072 0.212412 0.716356 0.767860 0.638697 0.814150 0.651900 0.729617 0.899921 9.126680 8.491876 8.491876
0.216713 0.679870 0.162154 0.859691 0.797373 0.542897 0.658765 0.597869 0.664846 0.659543 9.145063 8.491876 8.491876
0.273724 0.558433 0.279234 0.824589 0.852613 0.426679 0.800447 0.364231 0.815218 0.644441 9.099293 8.491876 8.491876
0.249281 0.665773 0.211947 0.886220 0.692305 0.679817 0.818682 0.304503 0.587229 0.684829 8.687941 8.491876 8.491876
0.116792 0.613952 0.229150 0.859409 0.571323 0.491199 0.825616 0.575223 0.703787 0.863117 8.585701 8.491876 8.491876
0.267841 0.523205 0.217061 0.829902 0.947732 0.517605 0.581123 0.446473 0.865845 0.674699 8.853622 8.491876 8.491876
0.227113 0.614843 0.198330 0.768319 0.781143 0.753584 0.890793 0.437995 0.863122 0.680383 8.644507 8.491876 8.491876
0.317767 0.546656 0.215510 0.864992 0.992996 0.683079 0.780331 0.492788 0.789221 0.718438 8.591098 8.491876 8.491876
0.107595 0.595307 0.262745 0.897370 0.786809 0.696689 0.640299 0.399846 0.824731 0.771449 8.857631 8.491876 8.491876
0.219783 0.601361 0.237754 0.949140 0.695019 0.695638 0.816930 0.462254 0.588127 0.657364 8.910093 8.491876 8.491876
0.108596 0.600431 0.222823 0.635946 0.910417 0.576201 0.724508 0.512497 0.935576 0.828124 10.824014 8.491876 8.491876
0.160637 0.647491 0.222901 0.849568 0.767601 0.558559 0.747494 0.448526 0.560570 0.601337 9.793569 8.491876 8.491876
0.228584 0.620815 0.264983 0.713677 0.586515 0.645449 0.846588 0.576727 0.804897 0.742066 9.702162 8.491876 8.491876
0.209635 0.665332 0.270083 0.634916 0.847036 0.704720 1.000000 0.581720 0.843009 0.830191 8.551979 8.491876 8.491876
0.158584 0.651754 0.310215 0.760420 0.896694 0.687253 0.863785 0.655400 0.863997 0.648063 9.030034 8.491876 8.491876
0.206110 0.567189 0.175631 0.847203 0.869325 0.398426 0.665116 0.388708 0.911440 0.818678 8.854940 8.491876 8.491876
0.144588 0.500326 0.188603 0.669511 0.972127 0.530264 0.697150 0.477831 0.925529 0.638760 9.647420 8.491876 8.491876
0.234960 0.585169 0.268539 0.781841 0.893457 0.477075 0.850069 0.333428 0.998454 0.815946 8.972362 8.491876 8.491876
0.217635 0.658009 0.194352 0.630369 0.761543 0.486273 0.685000 0.513071 1.000000 0.836971 8.835197 8.491876 8.491876
0.136051 0.537918 0.240784 0.765149 1.000000 0.502353 0.825495 0.543754 0.845007 0.626055 11.636468 8.491876 8.491876
0.022242 0.585980 0.313419 0.729729 1.000000 0.753468 0.793510 0.558574 0.683824 0.694972 8.733471 8.491876 8.491876
0.174374 0.621145 0.158820 0.580323 0.922570 0.561458 0.714661 0.531794 0.909654 0.710311 9.428559 8.491876 8.491876
0.189092 0.560969 0.257803 0.760917 0.798729 0.532968 0.897599 0.724918 0.741898 0.788300 8.533591 8.491876 8.491876
0.046465 0.525311 0.234607 0.650442 0.923792 0.669055 0.712818 0.426835 0.804386 0.652614 8.782426 8.491876 8.491876
0.168338 0.541563 0.223755 0.734746 0.975188 0.698396 0.779453 0.562423 1.000000 0.893816 9.322118 8.491876 8.491876
0.144410 0.554205 0.221046 0.656063 0.962005 0.484905 0.966333 0.475251 1.000000 0.678928 8.912406 8.491876 8.491876
0.166835 0.551130 0.221579 0.583997 0.954382 0.628369 0.801683 0.331709 0.848213 0.731700 9.666080 8.491876 8.491876
0.252589 0.592427 0.247273 0.800328 0.926072 0.726675 0.837014 0.588812 0.775976 0.612545 9.442382 8.491876 8.491876
0.161861 0.593479 0.187890 0.885321 0.796645 0.364151 0.869390 0.408643 0.917576 0.799694 8.618010 8.491876 8.491876
0.124444 0.580640 0.257053 0.951818 0.899311 0.622518 0.775156 0.336547 0.837554 0.758558 9.616493 8.491876 8.491876
0.147128 0.556288 0.192776 0.963010 0.859516 0.480155 0.746498 0.441542 0.766817 0.713408 9.521913 8.491876 8.491876
0.155487 0.592794 0.285491 0.782728 0.955725 0.776129 0.731334 0.453138 0.590997 0.550704 8.879362 8.491876 8.491876
0.156600 0.616913 0.243829 1.000000 0.893194 0.532310 0.637748 0.498427 0.701875 0.720887 9.387479 8.491876 8.491876
0.151110 0.550241 0.282636 0.769084 1.000000 0.782118 0.725192 0.541318 0.534827 0.729395 8.599443 8.491876 8.491876
0.222025 0.510036 0.285544 0.693207 1.000000 0.681964 0.904459 0.496974 0.975477 0.657028 8.902469 8.491876 8.491876
0.043518 0.583440 0.268982 0.904455 0.734506 0.645693 0.614577 0.445346 0.683222 0.676423 8.600647 8.491876 8.491876
0.155595 0.514656 0.184619 0.690235 0.917851 0.640531 0.646994 0.460442 0.925092 0.785445 9.454593 8.491876 8.491876
0.147247 0.555048 0.269266 0.835280 0.953990 0.554607 0.929873 0.462360 0.876861 0.738357 11.762406 8.491876 8.491876
0.085607 0.578410 0.291929 0.618026 1.000000 0.764565 0.729322 0.564239 0.733406 0.703496 9.600645 8.491876 8.491876
0.187265 0.624238 0.204134 0.815625 0.765180 0.620516 0.884942 0.510721 0.775553 0.553806 8.750287 8.491876 8.491876
0.187869 0.553069 0.205878 0.710509 0.933583 0.595992 0.817707 0.633613 0.743901 0.618794 9.493256 8.491876 8.491876
0.237431 0.517287 0.205288 0.777354 1.000000 0.628475 0.692288 0.620426 0.879771 0.715491 9.487113 8.491876 8.491876
0.145520 0.530572 0.251881 0.849146 1.000000 0.556738 0.785473 0.430946 1.000000 0.633215 9.111565 8.491876 8.491876
0.188775 0.589415 0.254884 0.769362 0.900758 0.487729 0.897914 0.482411 0.904160 0.627295 11.107899 8.491876 8.491876
0.129872 0.510018 0.288386 0.778640 0.928121 0.725843 0.706404 0.303004 0.620030 0.737118 8.900566 8.491876 8.491876
