# gen=50 mediating population
# x0..x(D-1) f0 f1 consensus
0.146680 0.245640 0.517792 0.486091 0.011460 4.845105 4.845105 4.845105
0.336781 0.164858 0.298037 0.142146 0.921207 4.845105 4.845105 4.845105
0.161754 0.021348 0.030172 0.001023 0.056376 4.845105 4.845105 4.845105
0.270130 0.259113 0.041073 0.417705 0.890334 4.845105 4.845105 4.845105
0.057229 0.199482 0.295102 0.354399 0.672579 4.845105 4.845105 4.845105
0.038314 0.266926 0.062675 0.543209 0.935349 4.845105 4.845105 4.845105
0.384134 0.157926 0.407261 0.842336 0.025236 4.845105 4.845105 4.845105
0.287826 0.266726 0.259999 0.429721 0.122943 4.845105 4.845105 4.845105
0.242903 0.057575 0.168265 0.424333 0.180470 4.845105 10.795150 4.845105
0.374548 0.093250 0.704310 1.000000 0.081502 4.845105 4.845105 4.845105
0.108070 0.029599 0.168043 0.292619 0.270518 4.845105 5.007659 4.845105
0.169737 0.169034 0.484170 0.682048 0.126310 4.845105 7.233955 4.845105
0.382539 0.024669 0.459703 0.141989 0.708503 4.845105 4.845105 4.845105
0.440101 0.078171 0.534385 0.103187 0.482306 4.845105 4.845105 4.845105
0.423217 0.323662 0.503318 0.898874 0.810911 4.845105 4.845105 4.845105
0.367321 0.094094 0.447792 0.087176 0.617239 4.845105 4.845105 4.845105
0.333060 0.190618 0.335792 0.661604 0.495690 4.845105 4.845105 4.845105
0.241735 0.028098 0.000000 0.244363 0.000000 4.845105 4.845105 4.845105
0.357178 0.233798 0.521692 0.683308 0.354869 4.845105 4.845105 4.845105
0.342698 0.244715 0.579004 0.608216 0.678959 4.845105 4.845105 4.845105
0.132811 0.049175 0.602893 0.578503 0.107174 4.845105 4.845105 4.845105
0.344489 0.218858 0.155572 0.000000 0.319434 4.845105 4.845105 4.845105
0.250128 0.040061 0.246402 0.413233 0.332786 4.845105 8.977968 4.845105
0.080078 0.298143 0.405488 0.657543 0.188699 4.845105 4.845105 4.845105
0.137574 0.010031 0.194901 0.767027 0.934442 4.845105 4.845105 4.845105
0.017984 0.000000 0.000000 0.357726 0.523717 4.845105 4.845105 4.845105
0.012812 0.099528 0.589138 0.764134 0.677077 4.845105 4.845105 4.845105
0.000000 0.237977 0.040735 0.000000 0.981566 4.845105 4.845105 4.845105
0.190066 0.096811 0.518465 0.425655 0.647158 4.845105 4.845105 4.845105
0.020862 0.000000 0.034081 0.474374 1.000000 4.845105 4.845105 4.845105
0.095488 0.243798 0.486817 0.084413 0.526000 4.845105 4.845105 4.845105
0.106914 0.198233 0.720388 0.415805 0.847642 4.845105 4.845105 4.845105
0.847955 0.891370 0.685799 0.627413 0.806364 4.116113 3.737133 3.737133
0.364370 0.145099 0.075955 0.982155 0.495411 4.845105 4.845105 4.845105
0.342574 0.025804 0.415630 0.408139 0.790053 4.845105 4.845105 4.845105
0.000000 0.000000 0.000000 0.623007 0.844851 4.845105 4.845105 4.845105
0.264537 0.057721 0.238982 0.044099 0.336808 4.845105 4.845105 4.845105
0.256484 0.013118 0.488069 0.799000 0.960264 4.845105 4.845105 4.845105
0.288981 0.233902 0.297767 0.537494 0.244429 4.845105 4.845105 4.845105
0.461590 0.066846 0.000000 0.280369 1.000000 4.845105 4.845105 4.845105
0.200539 0.171147 0.048827 0.794673 0.335939 4.845105 4.845105 4.845105
0.187489 0.329419 0.157694 0.293105 0.936738 4.845105 4.845105 4.845105
0.107772 0.068163 0.644829 0.989042 0.480116 4.845105 4.845105 4.845105
0.444413 0.004818 0.490048 0.640284 0.307634 4.845105 4.845105 4.845105
0.237546 0.081129 0.546310 0.538109 0.548678 4.845105 4.845105 4.845105
0.301255 0.104025 0.533828 0.320258 0.784224 4.845105 4.845105 4.845105
0.063373 0.267918 0.600780 0.862979 0.116404 4.845105 4.845105 4.845105
0.000000 0.099078 0.769326 0.447051 0.299431 4.845105 4.845105 4.845105
0.150066 0.128528 0.231683 0.389366 0.426524 4.845105 4.845105 4.845105
0.005442 0.212659 0.263831 0.309081 0.217636 4.845105 4.845105 4.845105
0.425200 0.264088 0.000000 0.241954 0.770611 4.845105 4.845105 4.845105
0.442610 0.294525 0.391963 0.719392 0.078777 4.845105 4.845105 4.845105
0.295380 0.291327 0.593086 0.066065 0.786395 4.845105 4.845105 4.845105
0.010406 0.009486 0.625368 0.983366 0.000000 4.845105 4.845105 4.845105
0.413525 0.285465 0.515952 0.634635 0.765137 4.845105 4.845105 4.845105
0.135250 0.000000 0.257378 0.000100 0.411708 4.845105 4.845105 4.845105
0.155900 0.165989 0.112904 0.539137 0.461861 4.854143 5.032631 4.854143
0.359694 0.059663 0.729456 0.451439 0.620170 4.845105 4.845105 4.845105
0.685791 0.790587 0.313694 0.034234 0.068911 4.034683 3.580288 3.580288
0.165238 0.057590 0.023531 0.064054 0.467843 4.845105 4.845105 4.845105
0.202817 0.180510 0.255233 0.315193 0.776294 4.845105 4.845105 4.845105
0.012110 0.219351 0.000000 0.816617 0.340587 4.845105 4.845105 4.845105
0.286752 0.936158 0.133273 0.422408 0.144825 3.859492 3.678877 3.678877
0.340898 0.291042 0.719133 0.352030 0.038928 4.845105 4.845105 4.845105
0.407691 0.159319 0.014617 0.618087 0.000000 4.920493 4.845105 4.845105
0.057839 0.126100 0.575303 0.030006 0.375864 4.845105 4.845105 4.845105
0.816522 0.437407 0.052360 0.525922 0.651362 4.183779 3.851346 3.851346
0.891064 0.731693 0.003606 0.309324 0.696629 4.034683 3.851346 3.851346
0.727129 0.039251 0.672194 0.612665 0.314982 3.882962 3.765056 3.765056
0.796857 0.415194 0.982671 0.428171 0.482109 3.882962 3.580288 3.580288
0.265407 0.201783 0.462526 0.664213 0.018348 4.845105 4.845105 4.845105
0.223353 0.149985 0.339815 1.000000 0.206987 4.845105 4.845105 4.845105
0.256517 0.158344 0.104669 0.421019 0.535402 4.845105 4.845105 4.845105
0.000000 0.000000 0.000000 1.000000 0.832542 4.845105 4.845105 4.845105
0.048041 0.287589 0.084178 0.710566 0.191162 4.845105 4.845105 4.845105
0.270816 0.370220 0.760854 0.556607 0.516666 5.520479 4.845105 4.845105
0.159305 0.042161 0.000000 0.923966 0.293045 4.845105 4.845105 4.845105
0.441595 0.044836 0.448325 0.000000 0.783632 4.845105 4.845105 4.845105
0.215425 0.240596 0.622662 0.599424 0.352634 4.845105 4.845105 4.845105
0.308330 0.220429 0.553026 0.887404 0.444366 4.845105 4.845105 4.845105
0.303306 0.237916 0.138251 0.268948 0.633347 4.845105 4.845105 4.845105
0.461802 0.094094 0.176881 0.152069 0.405663 4.845105 4.845105 4.845105
0.100199 0.206462 0.364487 0.552977 0.769521 4.845105 4.845105 4.845105
0.357343 0.054781 0.180020 0.871238 0.612067 4.845105 4.845105 4.845105
0.190187 0.153688 0.187736 0.491622 0.283024 9.079058 9.182942 9.079058
0.342541 0.226140 0.635267 0.092262 0.388988 4.845105 4.845105 4.845105
0.212042 0.000000 0.198299 0.795707 0.361066 4.845105 4.845105 4.845105
0.011451 0.000000 0.324029 0.610138 0.156103 4.845105 4.845105 4.845105
0.203596 0.144500 0.392935 0.709838 0.464862 7.614417 5.896176 5.896176
0.214167 0.143651 0.168615 0.648699 0.455651 4.896019 13.451412 4.896019
0.000000 0.000000 0.118040 0.842197 0.218779 4.845105 4.845105 4.845105
0.125335 0.042652 0.099982 0.686099 0.574145 4.845105 4.845105 4.845105
0.036833 0.000587 0.270556 0.286086 0.496666 4.845105 4.845105 4.845105
0.463745 0.170727 0.368614 0.127638 0.603350 4.845105 4.845105 4.845105
0.464572 0.294555 0.642201 0.409892 0.065768 4.845105 4.845105 4.845105
0.368553 0.137660 0.568613 0.699335 0.660755 4.845105 4.845105 4.845105
0.247035 0.000000 0.386065 0.696359 0.806808 4.845105 4.845105 4.845105
0.000000 0.098628 0.000000 0.908912 0.440198 4.845105 4.845105 4.845105
0.410081 0.000000 0.639211 0.069712 0.414834 4.845105 4.845105 4.845105
0.940071 0.415793 0.044948 0.393257 0.925916 4.183779 3.851346 3.851346
0.260970 0.111186 0.495788 0.000000 0.469867 4.845105 4.845105 4.845105
0.411537 0.220866 0.714062 0.919318 0.717559 4.845105 4.845105 4.845105
0.431040 0.057185 0.307094 0.243352 0.033913 4.845105 4.845105 4.845105
0.267956 0.162975 0.681010 0.456642 0.862321 4.845105 4.845105 4.845105
0.237638 0.126801 0.688883 0.645464 0.915795 4.845105 4.845105 4.845105
0.229640 0.111117 0.655580 0.046665 0.972032 4.845105 4.845105 4.845105
0.064158 0.258165 0.342923 0.668189 0.718526 4.845105 4.845105 4.845105
0.242752 0.111789 0.369379 0.773193 0.292644 18.401838 31.875288 18.401838
0.000000 0.000000 0.199736 1.000000 0.672825 4.845105 4.845105 4.845105
0.044921 0.170169 0.171174 0.177548 0.845902 4.845105 4.845105 4.845105
0.042791 0.123576 0.384605 0.246549 0.568525 4.845105 4.845105 4.845105
0.234708 0.150251 0.088133 0.575115 0.278204 6.363575 7.975116 6.363575
0.000000 0.000000 0.445013 0.000000 0.606169 4.845105 4.845105 4.845105
0.163375 0.113605 0.450089 0.259201 0.000000 4.845105 4.845105 4.845105
0.199080 0.240095 0.698374 0.029004 0.344223 4.845105 4.845105 4.845105
0.146647 0.065970 0.091142 0.757140 0.910859 4.845105 4.845105 4.845105
0.221301 0.210019 0.330393 0.284248 0.488557 4.845105 4.845105 4.845105
0.000000 0.000000 0.223542 0.183194 0.833634 4.845105 4.845105 4.845105
0.272918 0.217310 0.700249 0.236903 0.519892 4.845105 4.845105 4.845105
0.037575 0.246075 0.381181 0.534621 1.000000 4.845105 4.845105 4.845105
0.043274 0.081256 0.047191 0.387758 0.612527 4.845105 4.845105 4.845105
0.266617 0.182116 0.705642 0.041819 0.892381 4.845105 4.845105 4.845105
0.235041 0.263130 0.590000 0.990520 0.513797 4.845105 4.845105 4.845105
0.000000 0.002263 0.382037 0.485700 0.450773 4.845105 4.845105 4.845105
0.190025 0.131981 0.504659 0.738967 0.318808 8.861810 6.145866 6.145866
0.327010 0.000000 0.404353 0.822845 0.905609 4.845105 4.845105 4.845105
0.177512 0.000000 0.186057 0.194608 1.000000 4.845105 4.845105 4.845105
0.003978 0.109758 0.231284 0.977184 0.517960 4.845105 4.845105 4.845105
0.000482 0.319780 0.477061 0.504317 0.706918 4.845105 4.845105 4.845105
0.815481 0.827889 0.894969 0.544116 0.964103 4.116113 3.737133 3.737133
0.451166 0.159231 0.688750 0.981056 0.301840 4.845105 4.845105 4.845105
0.000000 0.128888 0.425633 0.696783 0.029507 4.845105 4.845105 4.845105
0.248970 0.110243 0.419392 0.818126 0.190647 7.391837 9.569377 7.391837
0.223625 0.295340 0.266667 0.000000 0.703242 4.845105 4.845105 4.845105
0.256914 0.191936 0.344852 0.009964 0.189576 4.845105 4.845105 4.845105
0.369696 0.111777 0.338578 0.408989 0.526478 4.845105 4.845105 4.845105
0.269158 0.260157 0.407853 1.000000 0.082218 4.845105 5.659171 4.845105
0.297904 0.276345 0.346293 0.418461 0.736299 4.845105 4.845105 4.845105
0.368361 0.000000 0.252883 1.000000 0.045198 4.845105 4.845105 4.845105
0.382390 0.005133 0.000000 0.633344 0.817608 4.845105 4.845105 4.845105
0.000000 0.184057 0.360705 0.026996 0.818472 4.845105 4.845105 4.845105
0.447112 0.275197 0.112530 0.685584 1.000000 4.845105 4.845105 4.845105
0.143937 0.321239 0.185953 0.446551 0.604847 4.845105 4.845105 4.845105
0.173610 0.309600 0.383012 0.505222 0.961493 4.845105 4.845105 4.845105
0.298657 0.271137 0.336884 0.266540 0.171324 4.845105 4.845105 4.845105
0.328025 0.180988 0.681374 0.892562 0.009119 4.845105 4.845105 4.845105
0.239700 0.156569 0.284215 0.749174 0.453025 5.432244 11.438562 5.432244
0.000000 0.000000 0.000000 0.995736 0.139685 4.845105 4.845105 4.845105
0.000000 0.047074 0.138220 0.721873 1.000000 4.845105 4.845105 4.845105
0.132277 0.204057 0.296211 0.869311 0.166031 4.845105 4.944663 4.845105
0.000000 0.013045 0.451653 0.711332 0.000000 4.845105 4.845105 4.845105
0.172286 0.064098 0.117288 0.444088 0.042315 4.845105 4.845105 4.845105
0.124994 0.000000 0.470795 1.000000 0.000000 4.845105 4.845105 4.845105
0.011484 0.253521 0.093272 0.323734 0.461904 4.845105 4.845105 4.845105
0.067258 0.220139 0.299257 0.736914 0.000000 4.845105 4.845105 4.845105
0.868511 0.888837 0.588431 0.771395 0.198568 4.116113 3.737133 3.737133
0.066149 0.261050 0.000000 0.160456 0.323068 4.845105 4.845105 4.845105
0.378561 0.092403 0.614363 0.094620 0.086055 4.845105 4.845105 4.845105
0.000000 0.206310 0.161040 1.000000 0.292276 4.845105 4.845105 4.845105
0.361568 0.158547 0.419708 0.397005 0.944284 4.845105 4.845105 4.845105
0.276157 0.191806 0.497558 0.130177 0.052270 4.845105 4.845105 4.845105
0.383159 0.062997 0.383562 0.336147 0.689067 4.845105 4.845105 4.845105
0.328673 0.281181 0.654441 0.509685 0.572333 4.845105 4.845105 4.845105
0.000000 0.131063 0.000000 1.000000 0.515734 4.845105 4.845105 4.845105
0.134625 0.099735 0.595934 0.832798 0.616462 4.845105 4.845105 4.845105
0.000000 0.252410 0.025880 0.191645 0.936498 4.845105 4.845105 4.845105
0.219632 0.283765 0.475102 0.437243 0.723170 4.845105 4.845105 4.845105
0.462628 0.020804 0.354501 0.966748 0.000000 4.845105 4.845105 4.845105
0.170517 0.300100 0.521053 0.285870 0.709292 4.845105 4.845105 4.845105
0.187982 0.131880 0.000000 0.786039 0.660688 4.845105 4.845105 4.845105
0.235128 0.262982 0.751445 0.793633 0.714884 4.845105 4.845105 4.845105
0.128203 0.072493 0.739574 0.293495 0.495915 4.845105 4.845105 4.845105
0.514609 0.535035 0.139946 0.801669 0.933585 4.183779 3.851346 3.851346
0.414266 0.316790 0.001195 0.483166 0.020162 4.845105 4.845105 4.845105
0.722099 0.405683 0.251145 0.386081 0.993572 5.253848 3.580288 3.580288
0.016693 0.000000 0.000000 0.861229 0.254930 4.845105 4.845105 4.845105
0.303160 0.065424 0.000000 0.738363 1.000000 4.845105 4.845105 4.845105
0.089034 0.169446 0.017410 0.086291 0.889045 4.845105 4.845105 4.845105
0.000000 0.239794 0.478583 0.308971 0.190793 4.845105 4.845105 4.845105
0.297355 0.137989 0.295375 0.891089 0.310796 5.783262 6.972559 5.783262
0.002676 0.000000 0.074755 1.000000 0.658843 4.845105 4.845105 4.845105
0.457403 0.261916 0.597628 0.356948 0.643864 4.845105 4.845105 4.845105
0.000000 0.198286 0.326867 0.468771 0.296444 4.845105 4.845105 4.845105
0.116766 0.203577 0.555045 0.210806 0.000000 4.845105 4.845105 4.845105
0.185684 0.097357 0.301955 0.685288 0.098090 7.076577 5.703036 5.703036
0.059443 0.000000 0.079767 0.178670 0.095937 4.845105 4.845105 4.845105
0.538367 0.751225 0.208442 0.580824 0.336273 4.034683 3.851346 3.851346
0.420304 0.271189 0.168367 0.138885 0.740430 4.845105 4.845105 4.845105
0.230907 0.150213 0.171379 0.728525 0.190783 7.748648 6.551270 6.551270
0.162881 0.316819 0.146908 0.140644 0.989246 4.845105 4.845105 4.845105
0.114925 0.118275 0.361038 0.690127 0.193911 6.658415 7.059773 6.658415
0.050687 0.303163 0.328250 0.090861 0.053703 4.845105 4.845105 4.845105
0.293496 0.000000 0.300188 0.404097 0.000000 4.845105 4.941082 4.845105
0.391099 0.089038 0.534070 0.370057 1.000000 4.845105 4.845105 4.845105
0.227193 0.198458 0.530795 0.276295 0.141607 4.845105 4.845105 4.845105
0.025790 0.259226 0.000000 0.000000 0.854850 4.845105 4.845105 4.845105
0.053293 0.092900 0.238133 0.250841 0.573709 4.845105 4.845105 4.845105
0.372801 0.111118 0.041797 0.252407 0.000000 4.845105 4.845105 4.845105
0.192221 0.088191 0.096529 0.346647 0.676556 4.845105 4.845105 4.845105
0.188263 0.328789 0.216230 0.619271 0.442799 4.845105 4.845105 4.845105
0.420293 0.283713 0.642894 0.196060 0.198016 4.845105 4.845105 4.845105
0.455747 0.094598 0.686774 0.373117 0.592133 4.845105 4.845105 4.845105
0.446915 0.021394 0.380546 0.180854 0.245492 4.845105 4.845105 4.845105
0.158209 0.000000 0.243789 0.851282 0.167930 4.845105 4.845105 4.845105
0.246971 0.001317 0.399452 0.161679 0.399391 4.845105 4.845105 4.845105
0.027044 0.127101 0.132443 0.034360 0.214602 4.845105 4.845105 4.845105
0.234314 0.020147 0.725539 0.146233 0.288992 4.845105 4.845105 4.845105
0.166222 0.293801 0.690891 0.928400 0.501575 4.845105 4.845105 4.845105
0.187651 0.042869 0.749151 0.403999 0.230539 4.845105 4.845105 4.845105
0.380741 0.105388 0.196016 0.694087 0.440745 4.845105 4.914959 4.845105
0.855914 0.510989 0.000120 0.907612 0.670879 4.183779 3.851346 3.851346
0.282162 0.116616 0.349997 0.741183 0.101567 6.678641 8.018471 6.678641
0.242642 0.246838 0.534812 0.656528 0.712299 4.845105 4.845105 4.845105
0.041723 0.000000 0.300759 0.943294 1.000000 4.845105 4.845105 4.845105
0.510241 0.608885 0.854138 0.770306 0.868292 3.882962 3.737133 3.737133
0.404238 0.072252 0.212259 0.391986 0.598239 4.845105 4.845105 4.845105
0.132181 0.097423 0.483349 0.841139 0.296885 7.367797 5.420534 5.420534
0.280762 0.145951 0.236587 0.017258 0.771629 4.845105 4.845105 4.845105
0.365362 0.165265 0.008965 0.778391 0.462123 4.845105 4.845105 4.845105
0.407016 0.210837 0.051613 0.439961 0.879943 4.845105 4.845105 4.845105
0.304278 0.011692 0.301960 0.537433 0.474969 4.845105 6.418029 4.845105
0.244784 0.104774 0.432397 0.542075 0.888872 4.845105 4.845105 4.845105
0.369937 0.256016 0.365078 0.520255 0.183501 4.845105 4.845105 4.845105
0.190679 0.319612 0.645469 0.371387 0.714434 4.845105 4.845105 4.845105
0.299875 0.087029 0.514309 0.793197 0.000000 4.845105 4.845105 4.845105
0.001098 0.063200 0.000000 0.459465 0.786124 4.845105 4.845105 4.845105
0.000000 0.000000 0.045527 0.336799 0.000000 4.845105 4.845105 4.845105
0.005222 0.153443 0.118433 0.785502 0.232164 4.845105 4.845105 4.845105
0.228492 0.015782 0.685016 0.602277 0.718044 4.845105 4.845105 4.845105
0.070948 0.013447 0.145948 0.647732 0.102473 4.845105 4.845105 4.845105
0.143015 0.149397 0.447498 0.405200 0.000000 4.845105 4.977259 4.845105
0.353497 0.262994 0.536112 0.000000 0.561471 4.845105 4.845105 4.845105
0.262174 0.044124 0.342579 0.214360 0.755961 4.845105 4.845105 4.845105
0.921731 0.270715 0.955035 0.969081 0.424371 3.882962 3.765056 3.765056
0.162271 0.178790 0.325297 0.184194 0.791772 4.845105 4.845105 4.845105
0.303053 0.149751 0.103988 0.469496 0.085410 5.809469 5.401274 5.401274
0.195397 0.069491 0.310361 0.987646 0.732046 4.845105 4.900145 4.845105
0.432067 0.078697 0.677993 0.747762 0.546974 4.845105 4.845105 4.845105
0.288886 0.156162 0.282446 0.533336 0.089319 5.642708 5.318710 5.318710
0.319935 0.122695 0.131591 0.195457 0.497821 4.845105 4.845105 4.845105
0.157158 0.141612 0.593918 0.066482 0.150165 4.845105 4.845105 4.845105
0.436839 0.075734 0.603184 0.000000 0.603325 4.845105 4.845105 4.845105
0.124233 0.229695 0.626703 0.395518 0.000000 4.845105 4.845105 4.845105
0.208139 0.085024 0.573917 0.180426 0.932938 4.845105 4.845105 4.845105
0.425867 0.115578 0.274261 0.863195 0.287349 4.845105 4.845105 4.845105
0.352769 0.266614 0.519747 0.512740 0.433953 4.845105 4.845105 4.845105
0.453110 0.218992 0.483189 0.736830 0.440676 4.845105 4.845105 4.845105
0.337930 0.364733 0.708463 0.688434 0.736760 6.332437 4.845105 4.845105
0.091334 0.118746 0.196833 0.558880 0.299634 5.869639 5.092904 5.092904
0.374230 0.299977 0.348354 1.000000 0.830665 4.845105 4.845105 4.845105
0.248765 0.137284 0.329913 0.511486 0.201039 7.085436 5.680797 5.680797
0.296899 0.196821 0.471306 0.319666 0.411511 4.845105 4.845105 4.845105
0.402919 0.217675 0.156791 0.000000 0.744007 4.845105 4.845105 4.845105
0.317973 0.126288 0.269716 0.661889 0.053601 6.476214 6.193163 6.193163
0.368991 0.136916 0.000000 0.034824 0.000000 4.845105 4.845105 4.845105
0.317592 0.161133 0.745304 0.861601 0.170453 4.845105 4.845105 4.845105
0.000000 0.307286 0.411170 0.591770 0.254482 4.845105 4.845105 4.845105
0.245055 0.146353 0.369492 0.646843 0.235472 18.699300 13.710791 13.710791
0.167918 0.110112 0.387424 0.819603 0.391931 11.135523 11.316320 11.135523
0.290219 0.212260 0.208460 0.701055 0.722765 4.845105 4.845105 4.845105
0.046946 0.131491 0.098919 1.000000 0.358972 4.845105 4.845105 4.845105
0.064703 0.329257 0.119550 0.444214 0.486649 4.845105 4.845105 4.845105
0.190401 0.225320 0.368868 0.821190 0.361047 4.845105 7.180994 4.845105
0.005622 0.070994 0.097062 0.732183 0.632809 4.845105 4.845105 4.845105
0.006700 0.180352 0.194175 0.500605 0.204301 4.845105 4.845105 4.845105
0.262741 0.165515 0.109000 0.614350 0.000000 4.845105 4.845105 4.845105
0.340287 0.305866 0.584522 0.437358 0.000000 4.845105 4.845105 4.845105
0.376362 0.225048 0.318854 0.294049 0.700943 4.845105 4.845105 4.845105
0.162290 0.134638 0.287779 0.778059 0.333878 10.616935 16.910165 10.616935
0.129365 0.162343 0.406113 0.000000 1.000000 4.845105 4.845105 4.845105
0.168785 0.725264 0.913644 0.313342 0.026290 3.541081 3.972757 3.541081
0.011870 0.224654 0.711959 0.220134 0.189792 4.845105 4.845105 4.845105
0.378135 0.116825 0.118793 0.657373 0.260938 4.845105 4.940205 4.845105
0.400152 0.274269 0.722101 0.948385 0.497969 4.845105 4.845105 4.845105
0.354845 0.064247 0.117373 0.979569 0.042779 4.845105 4.845105 4.845105
0.030245 0.287390 0.240090 0.938802 0.253499 4.845105 4.845105 4.845105
0.216444 0.147966 0.280554 0.671864 0.312806 35.839373 42.547909 35.839373
0.000000 0.158668 0.014048 0.442022 1.000000 4.845105 4.845105 4.845105
0.986454 0.581284 0.977513 0.781171 0.069181 3.882962 3.737133 3.737133
0.310966 0.224076 0.138431 0.746407 0.603317 4.845105 4.845105 4.845105
0.178505 0.000000 0.150433 0.022261 0.494621 4.845105 4.845105 4.845105
0.217961 0.101623 0.000000 1.000000 0.336159 4.845105 4.845105 4.845105
0.000000 0.000000 0.000000 1.000000 1.000000 4.845105 4.845105 4.845105
0.111100 0.059299 0.471237 1.000000 0.734790 4.845105 4.845105 4.845105
0.241402 0.096017 0.322846 0.043765 0.042141 4.845105 4.845105 4.845105
0.366034 0.233761 0.408264 0.292830 0.293579 4.845105 4.845105 4.845105
0.466793 0.071589 0.300487 0.460549 0.994490 4.845105 4.845105 4.845105
0.255072 0.148065 0.210258 0.565217 0.189599 19.943100 15.765626 15.765626
0.055922 0.085389 0.414332 0.242189 0.301945 4.845105 4.845105 4.845105
0.375301 0.085869 0.286518 0.382666 0.158661 4.845105 4.845105 4.845105
0.000000 0.242290 0.501050 0.749425 0.686262 4.845105 4.845105 4.845105
0.128214 0.124147 0.414117 0.695507 0.348652 30.106620 8.922929 8.922929
0.525117 0.548634 0.866163 0.016305 0.272943 3.882962 3.580288 3.580288
0.031742 0.164299 0.537586 0.321809 0.528627 4.849735 4.845105 4.845105
0.036177 0.104734 0.425161 0.304396 0.000000 4.845105 4.845105 4.845105
0.040701 0.324026 0.419795 0.822535 0.461467 4.845105 4.845105 4.845105
0.000000 0.122805 0.000000 0.000000 1.000000 4.845105 4.845105 4.845105
0.161754 0.021348 0.030172 0.001023 0.056376 4.845105 4.845105 4.845105
0.312668 0.330484 0.720479 0.826534 0.650905 4.930652 4.845105 4.845105
0.298832 0.313215 0.189701 0.030596 0.020595 4.845105 4.845105 4.845105
