# Party-0 optima (Phase 1b)
# x0..x(D-1) party_fit f0 f1 consensus
0.741362 0.699167 0.060744 0.732990 0.097435 0.528631 0.454988 0.378888 0.188722 0.907267 4.611939 4.611939 0.173741 0.173741
0.780617 0.509991 0.155943 0.502700 0.191833 0.807949 0.862164 0.737148 0.436507 0.985696 4.611939 4.611939 0.173741 0.173741
0.733065 0.794374 0.014835 0.587492 0.653847 0.063156 0.469462 0.184826 0.183694 0.018251 4.611939 4.611939 0.173741 0.173741
0.771654 0.561004 0.406249 0.091497 0.082025 0.287862 0.045146 0.472882 0.901199 0.951744 4.611939 4.611939 0.184876 0.184876
0.927935 0.357161 0.304909 0.525132 0.451187 0.194166 0.633921 0.243114 0.906781 0.723522 4.611939 4.611939 0.497997 0.497997
0.857618 0.791739 0.296128 0.160027 0.346883 0.836500 0.067581 0.954899 0.142824 0.656989 4.611939 4.611939 0.184876 0.184876
0.833340 0.821909 0.255712 0.958216 0.064499 0.431107 0.884567 0.255387 0.380797 0.671815 4.611939 4.611939 0.173741 0.173741
0.628056 0.774532 0.033653 0.965893 0.606623 0.418723 0.558040 0.971901 0.322582 0.651392 4.611939 4.611939 0.173741 0.173741
