# Consensus Archive (basin-tagged)
# x0..x(D-1) f0 f1 consensus
0.712157 0.205201 89.082189 88.082081 88.082081
0.206879 0.739162 89.998462 89.999263 89.998462
0.696739 0.225424 77.831946 79.910579 77.831946
0.190328 0.733576 83.769715 85.619161 83.769715
0.779803 0.742198 39.232326 58.923009 39.232326
0.769149 0.666383 28.273111 48.075338 28.273111
0.120131 0.772448 41.210313 36.001949 36.001949
0.798353 0.721480 50.237002 50.234576 50.234576
0.797402 0.731141 50.085158 49.672817 49.672817
0.796608 0.711623 48.402405 48.388896 48.388896
0.790093 0.693573 42.596400 46.337741 42.596400
0.787433 0.653425 35.804188 35.140506 35.140506
0.666936 0.229739 67.697633 56.728099 56.728099
0.791881 0.766977 46.817099 47.423695 46.817099
0.789015 0.798478 42.421071 42.558337 42.421071
0.202786 0.229528 47.782356 67.353821 47.782356
0.653552 0.250539 46.960621 43.494950 43.494950
0.702399 0.196230 84.406100 81.942377 81.942377
0.195736 0.195601 47.765333 57.690443 47.765333
0.757144 0.176694 74.100942 75.120296 74.100942
0.213011 0.187619 56.975093 57.193808 56.975093
0.794425 0.753829 48.610916 48.222761 48.222761
0.174507 0.748818 80.822748 79.881587 79.881587
0.217447 0.241926 53.064449 53.189184 53.064449
0.694684 0.206173 83.650937 78.745903 78.745903
0.785109 0.167927 60.002167 52.039668 52.039668
0.679531 0.196765 72.388630 64.949756 64.949756
0.765642 0.172463 68.791590 68.207592 68.207592
0.256762 0.718200 66.026497 65.219282 65.219282
0.752263 0.198378 83.886697 78.883307 78.883307
0.796461 0.840217 29.403479 30.682153 29.403479
0.173773 0.175370 38.266293 35.763413 35.763413
0.776568 0.686161 34.054091 51.453147 34.054091
0.307532 0.672446 20.610801 20.061864 20.061864
0.195144 0.749877 86.035835 87.239160 86.035835
0.241640 0.742461 75.310367 74.781469 74.781469
0.224160 0.166714 63.546937 43.450640 43.450640
0.213672 0.193085 56.941235 56.999950 56.941235
0.723106 0.202437 89.996994 89.994394 89.994394
0.798109 0.675725 45.649003 36.413688 36.413688
0.811547 0.761422 60.546853 37.421475 37.421475
0.807575 0.180608 54.686475 35.489708 35.489708
0.786016 0.634143 31.810723 30.471170 30.471170
0.144933 0.771267 52.394714 52.553484 52.394714
0.215141 0.212649 55.911311 56.440160 55.911311
0.717934 0.170876 76.067643 53.117680 53.117680
0.825765 0.732770 69.466799 31.637027 31.637027
0.771194 0.711689 33.315739 63.748349 33.315739
0.135456 0.235375 22.483349 22.193689 22.193689
0.191154 0.289881 32.056730 49.177035 32.056730
0.161563 0.714545 46.140766 60.836118 46.140766
0.269830 0.736126 61.982131 53.147896 53.147896
0.783528 0.813825 35.696623 41.353315 35.696623
0.814421 0.799198 45.554022 31.430164 31.430164
0.197506 0.706707 59.755209 83.605881 59.755209
0.772480 0.163631 59.664879 61.388357 59.664879
0.257153 0.760632 45.811781 57.358081 45.811781
0.222271 0.711208 73.289130 80.712956 73.289130
0.790268 0.782822 45.249427 45.243280 45.243280
0.283967 0.703274 43.596621 41.035128 41.035128
0.818059 0.837833 31.967440 24.990201 24.990201
0.203866 0.783104 52.412253 79.509281 52.412253
0.727866 0.222980 83.941312 71.039468 71.039468
0.793385 0.865939 22.662391 25.858512 22.662391
0.227024 0.202871 62.742767 43.775979 43.775979
0.785166 0.215350 58.192273 46.649150 46.649150
0.819987 0.771233 57.914388 32.093586 32.093586
0.794936 0.147351 41.060306 40.705390 40.705390
0.216790 0.147958 57.886654 35.167160 35.167160
0.211399 0.309267 34.086218 29.492043 29.492043
0.245132 0.691945 48.019175 60.379325 48.019175
0.141234 0.760576 58.422198 54.594186 54.594186
0.184191 0.279990 31.514499 57.401815 31.514499
0.150146 0.198308 28.601141 29.188436 28.601141
0.312350 0.729095 37.263812 23.070033 23.070033
0.633098 0.212093 46.955136 29.667741 29.667741
0.672307 0.186879 63.780211 51.961097 51.961097
0.754974 0.788807 25.801154 60.946046 25.801154
0.768951 0.241255 56.800622 25.699784 25.699784
0.228821 0.264723 54.385518 37.305942 37.305942
0.155458 0.730091 58.367390 60.217141 58.367390
0.777940 0.847490 24.740886 34.388955 24.740886
0.228706 0.301622 39.107793 23.568176 23.568176
0.781748 0.613999 26.050982 26.897410 26.050982
0.813660 0.155137 41.684749 30.650553 30.650553
0.186775 0.140587 44.007014 25.191901 25.191901
0.174689 0.812833 25.553263 51.346154 25.553263
0.822615 0.676718 62.833267 25.010229 25.010229
0.112485 0.744026 41.199079 29.501998 29.501998
0.264147 0.673447 28.571130 41.435136 28.571130
0.734127 0.233166 77.658763 52.505723 52.505723
0.748655 0.746418 24.424581 73.078551 24.424581
0.172753 0.314706 21.301453 39.758320 21.301453
0.173270 0.235863 34.193804 59.600825 34.193804
0.215464 0.674964 31.787143 67.675113 31.787143
