# gen=100 mediating population
# x0..x(D-1) f0 f1 consensus
0.639186 0.443599 0.176280 1.000000 1.000000 0.001438 0.011993 0.001438
0.514466 0.937737 0.726010 0.500910 0.130342 0.166648 0.002221 0.002221
0.842707 0.756008 0.466335 0.933965 0.317882 0.001438 0.011993 0.001438
1.000000 0.544033 0.168445 1.000000 0.118546 0.001438 0.011993 0.001438
0.813050 0.502314 0.266196 0.977497 0.692299 0.001438 0.011993 0.001438
0.441977 0.063744 0.185470 0.167989 0.575510 0.002690 0.003556 0.002690
0.894753 0.767556 0.504727 0.947320 0.187571 0.001438 0.011993 0.001438
0.982592 0.572498 0.202066 0.976193 0.000000 0.001438 0.011993 0.001438
0.838957 0.236246 0.388254 1.000000 0.362043 0.001438 0.011993 0.001438
0.435434 0.542479 0.102844 0.788035 0.687850 0.001438 0.000666 0.000666
0.999344 0.499393 0.328867 1.000000 0.372718 0.001438 0.011993 0.001438
0.561183 0.616589 0.463949 0.689193 0.842325 0.001438 0.002221 0.001438
0.137025 0.451441 0.330048 0.198014 0.182822 0.004123 0.002883 0.002883
0.977080 0.559342 0.545732 0.642552 0.178363 0.042806 0.114756 0.042806
1.000000 0.619180 0.191159 1.000000 0.299508 0.001438 0.011993 0.001438
0.290699 0.593542 0.276715 0.310213 0.266518 3.987327 1.609839 1.609839
0.979391 0.187277 0.559119 0.621632 0.148143 0.002509 0.005725 0.002509
0.498320 0.297691 0.889588 0.203098 0.929244 0.000666 0.000519 0.000519
0.195939 0.699725 0.902035 0.251774 0.244179 0.047667 0.002221 0.002221
0.639387 0.833323 0.831272 0.750825 0.391322 0.000666 0.000666 0.000666
0.197134 0.515273 0.174073 0.165947 0.223449 0.007517 0.002519 0.002519
0.998013 0.732937 0.288693 1.000000 0.773236 0.001438 0.011993 0.001438
0.410620 0.529215 0.482620 0.079903 0.067884 0.001438 0.002221 0.001438
0.860408 0.696558 0.342490 1.000000 0.263317 0.001438 0.011993 0.001438
0.738274 0.317922 0.137174 1.000000 0.881294 0.001438 0.011993 0.001438
0.223817 0.149607 0.341837 0.894302 0.362083 0.000666 0.000627 0.000627
0.378679 0.430022 0.781538 0.092938 0.935802 0.000666 0.002221 0.000666
0.504362 0.490446 0.354469 0.327660 0.089543 0.001438 0.003361 0.001438
0.478626 0.817106 0.472766 0.647271 0.427039 0.001438 0.002221 0.001438
1.000000 0.219200 0.259705 1.000000 0.667480 0.001438 0.011993 0.001438
0.306056 0.608968 0.232364 0.291883 0.066594 0.132094 0.033331 0.033331
1.000000 0.715407 0.471368 1.000000 0.231165 0.001438 0.011993 0.001438
0.527300 0.721331 0.298427 0.003582 0.014318 0.001438 0.000666 0.000666
0.814068 0.794611 0.243360 1.000000 0.186896 0.001438 0.011993 0.001438
0.851637 0.864057 0.241732 0.932131 0.995796 0.001438 0.011993 0.001438
0.764557 0.362808 0.501301 0.854376 0.000000 0.001438 0.011993 0.001438
0.727364 0.298626 0.749640 0.914213 0.362212 0.000666 0.011993 0.000666
0.775702 0.505345 0.695008 0.265915 0.000000 0.001767 0.000971 0.000971
0.811749 0.738481 0.307691 0.975462 0.000000 0.001438 0.011993 0.001438
0.287915 0.410401 0.330764 0.144406 0.370212 0.125517 0.150131 0.125517
0.188090 0.636390 0.355633 0.000000 0.000000 0.000945 0.000814 0.000814
1.000000 0.218940 0.355350 1.000000 0.140279 0.001438 0.011993 0.001438
0.437259 0.629024 0.248575 0.197169 0.000000 0.001438 0.001530 0.001438
0.353403 0.526758 0.330029 0.000000 0.174202 0.003631 0.003526 0.003526
0.088853 0.949321 0.784103 0.460945 0.081694 0.000666 0.002221 0.000666
0.020536 0.938146 0.433756 0.850931 0.467053 0.000666 0.000666 0.000666
0.717078 0.441886 0.208546 0.817169 0.093115 0.001438 0.000666 0.000666
0.903260 0.269924 0.668487 0.479174 0.188278 0.019930 0.050306 0.019930
0.671229 0.584792 0.366320 1.000000 0.446489 0.001438 0.011993 0.001438
0.792758 0.208336 0.439967 0.927066 1.000000 0.001438 0.011993 0.001438
0.782864 0.348122 0.453191 0.949444 0.983658 0.001438 0.011993 0.001438
0.504362 0.358986 0.168445 0.237229 0.089543 0.001820 0.000763 0.000763
0.695212 0.312623 0.155165 0.995753 0.650224 0.001438 0.011993 0.001438
0.589590 0.563245 0.458963 0.225155 0.000000 0.001438 0.002266 0.001438
1.000000 0.487629 0.323972 0.952385 0.048042 0.001438 0.011993 0.001438
0.437259 0.787816 0.150762 0.913085 0.205437 0.001438 0.000666 0.000666
0.297433 0.381430 0.142247 0.364685 0.239007 0.006059 0.001811 0.001811
1.000000 0.634946 0.367639 0.904252 0.854350 0.001438 0.011993 0.001438
0.983538 0.407312 0.238440 1.000000 0.624843 0.001438 0.011993 0.001438
0.376295 0.390141 0.471637 0.449854 0.629690 0.001438 0.002221 0.001438
0.224131 0.618420 0.212682 0.060185 0.386702 0.026537 0.025886 0.025886
0.910799 0.256041 0.325483 0.947229 0.084698 0.001438 0.011993 0.001438
0.829398 0.680329 0.480127 0.860425 0.782616 0.001438 0.011993 0.001438
0.688567 0.464088 0.439123 0.866808 0.608635 0.001438 0.011993 0.001438
1.000000 0.348507 0.462770 1.000000 0.930144 0.001438 0.011993 0.001438
0.318831 0.464385 0.349485 0.121591 0.262362 0.178116 0.081145 0.081145
0.942841 0.366425 0.481442 0.969284 0.638509 0.001438 0.011993 0.001438
0.334121 0.580757 0.243814 0.159226 0.420656 0.496367 0.504419 0.496367
0.013490 0.813352 0.837210 0.806101 0.685244 0.000666 0.002221 0.000666
0.159566 0.494946 0.355759 0.047380 0.235194 0.001871 0.002858 0.001871
0.699750 0.716778 0.425068 1.000000 0.840188 0.001438 0.011993 0.001438
0.947111 0.280765 0.673817 0.625685 0.183635 0.427319 0.038213 0.038213
0.285938 0.564993 0.352049 0.310213 0.136886 1.465897 1.336394 1.336394
0.498415 0.513919 0.306369 0.128639 0.421013 0.001438 0.003958 0.001438
0.772932 0.690682 0.378128 1.000000 0.563935 0.001438 0.011993 0.001438
0.812496 0.449797 0.201029 1.000000 0.512648 0.001438 0.011993 0.001438
0.770154 0.576493 0.726136 0.532699 0.064145 0.008775 0.021561 0.008775
0.721424 0.445932 0.422044 0.414711 0.098732 0.001438 0.001638 0.001438
1.000000 0.867728 0.295178 1.000000 0.015068 0.001438 0.011993 0.001438
0.081274 0.154746 0.354910 0.672174 0.521366 0.000666 0.000627 0.000627
0.894463 0.354865 0.278207 0.885991 1.000000 0.001438 0.011993 0.001438
0.474974 0.788080 0.472188 0.738900 0.147112 0.001438 0.002221 0.001438
0.371288 0.533000 0.350955 0.331954 0.239876 0.319403 0.576305 0.319403
0.716577 0.834773 0.227220 0.853474 0.914593 0.001438 0.011993 0.001438
0.171319 0.612168 0.172133 0.310751 0.404907 0.018878 0.047404 0.018878
0.929677 0.426192 0.714542 0.348912 0.152137 0.292559 0.012816 0.012816
0.848172 0.526216 0.171391 0.967743 0.228787 0.001438 0.011993 0.001438
0.960966 0.563052 0.254066 0.883157 0.741229 0.001438 0.011993 0.001438
1.000000 0.551203 0.436517 1.000000 0.504935 0.001438 0.011993 0.001438
0.220243 0.590760 0.266896 0.257820 0.162474 0.102214 0.028621 0.028621
0.798244 0.295646 0.574925 0.601964 0.073031 0.008267 0.010307 0.008267
0.881095 0.501629 0.630785 0.283722 0.000000 0.027105 0.013907 0.013907
1.000000 0.238934 0.347358 0.923801 0.909072 0.001438 0.011993 0.001438
0.887877 0.789848 0.145070 0.878752 0.083364 0.001438 0.011993 0.001438
0.725540 0.391881 0.232548 0.876793 0.366734 0.001438 0.027200 0.001438
1.000000 0.554238 0.147961 1.000000 0.560885 0.001438 0.011993 0.001438
0.937477 0.463701 0.256541 1.000000 1.000000 0.001438 0.011993 0.001438
0.282873 0.600881 0.224081 0.132930 0.159145 0.015958 0.004390 0.004390
0.999639 0.808983 0.486824 1.000000 0.818544 0.001438 0.011993 0.001438
0.881478 0.589737 0.176701 0.897414 0.034606 0.001438 0.011993 0.001438
0.962151 0.808372 0.268326 1.000000 0.886655 0.001438 0.011993 0.001438
1.000000 0.365702 0.586385 0.650670 0.196450 0.084634 0.008451 0.008451
0.924547 0.572530 0.476465 0.891212 0.881032 0.001438 0.011993 0.001438
0.199632 0.345939 0.276684 0.130875 0.343134 0.001793 0.003933 0.001793
0.841527 0.817201 0.368130 1.000000 0.441005 0.001438 0.011993 0.001438
0.882033 0.337598 0.632693 0.409383 0.048349 0.079097 0.010991 0.010991
0.628407 0.832781 0.422256 1.000000 0.478070 0.001438 0.011993 0.001438
0.646658 0.293527 0.712188 0.957615 0.024777 0.000666 0.011993 0.000666
0.483815 0.436908 0.460349 0.118319 0.000000 0.001438 0.002497 0.001438
1.000000 0.699713 0.443137 0.990566 0.013286 0.001438 0.011993 0.001438
0.732236 0.841039 0.259725 0.909515 0.432421 0.001438 0.011993 0.001438
0.369264 0.561744 0.174226 0.327447 0.264135 0.077586 0.032651 0.032651
0.752461 0.277018 0.185993 0.860672 0.902105 0.001438 0.011993 0.001438
0.998595 0.384672 0.457046 0.889746 0.524408 0.001438 0.011993 0.001438
0.112967 0.641701 0.337562 0.092875 0.019885 0.000791 0.000673 0.000673
0.826368 0.727901 0.152864 1.000000 0.335309 0.001438 0.011993 0.001438
0.829289 0.574227 0.421395 1.000000 0.877544 0.001438 0.011993 0.001438
0.228293 0.506469 0.229910 0.357621 0.163995 0.031758 0.032599 0.031758
0.793490 0.771057 0.428665 0.943115 1.000000 0.001438 0.011993 0.001438
0.615787 0.731048 0.406548 0.977937 1.000000 0.001438 0.011993 0.001438
0.101661 0.591272 0.939083 0.251774 0.250931 0.003132 0.002221 0.002221
0.886136 0.413955 0.281175 0.868425 0.479460 0.001438 0.011993 0.001438
0.530931 0.860080 0.513442 0.815391 0.592920 0.001438 0.002221 0.001438
1.000000 0.486041 0.164235 1.000000 0.937624 0.001438 0.011993 0.001438
0.856357 0.768362 0.328135 1.000000 0.767080 0.001438 0.011993 0.001438
0.290303 0.711171 0.845409 0.116875 0.549385 0.000666 0.002221 0.000666
0.223886 0.559825 0.352498 0.277886 0.000000 0.005414 0.004618 0.004618
1.000000 0.186620 0.183615 0.596105 0.193561 0.001438 0.000672 0.000672
0.188744 0.602238 0.083582 0.801525 0.929009 0.000666 0.000666 0.000666
0.310568 0.589811 0.172188 0.098793 0.007715 0.005277 0.002800 0.002800
0.753525 0.532916 0.238625 1.000000 0.794998 0.001438 0.011993 0.001438
0.853113 0.660117 0.313859 0.977777 0.945152 0.001438 0.011993 0.001438
0.868236 0.404333 0.327049 1.000000 0.653714 0.001438 0.011993 0.001438
0.279431 0.424865 0.332152 0.131647 0.041763 0.009265 0.004265 0.004265
0.745706 0.788497 0.206537 1.000000 0.542325 0.001438 0.011993 0.001438
0.790773 0.353513 0.499999 0.991116 0.289716 0.001438 0.011993 0.001438
0.437233 0.768336 0.477087 0.198691 0.010623 0.001438 0.002221 0.001438
0.595631 0.583185 0.499837 0.610216 0.502347 0.001438 0.002221 0.001438
0.456327 0.064273 0.274531 0.077536 0.399732 0.001438 0.002137 0.001438
0.987642 0.639678 0.407094 1.000000 1.000000 0.001438 0.011993 0.001438
0.151661 0.625831 0.906405 0.132244 0.228730 0.010328 0.002221 0.002221
0.006441 0.161526 0.886846 0.373598 0.911718 0.000530 0.000519 0.000519
0.728385 0.469745 0.428435 0.907623 1.000000 0.001438 0.011993 0.001438
1.000000 0.186232 0.130692 1.000000 0.752468 0.001438 0.011993 0.001438
0.982592 0.745278 0.138413 1.000000 0.006295 0.001438 0.011993 0.001438
0.881918 0.527643 0.269270 1.000000 0.470093 0.001438 0.011993 0.001438
0.474881 0.664088 0.333788 0.744551 0.123464 0.001438 0.000666 0.000666
0.308739 0.576233 0.353025 0.167326 0.133663 0.282215 0.275257 0.275257
0.874647 0.651514 0.463741 0.974676 1.000000 0.001438 0.011993 0.001438
1.000000 0.189230 0.626679 0.479368 0.000000 0.001062 0.001170 0.001062
0.920764 0.429630 0.376847 0.943590 0.000000 0.001438 0.011993 0.001438
0.230166 0.493625 0.357016 0.275339 0.293995 0.261428 0.430365 0.261428
0.789539 0.626172 0.186923 0.950190 1.000000 0.001438 0.011993 0.001438
0.793221 0.207532 0.412615 0.210179 0.801752 0.001438 0.000666 0.000666
0.616951 0.388383 0.462770 0.949854 0.924418 0.001438 0.011993 0.001438
0.336154 0.514734 0.356628 0.350589 0.000000 0.003778 0.003274 0.003274
0.685186 0.770965 0.477077 0.854395 0.396041 0.001438 0.314254 0.001438
0.288979 0.934022 0.726443 0.959949 0.063769 0.000666 0.002221 0.000666
0.884818 0.582323 0.183744 0.991894 0.667324 0.001438 0.011993 0.001438
0.877583 0.296796 0.525071 0.404932 0.000000 0.002939 0.001505 0.001505
0.905368 0.835999 0.377961 0.931022 0.785327 0.001438 0.011993 0.001438
0.889228 0.799265 0.458601 0.886901 0.000000 0.001438 0.012373 0.001438
0.670329 0.516134 0.655248 0.489445 0.065171 0.007483 0.001589 0.001589
0.265845 0.125394 0.095892 0.593960 0.582281 0.000666 0.000627 0.000627
0.683486 0.738437 0.292230 1.000000 0.276788 0.001438 0.011993 0.001438
0.160222 0.808533 0.565073 0.532134 0.214969 0.000666 0.002221 0.000666
0.418048 0.487372 0.683182 0.750607 0.504527 0.000666 0.002221 0.000666
0.943324 0.237522 0.422058 1.000000 0.256937 0.001438 0.011993 0.001438
0.029005 0.807595 0.101354 0.919511 0.717776 0.000666 0.000666 0.000666
0.752649 0.678422 0.358028 0.918262 0.862144 0.001438 0.011993 0.001438
0.138722 0.710628 0.879505 0.469976 0.326230 0.008359 0.002221 0.002221
0.486440 0.343165 0.851054 0.632505 0.909287 0.000666 0.002221 0.000666
0.346803 0.426164 0.185603 0.303743 0.143741 0.008132 0.003590 0.003590
0.937749 0.810940 0.387896 1.000000 0.100585 0.001438 0.011993 0.001438
0.386252 0.553790 0.463869 1.000000 0.569190 0.001438 0.002221 0.001438
0.157352 0.382158 0.251454 0.000000 0.364702 0.001017 0.001137 0.001017
0.414863 0.814557 0.506703 0.485302 0.000000 0.001438 0.002221 0.001438
0.586001 0.535915 0.561043 0.513154 0.125440 0.002585 0.029016 0.002585
0.870961 0.450977 0.630243 0.396721 0.000000 0.009967 0.029619 0.009967
0.869008 0.800050 0.396051 1.000000 0.903302 0.001438 0.011993 0.001438
0.516755 0.504993 0.493642 0.732337 0.963890 0.001438 0.002221 0.001438
0.975779 0.390978 0.182864 1.000000 0.000000 0.001438 0.011993 0.001438
0.820593 0.555435 0.677949 0.632208 0.000000 0.800830 0.523286 0.523286
0.471705 0.707203 0.497832 0.587013 0.365553 0.001438 0.002221 0.001438
0.662061 0.574473 0.367574 0.888211 0.096486 0.001438 0.024410 0.001438
0.945227 0.794760 0.207566 1.000000 0.279467 0.001438 0.011993 0.001438
0.814414 0.355421 0.132265 0.953523 0.370105 0.001438 0.011993 0.001438
1.000000 0.563166 0.346131 0.644970 0.189560 0.001438 0.002862 0.001438
0.150544 0.421986 0.217886 0.355221 0.417703 0.016517 0.011271 0.011271
0.044446 0.997245 0.053877 0.198045 0.500568 0.000666 0.000666 0.000666
0.550571 0.349854 0.291296 0.523484 0.546398 0.001438 0.000666 0.000666
0.472761 0.338346 0.832847 0.308018 0.494655 0.000666 0.002221 0.000666
0.702649 0.523040 0.223044 1.000000 0.659056 0.001438 0.011993 0.001438
0.065659 0.877483 0.344002 0.980434 0.057561 0.000666 0.000666 0.000666
1.000000 0.447334 0.556777 0.480715 0.034064 0.013091 0.003360 0.003360
0.893751 0.473236 0.661309 0.629338 0.117227 14.440592 19.782505 14.440592
0.971375 0.219764 0.521327 0.343176 0.087453 0.001254 0.000890 0.000890
0.726014 0.309287 0.250735 0.888696 0.642327 0.001438 0.011993 0.001438
0.681129 0.513057 0.163054 0.893721 0.214322 0.001438 0.011993 0.001438
0.337059 0.595826 0.343431 0.310213 0.439148 22.410872 32.933849 22.410872
0.732920 0.542956 0.556794 0.532721 0.150169 0.017016 0.015641 0.015641
0.565957 0.474737 0.501981 0.769342 0.089543 0.001438 0.002221 0.001438
0.415005 0.459367 0.335906 0.271702 0.000000 0.001438 0.002225 0.001438
0.693173 0.665981 0.337862 1.000000 0.763005 0.001438 0.011993 0.001438
0.783742 0.635414 0.415187 1.000000 0.431072 0.001438 0.011993 0.001438
0.543127 0.791345 0.437593 0.342643 0.425671 0.001438 0.000666 0.000666
1.000000 0.605665 0.450946 0.900266 0.305729 0.001438 0.011993 0.001438
0.841259 0.413709 0.403342 0.893046 0.478607 0.001438 0.011993 0.001438
0.991408 0.537652 0.250560 1.000000 0.669790 0.001438 0.011993 0.001438
0.798560 0.507573 0.377440 0.929037 0.097717 0.001438 0.011993 0.001438
0.086551 0.608872 0.711110 0.594897 0.682044 0.000666 0.002221 0.000666
1.000000 0.231337 0.484488 1.000000 1.000000 0.001438 0.011993 0.001438
0.807893 0.440191 0.319969 0.957720 1.000000 0.001438 0.011993 0.001438
0.846577 0.508500 0.673450 0.394141 0.189034 0.213059 1.136897 0.213059
0.918606 0.462260 0.565013 0.259103 0.145878 0.007741 0.012815 0.007741
0.924505 0.814011 0.730569 0.661335 0.436226 0.000666 0.000666 0.000666
0.688064 0.230648 0.445995 0.668038 0.174609 0.001438 0.000666 0.000666
0.816286 0.671620 0.298461 1.000000 0.385902 0.001438 0.011993 0.001438
0.466614 0.358986 0.485722 0.554180 0.740286 0.001438 0.002221 0.001438
0.284204 0.381185 0.204834 0.144406 0.239131 0.010548 0.002019 0.002019
1.000000 0.833188 0.196666 1.000000 0.570525 0.001438 0.011993 0.001438
0.370193 0.946690 0.333416 0.132777 0.172200 0.000666 0.000666 0.000666
0.507067 0.442892 0.501278 0.705168 0.000000 0.001438 0.002221 0.001438
0.770130 0.336314 0.590638 0.476161 0.006783 0.004340 0.005591 0.004340
0.866870 0.768505 0.773435 0.278474 0.191411 0.000666 0.000666 0.000666
0.294605 0.485766 0.217185 0.081826 0.223584 0.020108 0.008015 0.008015
0.645473 0.780896 0.360036 0.878946 0.560950 0.001438 0.011993 0.001438
0.714528 0.544462 0.045328 0.295547 0.014068 0.001438 0.001747 0.001438
0.792230 0.270340 0.334391 0.961286 0.104465 0.001438 0.011993 0.001438
0.835172 0.504793 0.507349 0.886328 0.000000 0.001438 0.013847 0.001438
0.089474 0.953909 0.042298 0.756030 0.540611 0.000666 0.000666 0.000666
0.339444 0.384349 0.284228 0.000000 0.265251 0.006120 0.003101 0.003101
0.913184 0.508536 0.540954 0.414201 0.162420 0.102626 0.110581 0.102626
0.307654 0.729216 0.903870 0.158055 0.244473 0.002264 0.002221 0.002221
0.869305 0.560191 0.691614 0.466388 0.000000 0.168812 0.136010 0.136010
0.812876 0.609681 0.161798 0.406984 0.966767 0.001438 0.000666 0.000666
0.378091 0.697469 0.762932 0.942597 0.563726 0.000666 0.002221 0.000666
1.000000 0.192972 0.248662 0.903448 1.000000 0.001438 0.011993 0.001438
1.000000 0.296632 0.411040 0.943590 0.010470 0.001438 0.011993 0.001438
0.778708 0.419785 0.559840 0.290672 0.178363 0.002924 0.002499 0.002499
0.658637 0.227792 0.258370 0.921427 0.689860 0.001438 0.011993 0.001438
1.000000 0.467619 0.711536 0.579349 0.078935 2.627961 0.083744 0.083744
0.929183 0.235286 0.324540 0.973618 0.432145 0.001438 0.011993 0.001438
0.052742 0.577741 0.918588 0.437880 0.288710 0.010436 0.002221 0.002221
1.000000 0.282430 0.269755 1.000000 0.315294 0.001438 0.011993 0.001438
0.942090 0.036809 0.258473 0.733554 0.517396 0.001438 0.000487 0.000487
0.485075 0.830141 0.477020 0.326462 0.776681 0.001438 0.002221 0.001438
1.000000 0.613101 0.218185 1.000000 1.000000 0.001438 0.011993 0.001438
0.599387 0.379936 0.511903 0.559081 0.191615 0.001438 0.008391 0.001438
0.249547 0.581838 0.267996 0.197435 0.000000 0.002367 0.001813 0.001813
0.338292 0.392199 0.326745 0.345180 0.436600 3.625053 0.474265 0.474265
0.560305 0.889592 0.766583 0.423661 0.196488 0.003205 0.002221 0.002221
0.435800 0.414595 0.322948 0.077460 0.428586 0.001438 0.005005 0.001438
0.799703 0.469861 0.592326 0.490939 0.000000 0.007347 0.011001 0.007347
0.860263 0.388891 0.482324 0.568541 0.105103 0.001438 0.061276 0.001438
0.283051 0.570491 0.313435 0.087352 0.358597 1.590726 1.316158 1.316158
0.235543 0.532100 0.919248 0.283799 0.278308 0.025329 0.002221 0.002221
1.000000 0.421875 0.293977 0.857284 0.989810 0.001438 0.011993 0.001438
0.360205 0.089871 0.819276 0.105394 0.659997 0.000666 0.000627 0.000627
0.516679 0.340231 0.348586 0.336218 0.459123 0.001438 0.000666 0.000666
0.710507 0.596246 0.215764 0.984373 0.440404 0.001438 0.011993 0.001438
0.522951 0.761705 0.486878 0.345127 0.627879 0.001438 0.002221 0.001438
0.976433 0.835901 0.580325 0.427282 0.329852 0.000666 0.000666 0.000666
0.855510 0.417178 0.542351 0.629942 0.000000 0.030409 0.123083 0.030409
0.241625 0.466233 0.300152 0.000000 0.171803 0.002164 0.002380 0.002164
0.652749 0.785621 0.506976 0.965102 0.259590 0.001438 0.011993 0.001438
0.956896 0.806275 0.453593 1.000000 0.648643 0.001438 0.011993 0.001438
0.589955 0.590004 0.461209 0.450528 0.173588 0.001438 0.002221 0.001438
0.998830 0.596084 0.502421 1.000000 0.931952 0.001438 0.011993 0.001438
1.000000 0.629048 0.195464 1.000000 0.794952 0.001438 0.011993 0.001438
0.418324 0.844062 0.603733 0.655134 0.826831 0.000666 0.002221 0.000666
0.316847 0.389715 0.282617 0.291883 0.230308 0.394164 0.044900 0.044900
1.000000 0.391512 0.675265 0.328964 0.000000 0.003684 0.001112 0.001112
0.641879 0.804236 0.172492 1.000000 0.671413 0.001438 0.011993 0.001438
0.204162 0.631817 0.471467 0.581672 0.886255 0.000666 0.002221 0.000666
0.251646 0.422198 0.200608 0.233370 0.413182 0.065106 0.012825 0.012825
0.936197 0.535238 0.705799 0.563220 0.193329 23.870649 11.304511 11.304511
0.179878 0.760048 0.868672 0.674181 0.726138 0.000530 0.002221 0.000530
1.000000 0.384848 0.221453 1.000000 0.796127 0.001438 0.011993 0.001438
0.390522 0.787714 0.482539 0.142946 0.745556 0.001438 0.002221 0.001438
1.000000 0.808334 0.166834 1.000000 0.396746 0.001438 0.011993 0.001438
0.224307 0.253164 0.877995 0.723766 0.745422 0.000530 0.000519 0.000519
0.430523 0.558028 0.514018 0.572203 0.857640 0.001438 0.002221 0.001438
0.877583 0.437683 0.720586 0.654245 0.000000 0.826038 0.413235 0.413235
0.254129 0.619110 0.263464 0.310213 0.404349 6.443145 0.807787 0.807787
0.921778 0.417124 0.481312 1.000000 1.000000 0.001438 0.011993 0.001438
0.723262 0.311555 0.710354 0.873138 0.645242 0.000666 0.011993 0.000666
0.460803 0.445958 0.189868 0.194480 0.316221 0.001824 0.001815 0.001815
0.894192 0.379072 0.564406 0.332273 0.096461 0.001492 0.003951 0.001492
0.670316 0.597152 0.594867 0.503116 0.753373 0.000666 0.000666 0.000666
0.193559 0.405064 0.716031 0.941586 0.513627 0.000666 0.002221 0.000666
0.986712 0.382067 0.299602 0.937527 0.322388 0.001438 0.011993 0.001438
0.004900 0.573417 0.515789 0.092971 0.308380 0.000666 0.002221 0.000666
0.832218 0.237888 0.585159 0.487678 0.131870 0.001765 0.008345 0.001765
0.862553 0.812943 0.249923 0.051233 0.389219 0.001438 0.000666 0.000666
0.924520 0.257878 0.639978 0.554504 0.046129 0.013572 0.014109 0.013572
0.787047 0.834404 0.460272 0.946107 0.490570 0.001438 0.011993 0.001438
0.700572 0.522406 0.683736 0.314219 0.978409 0.000666 0.000666 0.000666
0.757345 0.773398 0.502500 1.000000 0.391724 0.001438 0.011993 0.001438
0.374212 0.545844 0.340918 0.189477 0.279519 0.223829 0.190096 0.190096
