# gen=50 mediating population
# x0..x(D-1) f0 f1 consensus
0.833936 0.646806 0.311965 1.934424 1.934424 1.934424
0.191796 0.916951 0.822675 1.934424 1.934424 1.934424
0.071900 0.601304 0.459304 1.934424 1.934424 1.934424
0.136747 0.099035 0.156856 5.754653 1.934424 1.934424
0.426894 0.442961 0.286035 1.934424 1.934424 1.934424
0.394298 0.789182 0.329603 1.934424 4.181771 1.934424
0.756199 0.926612 0.134745 1.934424 1.934424 1.934424
0.013056 0.908412 0.487365 1.934424 1.934424 1.934424
0.254507 0.247314 0.364619 1.934424 16.526885 1.934424
0.985350 0.519062 0.965041 1.934424 1.934424 1.934424
0.475828 0.385351 0.978157 1.934424 1.934424 1.934424
0.762862 0.822415 0.292869 1.934424 1.934424 1.934424
0.502045 0.956816 0.949826 1.934424 1.934424 1.934424
0.800872 0.245119 0.642819 1.934424 1.934424 1.934424
0.079097 0.715588 0.061686 24.958604 41.570975 24.958604
0.015914 0.273088 0.540591 1.934424 1.934424 1.934424
0.922222 0.857072 0.303190 1.934424 1.934424 1.934424
0.012224 0.676485 0.601560 1.934424 1.934424 1.934424
0.958715 0.221362 0.317483 1.934424 1.934424 1.934424
0.879471 0.692924 0.167620 1.934424 1.934424 1.934424
0.306175 0.500435 0.961081 1.934424 2.364378 1.934424
0.403641 0.045097 0.749274 1.934424 1.934424 1.934424
0.332194 0.815242 0.056657 2.786468 6.883290 2.786468
0.672761 0.224198 0.843020 2.233251 2.106546 2.106546
0.582392 0.993951 0.256716 1.934424 1.934424 1.934424
0.604521 0.054016 0.831286 1.934424 1.934424 1.934424
0.066320 0.935321 0.155409 1.934424 1.934424 1.934424
0.755880 0.328738 0.120233 1.934424 1.934424 1.934424
0.606279 0.779808 0.742482 1.934424 1.934424 1.934424
0.358285 0.116200 0.614063 31.045725 13.877032 13.877032
0.088187 1.000000 0.000000 1.934424 1.934424 1.934424
0.810658 0.627600 0.389705 1.934424 1.934424 1.934424
0.110880 0.553205 0.052644 7.534726 6.131117 6.131117
0.768493 0.459372 0.350770 1.934424 1.934424 1.934424
0.058725 0.432747 0.494555 1.934424 1.934424 1.934424
0.036659 0.357533 0.644037 1.934424 1.934424 1.934424
0.917689 0.132387 0.814784 1.934424 1.934424 1.934424
0.023297 0.673277 0.486834 1.934424 1.934424 1.934424
0.557823 0.539857 0.376250 1.934424 1.934424 1.934424
0.515443 0.556400 0.379004 1.934424 1.934424 1.934424
0.985989 0.837384 0.851912 2.387398 3.920089 2.387398
0.374684 0.502881 0.448619 1.934424 2.364378 1.934424
0.384305 0.465406 0.788368 1.934424 2.364378 1.934424
0.118883 0.011343 0.603225 1.934424 1.934424 1.934424
0.775857 0.000000 0.478702 2.783869 2.625046 2.625046
0.332781 0.626197 0.559747 1.934424 2.364378 1.934424
0.175062 0.678286 0.996201 1.934424 1.934424 1.934424
0.438376 0.840683 0.278730 28.987409 9.407893 9.407893
0.390032 0.457774 0.075713 1.934424 1.934424 1.934424
0.349301 0.164757 0.269223 32.677221 17.941141 17.941141
0.939467 0.295134 0.094624 1.934424 1.934424 1.934424
0.067327 0.165394 0.611743 1.934424 1.934424 1.934424
0.636863 0.730277 0.914845 1.934424 1.934424 1.934424
0.025457 0.960163 0.939762 1.934424 1.934424 1.934424
0.692315 0.653504 0.138318 1.934424 1.934424 1.934424
0.024685 0.430775 0.141735 1.934424 1.934424 1.934424
0.736554 0.993204 0.822357 1.934424 1.934424 1.934424
0.745712 0.913462 0.425312 1.934424 1.934424 1.934424
0.040523 0.579679 0.848594 1.934424 1.934424 1.934424
0.910623 0.844065 0.648119 6.338936 9.034636 6.338936
0.454794 0.777786 0.730225 4.682916 1.934424 1.934424
0.462065 0.724491 0.939674 1.934424 1.934424 1.934424
0.736933 0.000286 0.255952 1.934424 1.934424 1.934424
0.520215 0.107973 0.683956 1.934424 1.934424 1.934424
0.585830 0.531310 0.139522 1.934424 1.934424 1.934424
0.759494 0.996827 0.573866 1.934424 1.934424 1.934424
0.797163 0.643498 0.245629 1.934424 1.934424 1.934424
0.316892 0.008058 0.132698 1.934424 1.934424 1.934424
0.639184 0.138417 0.109569 7.272607 2.162754 2.162754
0.314981 0.721566 0.326830 1.934424 2.027466 1.934424
0.080673 0.478768 0.334790 1.934424 1.934424 1.934424
0.462291 0.926932 0.585967 1.934424 1.934424 1.934424
0.244668 0.807477 0.471119 1.934424 1.934424 1.934424
0.715009 0.766231 0.394566 1.934424 1.934424 1.934424
0.040948 0.287369 0.973301 1.934424 1.934424 1.934424
0.547048 0.769750 0.625535 1.934424 5.471734 1.934424
0.821236 0.633777 0.529230 1.934424 1.934424 1.934424
0.414212 0.291602 0.866464 73.394878 74.872668 73.394878
0.351011 0.106714 0.862388 1.934424 1.934424 1.934424
0.167792 0.071076 0.031742 1.404577 1.934424 1.404577
0.023120 0.253931 0.738334 1.934424 1.934424 1.934424
0.801552 0.383299 0.870748 63.709940 44.043082 44.043082
0.380293 0.191648 0.063729 1.934424 1.934424 1.934424
1.000000 1.000000 0.785343 1.934424 1.934424 1.934424
0.977999 0.305139 0.718958 1.789079 1.556894 1.556894
0.940566 0.563491 0.687674 1.934424 1.934424 1.934424
0.255855 0.029513 0.408620 1.934424 1.934424 1.934424
0.992446 0.383979 0.900262 1.789079 1.556894 1.556894
0.991164 0.754212 0.301119 1.934424 1.934424 1.934424
0.908412 0.430924 0.797349 3.860694 1.934424 1.934424
0.316477 0.866580 0.804020 1.934424 1.934424 1.934424
0.028023 0.749530 0.952464 7.366945 1.934424 1.934424
0.125594 0.991863 0.708343 1.934424 1.934424 1.934424
0.476012 0.337130 0.516282 1.934424 1.934424 1.934424
0.718170 0.735939 0.676812 1.934424 1.934424 1.934424
0.047571 0.550446 0.966524 1.934424 1.934424 1.934424
0.743157 0.777920 0.148655 1.934424 1.934424 1.934424
0.293327 0.029291 0.477111 1.934424 1.934424 1.934424
0.774773 0.137464 0.560021 1.934424 1.934424 1.934424
0.447478 0.573136 0.083967 1.934424 1.934424 1.934424
0.061813 0.139315 0.814814 52.012673 14.170686 14.170686
0.093542 0.680521 0.486884 1.934424 1.934424 1.934424
0.021121 0.119874 0.619159 1.934424 1.934424 1.934424
0.322424 0.210357 0.991718 1.934424 1.934424 1.934424
0.652390 0.401839 0.802837 1.934424 1.934424 1.934424
0.785559 0.182968 0.369712 1.934424 1.934424 1.934424
0.073358 0.142797 0.951061 1.934424 2.036920 1.934424
0.317328 0.650302 0.991725 1.934424 1.934424 1.934424
0.868156 0.461580 0.179993 1.934424 1.934424 1.934424
0.425529 0.683556 0.610217 1.934424 1.934424 1.934424
0.245601 0.226075 0.808161 2.941487 2.155068 2.155068
0.294196 0.598926 0.858962 1.934424 2.564678 1.934424
0.333776 0.450151 0.893356 1.934424 2.364378 1.934424
0.413272 0.463265 0.376227 1.934424 1.934424 1.934424
0.916960 0.732581 0.001733 1.934424 1.934424 1.934424
0.209529 0.097842 0.683850 1.934424 1.934424 1.934424
0.972280 0.984879 0.567288 1.934424 1.934424 1.934424
0.238318 0.005469 0.809361 1.934424 1.934424 1.934424
0.426241 0.943275 0.689039 1.934424 1.934424 1.934424
0.868027 0.873367 0.830472 47.922916 82.061929 47.922916
0.785091 0.642336 0.249372 1.934424 1.934424 1.934424
0.456593 0.045625 0.447878 1.934424 1.934424 1.934424
0.977166 0.913350 0.029968 1.934424 1.934424 1.934424
0.276253 0.567755 0.273219 32.218407 23.847913 23.847913
0.598608 0.910618 0.344509 1.934424 1.934424 1.934424
0.764439 0.330513 0.267682 42.673291 53.059000 42.673291
0.651513 0.063422 0.574881 5.677075 3.277237 3.277237
0.026265 0.172645 0.143880 1.477210 30.444030 1.477210
0.730543 0.752441 0.596531 1.934424 1.982972 1.934424
0.387563 0.243079 0.384214 4.407936 2.520922 2.520922
0.108511 0.775300 0.793393 24.795591 2.894764 2.894764
0.884243 0.855249 0.087173 78.155451 52.535059 52.535059
0.420258 0.506959 0.921705 1.934424 2.364378 1.934424
0.238984 0.263939 0.510347 1.934424 1.934424 1.934424
0.532512 0.024864 0.721832 1.934424 1.934424 1.934424
0.451161 0.116692 0.520391 1.934424 1.934424 1.934424
0.804818 0.184219 0.865942 1.934424 1.934424 1.934424
0.952149 0.381447 0.301504 1.934424 1.934424 1.934424
0.009966 0.989262 0.637294 1.934424 1.934424 1.934424
0.766654 0.997629 0.238477 1.934424 1.934424 1.934424
0.293927 0.424574 0.332315 1.934424 1.934424 1.934424
0.383764 0.976342 0.566771 1.934424 1.934424 1.934424
0.356574 0.717137 0.780514 1.934424 1.934424 1.934424
0.170490 0.361810 0.705332 1.934424 1.934424 1.934424
0.143235 0.430581 0.118110 1.934424 1.934424 1.934424
0.684651 0.469855 0.208313 1.934424 1.934424 1.934424
0.395563 0.797022 0.544110 20.231168 52.865877 20.231168
0.167739 0.439906 0.994467 1.934424 1.934424 1.934424
0.550660 0.525054 0.483620 1.808444 1.673683 1.673683
0.128889 0.628005 0.594574 1.934424 1.934424 1.934424
0.320323 0.671562 0.019903 1.934424 2.316843 1.934424
0.913945 0.049647 0.188166 1.934424 1.934424 1.934424
0.641457 0.350435 0.924272 1.934424 1.934424 1.934424
0.693736 0.442281 0.590615 1.934424 1.934424 1.934424
0.468722 0.012623 0.367986 1.934424 1.934424 1.934424
0.113726 0.138405 0.468791 12.692769 1.934424 1.934424
0.147216 0.858866 0.414704 1.934424 1.934424 1.934424
0.597293 0.036897 0.285399 2.099907 1.934424 1.934424
0.662787 0.058012 0.391876 1.934424 1.934424 1.934424
0.190179 0.935098 0.992565 1.934424 1.934424 1.934424
0.889789 0.758984 0.394450 1.934424 1.934424 1.934424
0.825972 0.554110 0.829772 61.985038 68.819167 61.985038
0.027723 0.826083 0.576666 1.934424 1.934424 1.934424
0.279418 0.488261 0.178479 4.168592 3.407080 3.407080
0.662723 0.880759 0.840185 1.934424 1.934424 1.934424
0.458749 0.019177 0.100874 1.934424 1.934424 1.934424
0.597086 0.569724 0.650411 1.944040 2.216590 1.944040
0.546192 0.441200 0.911769 1.934424 28.054398 1.934424
0.310413 0.599783 0.670472 1.934424 2.364378 1.934424
0.693917 0.092072 0.901745 1.934424 1.934996 1.934424
0.230622 0.083252 0.934278 1.934424 1.934424 1.934424
0.264818 0.418256 0.339683 1.934424 1.934424 1.934424
0.544595 0.062946 0.479088 1.934424 1.934424 1.934424
0.507639 0.120731 0.047910 1.541353 1.646233 1.541353
0.964998 0.496789 0.008935 1.934424 1.934424 1.934424
0.423267 0.216765 0.991419 1.934424 1.934424 1.934424
0.933668 0.368995 0.027044 1.934424 1.934424 1.934424
0.986907 0.537701 0.227846 1.934424 1.934424 1.934424
0.717507 0.604387 0.701948 16.572077 2.663450 2.663450
0.300877 0.298268 0.292833 1.945658 11.531657 1.945658
0.766493 0.373499 1.000000 10.666304 18.280246 10.666304
0.638298 0.990163 0.478398 1.934424 1.934424 1.934424
0.211501 0.776239 0.583827 1.934424 1.934424 1.934424
0.060731 0.534432 0.612409 1.934424 2.059949 1.934424
0.562258 0.835038 0.243116 12.457345 12.203510 12.203510
0.347397 0.345472 0.962449 1.934424 1.934424 1.934424
0.790709 0.468141 0.305016 1.934424 1.934424 1.934424
0.074190 0.925863 0.023407 1.934424 1.934424 1.934424
0.136747 0.099035 0.156856 5.754653 1.934424 1.934424
0.229369 0.122726 0.082143 1.934424 1.934424 1.934424
0.503263 0.694828 0.394689 1.934424 1.934424 1.934424
0.677426 0.102303 0.462522 1.934424 1.934424 1.934424
0.983575 0.186388 0.456389 1.934424 1.934424 1.934424
0.810484 0.228419 0.779377 1.934424 1.934424 1.934424
0.155830 0.685523 0.776162 1.934424 1.935254 1.934424
0.645340 0.240585 0.488595 17.118557 15.084280 15.084280
0.098212 0.757336 0.113260 88.663209 89.203573 88.663209
0.481409 0.957345 0.451197 1.934424 1.934424 1.934424
0.315585 0.498683 0.851548 1.934424 2.364378 1.934424
0.256776 0.600774 0.302335 42.362616 1.934424 1.934424
0.812470 0.710880 0.082102 1.934424 1.934424 1.934424
0.859712 0.000000 0.728686 9.064174 6.640235 6.640235
0.761446 0.054414 0.776895 68.583089 69.903341 68.583089
0.310418 0.721876 0.293150 1.934424 2.297059 1.934424
0.128654 0.813402 0.313484 1.827537 1.934424 1.827537
0.917035 0.195064 0.838321 1.934424 1.934424 1.934424
0.948540 0.633231 0.882209 1.934424 1.934424 1.934424
0.698213 0.614507 0.858969 61.458008 1.934424 1.934424
0.749682 0.877326 0.487092 1.934424 1.934424 1.934424
0.233882 0.984944 0.548169 1.934424 1.934424 1.934424
0.740186 0.336085 0.097455 1.934424 1.934424 1.934424
0.002562 0.967317 0.231940 1.934424 1.934424 1.934424
0.355077 0.875172 0.936000 1.934424 1.934424 1.934424
0.056566 0.856518 0.945217 1.934424 1.934424 1.934424
0.949443 0.007135 0.622726 1.934424 1.934424 1.934424
0.790995 0.670776 0.782173 1.934424 1.934424 1.934424
0.021278 0.484386 0.822183 1.934424 1.934424 1.934424
0.255413 0.690124 0.347460 2.311001 1.650469 1.650469
0.878793 0.726939 0.983084 1.934424 1.934424 1.934424
0.863660 0.208825 0.437335 1.934424 1.934424 1.934424
0.384796 0.933086 0.240025 6.154991 3.960486 3.960486
0.289367 0.360201 0.938282 1.934424 1.934424 1.934424
0.981070 0.824272 0.180007 1.934424 1.934424 1.934424
0.266246 0.323592 0.074763 1.451198 1.500623 1.451198
0.223058 0.595085 0.017140 1.934424 1.934424 1.934424
0.632399 0.985011 0.108385 1.934424 1.934424 1.934424
0.757640 0.061578 0.655600 23.011945 22.674066 22.674066
0.184082 0.517227 0.495233 1.934424 1.934424 1.934424
0.942998 0.208828 0.591037 1.934424 1.934424 1.934424
0.700302 0.022157 0.796975 1.934424 1.934424 1.934424
0.252884 0.787790 0.870990 1.934424 1.934424 1.934424
0.696940 0.403433 0.003165 1.934424 1.934424 1.934424
0.915159 0.734019 0.412033 1.934424 1.934424 1.934424
0.282887 0.165648 0.199407 1.934424 1.934424 1.934424
0.000000 0.437478 0.661583 1.934424 1.934424 1.934424
0.978277 0.340714 0.935760 1.789079 1.556894 1.556894
0.512224 0.999391 0.035699 1.934424 1.934424 1.934424
0.910623 0.844065 0.648119 6.338936 9.034636 6.338936
0.186004 0.108015 0.656688 1.934424 1.934424 1.934424
0.101412 0.536973 0.679673 75.396155 42.967591 42.967591
0.328883 0.818415 0.597824 1.934424 1.934424 1.934424
0.408131 0.885958 0.927014 1.934424 1.934424 1.934424
0.639184 0.138417 0.109569 7.272607 2.162754 2.162754
0.318335 0.291436 0.272820 2.581234 7.960542 2.581234
0.147200 0.048719 0.272190 18.919919 1.934424 1.934424
0.400557 0.288929 0.832537 64.762592 60.880521 60.880521
0.075447 0.736851 0.315939 1.934424 1.934424 1.934424
0.767338 0.769196 0.205738 1.934424 1.934424 1.934424
0.472262 0.568966 0.990099 1.934424 3.739805 1.934424
0.366911 0.907771 0.386496 1.934424 1.650469 1.650469
0.711440 0.349671 0.253305 19.742079 57.099085 19.742079
0.900116 0.515929 0.334375 1.934424 1.934424 1.934424
0.908204 0.071620 0.694141 3.615335 2.056544 2.056544
0.786901 0.451462 0.772754 4.048356 1.934424 1.934424
0.655536 0.281055 0.000628 1.934424 1.934424 1.934424
0.489981 0.165351 0.796006 1.934424 1.934424 1.934424
0.245775 0.693303 0.273235 1.934424 1.650469 1.650469
0.689803 0.830998 0.450729 1.934424 1.934424 1.934424
0.857295 0.334790 0.742711 9.958730 2.571794 2.571794
0.300618 0.093600 0.202680 5.035364 1.934424 1.934424
0.953880 0.650724 0.201388 1.934424 1.934424 1.934424
0.724224 0.787325 0.368268 1.934424 1.934424 1.934424
0.142459 0.541474 0.321422 1.934424 1.934424 1.934424
0.792457 0.434047 0.311540 1.934424 1.934424 1.934424
0.894025 0.993736 0.204037 1.934424 1.934424 1.934424
0.141712 0.413302 0.984664 1.934424 1.934424 1.934424
0.280309 0.835902 0.083481 2.844017 1.687255 1.687255
0.614160 0.193796 0.909070 1.934424 1.934424 1.934424
0.016619 0.014898 0.780183 1.934424 1.934424 1.934424
0.392685 0.253797 0.755271 17.623072 14.381173 14.381173
0.537452 0.926130 0.808012 1.934424 2.308887 1.934424
0.662561 0.350983 0.664643 19.096134 16.413595 16.413595
0.093247 0.196181 0.934929 1.934424 1.934424 1.934424
0.429420 0.264060 0.694556 6.571647 4.597911 4.597911
0.281637 0.535669 0.724562 83.586372 69.043000 69.043000
0.627825 0.056000 0.009979 6.935179 1.934424 1.934424
0.598166 0.584333 0.919168 2.873992 3.051030 2.873992
0.448579 0.831969 0.291225 17.077675 7.275946 7.275946
0.136505 0.255648 0.328934 5.106709 5.378315 5.106709
0.101277 0.688192 0.084358 40.408883 48.544943 40.408883
0.015678 0.020199 0.506956 1.934424 1.934424 1.934424
0.580505 0.892057 0.031717 1.934424 1.934424 1.934424
0.334003 0.087368 0.643071 1.934424 1.934424 1.934424
0.867063 0.098622 0.101829 59.527151 63.979586 59.527151
0.273344 0.282109 0.652114 2.099591 3.133564 2.099591
0.091314 0.497796 0.000000 3.169299 4.187092 3.169299
0.381082 0.849699 0.153235 30.282813 29.371400 29.371400
0.160389 0.987939 0.806319 1.934424 1.934424 1.934424
0.501593 0.326625 0.204731 9.678709 6.162594 6.162594
0.867989 0.878311 0.737961 1.934424 22.598560 1.934424
0.519730 0.797675 0.835716 1.934424 1.934424 1.934424
0.658489 0.216172 0.657791 50.335056 49.083086 49.083086
0.847708 0.175731 0.452614 1.934424 1.934424 1.934424
0.711440 0.349671 0.253305 19.742079 57.099085 19.742079
0.423945 0.513841 0.504443 1.934424 2.364378 1.934424
0.580195 0.149061 0.111777 50.150453 1.694875 1.694875
0.420394 0.106942 0.059126 1.934424 1.934424 1.934424
0.840217 0.302022 0.746591 4.358080 1.819319 1.819319
0.430509 0.222679 0.934205 1.934424 1.934424 1.934424
0.880499 0.834502 0.592543 4.232190 2.666464 2.666464
