# gen=200 mediating population
# x0..x(D-1) f0 f1 consensus
0.260848 0.158710 0.760370 0.296721 0.580371 25.111994 26.602031 25.111994
0.206216 0.131109 0.604635 0.398306 0.628926 25.111994 29.680970 25.111994
0.164740 0.059401 0.834049 0.000000 0.808567 25.111994 23.295391 23.295391
0.242934 0.106855 0.885220 1.000000 0.187435 25.111994 23.295391 23.295391
0.248852 0.129951 0.711355 0.369760 0.931452 25.111994 23.295391 23.295391
0.214200 0.121658 0.652979 0.000000 0.000000 25.111994 23.295391 23.295391
0.248852 0.129951 0.564527 0.526938 0.576374 25.111994 28.949602 25.111994
0.253502 0.067640 0.835480 0.955059 0.673182 25.111994 23.295391 23.295391
0.000000 0.000000 0.667000 0.142284 0.602505 25.111994 23.295391 23.295391
0.213504 0.107180 0.534384 0.440582 0.299557 25.111994 23.295391 23.295391
0.000000 0.059426 0.972169 0.269393 0.531078 25.111994 23.295391 23.295391
0.309729 0.083197 0.738818 0.763891 1.000000 25.111994 23.295391 23.295391
0.119674 0.059664 0.965283 0.034493 0.916167 25.111994 23.295391 23.295391
0.094434 0.018192 0.707398 0.697832 0.000000 25.111994 23.295391 23.295391
0.243131 0.162724 0.603133 0.180278 0.248810 25.111994 23.295391 23.295391
0.033844 0.936721 0.307820 0.642642 0.153191 0.025171 0.524012 0.025171
0.145734 0.121628 0.785370 0.000000 0.000000 25.111994 23.295391 23.295391
0.188588 0.168448 0.632027 0.168432 0.286998 25.111994 23.295391 23.295391
0.294971 0.128891 0.746261 0.923517 0.358395 25.111994 23.295391 23.295391
0.284575 0.181614 0.651069 0.000000 0.603031 25.111994 23.295391 23.295391
0.314190 0.175438 0.841262 0.199279 0.468854 25.111994 23.341116 23.341116
0.106584 0.007432 0.829855 0.313278 0.000000 25.111994 23.295391 23.295391
0.246598 0.175691 0.663519 0.849483 0.385292 25.111994 23.295391 23.295391
0.350122 0.012544 1.000000 1.000000 0.655565 25.111994 23.295391 23.295391
0.103336 0.098179 0.588457 1.000000 0.077930 25.111994 23.295391 23.295391
0.281203 0.172547 0.663307 0.442855 0.493890 25.111994 24.254989 24.254989
0.119834 0.000000 0.696640 0.253582 0.000000 25.111994 23.295391 23.295391
0.261448 0.034123 0.860204 0.268554 0.149763 25.111994 23.295391 23.295391
0.207148 0.128799 0.538047 0.509139 0.686578 25.111994 24.697171 24.697171
0.135697 0.008400 0.954623 0.423658 0.803298 25.111994 23.295391 23.295391
0.058800 0.086482 0.876213 0.729645 1.000000 25.111994 23.295391 23.295391
0.201963 0.000000 0.955072 0.095824 0.713382 25.111994 23.295391 23.295391
0.151012 0.638557 0.088702 0.505859 0.159354 25.111994 3.678006 3.678006
0.122146 0.687181 0.757846 0.189062 0.922766 25.111994 0.524012 0.524012
0.311400 0.000000 0.743042 0.000000 0.972004 25.111994 23.295391 23.295391
0.079570 0.083360 0.698388 0.342907 1.000000 25.111994 23.295391 23.295391
0.306506 0.155500 0.550351 0.071364 0.984980 25.111994 23.295391 23.295391
0.277500 0.044148 0.664353 0.592220 1.000000 25.111994 23.295391 23.295391
0.180652 0.103278 0.684765 0.635697 0.126300 25.111994 23.295391 23.295391
0.309733 0.123840 0.842999 0.788281 0.778243 25.111994 23.295391 23.295391
0.115837 0.125650 0.595596 0.538804 0.877254 25.111994 23.295391 23.295391
0.295179 0.000000 0.622252 0.980446 0.847085 25.111994 23.295391 23.295391
0.234854 0.148267 0.565136 0.274789 0.807565 25.111994 23.295391 23.295391
0.140825 0.005616 0.816303 0.755867 0.924204 25.111994 23.295391 23.295391
0.286913 0.047153 0.773344 0.436029 0.664147 25.111994 23.295391 23.295391
0.338140 0.135232 0.646684 0.718607 0.567623 25.111994 23.295391 23.295391
0.204626 0.061884 1.000000 0.934704 0.564114 25.111994 23.295391 23.295391
0.117574 0.038742 0.835487 1.000000 0.538111 25.111994 23.295391 23.295391
0.212278 0.139055 0.702840 0.211959 0.643171 25.111994 23.312474 23.312474
0.251177 0.098796 0.773417 0.662409 0.802317 25.111994 23.295391 23.295391
0.097663 0.034687 0.917926 0.278110 1.000000 25.111994 23.295391 23.295391
0.175212 0.095349 0.856225 0.807024 0.521021 25.111994 23.295391 23.295391
0.230506 0.000000 0.750028 0.032565 0.222150 25.111994 23.295391 23.295391
0.197205 0.102287 0.670678 0.680587 0.419491 25.111994 23.295391 23.295391
0.086251 0.000000 0.762881 0.026842 0.730119 25.111994 23.295391 23.295391
0.000000 0.076088 0.856402 0.295792 0.000000 25.111994 23.295391 23.295391
0.339329 0.172964 0.782776 0.076295 0.555435 25.111994 23.295391 23.295391
0.100097 0.136175 1.000000 0.915617 1.000000 25.111994 23.295391 23.295391
0.184576 0.067378 1.000000 1.000000 0.724465 25.111994 23.295391 23.295391
0.002889 0.000000 1.000000 0.000000 1.000000 25.111994 23.295391 23.295391
0.283232 0.082128 1.000000 0.040160 1.000000 25.111994 23.295391 23.295391
0.158638 0.075079 1.000000 0.037423 0.665102 25.111994 23.295391 23.295391
0.067615 0.022493 0.751394 0.832705 0.932232 25.111994 23.295391 23.295391
0.050157 0.166090 0.616292 0.684794 0.477162 25.111994 23.295391 23.295391
0.214419 0.181480 0.734640 0.000000 0.228258 25.111994 23.295391 23.295391
0.115377 0.055188 0.753537 0.216130 0.813924 25.111994 23.295391 23.295391
0.063111 0.086834 0.742501 0.833634 0.212869 25.111994 23.295391 23.295391
0.134449 0.106968 0.717222 0.622016 0.515773 25.111994 23.295391 23.295391
0.207686 0.000000 0.849401 0.000000 0.972814 25.111994 23.295391 23.295391
0.271913 0.053317 1.000000 0.341193 0.402284 25.111994 23.295391 23.295391
0.214668 0.000000 0.736590 0.334806 0.301253 25.111994 23.295391 23.295391
0.182936 0.122666 0.703326 0.266748 0.870505 25.111994 23.295391 23.295391
0.138446 0.113078 0.751378 0.000000 0.437487 25.111994 23.295391 23.295391
0.088979 0.000000 0.978390 1.000000 1.000000 25.111994 23.295391 23.295391
0.000000 0.034393 0.800125 0.443187 0.401743 25.111994 23.295391 23.295391
0.173003 0.157961 0.811690 0.189863 0.732970 25.111994 23.295391 23.295391
0.211647 0.000000 0.549551 0.717487 0.646437 25.111994 23.295391 23.295391
0.051634 0.000000 1.000000 0.876594 0.689822 25.111994 23.295391 23.295391
0.071206 0.045895 0.852203 0.025871 0.208067 25.111994 23.295391 23.295391
0.000000 0.017760 0.832699 0.107144 0.504157 25.111994 23.295391 23.295391
0.346582 0.000000 0.721317 0.950226 0.945533 25.111994 23.295391 23.295391
0.000000 0.064873 0.681446 1.000000 0.452843 25.111994 23.295391 23.295391
0.000000 0.147518 0.776313 0.689835 0.730096 25.111994 23.295391 23.295391
0.212827 0.056548 1.000000 0.227956 0.897008 25.111994 23.295391 23.295391
0.026239 0.060758 0.924595 0.970396 0.366010 25.111994 23.295391 23.295391
0.151382 0.000000 0.809621 0.888650 0.000000 25.111994 23.295391 23.295391
0.251981 0.069543 0.847204 0.000000 0.417656 25.111994 23.295391 23.295391
0.000000 0.000000 0.653005 0.586046 0.000000 25.111994 23.295391 23.295391
0.033334 0.000000 0.570217 0.190629 0.694261 25.111994 23.295391 23.295391
0.240939 0.161286 0.663519 1.000000 0.086434 25.111994 23.295391 23.295391
0.133867 0.000000 0.646381 0.525646 0.844041 25.111994 23.295391 23.295391
0.264802 0.014864 0.816069 0.763664 0.000000 25.111994 23.295391 23.295391
0.098570 0.001874 1.000000 0.378349 0.030929 25.111994 23.295391 23.295391
0.252622 0.172509 0.548310 0.625040 1.000000 25.111994 23.295391 23.295391
0.110578 0.000000 1.000000 0.404774 0.605240 25.111994 23.295391 23.295391
0.274662 0.002742 0.835354 0.448664 0.000000 25.111994 23.295391 23.295391
0.000000 0.000000 0.799859 0.423544 0.675367 25.111994 23.295391 23.295391
0.000000 0.128142 1.000000 0.880053 0.483306 25.111994 23.295391 23.295391
0.000000 0.000000 0.795559 0.170695 0.969187 25.111994 23.295391 23.295391
0.000000 0.111779 0.559054 0.000000 0.850044 25.111994 23.295391 23.295391
0.275206 0.126214 0.956968 0.943566 1.000000 25.111994 23.295391 23.295391
0.219199 0.000000 0.971777 0.408778 1.000000 25.111994 23.295391 23.295391
0.095297 0.082079 0.951121 0.289381 0.795826 25.111994 23.295391 23.295391
0.000000 0.000000 0.984825 0.188373 1.000000 25.111994 23.295391 23.295391
0.261470 0.000000 0.616052 0.066459 0.849468 25.111994 23.295391 23.295391
0.338140 0.082184 0.728234 0.706964 0.262791 25.111994 23.295391 23.295391
0.248852 0.091907 0.584665 0.255970 1.000000 25.111994 23.295391 23.295391
0.027540 0.000000 0.876504 0.849869 0.719161 25.111994 23.295391 23.295391
0.000000 0.000798 1.000000 0.590327 0.364551 25.111994 23.295391 23.295391
0.327191 0.063992 0.723455 0.604438 0.396014 25.111994 23.295391 23.295391
0.058536 0.044234 1.000000 0.856787 0.578771 25.111994 23.295391 23.295391
0.242049 0.002315 0.887059 0.742735 0.669923 25.111994 23.295391 23.295391
0.106683 0.162879 0.938344 0.421889 0.776967 25.111994 23.295391 23.295391
0.111538 0.147968 0.815861 0.679380 0.071630 25.111994 23.295391 23.295391
0.271453 0.092914 0.886384 0.382093 0.785175 25.111994 23.295391 23.295391
0.108437 0.009018 0.949772 0.805988 0.005782 25.111994 23.295391 23.295391
0.154171 0.049470 0.548343 0.719977 0.330598 25.111994 23.295391 23.295391
0.337072 0.000000 0.895266 0.451671 0.790245 25.111994 23.295391 23.295391
0.124741 0.156599 0.604703 0.000000 0.874366 25.111994 23.295391 23.295391
0.143271 0.181719 0.780098 0.375755 0.424664 25.111994 23.295391 23.295391
0.339656 0.077950 0.804358 0.852651 0.690620 25.111994 23.295391 23.295391
0.127571 0.041173 0.732139 0.937060 0.803542 25.111994 23.295391 23.295391
0.066416 0.119713 0.734204 1.000000 0.874450 25.111994 23.295391 23.295391
0.130075 0.037874 1.000000 0.775201 0.387874 25.111994 23.295391 23.295391
0.312783 0.000000 0.773931 0.183204 0.398488 25.111994 23.295391 23.295391
0.315459 0.000000 0.827126 0.378976 0.139134 25.111994 23.295391 23.295391
0.000000 0.125542 1.000000 0.883625 0.263029 25.111994 23.295391 23.295391
0.122623 0.000000 0.552834 1.000000 0.306262 25.111994 23.295391 23.295391
0.000000 0.027532 0.995102 0.546324 0.974600 25.111994 23.295391 23.295391
0.312922 0.000000 0.634650 0.765267 0.813490 25.111994 23.295391 23.295391
0.143504 0.079298 0.776633 0.717440 0.437715 25.111994 23.295391 23.295391
0.100267 0.094364 0.825957 1.000000 0.000000 25.111994 23.295391 23.295391
0.000000 0.100215 0.984566 0.057114 0.758761 25.111994 23.295391 23.295391
0.029823 0.000000 1.000000 0.683901 0.288277 25.111994 23.295391 23.295391
0.231674 0.061467 0.783046 0.799465 0.346887 25.111994 23.295391 23.295391
0.074586 0.052102 0.893872 0.000000 0.619874 25.111994 23.295391 23.295391
0.073515 0.000000 0.599530 0.817313 0.090863 25.111994 23.295391 23.295391
0.188456 0.158432 0.695021 0.602435 0.946648 25.111994 23.295391 23.295391
0.236253 0.054460 0.905332 0.426400 0.455016 25.111994 23.295391 23.295391
0.288765 0.126949 0.917480 0.951455 0.585375 25.111994 23.295391 23.295391
0.077828 0.084795 0.727006 0.417352 0.440291 25.111994 23.295391 23.295391
0.024993 0.041039 1.000000 0.000000 0.001090 25.111994 23.295391 23.295391
0.000000 0.079355 1.000000 0.148361 0.000000 25.111994 23.295391 23.295391
0.000000 0.058835 0.630993 0.076015 0.065846 25.111994 23.295391 23.295391
0.081022 0.164333 0.668284 0.000000 0.559117 25.111994 23.295391 23.295391
0.000000 0.042072 0.829258 0.640896 0.263029 25.111994 23.295391 23.295391
0.194053 0.008151 0.811171 0.895614 0.214667 25.111994 23.295391 23.295391
0.000000 0.000000 0.806844 0.992456 0.982992 25.111994 23.295391 23.295391
0.025714 0.000000 0.830057 0.746217 0.324923 25.111994 23.295391 23.295391
0.000000 0.071705 0.840913 0.734862 0.665539 25.111994 23.295391 23.295391
0.046524 0.083767 0.536706 0.575969 0.631437 25.111994 23.295391 23.295391
0.097533 0.158410 0.750294 1.000000 0.527733 25.111994 23.295391 23.295391
0.194566 0.030398 0.797720 0.165170 0.248711 25.111994 23.295391 23.295391
0.202254 0.142786 0.847627 0.746261 0.645731 25.111994 23.295391 23.295391
0.187206 0.063006 0.991097 0.883625 0.263029 25.111994 23.295391 23.295391
0.118048 0.000000 0.970994 0.746417 0.975069 25.111994 23.295391 23.295391
0.320858 0.077014 1.000000 0.941350 0.000000 25.111994 23.295391 23.295391
0.266112 0.000000 0.663519 0.085374 1.000000 25.111994 23.295391 23.295391
0.181569 0.011036 0.846345 0.109552 0.020390 25.111994 23.295391 23.295391
0.105261 0.121313 0.716800 0.685501 0.339871 25.111994 23.295391 23.295391
0.000000 0.108588 0.657914 0.796667 1.000000 25.111994 23.295391 23.295391
0.040414 0.018062 0.828380 0.051970 0.000000 25.111994 23.295391 23.295391
0.346190 0.029704 0.600049 0.752726 0.309360 25.111994 23.295391 23.295391
0.254402 0.000000 0.971624 0.133373 0.566808 25.111994 23.295391 23.295391
0.056315 0.078738 0.921690 0.955370 0.793518 25.111994 23.295391 23.295391
0.000000 0.076187 0.966885 0.000000 0.463682 25.111994 23.295391 23.295391
0.083758 0.172363 1.000000 0.529403 0.604914 25.111994 23.295391 23.295391
0.327321 0.000000 0.806844 1.000000 0.564820 25.111994 23.295391 23.295391
0.153292 0.000000 0.617109 0.222679 1.000000 25.111994 23.295391 23.295391
0.131990 0.040630 0.891213 0.717778 0.344889 25.111994 23.295391 23.295391
0.000000 0.000000 0.984840 0.784281 0.487535 25.111994 23.295391 23.295391
0.000000 0.000000 0.705322 0.264898 0.016016 25.111994 23.295391 23.295391
0.036738 0.168965 0.723260 0.075512 0.850044 25.111994 23.295391 23.295391
0.000000 0.172964 0.735497 0.062794 0.377380 25.111994 23.295391 23.295391
0.309733 0.082250 1.000000 0.428798 0.751592 25.111994 23.295391 23.295391
0.089413 0.024123 0.562024 0.000000 1.000000 25.111994 23.295391 23.295391
0.244371 0.165433 0.917591 1.000000 0.084275 25.111994 23.295391 23.295391
0.083379 0.167960 0.796899 0.488705 0.278480 25.111994 23.295391 23.295391
0.000000 0.000000 0.997495 0.965837 0.244429 25.111994 23.295391 23.295391
0.112007 0.000000 0.622717 1.000000 0.159947 25.111994 23.295391 23.295391
0.266892 0.019419 0.619809 0.381383 0.752855 25.111994 23.295391 23.295391
0.307889 0.071561 0.907225 0.611484 0.302301 25.111994 23.295391 23.295391
0.069688 0.065469 0.624331 0.782098 0.815024 25.111994 23.295391 23.295391
0.278982 0.129760 0.677038 0.502449 0.199729 25.111994 23.295391 23.295391
0.321216 0.154372 0.575001 0.889262 0.999523 25.111994 23.295391 23.295391
0.125003 0.029295 0.880822 0.631368 0.751032 25.111994 23.295391 23.295391
0.337613 0.029997 0.875343 0.142736 0.543240 25.111994 23.295391 23.295391
0.039662 0.062823 0.545038 1.000000 1.000000 25.111994 23.295391 23.295391
0.075702 0.049341 0.977490 0.740584 0.849288 25.111994 23.295391 23.295391
0.105432 0.121981 0.614264 0.286969 0.255910 25.111994 23.295391 23.295391
0.000000 0.112631 0.551689 0.408270 0.560381 25.111994 23.295391 23.295391
0.166832 0.000000 0.549163 0.896747 0.629956 25.111994 23.295391 23.295391
0.000000 0.090081 0.854220 0.875435 0.294743 25.111994 23.295391 23.295391
0.059024 0.175920 0.564031 1.000000 0.315159 25.111994 23.295391 23.295391
0.266617 0.182116 0.705642 0.041819 0.892381 25.111994 23.295391 23.295391
0.017644 0.060797 0.889846 0.291338 0.228458 25.111994 23.295391 23.295391
0.055507 0.046830 0.658096 1.000000 0.342307 25.111994 23.295391 23.295391
0.030890 0.125239 0.864654 1.000000 0.455379 25.111994 23.295391 23.295391
0.011775 0.040857 1.000000 1.000000 0.578464 25.111994 23.295391 23.295391
0.065425 0.169590 0.765775 0.567270 0.000000 25.111994 23.295391 23.295391
0.028136 0.169114 0.844965 0.379527 0.160571 25.111994 23.295391 23.295391
0.000000 0.000000 1.000000 0.000000 0.126977 25.111994 23.295391 23.295391
0.053169 0.000000 0.667822 0.923289 1.000000 25.111994 23.295391 23.295391
0.222497 0.173667 0.765376 0.480576 0.775892 25.111994 23.295391 23.295391
0.037190 0.033079 0.553937 0.506576 0.000000 25.111994 23.295391 23.295391
0.333955 0.127887 0.585618 0.000000 0.237679 25.111994 23.295391 23.295391
0.294576 0.098358 0.771206 0.486196 0.556048 25.111994 23.295391 23.295391
0.125209 0.038629 1.000000 0.919399 0.000000 25.111994 23.295391 23.295391
0.153474 0.161457 0.847319 0.686250 1.000000 25.111994 23.295391 23.295391
0.006212 0.013734 0.669294 0.401560 0.201951 25.111994 23.295391 23.295391
0.074428 0.000000 0.756131 0.941934 0.293657 25.111994 23.295391 23.295391
0.054682 0.112924 0.634656 0.295512 0.116864 25.111994 23.295391 23.295391
0.000000 0.000000 0.921820 0.369743 0.309029 25.111994 23.295391 23.295391
0.162311 0.153742 0.889539 0.439691 0.600907 25.111994 23.295391 23.295391
0.000000 0.132960 0.632274 0.286967 0.703811 25.111994 23.295391 23.295391
0.000000 0.048581 0.685232 0.000821 0.523569 25.111994 23.295391 23.295391
0.000000 0.033820 0.783229 0.855936 0.024841 25.111994 23.295391 23.295391
0.154307 0.089360 0.730050 0.879491 0.573236 25.111994 23.295391 23.295391
0.168459 0.038120 0.643260 0.830425 0.316617 25.111994 23.295391 23.295391
0.139697 0.068337 0.791216 0.712325 0.773847 25.111994 23.295391 23.295391
0.032710 0.006811 0.187606 0.212997 0.154683 25.111994 8.877650 8.877650
0.112041 0.163233 0.982761 0.268495 0.239593 25.111994 23.295391 23.295391
0.153536 0.104642 0.693123 1.000000 0.000000 25.111994 23.295391 23.295391
0.238739 0.054476 0.963707 0.543569 0.790621 25.111994 23.295391 23.295391
0.346394 0.009380 0.799614 0.624288 0.578724 25.111994 23.295391 23.295391
0.071167 0.120789 0.812253 0.454834 0.580237 25.111994 23.295391 23.295391
0.235248 0.155351 0.669562 0.472981 0.026150 25.111994 23.295391 23.295391
0.975118 0.630189 0.601095 0.831091 0.885104 0.015232 0.047437 0.015232
0.000000 0.000000 0.953945 0.194258 0.120231 25.111994 23.295391 23.295391
0.183396 0.168448 0.621585 0.000000 0.714434 25.111994 23.295391 23.295391
0.349729 0.057797 0.758777 0.000000 0.270143 25.111994 23.295391 23.295391
0.176060 0.045954 0.892403 0.792807 0.852139 25.111994 23.295391 23.295391
0.000000 0.035045 1.000000 0.182701 0.774161 25.111994 23.295391 23.295391
0.206350 0.117671 0.660522 0.148243 0.887942 25.111994 23.295391 23.295391
0.332111 0.888100 0.986437 0.932089 0.797728 0.000123 0.524012 0.000123
0.226331 0.157996 0.799424 0.543850 1.000000 25.111994 23.295391 23.295391
0.221729 0.000000 1.000000 0.000000 0.364654 25.111994 23.295391 23.295391
0.557249 0.460635 0.719331 0.647827 0.480928 0.015102 0.001760 0.001760
0.064417 0.153932 0.796437 0.494659 0.112122 25.111994 23.295391 23.295391
0.261702 0.165924 0.704736 0.826552 0.741981 25.111994 23.295391 23.295391
0.280299 0.118566 0.622869 0.466874 0.707704 25.111994 23.295391 23.295391
0.123898 0.000000 0.600862 0.569827 0.012951 25.111994 23.295391 23.295391
0.044310 0.059995 0.749439 0.113566 0.808211 25.111994 23.295391 23.295391
0.242259 0.045867 0.880766 0.686354 0.560448 25.111994 23.295391 23.295391
0.173707 0.000000 0.649465 0.304913 0.449448 25.111994 23.295391 23.295391
0.175887 0.000000 0.631348 1.000000 0.497486 25.111994 23.295391 23.295391
0.866963 0.218489 0.994077 0.516397 0.368731 0.015102 4.002072 0.015102
0.085242 0.008380 0.905073 0.265750 0.121975 25.111994 23.295391 23.295391
0.264993 0.165494 0.930986 0.345234 0.549772 25.111994 23.295391 23.295391
0.270283 0.117671 1.000000 0.305140 0.708075 25.111994 23.295391 23.295391
0.000000 0.106096 0.543244 1.000000 0.609664 25.111994 23.295391 23.295391
0.303788 0.080468 0.845509 0.995054 0.289006 25.111994 23.295391 23.295391
0.131399 0.032223 0.602295 1.000000 0.716049 25.111994 23.295391 23.295391
0.134634 0.112133 0.591824 0.000000 0.302696 25.111994 23.295391 23.295391
0.287514 0.061193 0.559256 0.771265 0.061396 25.111994 23.295391 23.295391
0.077102 0.017466 0.535969 0.129645 0.876475 25.111994 23.295391 23.295391
0.613814 0.017866 0.295075 0.684330 0.082290 0.007139 0.001760 0.001760
0.107020 0.152782 0.689597 0.827917 1.000000 25.111994 23.295391 23.295391
0.170148 0.046484 0.603156 0.155936 0.000000 25.111994 23.295391 23.295391
0.200882 0.069092 0.647235 0.935201 0.151119 25.111994 23.295391 23.295391
0.327647 0.151822 0.982527 0.889745 0.194979 25.111994 23.295391 23.295391
0.189221 0.178119 0.856165 0.866713 1.000000 25.111994 23.295391 23.295391
0.310773 0.000000 0.998215 0.338980 0.894464 25.111994 23.295391 23.295391
0.180649 0.181480 0.853200 0.000000 0.134818 25.111994 23.295391 23.295391
0.330049 0.009380 0.535304 0.511734 0.691481 25.111994 23.295391 23.295391
0.019280 0.144678 0.751758 0.174773 0.535225 25.111994 23.295391 23.295391
0.130627 0.000000 0.924340 0.186247 0.000000 25.111994 23.295391 23.295391
0.144117 0.156599 0.600937 0.006363 1.000000 25.111994 23.295391 23.295391
0.082004 0.000000 1.000000 0.197882 0.885743 25.111994 23.295391 23.295391
0.061453 0.117012 0.532545 0.165230 0.774746 25.111994 23.295391 23.295391
0.249985 0.166038 0.766766 0.292036 0.765649 25.111994 23.295391 23.295391
0.089780 0.164393 0.833812 0.828541 0.844120 25.111994 23.295391 23.295391
0.232333 0.000000 0.729244 0.097962 0.586234 25.111994 23.295391 23.295391
0.215739 0.156019 1.000000 0.631807 0.506873 25.111994 23.295391 23.295391
0.154835 0.016133 0.978959 0.658677 0.547697 25.111994 23.295391 23.295391
0.000000 0.042072 0.603840 0.979057 0.102621 25.111994 23.295391 23.295391
0.000000 0.000000 0.913038 0.450308 1.000000 25.111994 23.295391 23.295391
0.137073 0.000000 0.895062 0.642966 0.173348 25.111994 23.295391 23.295391
0.015297 0.178915 0.767864 0.146072 0.178724 25.111994 23.295391 23.295391
0.169978 0.102187 0.638723 0.981635 0.255761 25.111994 23.295391 23.295391
0.206127 0.069341 0.736232 0.358944 0.438917 25.111994 23.295391 23.295391
0.262671 0.070961 0.757446 0.000000 0.027563 25.111994 23.295391 23.295391
0.016289 0.119822 0.849800 0.641601 0.815089 25.111994 23.295391 23.295391
0.338248 0.000000 0.612007 0.691765 0.506998 25.111994 23.295391 23.295391
0.307931 0.050993 0.695466 0.079044 0.123374 25.111994 23.295391 23.295391
0.245201 0.057728 0.641972 0.356366 0.364886 25.111994 23.295391 23.295391
0.044661 0.092186 0.634031 0.000984 0.428212 25.111994 23.295391 23.295391
0.224556 0.000000 0.588671 0.297371 0.133743 25.111994 23.295391 23.295391
0.259430 0.000000 0.948658 0.718950 0.009306 25.111994 23.295391 23.295391
0.336367 0.030576 0.771271 0.305320 0.875051 25.111994 23.295391 23.295391
0.148856 0.000000 0.781644 0.170835 0.385438 25.111994 23.295391 23.295391
0.000000 0.175920 0.539444 1.000000 0.770686 25.111994 23.295391 23.295391
0.268657 0.107025 0.632787 0.303739 0.168811 25.111994 23.295391 23.295391
0.059659 0.111030 1.000000 0.197799 0.425235 25.111994 23.295391 23.295391
0.000000 0.000000 0.910589 0.256118 0.624510 25.111994 23.295391 23.295391
0.170698 0.099369 0.976376 0.617390 0.959244 25.111994 23.295391 23.295391
0.253502 0.067640 0.835480 0.955059 0.673182 25.111994 23.295391 23.295391
0.188588 0.168448 0.632027 0.168432 0.286998 25.111994 23.295391 23.295391
0.272925 0.115246 0.912615 0.196916 0.322473 25.111994 23.295391 23.295391
0.000000 0.000000 0.681409 0.022395 0.772431 25.111994 23.295391 23.295391
