# gen=400 mediating population
# x0..x(D-1) f0 f1 consensus
0.328579 0.368797 0.528833 0.342911 0.328808 9.320684 9.320684 9.320684
0.566553 0.449489 0.157355 0.715416 0.396834 40.581486 38.753921 38.753921
0.161882 0.462885 0.362383 0.706256 0.963220 9.320684 9.320684 9.320684
0.375971 0.568777 0.448837 0.721978 0.232078 9.320684 9.320684 9.320684
0.995214 0.846827 0.481653 0.294436 0.582453 9.320684 9.320684 9.320684
0.637409 0.122162 0.537177 0.381730 0.139133 9.320684 9.320684 9.320684
0.596959 0.874444 0.900681 0.147773 0.172000 21.196646 19.279090 19.279090
0.732497 0.786228 0.520613 0.194272 0.662254 9.320684 9.320684 9.320684
0.255740 0.386695 0.719827 0.782246 0.789514 10.340250 18.463027 10.340250
0.000000 0.778904 0.405171 0.735675 0.359047 9.320684 9.320684 9.320684
0.501846 0.937954 0.654210 0.148964 0.091203 9.320684 9.320684 9.320684
0.645514 0.907654 0.739506 0.172473 0.191476 10.145537 10.456851 10.145537
0.228497 0.174635 1.000000 1.000000 0.762038 9.320684 9.320684 9.320684
0.353777 0.672079 0.750080 0.575190 0.541930 9.320684 9.320684 9.320684
0.357934 0.244851 0.262918 0.727043 0.345087 23.126755 22.041916 22.041916
0.105442 0.286382 0.038719 0.642308 0.889725 9.320684 9.320684 9.320684
0.597068 0.807830 0.503919 0.341966 0.673849 9.320684 9.320684 9.320684
0.713120 0.450141 0.359211 0.525363 0.781450 9.320684 9.320684 9.320684
0.215965 0.375003 0.817718 0.743263 0.717303 11.944365 9.590829 9.590829
0.044681 0.261182 0.748091 0.656658 0.127502 9.320684 9.320684 9.320684
0.723325 0.641273 0.017721 0.342067 0.355800 9.320684 9.320684 9.320684
0.185968 0.590738 0.473409 0.470201 0.117823 9.320684 9.320684 9.320684
0.099026 0.589640 0.596074 0.590984 0.223575 9.320684 9.320684 9.320684
0.626660 0.417994 0.072991 0.751449 0.300453 13.451236 14.304362 13.451236
0.016058 0.589659 0.747939 0.849041 0.131139 9.320684 9.320684 9.320684
0.292133 0.260749 0.206938 0.392072 0.319844 12.492881 17.783375 12.492881
0.219330 0.186536 0.252645 0.510118 0.174311 9.556323 17.245458 9.556323
0.339145 0.266604 0.203735 0.597066 0.260904 46.864390 61.049153 46.864390
0.166128 0.138848 0.958178 0.564569 0.034402 9.320684 9.320684 9.320684
0.442277 0.086599 0.646334 0.598790 0.081115 9.320684 9.320684 9.320684
0.717176 0.502402 0.096347 0.660405 0.000000 9.320684 9.400860 9.320684
0.203404 0.245452 0.782572 0.523770 0.921763 9.320684 9.320684 9.320684
0.339537 0.000000 0.000000 0.726364 0.960436 9.320684 9.320684 9.320684
0.091562 0.436134 0.520140 0.966036 0.980126 9.320684 9.320684 9.320684
0.263233 0.848419 0.787639 0.696680 0.253397 9.320684 9.320684 9.320684
0.278790 0.189814 0.120702 0.824385 0.297399 9.320684 9.320684 9.320684
0.956996 0.514875 0.116457 0.128085 0.882842 9.320684 9.320684 9.320684
0.995128 0.409297 0.453966 0.428257 0.233588 9.320684 9.320684 9.320684
0.495249 0.758900 0.726709 0.176720 0.687692 9.320684 9.320684 9.320684
0.055370 0.674940 0.648572 0.563437 0.000000 9.320684 9.320684 9.320684
0.610572 0.469585 0.161742 0.623513 0.149028 11.949375 11.442127 11.442127
0.327716 0.445936 0.215065 0.299513 0.735274 9.320684 9.320684 9.320684
0.310679 0.434888 0.101218 0.750599 0.405224 9.320684 9.320684 9.320684
0.187691 0.227909 0.154702 0.343992 0.819290 9.320684 9.320684 9.320684
0.117629 0.785879 0.867415 0.768032 0.666087 14.174040 12.026622 12.026622
0.351971 0.430638 0.301988 0.734664 0.481242 9.320684 9.320684 9.320684
0.449340 0.143439 0.262851 0.047979 0.105637 9.320684 9.320684 9.320684
0.539007 0.187467 0.668958 0.802880 0.343194 16.508948 15.365253 15.365253
0.255652 0.751125 0.681772 0.947826 0.158591 9.320684 9.320684 9.320684
0.000000 0.982220 0.701928 0.622159 0.223070 9.320684 9.320684 9.320684
0.092347 0.099836 0.995788 0.421889 0.359980 9.320684 9.320684 9.320684
0.125566 0.419391 0.895871 0.824599 0.391901 9.320684 9.320684 9.320684
0.269875 0.295094 0.176858 0.474310 0.223834 34.858795 30.423942 30.423942
0.792876 0.243784 0.517546 0.520526 0.000000 9.320684 9.320684 9.320684
0.815123 0.809213 0.602045 0.325898 0.469107 9.320684 9.320684 9.320684
0.462693 0.025982 0.767349 0.864449 0.749073 9.320684 9.320684 9.320684
0.675183 0.245400 0.830085 0.660060 0.571855 9.320684 9.320684 9.320684
0.757540 0.450204 0.213323 0.725933 0.212412 9.320684 9.320684 9.320684
0.435907 0.036030 0.272552 0.895385 0.426060 9.320684 9.320684 9.320684
0.187724 0.051342 0.176571 0.248120 0.878876 9.320684 9.320684 9.320684
0.098473 0.930794 0.515964 0.931114 0.933802 9.320684 9.320684 9.320684
0.506376 0.788449 0.478022 0.109564 0.358845 9.320684 9.320684 9.320684
0.337509 0.280785 0.090074 0.332726 0.084614 9.604714 9.523149 9.523149
0.234070 0.545152 0.559336 0.966349 0.493179 9.646616 9.320684 9.320684
0.928294 0.133617 0.606580 0.498755 0.781784 9.320684 9.320684 9.320684
0.222200 0.061631 0.149852 0.509784 0.332848 9.320684 9.320684 9.320684
0.043465 0.304121 0.000000 0.693301 0.000000 9.320684 9.320684 9.320684
0.343801 0.155965 0.557751 0.556135 0.946782 9.320684 9.320684 9.320684
0.532130 0.221635 0.318608 0.409862 0.529901 9.320684 9.320684 9.320684
0.635058 0.287667 0.132082 0.825213 0.647270 9.320684 11.267331 9.320684
0.276716 0.601833 0.694305 0.478064 0.128226 9.320684 9.320684 9.320684
0.458736 0.512794 0.355478 0.989865 0.029748 9.320684 9.320684 9.320684
0.461813 0.031792 0.781680 0.510619 0.309521 9.320684 9.320684 9.320684
0.241085 0.373587 0.204001 0.165398 0.593015 9.320684 9.375115 9.320684
0.203765 0.568460 0.161063 0.364561 0.073309 9.320684 9.320684 9.320684
0.353716 0.475786 0.654386 0.439011 0.000000 9.320684 9.320684 9.320684
0.608004 0.464873 0.212775 0.613080 0.404628 13.181111 12.628159 12.628159
0.277235 0.438238 0.767108 0.498864 0.989180 9.320684 9.320684 9.320684
0.935703 0.443324 0.169002 0.398418 0.779917 9.320684 9.320684 9.320684
0.135455 0.312537 0.138887 0.918771 0.530815 9.320684 9.320684 9.320684
0.946265 0.943961 0.584782 0.292797 0.666397 9.320684 9.320684 9.320684
0.357238 0.447833 0.364353 0.931552 0.140225 9.320684 9.320684 9.320684
0.001728 0.751098 0.833311 0.727043 0.278568 9.320684 9.320684 9.320684
0.128528 0.839293 1.000000 0.783592 0.740941 10.754141 9.798780 9.798780
0.942423 0.677799 0.710723 0.295855 0.019871 9.320684 9.320684 9.320684
0.559265 0.894610 0.627229 0.233749 0.000000 9.320684 9.320684 9.320684
0.389074 0.321867 0.765713 0.694110 0.114874 9.320684 9.320684 9.320684
0.173762 0.244764 0.706950 0.673026 0.428493 9.320684 9.320684 9.320684
0.625461 0.103174 0.443844 0.847524 0.147159 9.320684 9.320684 9.320684
0.055573 0.845255 0.402051 0.561570 0.885778 9.320684 9.320684 9.320684
0.189840 0.122852 0.086895 0.796396 0.067968 9.320684 9.320684 9.320684
0.427472 0.398092 0.717492 0.507461 0.128768 9.320684 9.320684 9.320684
0.087939 0.208193 0.268903 0.848020 0.962630 9.320684 9.320684 9.320684
0.459030 0.416092 0.000000 0.487987 0.236079 9.320684 9.320684 9.320684
0.179363 0.344777 0.254631 0.118343 0.686451 9.320684 9.320684 9.320684
0.122054 0.810682 0.731817 0.622892 0.441349 9.320684 9.320684 9.320684
0.244452 0.478449 0.541030 0.627763 0.961208 9.320684 9.320684 9.320684
0.091304 0.915626 0.910570 0.995318 0.411457 9.320684 9.320684 9.320684
0.119238 0.559010 0.951783 0.852381 0.744867 9.320684 9.320684 9.320684
0.046999 0.368784 0.014471 0.991025 0.825067 9.320684 9.320684 9.320684
0.252284 0.381896 0.692199 0.638716 0.461738 9.320684 9.320684 9.320684
0.628197 0.043981 0.687082 0.633081 0.875852 9.320684 9.320684 9.320684
0.498297 0.587431 0.067902 0.748297 0.360168 9.320684 9.320684 9.320684
0.956373 0.551995 0.118689 0.631399 0.941598 9.320684 9.320684 9.320684
0.146936 0.623150 0.426155 0.834297 0.037960 9.320684 9.320684 9.320684
0.126628 0.805084 0.584259 0.699529 0.708509 9.320684 9.320684 9.320684
0.166542 0.235504 0.320243 0.293874 0.358308 9.454483 9.320684 9.320684
0.408902 0.515224 0.361589 0.555391 0.050108 9.320684 9.320684 9.320684
0.383807 0.219370 0.126334 0.923261 0.245694 9.320684 9.320684 9.320684
0.133495 0.578346 0.031542 0.294476 0.694712 9.320684 9.320684 9.320684
0.356534 0.243673 0.152120 0.710875 0.278390 12.037110 9.624588 9.624588
0.596323 0.141617 0.568901 0.646852 0.046005 9.320684 9.320684 9.320684
0.373948 0.557589 0.529738 0.242299 0.436370 9.320684 9.320684 9.320684
0.403601 0.000000 0.504342 0.692927 0.958905 9.320684 9.320684 9.320684
0.076492 0.167812 0.387066 1.000000 0.000000 9.320684 9.320684 9.320684
0.308890 0.340242 0.410738 0.486527 0.672711 9.320684 9.320684 9.320684
0.709829 0.914684 0.556397 0.103026 0.363073 9.320684 9.320684 9.320684
0.287200 0.471895 0.554307 0.775276 0.270284 9.320684 9.320684 9.320684
0.253660 0.340633 0.789743 0.865799 0.711428 9.881642 9.444812 9.444812
0.321328 0.126019 0.147344 0.702350 0.163568 9.320684 10.754373 9.320684
0.705783 0.558518 0.179585 0.734366 0.396692 9.320684 9.653254 9.320684
0.376496 0.862298 0.433134 0.904404 0.641272 9.320684 9.320684 9.320684
0.325396 0.260500 0.100547 0.480532 0.890711 9.320684 9.320684 9.320684
0.277257 0.583963 0.606078 0.722277 0.861854 9.320684 9.320684 9.320684
0.718393 0.976522 0.869956 0.530671 0.166553 9.320684 9.320684 9.320684
0.370759 0.121497 0.898750 0.792472 0.553240 9.320684 9.320684 9.320684
0.562071 0.289435 0.600820 0.532010 0.384888 9.320684 9.320684 9.320684
0.043790 0.238990 0.951800 0.834390 0.384318 9.320684 9.320684 9.320684
0.812283 0.244835 0.474660 0.450333 0.452780 9.320684 9.320684 9.320684
0.078677 0.758686 0.874957 0.659998 0.438552 9.320684 9.320684 9.320684
0.749941 0.619300 0.813746 0.641595 0.563371 9.320684 9.320684 9.320684
0.243775 0.334545 0.556640 0.726868 0.058130 9.320684 9.320684 9.320684
0.206500 0.516824 0.793414 0.653112 0.536373 9.320684 9.320684 9.320684
0.346915 0.231703 0.194607 0.504920 0.558985 9.320684 9.320684 9.320684
0.260239 1.000000 1.000000 0.699334 0.408061 9.320684 9.320684 9.320684
0.771361 0.310897 0.392927 0.336804 0.725738 9.320684 9.320684 9.320684
0.312949 0.589397 0.744831 0.867432 0.609620 9.320684 9.320684 9.320684
0.995677 0.633851 0.253179 0.209171 0.163462 9.320684 9.320684 9.320684
0.431060 0.707360 0.888959 0.463563 0.247247 9.320684 8.481033 8.481033
0.163155 0.061640 0.333504 0.412785 0.110188 9.320684 9.320684 9.320684
0.594280 0.773546 0.851003 0.300820 0.634589 9.320684 9.320684 9.320684
0.151708 0.018393 0.000000 0.882262 0.847320 9.320684 9.320684 9.320684
0.835997 0.105865 0.775625 0.442549 0.788639 9.320684 9.320684 9.320684
0.368078 0.316237 0.125541 0.431032 0.160812 13.236757 14.046141 13.236757
0.528557 0.511569 0.762063 0.428908 0.367267 9.320684 9.320684 9.320684
0.386838 0.250793 0.268454 0.999549 0.581826 9.320684 9.320684 9.320684
0.362706 0.122517 0.000000 0.552185 0.175211 9.320684 9.320684 9.320684
0.317154 0.185886 0.714407 0.835161 0.822687 9.320684 9.320684 9.320684
0.310229 0.386764 0.364342 0.370241 0.647683 9.320684 9.320684 9.320684
0.394212 0.511011 0.254161 0.889355 0.397136 9.320684 9.320684 9.320684
0.341057 0.683404 0.860903 0.754665 0.189041 9.320684 9.320684 9.320684
0.388177 0.576434 0.315445 0.721132 0.099289 9.320684 9.320684 9.320684
0.629193 0.351956 0.552798 0.495006 0.612837 9.320684 9.320684 9.320684
0.102517 0.508929 0.290604 0.900736 0.696008 9.320684 9.320684 9.320684
0.932423 0.405417 0.277693 0.641682 0.576708 9.320684 9.320684 9.320684
0.134036 0.142144 0.734909 0.732777 0.293718 9.320684 9.320684 9.320684
0.446005 1.000000 0.756227 0.589838 0.780804 9.320684 9.320684 9.320684
0.540628 0.178817 0.687415 0.567436 0.744313 9.320684 9.320684 9.320684
0.482955 0.201954 0.325344 0.729024 0.119191 9.320684 9.320684 9.320684
0.450475 0.150565 0.075757 0.871698 0.157198 9.320684 9.320684 9.320684
0.201105 0.474960 0.318872 0.452344 0.718661 9.320684 9.320684 9.320684
0.191393 0.548897 0.227807 1.000000 0.622546 9.320684 9.320684 9.320684
0.910369 0.699303 0.579523 0.325791 0.829347 9.320684 9.320684 9.320684
0.771754 0.080936 0.447133 0.647544 0.726839 9.320684 9.320684 9.320684
0.083779 0.325840 0.885221 0.417051 0.706849 9.320684 9.320684 9.320684
0.900810 0.359359 0.022141 0.507477 0.968588 9.320684 9.320684 9.320684
0.445775 0.044913 0.670752 0.842604 0.000000 9.320684 9.320684 9.320684
0.905545 0.709812 0.423271 0.514748 0.650458 9.320684 9.320684 9.320684
0.869595 0.536985 0.102102 0.045573 0.352602 9.320684 9.320684 9.320684
0.922366 0.010064 0.531722 0.861032 0.394862 9.320684 9.320684 9.320684
0.213381 0.535198 0.073689 0.267687 0.186566 9.320684 9.320684 9.320684
0.943684 0.835246 0.546481 0.340396 0.691707 9.320684 9.320684 9.320684
0.875802 0.404864 0.152778 0.516741 0.661608 9.320684 9.320684 9.320684
0.513424 0.592606 0.584722 0.608388 0.242649 9.320684 9.320684 9.320684
0.249349 0.343909 0.983005 0.853649 0.783446 9.320684 9.320684 9.320684
0.012066 0.201346 0.122047 0.806774 0.000000 9.320684 9.320684 9.320684
0.807621 0.155175 0.931438 0.989388 0.783710 9.320684 9.320684 9.320684
0.849610 0.777471 0.891809 0.108137 0.292960 9.320684 9.320684 9.320684
0.016564 0.453537 0.442814 0.525939 0.843307 9.320684 9.320684 9.320684
0.701529 0.258255 0.543100 0.804002 0.621832 9.320684 9.320684 9.320684
0.788462 0.201237 0.580292 0.685144 0.017089 9.320684 9.320684 9.320684
0.721383 0.659957 0.937706 0.415022 0.708597 9.320684 9.320684 9.320684
0.612712 0.163262 0.652976 0.643394 0.307928 9.320684 9.320684 9.320684
0.310959 0.000000 0.131154 0.526542 1.000000 9.320684 9.320684 9.320684
0.591363 0.591796 0.095004 0.619499 0.000000 9.402425 9.393103 9.393103
0.762833 0.157089 0.318876 0.775927 0.274999 9.320684 9.320684 9.320684
0.479855 0.370736 0.165628 0.428688 0.000000 9.320684 9.320684 9.320684
0.223965 0.866095 0.658841 0.709893 0.725830 10.546593 9.320684 9.320684
0.381749 0.636234 0.812135 0.559170 0.946870 9.320684 9.320684 9.320684
0.378836 0.286516 0.817684 0.572222 0.973205 9.320684 9.320684 9.320684
0.553554 0.531310 0.108772 0.692036 0.173444 12.307788 10.701755 10.701755
0.852294 0.670005 0.393167 0.058761 0.714710 9.320684 9.320684 9.320684
0.344979 0.127342 0.374394 0.862502 0.532993 9.887788 9.320684 9.320684
0.326654 0.101606 0.181746 0.397986 0.628604 9.320684 9.320684 9.320684
0.145252 0.187633 0.000000 0.138799 0.383680 9.320684 9.320684 9.320684
0.766091 0.080454 0.720755 0.519777 0.748090 9.320684 9.320684 9.320684
0.306650 0.138463 0.152720 0.799317 0.430374 9.320684 9.320684 9.320684
0.051102 0.908441 0.677860 0.939469 0.447432 9.320684 9.320684 9.320684
0.939547 0.812065 0.654619 0.109643 0.474398 9.320684 9.320684 9.320684
0.161564 0.372341 1.000000 0.435020 0.176980 9.320684 9.320684 9.320684
0.455323 0.647853 0.346239 0.880820 0.026689 9.320684 9.320684 9.320684
0.632550 0.509287 0.071616 0.723831 0.432392 13.976211 16.405289 13.976211
0.697089 0.214157 0.564099 0.492272 0.280096 9.320684 9.320684 9.320684
0.619336 0.480800 0.437673 0.413771 0.305099 9.320684 9.320684 9.320684
0.805853 0.648413 0.141807 0.287960 0.254843 9.320684 9.320684 9.320684
0.611500 0.404136 0.207705 0.642013 0.291275 21.434084 11.850182 11.850182
0.928314 0.471901 0.779346 0.350954 0.516822 9.320684 9.320684 9.320684
0.366356 0.103319 0.727126 0.560679 0.841029 9.320684 9.320684 9.320684
0.190007 0.335142 0.165565 0.416574 0.048853 9.891772 10.389832 9.891772
0.000000 0.000000 0.070631 1.000000 0.494712 9.320684 9.320684 9.320684
0.380090 0.389884 0.508140 0.489886 0.173634 9.320684 9.320684 9.320684
0.448351 0.004195 0.504843 0.585949 0.094963 9.320684 9.320684 9.320684
0.084279 0.540427 0.197751 0.081236 0.448361 9.320684 9.320684 9.320684
0.288416 0.097765 0.875987 0.676728 0.741632 9.320684 9.320684 9.320684
0.974903 0.333160 0.203736 0.022259 0.905050 9.320684 9.320684 9.320684
0.994128 0.355428 0.723769 0.419306 0.327910 9.320684 9.320684 9.320684
0.198608 0.915843 0.947461 0.520396 0.023990 9.320684 9.320684 9.320684
0.162103 0.442005 0.128166 0.415480 0.598269 9.320684 9.320684 9.320684
0.570732 0.684092 0.476043 0.314648 0.284544 9.320684 9.320684 9.320684
0.088639 0.339710 0.643466 0.833750 0.449158 9.320684 9.320684 9.320684
0.085080 0.087801 0.383437 0.512195 0.003028 9.320684 9.320684 9.320684
0.970917 0.509990 0.227172 0.144877 0.189210 9.320684 9.320684 9.320684
0.431860 0.378176 0.606294 0.999358 0.662558 9.320684 9.320684 9.320684
0.745330 0.118269 0.839233 0.535457 0.588693 9.320684 9.320684 9.320684
0.874671 0.650395 0.733280 0.536863 0.679789 9.320684 9.320684 9.320684
0.011208 0.543763 0.745749 0.626948 0.227373 9.320684 9.320684 9.320684
0.696370 0.615764 0.700941 0.359421 0.914660 9.320684 9.320684 9.320684
0.377155 0.214653 0.389027 0.455721 0.856726 9.320684 9.320684 9.320684
0.813862 0.114775 0.394521 0.957305 0.828562 9.320684 9.320684 9.320684
0.366657 1.000000 1.000000 0.748361 0.754837 9.320684 9.320684 9.320684
0.527376 0.020755 0.544165 0.912497 0.211098 9.320684 9.320684 9.320684
0.254754 0.606305 0.537068 0.580665 0.721679 9.320684 9.320684 9.320684
0.891326 0.595526 0.783678 0.360316 0.667196 9.320684 9.320684 9.320684
0.255819 0.000000 0.810909 0.428288 0.525654 9.320684 9.320684 9.320684
0.652315 0.754939 0.703220 0.138765 0.061720 9.320684 9.320684 9.320684
0.338219 1.000000 0.962094 0.845782 0.836204 9.320684 9.320684 9.320684
0.517330 0.223183 0.740053 0.979245 0.942697 9.320684 9.320684 9.320684
0.582183 0.408927 0.023585 0.140236 0.484348 9.320684 9.320684 9.320684
0.261722 0.102277 0.893399 0.699919 0.229302 9.320684 9.320684 9.320684
0.276356 0.406466 0.523731 0.547469 0.818530 9.320684 9.320684 9.320684
0.346546 0.000000 0.545832 0.328436 0.606442 9.320684 9.320684 9.320684
0.480998 0.770042 0.444650 0.256700 0.097980 9.320684 9.320684 9.320684
0.013632 0.491932 0.024059 0.756086 0.499867 9.320684 9.320684 9.320684
0.798988 0.951214 0.496296 0.015907 0.804865 9.320684 9.320684 9.320684
0.316015 0.143750 0.318094 0.259108 0.704331 9.320684 9.320684 9.320684
0.982669 0.854667 0.333861 0.504719 0.633386 9.320684 9.320684 9.320684
0.452256 0.314403 0.334301 0.961093 0.295088 9.320684 9.320684 9.320684
0.389635 0.322546 0.000000 0.000000 0.521997 9.320684 9.320684 9.320684
0.414366 0.214231 0.259387 0.831198 0.507130 9.385306 10.301200 9.385306
0.038406 0.404681 0.662111 0.579603 0.039618 9.320684 9.320684 9.320684
0.405221 0.900259 0.853195 0.530151 0.550066 9.320684 9.320684 9.320684
0.275656 0.055814 0.983791 1.000000 0.615217 9.320684 9.320684 9.320684
0.435062 0.261940 0.769972 0.751979 0.192326 9.320684 9.320684 9.320684
0.640266 0.550128 0.495200 0.446623 0.000000 9.320684 9.320684 9.320684
0.710250 0.220201 0.388112 0.992238 0.950042 9.320684 9.320684 9.320684
0.319908 0.871607 0.388725 0.840486 0.864000 9.320684 9.320684 9.320684
0.397501 0.504220 0.372065 0.811719 1.000000 9.320684 9.320684 9.320684
0.368082 0.766201 0.557697 0.679457 0.751387 9.320684 9.320684 9.320684
0.904034 0.813671 0.675714 0.058549 0.850658 9.320684 9.320684 9.320684
0.562766 0.369438 0.400955 0.372854 0.391838 9.320684 9.320684 9.320684
0.304021 0.856520 0.474958 0.598914 0.887797 9.320684 9.320684 9.320684
0.201409 0.130390 0.382022 0.419943 0.664100 9.320684 9.320684 9.320684
0.424436 0.514736 0.347008 0.472977 0.491014 9.320684 9.320684 9.320684
0.344093 0.259477 0.905148 0.749852 0.758638 9.548815 9.320684 9.320684
0.880968 0.309849 0.857628 0.435676 0.200881 9.320684 9.320684 9.320684
0.657489 0.952621 0.651211 0.046270 0.255606 9.320684 9.320684 9.320684
0.383970 0.790630 0.985280 0.781496 0.613472 9.320684 9.320684 9.320684
0.098845 0.622375 0.853141 0.664699 0.114493 9.320684 9.320684 9.320684
0.301483 0.350010 0.646428 0.498733 0.022454 9.320684 9.320684 9.320684
0.097456 0.126357 0.981482 0.991791 0.215229 9.320684 9.320684 9.320684
0.919643 0.413786 0.399554 0.741435 0.468931 9.320684 9.320684 9.320684
0.502770 0.138221 0.505508 0.952079 0.059644 9.320684 9.320684 9.320684
0.323487 0.161743 0.266876 0.510447 0.409854 9.626112 9.320684 9.320684
0.308756 0.905619 0.930609 0.788044 1.000000 9.320684 9.320684 9.320684
0.475084 0.149282 0.288309 0.433889 0.946478 9.320684 9.320684 9.320684
0.614735 0.507380 0.131105 0.695494 0.290568 16.064584 30.237136 16.064584
0.458289 0.508763 0.823911 0.388846 0.719087 9.320684 9.320684 9.320684
0.336853 0.346364 0.143759 0.647598 0.093821 12.669191 12.284603 12.284603
0.353420 0.164050 0.494148 0.635183 0.784894 9.320684 9.320684 9.320684
0.420709 0.324229 0.635498 0.870534 0.479231 9.320684 9.320684 9.320684
0.046139 0.907863 0.950857 0.677942 0.993929 9.320684 9.320684 9.320684
0.171991 0.213504 0.904138 0.799940 0.716066 9.320684 9.320684 9.320684
0.510749 0.877268 0.562920 0.133516 0.536893 9.320684 9.320684 9.320684
0.270286 0.294368 0.206530 0.572161 0.134964 17.213073 34.992749 17.213073
0.594838 0.335384 0.291750 0.131126 0.895567 9.320684 9.320684 9.320684
0.504958 0.926526 0.518414 0.395269 0.122242 9.320684 9.320684 9.320684
0.281375 0.414904 0.396712 0.664953 0.845040 9.320684 9.320684 9.320684
0.263464 0.650890 0.954018 0.699930 0.326926 9.320684 9.320684 9.320684
0.904121 0.299283 0.384154 0.386418 0.082743 9.320684 9.320684 9.320684
0.621665 0.810911 0.625849 0.072923 0.960675 9.320684 9.320684 9.320684
0.539192 0.025310 0.414529 0.553223 0.542528 9.320684 9.320684 9.320684
0.849505 0.615375 0.690238 0.522557 0.058105 9.320684 9.320684 9.320684
0.085132 0.479123 0.377599 0.768004 0.173898 9.320684 9.320684 9.320684
0.696817 0.607394 0.060327 0.042437 0.111147 9.320684 9.320684 9.320684
0.287514 0.061193 0.559256 0.771265 0.061396 9.320684 9.320684 9.320684
0.553106 0.157740 0.856086 0.788335 0.984416 9.320684 9.320684 9.320684
0.478093 0.806938 0.573109 0.358033 0.284393 9.320684 9.320684 9.320684
0.345476 0.398043 0.095666 0.535712 0.000000 10.276455 9.839900 9.839900
0.043747 0.348093 0.031975 0.090806 0.993161 9.320684 9.320684 9.320684
0.269537 0.851938 0.558065 0.798302 0.331800 9.320684 9.320684 9.320684
