# gen=500 CA size=200
# x0..x(D-1) consensus
0.824655 0.850929 0.257897 23.086902
0.560772 0.970419 0.495880 35.979459
0.301030 0.873274 0.799926 44.179102
0.935381 0.859167 0.426821 21.007127
0.257201 0.909977 0.878921 48.879207
0.300842 0.329190 0.900800 27.867793
0.519328 1.000000 0.518573 34.316363
0.901136 0.248722 0.704744 47.665524
0.367185 0.130873 0.239490 55.254111
0.600478 0.405592 0.070682 35.347890
0.186241 0.736189 0.752081 23.086902
0.329302 0.100288 0.201265 60.626096
0.724147 0.595156 0.169259 23.086902
0.950750 0.097505 0.396808 23.086902
0.629964 0.461403 0.435935 23.086902
0.676985 0.776136 0.836098 23.086902
0.359905 0.273344 0.201672 49.544591
0.615646 0.432031 0.144179 36.008679
0.360137 0.231470 0.231839 35.235183
0.309843 0.265374 0.165676 39.843130
0.318762 0.168653 0.159692 28.624868
0.272267 0.898481 0.834980 66.305856
0.551295 0.907042 0.619128 39.595572
0.309173 0.347007 0.874895 46.462960
0.351876 0.209039 0.214412 67.574576
0.344911 0.161856 0.216245 83.927436
0.326159 0.356055 0.920633 32.488124
0.334269 0.018907 0.236531 57.855299
0.324323 0.055742 0.223899 71.161184
0.370443 0.305080 0.193532 41.845786
0.327910 0.239463 0.158297 29.551953
0.306213 0.008310 0.228261 54.841692
0.376383 0.041294 0.242678 35.718360
0.328778 0.848103 0.748019 33.662439
0.337360 0.051884 0.198706 32.215932
0.325263 0.246391 0.203741 52.566601
0.364248 0.241204 0.207883 56.668068
0.339603 0.314946 0.900401 32.746808
0.588561 0.422178 0.163299 50.064786
0.568712 0.930153 0.530513 49.041932
0.536909 0.969025 0.489476 33.951174
0.543722 0.992378 0.474366 31.768258
0.884043 0.262427 0.665873 31.465402
0.316864 0.877021 0.736361 55.640791
0.373754 0.353800 0.183495 33.994574
0.606966 0.440988 0.098333 58.530975
0.541779 0.941296 0.592145 44.488939
0.556733 0.907351 0.599714 59.696063
0.345409 0.262533 0.201840 53.400968
0.388303 0.375282 0.187762 29.802372
0.365366 0.324504 0.190482 39.086161
0.559947 0.912942 0.541768 50.834733
0.247210 0.911612 0.906534 32.014553
0.331299 0.036932 0.230090 66.659029
0.311554 0.143812 0.191739 71.811432
0.280865 0.244528 0.161401 33.837265
0.300333 0.160005 0.191314 63.847549
0.343117 0.306392 0.184068 44.524709
0.566094 0.458687 0.141887 46.382935
0.364175 0.161876 0.237127 56.299351
0.282536 0.028907 0.209989 53.325979
0.287523 0.244823 0.183468 35.969472
0.313115 0.928409 0.703511 30.789389
0.312325 0.324571 0.168161 35.612076
0.534599 1.000000 0.480604 32.601254
0.315165 0.310615 0.850014 73.486784
0.307962 0.356720 0.851086 39.015367
0.518082 0.974558 0.550706 42.343429
0.291601 0.893200 0.790510 80.269075
0.266920 0.101050 0.157234 30.046628
0.311523 0.171240 0.211318 57.067174
0.283109 0.000000 0.224153 48.605769
0.548965 0.415099 0.190572 39.620879
0.324418 0.271387 0.185166 52.820179
0.337688 0.141120 0.208832 85.420467
0.341850 0.000000 0.223758 47.337742
0.319593 0.894291 0.691284 40.758088
0.246073 0.035520 0.215691 28.507447
0.336039 0.319182 0.864284 60.854942
0.320167 0.353920 0.170868 32.821194
0.621045 0.457228 0.101605 37.088022
0.911210 0.218458 0.660197 78.850717
0.340579 0.075610 0.225373 70.929266
0.260828 0.000000 0.200190 36.559100
0.529990 0.937334 0.504190 30.575635
0.555620 0.880073 0.605667 31.484594
0.341303 0.832354 0.703047 28.219292
0.641471 0.426985 0.075828 35.576530
0.321670 0.311331 0.839203 79.693729
0.325220 0.312876 0.172390 42.816090
0.310418 0.293329 0.169259 40.063251
0.273375 0.920240 0.815785 68.559308
0.322208 0.330534 0.798127 31.740849
0.377617 0.197357 0.207386 46.201708
0.289993 0.911612 0.767740 75.412590
0.286367 0.928983 0.845209 37.635204
0.526840 0.989440 0.501680 37.708150
0.646073 0.464208 0.053914 32.587113
0.295065 0.109334 0.201306 66.694427
0.918910 0.233186 0.709777 49.781596
0.571019 0.437370 0.180614 43.019046
0.564518 0.932892 0.562292 76.541015
0.291902 0.088285 0.215226 56.670349
0.375223 0.131984 0.208595 42.103974
0.907568 0.233735 0.623664 44.568004
0.610632 0.457185 0.137517 32.004738
0.590642 0.443605 0.057018 33.533651
0.378782 0.317134 0.180324 31.572772
0.291597 0.292589 0.142534 29.444796
0.305804 0.000000 0.197990 34.417146
0.340342 0.350606 0.201807 27.700079
0.327164 0.291982 0.813544 67.688832
0.905277 0.225747 0.724635 44.759014
0.293989 0.276253 0.152399 32.481664
0.315745 0.200717 0.216479 41.273176
0.582135 0.427251 0.121359 79.124891
0.381819 0.107094 0.202452 31.199687
0.339028 0.225018 0.200158 67.100541
0.339521 0.204529 0.196589 68.757346
0.587567 0.464531 0.084436 34.422944
0.364298 0.100458 0.252013 46.036388
0.544359 0.955138 0.550876 61.649698
0.285896 0.068141 0.214131 52.779589
0.509900 1.000000 0.539523 34.455127
0.357675 0.298334 0.218119 31.263647
0.586433 0.456605 0.109181 46.856957
0.315281 0.206154 0.182684 60.396243
0.586633 0.898209 0.616316 39.002229
0.274763 0.197744 0.204321 30.920196
0.599580 0.417678 0.125527 70.850050
0.319779 0.121245 0.217771 80.693830
0.394095 0.053035 0.243342 29.268387
0.268546 0.000000 0.218819 39.177437
0.614491 0.443831 0.066612 44.142557
0.327186 0.347946 0.828128 35.151378
0.895639 0.220819 0.648237 63.436474
0.341216 0.316660 0.795672 28.668417
0.272679 0.164359 0.201063 36.332835
0.611230 0.421264 0.086113 46.223210
0.389121 0.158494 0.226066 40.293250
0.275807 0.123856 0.175678 45.054524
0.567116 0.409871 0.146035 85.039315
0.273265 0.011504 0.204749 45.960102
0.566078 0.895313 0.527470 33.024254
0.359786 0.380350 0.194565 30.207010
0.911469 0.227943 0.675859 66.201812
0.921492 0.213158 0.606517 40.008454
0.333734 0.875394 0.713787 37.777492
0.507461 0.945819 0.560785 27.684537
0.260572 0.214249 0.177176 28.564598
0.307320 0.900793 0.718411 57.444105
0.299048 0.050339 0.217252 67.039584
0.262813 0.189850 0.153765 30.524224
0.554789 0.954725 0.536773 59.374289
0.355720 0.013432 0.251769 42.078638
0.347418 0.000000 0.251052 44.212854
0.342869 0.076650 0.247057 41.473573
0.601683 0.429436 0.107304 71.076984
0.343053 0.100803 0.228093 73.941376
0.502033 1.000000 0.480749 29.097975
0.341222 0.283772 0.841403 46.168111
0.309226 0.907758 0.841310 27.848058
0.340248 0.322647 0.199525 35.408469
0.389644 0.331864 0.193809 33.836201
0.529287 0.951092 0.531239 42.666865
0.310642 0.036599 0.250295 29.759755
0.249807 0.126832 0.190067 29.891694
0.339082 0.175542 0.201914 78.294279
0.387724 0.292290 0.190700 36.406948
0.566423 0.901717 0.569081 57.648242
0.250714 0.149508 0.161787 28.529393
0.579490 0.900371 0.577628 81.357551
0.306829 0.889499 0.762278 68.332757
0.381491 0.108996 0.233156 42.585960
0.301984 0.074864 0.193557 56.398993
0.322769 0.177805 0.198319 80.117580
0.347998 0.338352 0.179850 38.047688
0.306379 0.926880 0.800465 34.203149
0.632613 0.438488 0.103813 39.540154
0.383478 0.209862 0.230482 48.010162
0.290571 0.122565 0.223486 43.203799
0.270740 0.954981 0.836172 41.924675
0.579870 0.434817 0.147654 59.481105
0.298896 0.340276 0.860194 32.545901
0.330963 0.079417 0.181855 28.164270
0.387791 0.289068 0.227931 33.878943
0.402456 0.232659 0.205508 31.374530
0.369679 0.186712 0.230691 63.399180
0.315090 0.133673 0.172659 32.497039
0.291659 0.866726 0.825120 38.979310
0.399590 0.224556 0.232316 34.466918
0.382170 0.270905 0.226575 38.911465
0.949671 0.196528 0.683258 34.478468
0.620361 0.416268 0.047954 28.136956
0.320998 0.088872 0.217250 80.990972
0.256855 0.959652 0.870239 38.229014
0.295213 0.226214 0.153847 29.234155
0.322270 0.847315 0.791054 27.756235
0.349247 0.207732 0.183303 44.802517
0.303138 0.946210 0.767792 29.893193
