# gen=400 mediating population
# x0..x(D-1) f0 f1 consensus
0.013068 0.504874 0.038309 23.086902 23.086902 23.086902
0.902730 0.633868 0.327569 23.086902 23.086902 23.086902
1.000000 0.199788 0.455736 23.086902 23.086902 23.086902
0.195701 0.574263 0.847477 23.086902 23.086902 23.086902
0.421422 0.956477 0.695861 23.086902 23.086902 23.086902
0.633344 0.682932 0.376900 23.086902 23.086902 23.086902
0.265465 0.666227 0.472800 23.086902 23.086902 23.086902
0.326918 0.519889 0.252286 23.086902 23.086902 23.086902
0.153658 0.380555 0.313859 23.086902 23.086902 23.086902
0.777834 0.511157 0.674030 23.086902 23.086902 23.086902
1.000000 0.352964 0.368882 23.086902 23.086902 23.086902
0.205795 0.479919 0.378227 23.086902 23.086902 23.086902
0.824655 0.850929 0.257897 72.714101 23.086902 23.086902
0.897027 0.584961 0.109650 23.086902 23.086902 23.086902
0.337688 0.141120 0.208832 85.420467 88.114488 85.420467
0.996781 0.086261 0.548548 23.086902 23.086902 23.086902
0.969657 0.273344 0.564832 23.323537 23.086902 23.086902
0.532732 0.837492 0.839837 23.086902 23.086902 23.086902
0.677957 0.540001 0.326291 23.086902 23.086902 23.086902
0.282568 0.587049 0.816695 23.086902 23.086902 23.086902
0.505671 0.647822 0.053475 23.086902 23.086902 23.086902
0.319527 0.594296 0.093453 20.144162 23.086902 20.144162
0.919643 0.214879 0.668160 83.546765 72.639892 72.639892
0.706380 1.000000 1.000000 23.086902 23.086902 23.086902
0.324233 0.318625 0.535043 23.086902 23.086902 23.086902
0.403928 0.973002 0.986613 23.086902 23.086902 23.086902
0.216027 0.281487 0.972245 23.086902 23.086902 23.086902
0.712699 0.220060 0.983236 23.086902 23.086902 23.086902
0.668886 0.013476 0.571971 23.086902 23.086902 23.086902
0.702698 0.138011 0.550365 23.086902 23.086902 23.086902
0.321670 0.311331 0.839203 82.837004 79.693729 79.693729
0.748432 0.125253 0.823301 23.086902 23.086902 23.086902
0.834479 0.577631 0.870540 23.086902 29.162526 23.086902
0.273375 0.920240 0.815785 83.511872 68.559308 68.559308
0.416054 0.272051 0.064403 23.086902 23.086902 23.086902
0.141416 0.518305 0.134384 23.086902 23.086902 23.086902
0.888867 0.401541 0.204657 23.086902 23.086902 23.086902
0.423076 0.171582 0.873930 23.086902 23.086902 23.086902
0.403473 0.471782 0.419389 23.086902 23.086902 23.086902
0.234973 0.000000 0.378252 23.086902 23.086902 23.086902
0.338712 0.075002 0.971289 23.086902 23.086902 23.086902
0.677409 0.687954 0.666678 23.086902 23.386581 23.086902
0.478807 0.828068 0.626285 23.086902 23.086902 23.086902
0.830415 0.033929 0.403210 23.086902 23.086902 23.086902
0.233854 0.330157 0.000000 23.086902 23.086902 23.086902
0.263716 0.403868 0.658848 23.086902 23.959502 23.086902
0.000000 0.088170 0.060274 23.086902 23.086902 23.086902
0.110665 0.307170 0.139144 23.086902 23.086902 23.086902
0.731099 0.375187 0.258953 23.086902 23.086902 23.086902
0.676985 0.776136 0.836098 23.086902 23.086902 23.086902
0.567116 0.409871 0.146035 89.156699 85.039315 85.039315
0.354575 1.000000 0.421849 23.086902 23.086902 23.086902
0.195771 0.709266 0.835992 23.086902 56.568422 23.086902
0.126617 0.037024 0.040385 23.086902 23.086902 23.086902
0.598229 0.863251 0.375749 23.086902 23.086902 23.086902
0.558585 0.734657 0.760451 23.086902 23.086902 23.086902
0.765764 0.404129 0.873483 23.086902 23.086902 23.086902
0.601710 0.972833 0.681100 23.086902 23.086902 23.086902
0.373992 0.531485 0.652574 23.086902 23.086902 23.086902
0.177014 0.238782 0.644814 23.086902 23.086902 23.086902
0.912293 0.276938 0.288350 23.086902 23.086902 23.086902
0.136834 0.145784 0.433594 23.086902 23.086902 23.086902
0.230482 0.153169 0.757574 23.086902 23.086902 23.086902
0.044707 0.219034 0.214782 23.086902 23.086902 23.086902
0.985351 0.429091 0.053361 23.086902 23.086902 23.086902
0.646551 0.403977 0.930681 23.086902 23.086902 23.086902
0.038796 0.500898 0.708945 17.705222 17.069389 17.069389
0.506736 0.978817 0.183773 20.153249 23.086902 20.153249
0.795864 0.300840 0.166940 23.086902 23.086902 23.086902
0.718621 0.977664 0.616263 23.086902 23.086902 23.086902
1.000000 0.000000 0.846917 23.086902 23.086902 23.086902
0.605308 0.938556 0.002353 20.153249 23.086902 20.153249
0.338024 0.841826 0.431204 23.086902 23.086902 23.086902
0.216733 0.042827 0.629796 23.086902 23.086902 23.086902
0.154028 0.021393 0.193375 23.086902 23.086902 23.086902
0.713904 0.928119 0.727823 23.086902 23.086902 23.086902
0.099700 0.561975 0.457758 23.086902 17.069389 17.069389
0.206897 0.434189 0.764134 23.086902 25.761054 23.086902
0.011905 0.417159 0.231197 23.086902 23.086902 23.086902
0.327865 0.066827 0.745953 23.086902 23.086902 23.086902
0.919180 0.000000 0.426738 23.086902 23.086902 23.086902
0.760970 0.356819 0.403664 23.086902 23.086902 23.086902
0.719225 0.647063 0.910338 23.086902 23.086902 23.086902
0.460184 0.591583 0.368991 23.086902 23.086902 23.086902
0.178514 0.439450 0.005181 23.086902 23.086902 23.086902
0.694848 0.844944 0.030308 20.153249 23.086902 20.153249
0.667641 0.040495 0.735857 23.086902 23.086902 23.086902
0.882880 0.400071 0.773749 23.086902 34.190364 23.086902
1.000000 0.548127 0.179798 23.086902 23.086902 23.086902
0.724147 0.595156 0.169259 23.086902 23.139051 23.086902
0.549761 0.702939 0.550672 23.086902 23.086902 23.086902
0.962651 0.173532 0.914109 23.086902 23.086902 23.086902
0.798697 0.756619 0.093038 20.153249 23.086902 20.153249
0.964244 0.651003 0.695377 23.086902 21.007127 21.007127
0.382893 0.193135 0.685456 23.086902 23.086902 23.086902
0.983073 0.059839 0.163838 23.086902 14.173360 14.173360
0.417133 0.049030 0.048468 23.086902 23.086902 23.086902
0.624744 0.288143 0.327035 23.086902 23.086902 23.086902
0.632331 0.339175 0.458049 23.086902 23.086902 23.086902
0.446622 0.701518 0.906201 23.086902 23.086902 23.086902
0.346138 0.394775 0.000000 23.086902 23.086902 23.086902
0.750017 0.994878 0.578123 17.863330 23.086902 17.863330
0.581894 0.599480 0.225517 23.086902 23.086902 23.086902
0.767121 0.494813 0.453848 23.086902 23.086902 23.086902
0.671927 0.792051 0.444259 23.086902 23.086902 23.086902
0.805532 0.393932 0.370314 23.086902 23.086902 23.086902
0.667992 0.290669 0.703565 23.086902 23.086902 23.086902
0.481830 0.997252 0.884155 23.086902 23.086902 23.086902
0.291877 0.145056 0.474134 23.086902 23.086902 23.086902
0.942990 0.875819 0.600149 19.213646 21.007127 19.213646
0.344792 0.767287 0.754761 23.086902 23.086902 23.086902
0.371888 0.492039 0.315873 23.086902 23.086902 23.086902
0.042927 0.685122 0.246598 20.144162 16.401123 16.401123
0.739394 0.502687 0.997089 23.086902 23.086902 23.086902
0.549665 0.824838 0.020337 20.153249 23.086902 20.153249
0.447509 0.000000 0.552826 23.086902 23.086902 23.086902
0.744611 0.385830 0.000000 23.086902 23.086902 23.086902
0.862707 0.152808 0.849457 23.086902 23.086902 23.086902
0.811529 0.632241 0.581445 23.086902 23.086902 23.086902
0.232357 0.326798 0.081947 23.086902 23.086902 23.086902
0.593659 0.786389 1.000000 23.086902 23.086902 23.086902
0.295875 0.381320 0.945400 23.109114 31.413466 23.109114
0.579490 0.900371 0.577628 82.271232 81.357551 81.357551
0.485029 0.621732 0.072363 23.086902 23.086902 23.086902
0.324812 0.473929 0.756056 23.086902 23.086902 23.086902
0.636444 0.799764 0.848450 23.086902 23.086902 23.086902
0.092652 0.726665 0.054122 20.144162 13.878170 13.878170
0.216114 0.171241 0.000000 23.086902 23.086902 23.086902
0.182394 0.276902 0.758591 23.086902 23.086902 23.086902
0.686987 0.240438 0.681311 23.086902 23.086902 23.086902
0.551609 0.318589 0.716269 42.233928 23.086902 23.086902
0.614440 0.998566 0.934811 23.086902 23.086902 23.086902
0.546389 0.082458 0.054090 23.086902 14.173360 14.173360
0.428652 0.131406 0.576309 23.086902 23.086902 23.086902
0.715220 0.234048 0.913051 23.086902 23.086902 23.086902
0.132957 0.434554 0.551166 23.086902 23.086902 23.086902
0.429741 0.321716 0.868662 23.086902 23.086902 23.086902
0.436657 0.269059 0.429106 23.086902 23.086902 23.086902
0.466392 0.426700 0.213915 23.086902 23.086902 23.086902
0.585313 0.555143 0.799909 19.609172 23.086902 19.609172
0.383085 0.434705 0.582002 23.086902 23.086902 23.086902
0.817178 0.334303 0.536188 23.086902 23.086902 23.086902
0.182466 0.561627 0.021184 23.086902 23.086902 23.086902
0.600450 0.414670 0.062949 58.871240 32.859994 32.859994
0.915861 0.538809 0.989040 23.086902 24.772207 23.086902
0.909748 0.506479 0.354917 23.086902 23.086902 23.086902
0.457349 0.954535 0.945246 23.086902 23.086902 23.086902
0.702736 0.142217 0.317247 23.086902 23.086902 23.086902
0.583096 0.412391 0.616337 19.609172 23.086902 19.609172
0.727796 0.643000 0.695797 23.086902 23.086902 23.086902
0.012616 0.562036 0.003015 23.086902 23.086902 23.086902
0.567216 0.769211 0.201306 20.153249 23.086902 20.153249
0.495221 0.011449 0.124744 23.086902 14.173360 14.173360
0.818512 0.047818 0.586407 23.086902 23.086902 23.086902
0.454943 0.697779 0.517293 23.086902 23.086902 23.086902
0.216359 0.250886 0.375096 23.086902 23.086902 23.086902
0.023400 0.088139 0.157579 23.086902 23.086902 23.086902
0.932170 0.860294 0.164967 28.751797 23.086902 23.086902
0.236129 0.756490 0.979592 23.086902 23.086902 23.086902
0.262019 0.357123 0.645030 23.086902 34.661614 23.086902
0.243940 0.944221 0.037997 36.585919 13.878170 13.878170
0.707953 0.000000 1.000000 23.086902 23.086902 23.086902
0.477216 0.856672 0.815110 23.086902 23.086902 23.086902
0.824655 0.850929 0.257897 72.714101 23.086902 23.086902
0.719104 0.088550 0.695530 23.086902 23.086902 23.086902
0.406555 0.000000 0.359958 23.086902 23.086902 23.086902
0.206407 0.000000 0.941640 23.086902 23.086902 23.086902
0.380922 0.714628 0.952105 23.086902 23.086902 23.086902
0.067942 0.708034 0.555560 20.869222 16.401123 16.401123
0.413659 0.377108 0.749352 23.086902 23.086902 23.086902
0.135383 0.285225 0.531577 23.086902 23.086902 23.086902
0.537740 0.284822 0.000000 23.086902 23.086902 23.086902
0.950964 0.638182 0.030099 23.086902 23.086902 23.086902
0.330326 0.583798 0.979610 23.086902 23.086902 23.086902
0.993942 0.774771 0.091799 20.153249 23.086902 20.153249
0.830130 0.436312 0.067550 23.086902 23.086902 23.086902
0.654093 0.492894 0.441726 23.086902 23.086902 23.086902
0.112156 0.261328 0.875697 17.705222 23.086902 17.705222
0.205435 0.844177 0.361334 20.144162 16.401123 16.401123
0.573054 0.387843 0.254774 23.086902 24.209717 23.086902
0.190405 0.487925 0.764806 23.086902 23.086902 23.086902
0.212255 0.624635 0.428818 23.086902 16.401123 16.401123
0.456052 0.082564 0.278565 23.086902 23.086902 23.086902
0.205968 0.138301 0.382484 23.086902 23.086902 23.086902
0.545263 0.005727 0.299272 23.086902 19.048827 19.048827
0.827364 0.763643 0.420531 17.863330 21.007127 17.863330
0.021632 0.443660 0.034188 23.086902 23.086902 23.086902
0.256855 0.959652 0.870239 43.954862 38.229014 38.229014
0.602347 0.017682 0.945762 19.609172 19.048827 19.048827
0.752199 0.050438 0.852530 23.086902 23.086902 23.086902
0.648360 0.017853 0.955790 23.086902 19.048827 19.048827
0.312207 0.877404 0.790020 42.423784 57.772471 42.423784
0.221519 0.586987 0.618433 23.086902 23.086902 23.086902
0.889697 0.884412 0.258263 25.963775 23.086902 23.086902
0.591050 0.644940 0.045154 23.086902 23.086902 23.086902
0.283915 0.000000 0.000000 23.086902 23.086902 23.086902
0.452386 0.557878 0.053988 23.086902 23.086902 23.086902
0.277664 0.920235 0.570611 23.086902 23.086902 23.086902
0.279774 0.993819 0.900942 23.086902 23.086902 23.086902
0.442028 0.418786 0.428523 23.086902 23.086902 23.086902
0.707536 0.583816 0.573633 23.086902 23.086902 23.086902
0.889764 0.635068 0.526558 23.086902 21.007127 21.007127
0.707298 0.484492 0.058031 23.086902 24.955024 23.086902
0.241093 0.915776 0.454307 23.086902 23.086902 23.086902
0.485438 0.852641 0.562437 23.086902 23.086902 23.086902
0.686609 0.018091 0.293181 23.086902 23.086902 23.086902
0.098802 0.970372 0.559293 17.591327 16.401123 16.401123
0.186241 0.736189 0.752081 23.086902 32.445576 23.086902
0.903710 0.778498 0.885711 17.863330 21.007127 17.863330
0.446630 0.273460 0.460821 23.086902 23.086902 23.086902
0.730024 0.437148 0.806148 23.086902 23.086902 23.086902
0.206625 0.144811 0.846870 23.086902 23.086902 23.086902
0.348858 0.107576 0.408524 23.086902 23.086902 23.086902
0.381288 0.137826 0.011600 23.086902 23.086902 23.086902
0.004103 0.391654 0.546123 23.086902 17.069389 17.069389
0.908377 0.116719 0.288105 23.086902 23.086902 23.086902
0.369141 0.191208 0.935508 23.086902 23.086902 23.086902
0.334844 0.063575 0.486020 23.086902 23.086902 23.086902
0.399140 0.997453 0.574203 23.086902 23.086902 23.086902
0.671841 0.590974 0.067894 23.086902 23.086902 23.086902
0.571949 0.675840 0.941170 23.086902 23.086902 23.086902
0.889424 0.528374 0.859718 23.086902 36.332968 23.086902
0.203431 0.044005 0.199527 23.086902 24.809666 23.086902
0.588865 0.806755 0.899144 23.086902 23.086902 23.086902
0.929351 0.365022 0.502896 23.086902 21.007127 21.007127
0.867440 0.642257 0.188784 23.086902 23.086902 23.086902
0.498448 0.498573 0.036327 23.086902 23.086902 23.086902
0.741650 0.263766 0.925019 23.086902 23.086902 23.086902
0.893705 0.258298 0.031087 23.086902 14.173360 14.173360
0.869743 0.170697 0.404455 23.086902 23.086902 23.086902
0.429932 0.564491 0.120338 23.086902 23.086902 23.086902
0.362669 0.474286 0.825949 23.086902 23.086902 23.086902
0.645842 0.636650 0.294969 23.086902 23.086902 23.086902
0.199825 0.116457 0.477898 23.086902 23.086902 23.086902
0.948431 0.645476 0.873006 23.086902 21.007127 21.007127
0.944609 0.242820 0.160786 23.086902 14.173360 14.173360
0.694117 0.094437 0.489779 23.086902 23.086902 23.086902
0.935381 0.859167 0.426821 37.589937 21.007127 21.007127
0.084822 0.197383 0.312505 23.086902 17.069389 17.069389
0.331299 0.036932 0.230090 67.711761 66.659029 66.659029
0.191466 0.504140 0.763126 23.086902 23.086902 23.086902
0.653552 0.336377 0.852248 23.086902 23.086902 23.086902
0.024401 0.428112 0.285771 23.086902 17.069389 17.069389
0.677456 0.522594 0.329630 23.086902 23.086902 23.086902
0.623264 0.268287 0.463571 19.609172 19.048827 19.048827
0.829765 0.155993 0.518167 23.086902 23.086902 23.086902
0.519976 0.249123 0.301503 23.086902 19.048827 19.048827
0.379850 0.616914 0.665750 23.086902 23.086902 23.086902
0.062726 0.475607 0.612243 17.705222 17.069389 17.069389
0.629026 0.546871 0.681595 23.086902 23.086902 23.086902
0.270329 0.452024 0.720126 23.086902 23.086902 23.086902
0.825550 0.047041 0.737644 23.086902 23.086902 23.086902
0.493707 0.882226 0.997412 23.086902 23.086902 23.086902
0.729873 0.437728 0.458301 23.086902 23.086902 23.086902
0.817896 0.685910 0.046114 20.153249 23.134774 20.153249
0.266025 0.705544 0.851710 23.086902 23.086902 23.086902
0.762965 0.046826 0.856660 23.086902 23.086902 23.086902
0.272001 0.400779 0.214274 23.086902 23.086902 23.086902
0.202360 0.062749 0.684537 23.086902 23.086902 23.086902
0.270411 0.518942 0.445555 23.086902 23.086902 23.086902
0.995609 0.621720 0.590260 23.086902 21.007127 21.007127
0.919140 0.405871 0.845474 23.086902 24.360219 23.086902
0.871802 0.482641 0.035226 23.086902 23.086902 23.086902
0.711458 0.356961 0.268139 23.086902 23.086902 23.086902
0.578529 0.449097 0.961966 19.609172 23.086902 19.609172
0.440954 0.144506 0.115085 23.086902 23.086902 23.086902
0.055676 0.569862 0.876460 17.705222 17.069389 17.069389
0.529975 0.110166 0.617453 19.609172 19.048827 19.048827
0.181064 0.561785 0.003012 23.086902 23.086902 23.086902
1.000000 0.529354 1.000000 23.086902 21.007127 21.007127
0.252818 0.653017 0.733659 23.086902 23.086902 23.086902
0.319667 0.076104 0.968494 23.086902 23.086902 23.086902
0.418515 0.064015 0.786876 23.086902 23.086902 23.086902
0.973838 0.501875 0.505954 23.086902 21.007127 21.007127
0.499653 0.335758 0.963530 19.609172 23.086902 19.609172
0.772716 0.516175 0.139618 23.086902 28.933462 23.086902
0.473082 0.011872 0.499467 19.609172 19.048827 19.048827
0.724214 0.822475 0.521534 23.086902 23.086902 23.086902
0.337369 0.477687 0.556370 23.086902 23.086902 23.086902
0.229022 0.371278 0.444600 23.086902 23.086902 23.086902
0.536084 0.285965 0.745336 19.609172 23.086902 19.609172
0.021843 0.167901 0.677359 17.705222 17.069389 17.069389
0.554789 0.954725 0.536773 59.374289 61.761926 59.374289
0.660192 0.189850 0.729905 23.086902 23.086902 23.086902
0.871430 0.634923 0.395155 23.086902 23.086902 23.086902
0.009202 0.326144 0.136438 23.086902 23.086902 23.086902
0.563370 0.919156 0.367436 23.086902 23.086902 23.086902
0.644387 0.313075 0.554228 23.086902 23.086902 23.086902
0.359905 0.273344 0.201672 49.544591 58.481078 49.544591
0.623530 0.636237 0.375559 23.086902 23.086902 23.086902
0.312207 0.877404 0.790020 42.423784 57.772471 42.423784
0.004625 0.779320 0.709390 17.591327 16.401123 16.401123
0.711466 0.427324 0.628224 23.086902 23.086902 23.086902
0.315165 0.310615 0.850014 73.486784 83.852245 73.486784
0.650079 0.765602 0.659238 23.086902 36.162144 23.086902
0.072295 0.083141 0.437029 23.086902 21.934028 21.934028
0.877037 0.274656 0.095981 23.086902 14.173360 14.173360
0.141299 0.340349 0.557305 17.705222 23.086902 17.705222
0.425766 0.670297 0.555515 23.086902 23.086902 23.086902
0.603519 0.415047 0.132805 62.712081 77.750990 62.712081
