# gen=10 mediating population
# x0..x(D-1) f0 f1 consensus
0.651340 0.618365 80.569418 88.188938 80.569418
0.442125 0.012914 54.375376 10.805498 10.805498
0.809565 0.963098 29.163643 25.958086 25.958086
0.144455 0.860296 63.860299 80.260368 63.860299
0.382794 0.261985 3.300337 25.835983 3.300337
0.617925 0.879951 29.163643 5.187068 5.187068
0.860188 0.924521 29.163643 69.201229 29.163643
0.037049 0.719780 3.300337 25.835983 3.300337
0.940427 0.204669 29.163643 3.300337 3.300337
0.647917 0.414991 29.163643 41.031443 29.163643
0.651340 0.618365 80.569418 88.188938 80.569418
0.000000 0.000000 28.489848 10.805498 10.805498
0.924827 0.370144 29.163643 3.300337 3.300337
0.771268 0.732785 29.163643 3.300337 3.300337
0.304351 0.014703 28.489848 10.805498 10.805498
0.140040 0.911581 58.891885 25.835983 25.835983
0.242893 0.255987 3.300337 25.835983 3.300337
0.489575 0.426630 3.300337 3.300337 3.300337
0.678116 0.951821 29.163643 30.509304 29.163643
0.256945 0.980232 3.300337 25.835983 3.300337
0.991974 1.000000 29.163643 25.461990 25.461990
0.007424 0.934384 3.300337 31.761290 3.300337
0.175735 0.183053 3.300337 25.835983 3.300337
0.176627 0.037928 28.731660 10.805498 10.805498
0.525115 0.079737 29.163643 3.300337 3.300337
0.230797 0.808197 3.300337 26.294129 3.300337
0.808105 1.000000 29.163643 25.461990 25.461990
0.518584 0.866937 29.163643 3.300337 3.300337
0.598103 0.902614 29.163643 5.187068 5.187068
1.000000 0.992186 29.163643 25.461990 25.461990
0.479249 0.887934 3.300337 5.187068 3.300337
0.089316 0.186276 3.300337 25.835983 3.300337
0.516499 0.735911 29.163643 3.300337 3.300337
0.055467 0.641569 3.300337 25.835983 3.300337
0.809226 0.967853 29.163643 25.461990 25.461990
0.000000 0.000000 28.489848 10.805498 10.805498
0.756471 0.010017 20.446620 3.300337 3.300337
0.787353 0.570451 29.163643 3.300337 3.300337
0.357848 0.051711 28.489848 10.805498 10.805498
0.590084 0.522686 29.163643 3.300337 3.300337
0.308895 0.914319 3.300337 25.835983 3.300337
0.983414 0.465034 29.163643 6.966239 6.966239
0.057738 0.003845 28.489848 10.805498 10.805498
0.324694 0.645108 3.300337 37.441589 3.300337
1.000000 1.000000 29.163643 25.461990 25.461990
0.637429 0.967991 29.163643 56.469899 29.163643
0.651693 0.159035 29.163643 3.300337 3.300337
0.902392 0.169775 29.163643 3.300337 3.300337
0.649883 0.743623 29.163643 47.928002 29.163643
0.811807 0.786068 29.163643 3.300337 3.300337
0.201114 0.614429 37.713305 25.835983 25.835983
0.006043 0.066982 28.489848 40.408744 28.489848
0.285700 0.251050 3.300337 25.835983 3.300337
1.000000 1.000000 29.163643 25.461990 25.461990
0.086651 0.767488 3.300337 25.835983 3.300337
0.342486 0.077040 28.489848 10.805498 10.805498
0.880360 0.307553 29.163643 3.300337 3.300337
0.706981 0.878566 29.163643 5.187068 5.187068
0.450626 0.062835 28.489848 10.805498 10.805498
0.167934 0.045124 32.482064 10.805498 10.805498
0.763753 0.860841 30.540530 3.300337 3.300337
0.480849 0.791855 3.300337 3.300337 3.300337
0.328193 0.379421 3.300337 25.835983 3.300337
0.748511 0.180006 29.163643 3.300337 3.300337
0.158887 0.926615 49.476940 25.835983 25.835983
0.288356 0.873446 3.300337 25.835983 3.300337
0.010993 0.299857 3.300337 31.761290 3.300337
0.332924 0.088251 28.489848 10.805498 10.805498
0.657924 0.760290 29.163643 43.605215 29.163643
0.000000 0.000000 28.489848 10.805498 10.805498
0.841354 0.942227 29.163643 36.757468 29.163643
0.686505 0.032153 14.486502 3.300337 3.300337
1.000000 1.000000 29.163643 25.461990 25.461990
0.497220 0.610415 3.300337 3.300337 3.300337
0.010349 0.091629 28.489848 10.805498 10.805498
0.372729 0.623852 3.300337 25.835983 3.300337
0.509978 0.779339 29.163643 3.300337 3.300337
0.117621 0.525039 3.300337 25.835983 3.300337
0.164619 0.833781 89.410907 83.571772 83.571772
1.000000 1.000000 29.163643 25.461990 25.461990
0.610835 0.954726 29.163643 5.187068 5.187068
0.840879 0.712494 29.163643 3.300337 3.300337
0.650608 0.585731 87.406068 89.063484 87.406068
0.549536 0.092271 29.163643 3.300337 3.300337
0.666086 0.698181 47.305811 29.853286 29.853286
0.459951 0.412575 3.300337 25.835983 3.300337
0.050340 0.275365 3.300337 25.835983 3.300337
0.641190 0.477703 32.253716 55.649152 32.253716
0.784676 0.409843 29.163643 3.300337 3.300337
0.039550 0.449629 3.300337 25.835983 3.300337
0.631842 0.240685 29.163643 9.352044 9.352044
0.937773 1.000000 29.163643 25.461990 25.461990
0.385184 0.839916 3.300337 25.835983 3.300337
0.768050 0.839441 29.163643 3.300337 3.300337
0.806626 1.000000 29.899634 25.461990 25.461990
0.798740 0.499341 29.163643 3.300337 3.300337
0.698814 0.547700 29.163643 3.300337 3.300337
0.867623 0.494950 29.163643 3.300337 3.300337
0.896348 0.060564 2.984516 3.300337 2.984516
0.308067 0.082749 28.489848 10.805498 10.805498
0.403690 0.438774 3.300337 25.835983 3.300337
0.552539 1.000000 29.163643 7.304685 7.304685
0.419880 0.212887 3.300337 25.835983 3.300337
0.913006 0.903982 29.163643 25.461990 25.461990
0.516323 0.603449 29.163643 3.300337 3.300337
0.559225 0.875056 29.163643 3.300337 3.300337
0.323218 0.961140 3.300337 25.835983 3.300337
1.000000 1.000000 29.163643 25.461990 25.461990
0.431402 0.050611 28.489848 10.805498 10.805498
0.363478 0.877036 3.300337 25.835983 3.300337
0.297023 0.063965 28.489848 10.805498 10.805498
1.000000 1.000000 29.163643 25.461990 25.461990
0.337636 0.658521 3.300337 25.835983 3.300337
0.336015 0.265162 3.300337 25.835983 3.300337
0.449653 0.728743 3.300337 25.835983 3.300337
0.178552 0.754877 79.919927 26.618780 26.618780
0.764567 0.489265 29.163643 3.300337 3.300337
0.860869 0.593414 29.163643 3.300337 3.300337
0.809226 0.967853 29.163643 25.461990 25.461990
0.629442 0.101448 29.163643 3.993154 3.993154
0.000000 0.000000 28.489848 10.805498 10.805498
0.778036 0.009924 53.962311 3.300337 3.300337
0.939591 1.000000 29.163643 25.461990 25.461990
0.276081 0.227918 3.300337 25.835983 3.300337
1.000000 1.000000 29.163643 25.461990 25.461990
0.466988 0.273783 3.300337 3.300337 3.300337
0.142645 0.063865 28.489848 65.753084 28.489848
0.944838 0.241348 29.163643 3.300337 3.300337
0.638689 0.403741 29.163643 33.690290 29.163643
0.831265 0.196999 29.163643 3.300337 3.300337
0.454355 0.202963 3.300337 25.835983 3.300337
0.077916 0.475645 3.300337 25.835983 3.300337
0.417212 0.577328 3.300337 25.835983 3.300337
0.986621 0.425911 29.163643 2.704155 2.704155
0.896607 0.907078 29.163643 36.764075 29.163643
0.059003 0.420278 3.300337 25.835983 3.300337
0.138627 0.102994 3.300337 25.835983 3.300337
0.412119 0.483644 3.300337 25.835983 3.300337
0.864511 0.235496 29.163643 3.300337 3.300337
0.212706 0.125199 3.300337 25.835983 3.300337
0.882067 0.943007 29.163643 25.461990 25.461990
0.777431 0.273924 29.163643 3.300337 3.300337
0.258375 0.207768 3.300337 25.835983 3.300337
0.154429 0.981891 28.042741 25.835983 25.835983
0.798789 0.975544 30.254429 5.187068 5.187068
0.287622 0.995617 3.300337 25.835983 3.300337
1.000000 1.000000 29.163643 25.461990 25.461990
0.182624 0.591530 12.390482 25.835983 12.390482
0.243737 0.434052 6.215246 25.835983 6.215246
0.633084 0.217914 29.163643 8.232876 8.232876
0.417143 0.715653 3.300337 25.835983 3.300337
0.122034 0.495179 3.300337 25.835983 3.300337
0.176006 0.266044 3.300337 25.835983 3.300337
0.351470 0.403164 3.300337 25.835983 3.300337
0.094445 0.358285 3.300337 25.835983 3.300337
0.513173 0.930172 29.163643 5.187068 5.187068
0.176355 0.796747 82.742366 81.177664 81.177664
0.985183 0.923513 29.163643 25.461990 25.461990
0.795491 0.248918 29.163643 3.300337 3.300337
0.048466 0.235572 3.300337 25.835983 3.300337
0.507394 0.531365 3.300337 3.300337 3.300337
0.581943 0.083349 29.163643 3.300337 3.300337
0.152047 0.642308 4.939228 25.835983 4.939228
0.411404 0.707943 3.300337 25.835983 3.300337
0.312746 0.971155 3.300337 25.835983 3.300337
0.819854 0.942227 29.163643 36.379746 29.163643
0.079717 0.065464 28.489848 62.421652 28.489848
1.000000 1.000000 29.163643 25.461990 25.461990
0.783354 0.591122 29.163643 3.300337 3.300337
0.552801 0.404997 29.163643 3.300337 3.300337
0.826027 0.950416 29.163643 37.806539 29.163643
0.981135 0.356115 29.163643 24.687337 24.687337
0.206591 0.631740 34.687354 25.835983 25.835983
0.570753 0.268131 29.163643 3.300337 3.300337
0.434042 0.548379 3.300337 25.835983 3.300337
0.763840 0.217136 29.163643 3.300337 3.300337
0.853111 0.699756 29.163643 3.300337 3.300337
0.753068 0.193663 29.163643 3.300337 3.300337
0.432499 0.000000 34.875276 10.805498 10.805498
0.586852 0.463810 49.725217 3.300337 3.300337
0.568427 0.850421 29.163643 3.300337 3.300337
0.153094 0.851645 79.902348 78.692794 78.692794
0.050306 0.573873 3.300337 25.835983 3.300337
0.191327 0.274057 3.300337 25.835983 3.300337
0.185615 0.377328 3.300337 25.835983 3.300337
0.659131 0.302607 29.163643 3.300337 3.300337
0.315870 0.799614 3.300337 25.835983 3.300337
0.823967 0.998622 29.163643 25.461990 25.461990
0.008252 0.726454 3.300337 31.761290 3.300337
0.054052 0.423205 3.300337 25.835983 3.300337
1.000000 0.904452 29.163643 25.461990 25.461990
0.020233 0.000000 28.489848 10.805498 10.805498
0.838734 0.511669 29.163643 3.300337 3.300337
0.871459 0.702736 29.163643 3.300337 3.300337
0.212038 0.663625 28.280833 25.835983 25.835983
0.189462 0.855919 20.377736 25.835983 20.377736
0.661036 0.817340 29.163643 27.597692 27.597692
0.966129 0.762223 29.163643 2.704155 2.704155
0.884920 0.499811 29.163643 3.300337 3.300337
0.920555 0.936754 29.163643 25.461990 25.461990
0.152441 0.337380 3.300337 25.835983 3.300337
0.464597 0.559149 3.300337 25.835983 3.300337
0.583776 0.907055 29.163643 5.187068 5.187068
0.986468 0.892666 29.163643 25.461990 25.461990
0.209930 0.587538 27.658490 25.835983 25.835983
0.444095 0.028749 28.489848 10.805498 10.805498
0.192979 0.947889 4.017850 25.835983 4.017850
0.958030 0.751327 29.163643 2.704155 2.704155
0.635908 0.542197 85.038405 30.126134 30.126134
0.849563 0.930840 29.163643 72.044516 29.163643
0.339128 0.523901 3.300337 25.835983 3.300337
0.743555 0.133937 29.163643 3.300337 3.300337
0.582210 0.391099 61.949337 3.300337 3.300337
0.475591 0.273771 3.300337 3.300337 3.300337
0.589075 0.928292 29.163643 5.187068 5.187068
0.262665 0.060307 28.489848 26.593740 26.593740
0.819890 0.518588 29.163643 3.300337 3.300337
0.727078 0.370550 29.163643 3.300337 3.300337
0.209610 0.877971 3.300337 25.835983 3.300337
0.833123 0.908211 29.163643 25.461990 25.461990
0.188013 0.010322 28.489848 10.805498 10.805498
1.000000 1.000000 29.163643 25.461990 25.461990
0.298089 0.818166 3.300337 25.835983 3.300337
0.276851 0.586627 3.300337 25.835983 3.300337
1.000000 1.000000 29.163643 25.461990 25.461990
0.335735 0.401169 3.300337 25.835983 3.300337
0.699059 0.952681 29.163643 36.095164 29.163643
0.968740 0.043720 2.984516 2.704155 2.704155
0.876798 0.874445 29.163643 3.300337 3.300337
0.083296 0.461240 3.300337 25.835983 3.300337
0.166255 0.829504 89.008676 85.923269 85.923269
0.274455 0.979804 3.300337 25.835983 3.300337
1.000000 0.877506 29.163643 25.461990 25.461990
0.397258 0.343224 3.300337 25.835983 3.300337
0.316753 0.919194 3.300337 25.835983 3.300337
0.617675 0.509819 80.463360 3.300337 3.300337
0.836395 0.909224 29.163643 25.461990 25.461990
0.245983 0.166267 3.300337 25.835983 3.300337
0.042190 0.203264 3.300337 25.835983 3.300337
0.814150 1.000000 29.163643 25.461990 25.461990
0.751423 0.769008 29.163643 3.300337 3.300337
0.357233 0.420920 3.300337 25.835983 3.300337
0.913006 0.903982 29.163643 25.461990 25.461990
0.543795 0.997236 29.163643 5.213625 5.213625
0.316757 0.594754 3.300337 25.835983 3.300337
0.419864 0.796800 3.300337 25.835983 3.300337
0.651340 0.618365 80.569418 88.188938 80.569418
0.643851 0.340791 29.163643 21.981771 21.981771
1.000000 1.000000 29.163643 25.461990 25.461990
0.479602 0.329485 3.300337 3.300337 3.300337
0.978874 0.181420 29.163643 47.332410 29.163643
0.170645 0.108667 3.300337 25.835983 3.300337
0.173128 0.911581 26.831474 25.835983 25.835983
0.176626 0.306351 3.300337 25.835983 3.300337
0.823434 0.211553 29.163643 3.300337 3.300337
0.025212 0.444492 3.300337 25.835983 3.300337
1.000000 1.000000 29.163643 25.461990 25.461990
0.305636 0.203503 3.300337 25.835983 3.300337
0.072243 0.118139 3.300337 25.835983 3.300337
0.409301 0.121378 3.300337 25.835983 3.300337
1.000000 1.000000 29.163643 25.461990 25.461990
0.198208 0.493936 5.603390 25.835983 5.603390
1.000000 1.000000 29.163643 25.461990 25.461990
0.269982 0.402462 4.247089 25.835983 4.247089
0.963894 0.421665 29.163643 2.704155 2.704155
1.000000 1.000000 29.163643 25.461990 25.461990
0.210497 0.575490 25.757482 25.835983 25.757482
0.012067 0.063232 28.489848 29.463204 28.489848
0.155633 0.360988 3.300337 25.835983 3.300337
0.036038 0.580294 3.300337 25.835983 3.300337
0.207031 0.059820 28.489848 36.706038 28.489848
0.552652 0.975464 29.163643 5.187068 5.187068
0.578026 0.000277 2.984516 3.300337 2.984516
0.650503 0.943537 29.163643 5.187068 5.187068
0.198401 0.536948 11.116371 25.835983 11.116371
0.046167 0.088294 28.489848 10.805498 10.805498
0.795115 0.235796 29.163643 3.300337 3.300337
0.916699 0.598850 29.163643 3.300337 3.300337
0.954169 0.921508 29.163643 25.461990 25.461990
0.143079 1.000000 39.091609 25.835983 25.835983
0.651879 0.500000 29.818679 58.917554 29.818679
0.532144 0.456635 29.163643 3.300337 3.300337
0.656176 0.687069 38.244939 67.161879 38.244939
0.625229 0.182718 29.163643 5.361925 5.361925
0.943260 1.000000 29.163643 25.461990 25.461990
0.588232 0.259776 29.163643 3.300337 3.300337
0.912539 0.719810 29.163643 3.300337 3.300337
0.025871 0.287286 3.300337 25.835983 3.300337
1.000000 1.000000 29.163643 25.461990 25.461990
0.653291 0.817921 29.163643 27.799598 27.799598
0.265913 0.544773 3.300337 25.835983 3.300337
0.144455 0.860296 63.860299 80.260368 63.860299
0.380353 0.058177 28.489848 11.992616 11.992616
0.808485 1.000000 29.163643 25.461990 25.461990
0.312337 0.579957 3.300337 25.835983 3.300337
0.508757 0.595499 29.163643 3.300337 3.300337
0.532701 0.125061 29.163643 3.300337 3.300337
1.000000 1.000000 29.163643 25.461990 25.461990
0.948742 0.617289 29.163643 2.704155 2.704155
0.653807 0.410533 29.163643 21.017110 21.017110
