# gen=130 x0..xd f
0.188856 0.272811 55.388317
0.316901 0.500000 0.000000
0.267952 0.139310 68.330634
0.316901 0.200000 90.000000
0.241922 0.723147 0.000000
0.322839 0.656191 0.000000
0.555728 0.162109 40.546925
0.433394 0.152583 62.162639
0.447399 0.520367 26.850618
0.806299 0.635796 16.561799
0.452400 0.202149 62.780745
0.316901 0.200000 90.000000
0.827792 0.323667 0.000000
0.660050 0.258776 0.000000
0.344907 0.107911 60.162656
0.470118 0.774097 46.632432
0.525051 0.381219 18.779375
0.295348 0.938732 0.000000
0.279438 0.347680 42.409858
0.896812 0.154919 0.000000
0.316901 0.200000 90.000000
0.767922 0.965614 11.648888
0.539372 0.210154 45.207042
0.187569 0.459103 0.000000
0.813637 0.136063 0.000000
0.940558 0.308790 0.000000
0.316901 0.200000 90.000000
0.516367 0.762732 38.868531
0.316694 0.806658 0.000896
0.752789 0.729498 24.537842
0.147012 0.246432 52.821394
0.654755 0.249952 0.000000
0.408348 0.899031 56.743312
0.165595 0.128521 52.045209
0.264270 0.388477 29.102595
0.459895 0.865015 52.615805
0.316901 0.200000 90.000000
0.873921 0.664719 0.000000
0.270815 0.419817 0.000000
0.135348 0.652674 0.000000
0.260356 0.009905 28.455372
0.955242 0.426036 0.000000
0.066799 0.907124 0.000000
0.609465 0.342095 15.863914
0.316901 0.200000 90.000000
0.328417 0.944087 0.000000
0.189069 0.280002 53.846977
0.427902 0.880577 58.956298
0.933076 0.621903 0.000000
0.481932 0.533431 26.355653
0.851664 0.710471 0.000000
0.995601 0.292014 0.000000
0.316901 0.200000 90.000000
0.486176 0.717884 40.729221
0.198540 0.085109 46.394111
0.286289 0.030585 35.742990
0.165594 0.729066 0.000000
0.798080 0.718709 16.737394
0.460561 0.105233 48.267585
0.355497 0.305829 55.444960
0.894664 0.384670 0.000000
0.298653 0.337554 46.077324
0.178097 0.153538 58.447543
0.937205 0.108614 0.000000
0.327271 0.616158 0.000000
0.608281 0.380132 8.089911
0.095707 0.849072 0.000000
0.463844 0.468600 21.635163
0.918911 0.999833 0.000000
0.316901 0.200000 90.000000
0.479668 0.854085 48.653702
0.951696 0.700802 0.000000
0.913468 0.913596 0.000000
0.480424 0.104013 45.153212
0.177184 0.544981 0.000000
0.986244 0.406067 0.000000
0.342014 0.772648 0.000000
0.316901 0.200000 90.000000
0.787713 0.498695 20.149377
0.689680 0.718475 33.918929
0.574109 0.177170 37.839749
0.316901 0.200000 90.000000
0.103192 0.728754 0.000000
0.942113 0.545577 0.000000
0.419667 0.882167 59.408766
0.478289 0.246353 54.392044
0.876174 0.086448 0.000000
0.920597 0.794089 0.000000
0.316901 0.200000 90.000000
0.681610 0.862433 25.241941
0.470491 0.250137 55.274757
0.557419 0.785264 32.412700
0.417331 0.231950 67.414388
0.965444 0.952833 0.000000
0.316901 0.200000 90.000000
0.740414 0.835376 21.804721
0.872259 0.556478 0.000000
0.830566 0.594249 12.050964
0.769052 0.776032 20.156171
0.905237 0.530084 0.000000
0.642564 0.122854 0.000000
0.273189 0.303202 56.008152
0.484509 0.079419 38.960315
0.642224 0.280706 0.000000
0.364009 0.016031 30.701865
0.455909 0.155245 58.661986
0.786615 0.693838 19.436264
0.026984 0.736235 0.000000
0.047020 0.018480 10.794793
0.692510 0.956954 18.667301
0.316901 0.200000 90.000000
0.586312 0.305339 26.355669
0.821186 0.423129 12.473215
0.456552 0.536033 27.944584
0.335176 0.232497 79.027634
0.316901 0.200000 90.000000
0.470737 0.756645 45.364456
0.193552 0.143993 59.484660
0.594784 0.714526 23.296968
0.415582 0.572735 31.947304
0.496630 0.066847 34.341891
0.008215 0.442875 0.000000
0.456949 0.908498 52.828021
0.295187 0.994407 0.000000
0.686751 0.532937 40.005381
0.316901 0.200000 90.000000
0.017172 0.229229 29.094591
0.372913 0.315822 51.467194
0.990944 0.150585 0.000000
0.470498 0.502006 24.293164
0.875681 0.189453 0.000000
0.587308 0.956655 27.240167
0.484604 0.201853 56.317027
0.885670 0.410222 0.000000
0.407397 0.146101 65.012057
0.660005 0.616141 41.748419
0.474449 0.496034 23.562342
0.663954 0.813115 28.803262
0.388895 0.824713 51.746779
0.148366 0.495467 0.000000
0.764103 0.000000 0.000000
0.316901 0.200000 90.000000
0.430813 0.579914 32.587294
0.891886 0.271544 0.000000
0.637085 0.540397 39.196297
0.721695 0.900205 20.282430
0.968572 0.335086 0.000000
0.040684 0.340772 18.702538
0.340510 0.215277 83.209725
0.284995 0.828042 0.000022
0.760849 0.803942 20.366129
0.846077 0.641180 0.000000
0.103382 0.898163 0.000000
0.453962 0.307838 46.011020
0.988432 0.654321 0.000000
0.800915 0.977074 6.739347
0.316901 0.200000 90.000000
0.495724 0.206422 54.030975
0.444053 0.567535 31.200747
0.725705 0.855043 22.489148
0.483750 0.141259 51.632864
0.179670 0.649002 0.000000
0.316901 0.500000 0.000000
0.004909 0.439494 0.000000
0.709514 0.755464 29.768467
0.316901 0.200000 90.000000
0.446538 0.987244 49.165746
0.583754 0.631043 21.321208
0.469404 0.328603 38.887624
0.160996 0.205095 58.649470
0.879095 0.706711 0.000000
0.316901 0.200000 90.000000
0.289724 0.562553 0.000000
0.512401 0.496018 20.874260
0.693226 0.692914 35.025380
0.316901 0.200000 90.000000
0.496582 0.880907 45.616934
0.885192 0.792072 0.000000
0.667457 0.409688 34.390893
0.376872 0.032846 35.465567
0.450467 0.181770 62.557481
0.624327 0.852029 20.721251
0.175091 0.164537 59.367642
0.135326 0.429953 0.000000
0.316901 0.196828 88.990869
0.961729 0.800684 0.000000
0.817737 0.202268 0.000000
0.664788 0.895997 23.299893
0.417932 0.011473 26.672899
0.424766 0.338792 40.810477
0.514909 0.300259 39.020665
0.006799 0.303057 19.619397
0.259025 0.805214 0.000000
0.325899 0.162821 78.032523
0.158006 0.272981 50.535211
0.042075 0.203684 34.797299
0.452939 0.832875 52.696402
0.491866 0.716026 39.876710
0.136961 0.827533 0.000000
0.703939 0.577796 37.194513
0.232508 0.853471 0.000000
0.377876 0.146434 69.012963
0.204710 0.407887 0.000000
0.768119 0.270009 0.000000
0.439157 0.977551 50.536380
0.316901 0.200000 90.000000
0.020902 0.403677 0.000000
0.919912 0.549504 0.000000
0.313145 0.476848 0.000000
0.267282 0.772817 0.000000
0.930867 0.288276 0.000000
0.316901 0.200000 90.000000
0.811178 0.987312 4.808403
0.254374 0.653377 0.000000
0.062759 0.998422 0.000000
0.385391 0.510304 25.523301
0.141483 0.956828 0.000000
0.496030 0.300549 41.857794
0.270078 0.284923 61.388490
0.336158 0.728929 0.000000
0.316901 0.200000 90.000000
0.149519 0.258218 51.619805
0.166285 0.683093 0.000000
0.316901 0.200000 90.000000
0.668364 0.769100 31.707017
0.154242 0.907688 0.000000
0.299393 0.283325 63.253832
0.743632 0.379877 0.000000
0.193082 0.917197 0.000000
0.424186 0.569755 31.706268
0.316901 0.200000 90.000000
0.980460 0.383734 0.000000
0.485463 0.202699 56.138842
0.249728 0.840358 0.000000
0.744975 0.310910 0.000000
0.373010 0.039209 37.610498
0.902854 0.914103 0.000000
0.425350 0.881615 59.433767
0.472956 0.063454 36.428458
0.640547 0.025705 0.000000
0.452927 0.000000 20.745487
0.939338 0.524715 0.000000
0.053038 0.388963 9.855539
0.849078 0.111489 0.000000
0.369950 0.908180 49.467559
0.732395 0.355989 0.000000
0.832350 0.638040 11.426563
0.791561 0.583047 19.814761
0.061045 0.371868 14.961581
0.318992 0.199614 89.562613
0.917271 0.608871 0.000000
0.276063 0.979550 0.000000
0.070953 0.051776 21.706715
0.928195 0.620410 0.000000
0.010277 0.777667 0.000000
0.463738 0.892698 51.913394
0.786917 0.419751 18.799502
0.299878 0.169799 79.800222
0.001208 0.253816 24.330988
0.636470 0.237355 0.000000
0.948621 0.798063 0.000000
0.429423 0.872761 58.508114
0.344653 0.167564 78.270508
0.829742 0.338506 0.000000
0.291536 0.040203 38.898291
0.165463 0.877832 0.000000
0.717269 0.252679 0.000000
0.479556 0.435334 17.964561
0.535909 0.936251 37.388712
0.316901 0.200000 90.000000
0.315061 0.665826 0.000000
0.539937 0.264266 40.762785
0.185316 0.170400 61.946800
0.634713 0.673377 35.876936
0.366956 0.133120 66.464561
0.095763 0.372194 19.471585
0.054821 0.060253 21.099347
0.415497 1.000000 48.971884
0.124207 0.204294 51.279425
0.641963 0.439049 35.248643
0.168863 0.000000 19.758993
0.873050 0.127383 0.000000
0.428627 0.853535 57.312169
0.684193 0.575484 41.110584
0.031085 0.218454 32.303247
0.316901 0.200000 90.000000
0.402811 0.607766 34.880494
0.364884 0.945983 47.287688
0.426795 0.325141 44.473880
0.716238 0.138830 0.000000
0.494409 0.057485 32.318707
0.568473 0.911854 31.504644
0.254182 0.965768 0.000000
0.523440 0.837979 40.029269
0.114579 0.929855 0.000000
0.131557 0.753636 0.000000
0.855874 0.276654 0.000000
0.316901 0.200000 90.000000
0.316901 0.500000 0.000000
0.747428 0.990307 12.575982
# OSA solutions
0.316901 0.200000 90.000000
0.334556 0.207974 85.640153
0.324387 0.237059 78.112266
0.349489 0.180840 81.055899
0.307394 0.158362 76.614202
0.316901 0.197811 89.303613
0.269120 0.213814 79.445642
0.359229 0.199732 81.499400
0.256771 0.210558 77.466198
0.289834 0.190685 83.808784
0.314177 0.193312 87.802744
0.352946 0.192997 82.426467
0.237573 0.217408 73.133910
0.207095 0.194958 67.890617
0.281584 0.205031 82.729138
0.244521 0.206566 75.315394
0.378277 0.216111 76.650980
0.282488 0.216201 81.378220
0.251759 0.177216 75.043527
0.228414 0.181231 71.253365
0.287566 0.247458 73.790540
0.355656 0.212691 81.231908
0.312079 0.203632 88.492162
0.324376 0.200050 88.498963
0.409930 0.196686 71.288455
0.289792 0.166445 78.015187
0.313110 0.199239 89.201021
0.304132 0.206686 86.668115
0.295237 0.237546 77.285289
0.380013 0.224227 75.165641
0.366535 0.220438 78.098688
0.345862 0.198727 84.170172
0.368727 0.179093 77.647924
0.256167 0.184638 76.860380
0.354479 0.197968 82.426093
0.346881 0.226478 79.644797
0.283958 0.195972 83.261379
0.267102 0.236816 74.596977
0.369845 0.204195 79.284441
0.362544 0.244833 73.043432
0.328845 0.212811 85.270123
0.336080 0.171062 80.019156
0.400137 0.201543 73.277546
0.299520 0.199603 86.507307
0.316901 0.206282 88.001000
0.368102 0.194172 79.552112
0.299878 0.169799 79.800222
0.327379 0.204212 87.505229
0.303555 0.216713 84.044743
0.399014 0.175920 71.817061
0.354246 0.206187 82.246338
0.284237 0.185591 81.996833
0.292624 0.204760 84.894754
0.288718 0.201241 84.326448
0.330813 0.197673 87.109841
0.340510 0.215277 83.209725
0.397783 0.225962 71.777338
0.307326 0.192954 87.046465
0.418265 0.194459 69.568109
0.373465 0.167745 74.691128
0.261880 0.201730 78.937063
0.318525 0.200031 89.673832
0.263683 0.171428 75.968785
0.321030 0.202027 88.949592
0.277336 0.188864 81.300109
0.283455 0.176524 79.954559
0.306950 0.244993 75.544572
0.316888 0.200609 89.806155
0.371632 0.188831 78.448734
0.338747 0.185291 83.585162
0.308645 0.195945 87.899184
0.295225 0.187575 84.119609
0.318891 0.212793 85.909623
0.387168 0.178548 74.324825
0.271815 0.199832 80.945602
0.336724 0.193130 85.458520
0.390715 0.221589 73.662336
0.249000 0.204369 76.293473
0.366548 0.187690 79.288284
0.236716 0.207843 73.704974
0.310879 0.215521 84.915404
0.415235 0.199653 70.252586
0.316634 0.186187 85.604535
0.341444 0.230836 79.019729
0.253263 0.194056 77.080986
0.331507 0.219717 83.074175
0.323401 0.225469 81.791243
0.305782 0.236543 78.159409
0.338539 0.243151 75.598255
0.321411 0.210552 86.522439
0.269250 0.192610 80.146010
0.412184 0.210896 70.553982
0.231082 0.212990 72.277198
0.364192 0.233238 75.785542
0.385591 0.195221 76.122298
0.292527 0.158114 75.801667
0.327723 0.163639 78.227601
0.318456 0.178331 83.098034
0.235475 0.189005 73.277948
0.311970 0.254628 72.589289
0.264141 0.182060 77.964677
0.381371 0.197564 77.030208
0.247930 0.187128 75.556492
0.263699 0.198071 79.298343
0.324407 0.174153 81.638630
0.302463 0.188181 85.251188
0.353376 0.161584 75.749661
0.348477 0.205132 83.452123
0.323846 0.192319 87.185926
0.223292 0.197128 71.179249
0.273210 0.229417 77.170324
0.250354 0.216497 75.642146
0.388007 0.207918 75.500176
0.329933 0.184690 84.469902
0.243116 0.173879 73.010669
0.402572 0.180519 71.713128
0.372576 0.174267 76.141816
0.310508 0.183535 84.605800
0.364680 0.175587 77.654734
0.386685 0.233816 72.331672
