# gen=150 x0..xd f
0.316901 0.200000 90.000000
0.469837 0.993191 46.181103
0.057776 0.159482 36.389532
0.177974 0.830800 0.000000
0.455165 0.339291 37.698759
0.553928 0.043787 21.178116
0.778186 0.995880 8.810158
0.316901 0.200000 90.000000
0.061036 0.526559 0.000000
0.316901 1.000000 0.000000
0.234911 0.802899 0.000000
0.911330 0.191240 0.000000
0.211786 0.212440 68.523010
0.824396 0.099630 0.000000
0.197628 0.386248 26.078842
0.544425 0.905434 36.210854
0.316901 0.200000 90.000000
0.952000 0.834462 0.000000
0.002931 0.351263 10.677299
0.352451 0.068326 47.497730
0.671858 0.534428 42.287411
0.316901 0.200000 90.000000
0.127820 0.966679 0.000000
0.778963 0.451556 21.021566
0.065750 0.950631 0.000000
0.316901 0.200000 90.000000
0.433800 0.601068 34.469710
0.717469 0.357737 0.000000
0.188158 0.144246 58.644571
0.447354 0.469959 22.298014
0.309157 0.053392 43.323758
0.701076 0.689793 34.221127
0.579192 0.878938 29.570908
0.439684 0.925124 54.705775
0.953785 0.896436 0.000000
0.042064 0.594205 0.000000
0.446226 0.151317 59.760239
0.877831 0.463415 0.000000
0.685763 0.860967 25.180623
0.426001 0.853770 57.515104
0.532045 0.312867 33.817503
0.467633 0.637027 36.174097
0.050995 0.680721 0.000000
0.316901 0.200000 90.000000
0.819042 0.457641 13.495267
0.904510 0.026962 0.000000
0.316901 0.200000 90.000000
0.573430 0.707539 26.737402
0.439186 0.944168 53.314070
0.951177 0.798576 0.000000
0.435855 0.307191 48.358647
0.268462 0.420609 0.000000
0.316901 0.200000 90.000000
0.106986 0.079863 33.093273
0.640903 0.535050 39.761393
0.228591 0.273792 60.574774
0.780018 0.147349 0.000000
0.338577 0.256914 71.374397
0.336516 0.264907 68.974374
0.274444 0.760032 0.000002
0.897611 0.714585 0.000000
0.316901 0.200000 90.000000
0.935390 0.826885 0.000000
0.866999 0.627442 0.000000
0.107055 0.226016 47.053700
0.283135 0.076700 50.184503
0.316901 0.200000 90.000000
0.472650 0.419430 16.886421
0.910158 0.984097 0.000000
0.551824 0.749663 32.216405
0.894754 0.448873 0.000000
0.094001 0.181742 44.862175
0.714890 0.556185 35.004950
0.683242 0.570102 41.320931
0.356252 0.422324 16.322856
0.273490 0.844124 0.000000
0.765759 0.731041 22.252455
0.316901 0.200000 90.000000
0.771030 0.956602 11.731761
0.208449 0.616407 0.000000
0.410371 0.511155 26.281385
0.055682 0.542531 0.000000
0.728551 0.288204 0.000000
0.316901 0.200000 90.000000
0.180628 0.300999 47.789379
0.000000 0.226489 25.804624
0.101052 0.180143 46.195332
0.964426 0.379841 0.000000
0.336895 0.000000 26.233853
0.750577 0.927205 15.752539
0.316901 0.200000 90.000000
0.660122 0.847341 26.508746
0.440459 0.903883 55.893349
0.316901 0.200000 90.000000
0.779912 0.409048 19.788408
0.741303 0.245954 0.000000
0.316901 0.200000 90.000000
0.698426 0.865125 24.242107
0.318762 0.712261 0.000000
0.316901 0.200000 90.000000
0.960210 0.915153 0.000000
0.212579 0.320533 46.297712
0.400307 0.355935 37.630951
0.674456 0.666995 38.225220
0.691598 0.410136 33.163640
0.316901 0.200000 90.000000
0.558246 0.261654 37.713556
0.378518 0.513760 25.524808
0.316901 0.200000 90.000000
0.781179 0.913920 12.473312
0.103779 0.390356 15.834073
0.957355 0.630286 0.000000
0.783634 0.601344 21.307826
0.625845 0.393344 2.626887
0.922799 0.200506 0.000000
0.984833 0.216905 0.000000
0.742255 0.138722 0.000000
0.191826 0.273361 55.710054
0.188326 0.838246 0.000000
0.815822 0.550613 14.992661
0.783595 0.286620 0.000000
0.369933 0.819714 48.397382
0.549701 0.275930 37.375320
0.316901 0.200000 90.000000
0.965150 0.247843 0.000000
0.316901 0.200000 90.000000
0.920543 0.243946 0.000000
0.302415 0.267871 68.208359
0.577602 0.371326 14.416668
0.314872 0.794126 0.009696
0.859519 0.463431 0.000000
0.988195 0.443748 0.000000
0.404274 0.040112 36.183351
0.159115 0.070865 38.111200
0.980371 0.121587 0.000000
0.303971 0.164018 78.259908
0.315887 0.512392 0.000000
0.316901 0.200000 90.000000
0.476315 0.572556 30.080652
0.436534 0.858435 56.644268
0.588130 0.208717 35.461784
0.603669 0.039669 13.064093
0.925831 0.541986 0.000000
0.284143 0.080989 51.563822
0.381810 0.210922 76.509743
0.550079 0.136932 39.054508
0.408318 0.806305 52.734274
0.931371 0.936718 0.000000
0.368958 0.148814 70.646420
0.088056 0.548767 0.000000
0.381877 0.961852 49.133251
0.294083 0.255729 71.684593
0.997606 0.079936 0.000000
0.925068 0.178864 0.000000
0.048959 0.918850 0.000000
0.527566 0.026570 20.464911
0.158646 0.052366 33.283030
0.255531 0.493632 0.000000
0.020738 0.830443 0.000000
0.846617 0.027452 0.000000
0.316901 0.200000 90.000000
0.424065 0.850524 57.295652
0.566238 0.693686 27.322881
0.488302 0.868301 47.180988
0.948943 0.154866 0.000000
0.050074 0.603162 0.000000
0.657641 0.548113 43.018053
0.316901 0.200000 90.000000
0.853539 0.418710 0.000000
0.397514 0.676773 40.840650
0.268469 0.312355 52.949252
0.030592 0.304118 23.641699
0.442429 1.000000 48.394730
0.292048 0.735567 0.000001
0.674517 0.924781 21.308195
0.300975 0.830602 0.000096
0.926256 0.104994 0.000000
0.807890 0.998746 4.743143
0.375703 0.209750 77.790869
0.707044 0.664290 34.491702
0.708496 0.473055 34.216308
0.410999 0.185144 70.521124
0.459540 0.087706 44.204281
0.711188 0.434514 32.150892
0.083161 0.070396 27.517762
0.453791 0.280387 52.450343
0.316901 0.200000 90.000000
0.360280 0.583609 30.389775
0.678397 0.683426 36.944270
0.836267 0.829393 6.828251
0.346718 0.245173 74.428613
0.104728 0.044899 24.799022
0.034252 0.372712 10.993290
0.103945 0.966473 0.000000
0.377862 0.770795 46.791309
0.169613 0.202783 60.408505
0.664511 0.650354 39.612569
0.056367 0.915976 0.000000
0.316901 0.500000 0.000000
0.094729 0.841188 0.000000
0.413511 0.896183 57.708522
0.478955 0.645337 35.957642
0.074798 0.304509 31.096190
0.427904 0.500000 25.331323
0.263910 0.983647 0.000000
0.384351 0.750743 46.073450
0.070798 0.260590 36.950443
0.612960 0.246071 28.765208
0.881331 0.966282 0.000000
0.553445 0.955322 33.660791
0.597730 0.796565 25.130042
0.316901 0.200000 90.000000
0.114578 0.743662 0.000000
0.461733 0.257062 55.712952
0.956484 0.213685 0.000000
0.128089 0.122726 44.808232
0.349344 0.174928 79.699836
0.789970 0.871373 13.058289
0.525861 0.226454 47.201052
0.029545 0.567860 0.000000
0.384133 0.126694 63.048713
0.510911 0.266969 45.592528
0.602415 0.880001 25.060269
0.251067 0.155551 70.639520
0.910823 0.969979 0.000000
0.091409 0.931082 0.000000
0.387926 0.663909 39.179080
0.181529 0.896258 0.000000
0.312970 0.405576 0.000000
0.167648 0.395647 20.905702
0.110112 0.668417 0.000000
0.316901 0.200000 90.000000
0.587165 0.219381 35.376851
0.073657 0.698147 0.000000
0.169432 0.313680 43.250638
0.273753 0.433162 0.000000
0.642431 0.596793 40.217593
0.125267 0.116360 43.210005
0.695549 0.761611 30.833974
0.568336 0.396301 9.681290
0.277444 0.235859 76.108301
0.516496 0.664342 33.169787
0.779009 0.555278 22.302709
0.415896 0.882292 58.693467
0.473001 1.000000 45.308524
0.307169 0.468331 0.000000
0.492011 0.331333 35.383245
0.803147 0.812238 13.142802
0.703116 0.474768 35.128926
0.397847 0.749575 47.175975
0.627347 0.901672 20.168402
0.256513 0.630699 0.000000
0.309115 0.000000 26.341181
0.425317 0.519823 27.150306
0.316901 0.200000 90.000000
0.035420 0.335132 18.977820
0.277402 0.492128 0.000000
0.691010 0.233118 0.000000
0.773719 0.084574 0.000000
0.431415 0.857533 57.321924
0.356947 0.395619 27.237119
0.261845 0.790424 0.000000
0.759663 0.584207 26.133645
0.033371 0.031326 11.752903
0.535258 0.259247 42.269126
0.952881 0.765256 0.000000
0.991492 0.189712 0.000000
0.215656 0.643211 0.000000
0.316901 0.200000 90.000000
0.962606 0.209767 0.000000
0.423426 0.991124 49.864851
0.830941 0.307152 0.000000
0.162933 0.135535 52.894847
0.453354 0.039007 31.904030
0.061559 0.620744 0.000000
0.205190 0.797913 0.000000
0.714363 0.661373 33.401594
0.597510 0.201773 33.645770
0.400050 0.770281 49.082807
0.278590 0.621144 0.000000
0.316901 0.200000 90.000000
0.279819 1.000000 0.000000
0.231170 0.513949 0.000000
0.030165 0.180376 32.080565
0.216813 0.805420 0.000000
0.342791 0.192811 84.319837
0.509762 0.749809 39.311509
0.303084 0.659620 0.000000
0.101439 0.023489 19.100407
0.283487 0.000000 26.007607
0.108013 0.857391 0.000000
0.222560 0.125663 59.694371
0.316901 0.200000 90.000000
0.486891 0.297896 43.786566
0.108199 0.497962 0.000000
0.464840 0.067878 38.521332
0.250286 0.398221 25.523158
0.046926 0.675512 0.000000
0.245823 0.274618 62.296485
0.992568 0.303460 0.000000
# OSA solutions
0.316901 0.200000 90.000000
0.334198 0.202891 86.406727
0.326635 0.231494 79.789667
0.353588 0.184825 81.191383
0.312428 0.171585 80.913914
0.316901 0.197811 89.303613
0.274223 0.212949 80.490390
0.359229 0.199732 81.499400
0.257605 0.204467 78.007556
0.289834 0.190685 83.808784
0.316901 0.194170 88.144945
0.350122 0.193616 83.026200
0.257918 0.236119 73.495675
0.227836 0.190312 71.850367
0.284257 0.202968 83.376826
0.244521 0.206566 75.315394
0.369009 0.212861 78.764040
0.288567 0.216596 82.236907
0.251759 0.177216 75.043527
0.228414 0.181231 71.253365
0.282471 0.234987 76.894840
0.355656 0.212691 81.231908
0.312079 0.203632 88.492162
0.324376 0.200050 88.498963
0.409930 0.196686 71.288455
0.297926 0.174482 81.030681
0.313110 0.199239 89.201021
0.304132 0.206686 86.668115
0.295237 0.237546 77.285289
0.380013 0.224227 75.165641
0.366535 0.220438 78.098688
0.345862 0.198727 84.170172
0.368727 0.179093 77.647924
0.264549 0.184389 78.372257
0.354479 0.197968 82.426093
0.342888 0.221827 81.312630
0.287501 0.195125 83.895435
0.269399 0.219540 78.613246
0.365380 0.203597 80.197577
0.353726 0.233312 77.075584
0.328845 0.212811 85.270123
0.334601 0.174351 81.098164
0.396127 0.192246 73.899939
0.299520 0.199603 86.507307
0.316901 0.204564 88.547602
0.368102 0.194172 79.552112
0.307305 0.173757 81.430148
0.327379 0.204212 87.505229
0.306490 0.215051 84.774231
0.395287 0.181856 73.233341
0.354246 0.206187 82.246338
0.287093 0.186777 82.683192
0.295942 0.206542 85.304235
0.288718 0.201241 84.326448
0.330813 0.197673 87.109841
0.340510 0.215277 83.209725
0.387394 0.225467 73.688293
0.307326 0.192954 87.046465
0.304682 0.148340 73.379788
0.373684 0.168836 74.888324
0.267520 0.205662 79.920968
0.318525 0.200031 89.673832
0.263683 0.171428 75.968785
0.321030 0.202027 88.949592
0.277336 0.188864 81.300109
0.283455 0.176524 79.954559
0.306950 0.244993 75.544572
0.316888 0.200609 89.806155
0.371632 0.188831 78.448734
0.338747 0.185291 83.585162
0.308645 0.195945 87.899184
0.295225 0.187575 84.119609
0.314859 0.211813 86.218865
0.384791 0.180142 74.973348
0.274893 0.201577 81.549015
0.336724 0.193130 85.458520
0.394013 0.215814 73.717491
0.249000 0.204369 76.293473
0.366933 0.189538 79.415553
0.238479 0.202728 74.227540
0.310606 0.213365 85.563278
0.415235 0.199653 70.252586
0.313140 0.189971 86.720752
0.341444 0.230836 79.019729
0.259360 0.193022 78.233251
0.329670 0.217461 83.880702
0.322213 0.219512 83.700446
0.312272 0.224673 82.094176
0.338278 0.241568 76.093990
0.321411 0.210552 86.522439
0.272369 0.195156 80.925184
0.412184 0.210896 70.553982
0.231082 0.212990 72.277198
0.358974 0.227424 77.853615
0.385591 0.195221 76.122298
0.287820 0.166163 77.751286
0.327877 0.165531 78.812688
0.314896 0.179735 83.539287
0.239950 0.187644 74.054449
0.312095 0.249014 74.373899
0.279788 0.183515 80.886238
0.381371 0.197564 77.030208
0.249770 0.189775 76.131868
0.263699 0.198071 79.298343
0.327194 0.177464 82.537180
0.306160 0.187293 85.417317
0.349218 0.165017 77.114730
0.344938 0.205571 84.097217
0.323846 0.192319 87.185926
0.231867 0.199891 72.923599
0.278251 0.222129 79.520067
0.251859 0.213376 76.262393
0.386841 0.209875 75.607661
0.329933 0.184690 84.469902
0.243116 0.173879 73.010669
0.402572 0.180519 71.713128
0.375923 0.182488 76.902865
0.310508 0.183535 84.605800
0.359305 0.174524 78.243030
0.370368 0.229851 75.664493
