# gen=0 mediating population
# x0..x(D-1) f0 f1 consensus
0.227611 0.976765 0.604637 50.375540 0.631999 0.631999
0.273706 0.921207 0.636259 47.094760 0.631999 0.631999
0.816734 0.940125 0.841184 38.860747 0.631999 0.631999
0.212883 0.782263 0.173985 38.219226 0.631999 0.631999
0.309931 0.896101 0.563398 29.343047 0.631999 0.631999
0.403781 0.745482 0.638851 28.850781 0.631999 0.631999
0.786547 0.253555 0.439229 25.478423 15.865419 15.865419
0.350712 0.868912 0.824968 24.260259 0.631999 0.631999
0.592057 0.317737 0.515694 0.631999 33.747509 0.631999
0.072479 0.826600 0.130076 18.492348 17.352638 17.352638
0.038083 0.793161 0.288903 18.492348 17.352638 17.352638
0.080171 0.980164 0.050290 18.492348 17.352638 17.352638
0.023131 0.947061 0.011720 18.492348 17.352638 17.352638
0.341881 0.071812 0.812755 18.492348 15.865419 15.865419
0.875276 0.364206 0.620756 32.975343 15.865419 15.865419
0.289778 0.476816 0.299677 18.492348 15.865419 15.865419
0.409834 0.647251 0.560166 24.592151 0.631999 0.631999
0.150045 0.901683 0.367356 18.492348 0.631999 0.631999
0.132847 0.884963 0.446770 18.492348 0.631999 0.631999
0.153891 0.978464 0.327463 38.414438 0.631999 0.631999
0.284746 0.524288 0.708696 18.492348 0.631999 0.631999
0.551443 0.670486 0.612697 0.631999 0.631999 0.631999
0.258695 0.726791 0.452157 18.492348 7.396127 7.396127
0.704396 0.628931 0.678439 0.936502 0.631999 0.631999
0.444606 0.883362 0.485630 18.492348 0.631999 0.631999
0.427408 0.866643 0.565044 18.492348 0.631999 0.631999
0.448453 0.960144 0.445737 18.492348 0.631999 0.631999
0.579307 0.505968 0.826969 0.631999 0.631999 0.631999
0.846005 0.652165 0.730970 0.929846 0.631999 0.631999
0.402470 0.550000 0.344840 20.527466 0.631999 0.631999
0.142681 0.804432 0.152030 18.492348 0.631999 0.631999
0.125483 0.787712 0.231444 18.492348 0.631999 0.631999
0.146527 0.881213 0.112137 31.429020 0.631999 0.631999
0.277382 0.427037 0.493370 18.492348 15.865419 15.865419
0.544079 0.573235 0.397370 0.631999 0.631999 0.631999
0.251330 0.629540 0.236831 18.492348 0.631999 0.631999
0.450994 0.606919 0.539546 22.625762 0.631999 0.631999
0.191205 0.861350 0.346737 39.918683 0.631999 0.631999
0.174007 0.844631 0.426150 18.492348 0.631999 0.631999
0.195051 0.938132 0.306844 39.389040 0.631999 0.631999
0.325906 0.483956 0.688076 18.492348 15.865419 15.865419
0.592603 0.630153 0.592077 0.631999 0.631999 0.631999
0.299855 0.686458 0.431537 19.996986 5.765820 5.765820
0.497919 0.531609 0.577273 18.492348 0.631999 0.631999
0.238130 0.786041 0.384463 27.177599 1.651814 1.651814
0.372831 0.408647 0.725803 18.492348 15.865419 15.865419
0.639528 0.554844 0.629804 0.667326 0.631999 0.631999
0.346780 0.611149 0.469264 18.492348 0.631999 0.631999
0.689302 0.285646 0.477462 3.077052 28.937150 3.077052
0.429513 0.540078 0.284652 21.059590 0.631999 0.631999
0.433359 0.616859 0.244759 18.492348 0.631999 0.631999
0.564214 0.162683 0.625992 0.631999 15.865419 0.631999
0.830911 0.308880 0.529992 87.901959 77.174155 77.174155
0.538163 0.365185 0.369453 0.667763 15.865419 0.667763
0.471384 0.593324 0.670331 18.492348 0.631999 0.631999
0.211595 0.847756 0.477522 21.826234 7.486659 7.486659
0.194397 0.831036 0.556936 18.492348 3.674557 3.674557
0.215441 0.924538 0.437629 69.050610 13.643640 13.643640
0.346296 0.470362 0.818861 18.492348 15.865419 15.865419
0.612994 0.616559 0.722862 0.631999 0.631999 0.631999
0.320245 0.672864 0.562323 18.492348 0.631999 0.631999
0.235638 0.853005 0.619774 19.206910 1.619008 1.619008
0.423352 0.620491 0.878740 18.492348 0.631999 0.631999
0.000958 0.327429 0.703925 18.492348 5.378544 5.378544
0.430301 0.729418 0.721108 23.167438 0.631999 0.631999
0.007808 0.031386 0.925578 15.041438 5.378544 5.378544
0.555714 0.945583 0.684918 0.581851 0.631999 0.581851
0.113096 0.911622 0.152601 23.620821 0.631999 0.631999
0.692271 0.472484 0.956027 0.631999 15.865419 0.631999
0.810228 0.611607 0.688715 1.357641 0.631999 0.631999
0.383374 0.986830 0.483928 18.492348 0.631999 0.631999
0.162011 0.539489 0.388210 18.492348 0.631999 0.631999
0.117463 0.215363 0.214995 18.492348 15.865419 15.865419
0.491416 0.952990 0.759816 18.492348 0.631999 0.631999
0.304312 0.208478 0.375806 18.492348 15.865419 15.865419
0.479715 0.677858 0.210214 18.492348 0.631999 0.631999
0.734122 0.564249 0.452934 0.631999 0.631999 0.631999
0.274657 0.139290 0.846596 18.492348 15.865419 15.865419
0.170665 0.265292 0.348328 18.492348 15.865419 15.865419
0.583964 0.285910 0.334369 0.862054 15.865419 0.862054
0.510868 0.565832 0.573461 0.631999 0.631999 0.631999
0.044936 0.186527 0.266566 18.492348 5.378544 5.378544
0.926126 0.543584 0.007419 0.631999 2.687835 0.631999
0.567269 0.261583 0.620366 0.631999 15.865419 0.631999
0.007756 0.401109 0.360786 18.492348 5.378544 5.378544
0.066997 0.614235 0.864135 18.492348 1.566007 1.566007
0.549202 0.457122 0.297236 0.631999 15.865419 0.631999
0.536515 0.487647 0.806801 0.631999 15.865419 0.631999
0.859347 0.485827 0.403545 0.631999 15.865419 0.631999
0.571941 0.356573 0.405216 0.816850 15.865419 0.816850
0.791375 0.539026 0.861771 0.631999 0.631999 0.631999
0.999344 0.210624 0.361820 0.631999 15.865419 0.631999
0.490685 0.597874 0.060089 18.492348 2.687835 2.687835
0.824768 0.680168 0.140910 0.631999 0.631999 0.631999
0.184295 0.312104 0.925099 18.492348 15.865419 15.865419
0.187215 0.909056 0.202639 34.986163 0.631999 0.631999
0.716485 0.010023 0.507876 0.631999 15.865419 0.631999
0.808307 0.175751 0.027250 0.631999 18.352446 0.631999
0.635748 0.776629 0.660808 0.631999 0.631999 0.631999
0.765227 0.082756 0.198945 0.631999 15.865419 0.631999
0.718223 0.052106 0.533349 0.631999 15.865419 0.631999
0.089290 0.392731 0.601257 18.492348 5.378544 5.378544
0.954980 0.001352 0.897941 0.631999 15.865419 0.631999
0.314166 0.354552 0.331056 18.492348 15.865419 15.865419
0.926074 0.987333 0.451214 0.410705 0.631999 0.410705
0.889264 0.877545 0.079706 0.410705 2.687835 0.410705
0.976914 0.539096 0.168297 0.631999 0.631999 0.631999
0.759079 0.032682 0.083877 0.631999 15.865419 0.631999
0.282723 0.883493 0.913984 18.492348 0.631999 0.631999
0.790471 0.184238 0.423003 13.856388 15.865419 13.856388
0.689406 0.934076 0.951659 0.581851 0.631999 0.581851
0.504360 0.350204 0.390404 0.631999 15.865419 0.631999
0.158203 0.182881 0.505047 18.492348 15.865419 15.865419
0.428806 0.799961 0.699183 18.492348 0.631999 0.631999
0.950191 0.656221 0.792574 0.631999 0.631999 0.631999
0.098226 0.528200 0.656078 18.492348 0.631999 0.631999
0.495647 0.537460 0.970016 18.492348 0.631999 0.631999
0.148465 0.988672 0.757146 18.492348 0.631999 0.631999
0.686291 0.203801 0.727406 0.631999 15.865419 0.631999
0.114584 0.592693 0.606362 18.492348 0.631999 0.631999
0.503604 0.694928 0.539342 18.492348 0.631999 0.631999
0.564852 0.509330 0.515977 0.718238 0.631999 0.631999
0.692903 0.311611 0.555325 0.786448 21.676925 0.786448
0.973270 0.454322 0.991255 0.631999 15.865419 0.631999
0.803287 0.142042 0.509849 0.903720 15.865419 0.903720
0.448991 0.727617 0.510822 18.492348 0.631999 0.631999
0.697842 0.230170 0.670133 0.631999 15.865419 0.631999
0.361850 0.215515 0.771534 18.492348 15.865419 15.865419
0.736510 0.883803 0.182806 0.410705 0.631999 0.410705
0.964395 0.487968 0.874451 0.631999 15.865419 0.631999
0.213231 0.397408 0.403942 18.492348 15.865419 15.865419
0.062189 0.402364 0.485124 18.492348 5.378544 5.378544
0.321843 0.230410 0.690807 18.492348 15.865419 15.865419
0.532622 0.792209 0.828147 0.631999 0.631999 0.631999
0.632335 0.182621 0.242263 0.828229 15.865419 0.828229
0.855444 0.878230 0.578259 0.410705 0.631999 0.410705
0.663528 0.341757 0.415610 3.640950 15.865419 3.640950
0.190575 0.403697 0.441483 18.492348 15.865419 15.865419
0.131255 0.232079 0.765768 18.492348 15.865419 15.865419
0.773649 0.360034 0.073041 0.631999 15.865419 0.631999
0.605658 0.167824 0.171976 0.631999 15.865419 0.631999
0.125740 0.737966 0.598872 18.492348 0.631999 0.631999
0.104512 0.426930 0.491589 18.492348 15.865419 15.865419
0.387361 0.374910 0.660173 18.492348 15.865419 15.865419
0.954621 0.627500 0.647649 0.631999 0.631999 0.631999
0.203066 0.346208 0.690466 18.492348 15.865419 15.865419
0.936434 0.952868 0.596724 0.410705 0.631999 0.410705
0.118427 0.702722 0.678490 18.492348 0.631999 0.631999
0.951827 0.677301 0.806882 0.631999 0.631999 0.631999
0.187387 0.651707 0.233436 18.492348 0.631999 0.631999
0.650660 0.051962 0.696347 0.631999 15.865419 0.631999
0.042574 0.013426 0.641783 15.041438 5.378544 5.378544
0.440830 0.110978 0.440901 18.492348 15.865419 15.865419
0.925968 0.615490 0.566850 0.631999 0.631999 0.631999
0.233452 0.319142 0.090934 18.492348 15.865419 15.865419
0.584557 0.041271 0.951801 0.631999 15.865419 0.631999
0.658331 0.444345 0.803321 0.631999 15.865419 0.631999
0.109846 0.755101 0.885116 18.492348 0.631999 0.631999
0.868062 0.191552 0.073127 0.631999 15.865419 0.631999
0.853072 0.568639 0.610385 0.696796 0.631999 0.631999
0.967081 0.653995 0.081467 0.631999 2.687835 0.631999
0.497779 0.058992 0.455409 18.492348 15.865419 15.865419
0.578172 0.357750 0.175131 0.631999 15.865419 0.631999
0.522595 0.780091 0.454633 0.631999 0.631999 0.631999
0.437863 0.000050 0.936132 15.041438 15.865419 15.041438
0.888821 0.470935 0.248860 0.631999 15.865419 0.631999
0.939648 0.463011 0.360918 0.631999 15.865419 0.631999
0.513599 0.203336 0.849873 0.631999 15.865419 0.631999
0.108657 0.573641 0.548465 18.492348 0.631999 0.631999
0.113065 0.283098 0.495734 18.492348 15.865419 15.865419
0.303527 0.684568 0.884401 18.492348 0.631999 0.631999
0.793703 0.941126 0.549012 0.410705 0.631999 0.410705
0.670519 0.490865 0.543463 1.977852 15.865419 1.977852
0.204904 0.965499 0.621529 32.033539 0.631999 0.631999
0.719493 0.978338 0.419887 0.410705 0.631999 0.410705
0.499628 0.631423 0.734943 18.698730 0.631999 0.631999
0.378325 0.213346 0.580532 18.492348 15.865419 15.865419
0.552032 0.931901 0.398662 0.410705 0.631999 0.410705
0.702695 0.557752 0.637472 1.566392 0.631999 0.631999
0.583188 0.440301 0.967847 0.631999 15.865419 0.631999
0.123727 0.132195 0.212640 18.492348 15.865419 15.865419
0.741318 0.816394 0.111233 0.631999 0.631999 0.631999
0.059783 0.592222 0.607476 18.492348 1.566007 1.566007
0.996464 0.164392 0.299597 0.631999 15.865419 0.631999
0.219778 0.133944 0.483273 18.492348 15.865419 15.865419
0.850700 0.539486 0.596664 0.865215 0.631999 0.631999
0.943455 0.581293 0.442525 0.631999 0.631999 0.631999
0.925036 0.391384 0.671638 11.612646 15.865419 11.612646
0.013607 0.947389 0.540025 18.492348 1.566007 1.566007
0.128184 0.367727 0.025154 18.492348 5.064044 5.064044
0.486308 0.214314 0.451715 18.492348 15.865419 15.865419
0.698706 0.159399 0.078716 0.631999 15.865419 0.631999
0.826693 0.808331 0.646115 0.631999 0.631999 0.631999
0.774375 0.477855 0.442613 0.631999 15.865419 0.631999
0.411964 0.743147 0.784159 18.492348 0.631999 0.631999
0.392655 0.553741 0.083366 19.536695 2.687835 2.687835
0.031665 0.461462 0.823153 18.492348 5.378544 5.378544
0.598253 0.761078 0.374084 0.631999 0.631999 0.631999
0.057720 0.207429 0.180212 18.492348 5.378544 5.378544
0.921792 0.739441 0.596417 0.631999 0.631999 0.631999
0.809403 0.159550 0.323421 0.801122 15.865419 0.801122
0.312477 0.588858 0.330706 18.492348 0.631999 0.631999
0.050720 0.858804 0.479859 18.492348 17.352638 17.352638
0.976586 0.236793 0.114404 0.631999 15.865419 0.631999
0.612363 0.368959 0.111273 0.631999 15.865419 0.631999
0.684162 0.661936 0.853280 0.631999 0.631999 0.631999
0.346664 0.661274 0.447748 24.768670 0.631999 0.631999
0.931132 0.963273 0.785068 0.979629 0.631999 0.631999
0.738266 0.297057 0.778126 0.631999 15.865419 0.631999
0.521588 0.967427 0.714075 0.581851 0.631999 0.581851
0.387281 0.825404 0.579264 18.492348 0.631999 0.631999
0.662744 0.455763 0.325597 0.631999 15.865419 0.631999
0.532040 0.213154 0.848619 0.631999 15.865419 0.631999
0.598757 0.758022 0.410009 0.631999 0.631999 0.631999
0.233394 0.328506 0.725096 18.492348 15.865419 15.865419
0.743880 0.395913 0.670052 0.631999 15.865419 0.631999
0.791678 0.055843 0.550842 0.631999 15.865419 0.631999
0.517041 0.693983 0.980736 0.631999 0.631999 0.631999
0.884261 0.886367 0.733018 0.581851 0.631999 0.581851
0.004127 0.894408 0.725890 18.492348 1.566007 1.566007
0.432528 0.063395 0.026835 18.492348 5.064044 5.064044
0.757545 0.363831 0.671487 0.631999 15.865419 0.631999
0.356027 0.721954 0.297539 25.981489 0.965418 0.965418
0.506790 0.439692 0.344069 0.631999 15.865419 0.631999
0.016594 0.080910 0.451069 18.492348 5.378544 5.378544
0.928508 0.698725 0.437828 0.631999 0.631999 0.631999
0.367653 0.831857 0.816393 22.569997 0.631999 0.631999
0.693676 0.816801 0.136798 0.631999 0.631999 0.631999
0.041739 0.713423 0.074374 18.492348 17.352638 17.352638
0.231768 0.680677 0.482687 18.492348 0.805911 0.805911
0.876694 0.124931 0.748296 0.631999 15.865419 0.631999
0.730146 0.226756 0.569475 0.631999 15.865419 0.631999
0.907911 0.305768 0.425364 0.631999 15.865419 0.631999
0.661790 0.120580 0.046546 0.631999 5.064044 0.631999
0.867352 0.980280 0.634327 0.581851 0.631999 0.581851
0.542094 0.103329 0.213379 0.631999 15.865419 0.631999
0.572404 0.621673 0.005996 0.631999 2.687835 0.631999
0.071444 0.647771 0.790250 18.492348 1.566007 1.566007
0.622004 0.660622 0.133758 0.631999 0.631999 0.631999
0.860584 0.087004 0.461445 1.731798 15.865419 1.731798
0.404609 0.453436 0.675263 18.492348 15.865419 15.865419
0.356445 0.554587 0.360980 18.516629 0.651403 0.651403
0.175234 0.112090 0.928398 18.492348 15.865419 15.865419
0.984759 0.583896 0.360224 0.631999 0.631999 0.631999
0.638726 0.020564 0.455658 0.631999 15.865419 0.631999
0.785246 0.702461 0.393802 0.631999 0.631999 0.631999
0.761979 0.107555 0.055711 0.631999 5.064044 0.631999
0.719738 0.845732 0.676587 0.631999 0.631999 0.631999
0.843066 0.289082 0.489296 38.508490 17.580748 17.580748
0.612508 0.522614 0.892180 0.631999 0.631999 0.631999
0.500434 0.165845 0.056169 18.492348 5.064044 5.064044
0.094780 0.756509 0.607961 18.492348 0.631999 0.631999
0.511303 0.628417 0.144640 0.631999 0.631999 0.631999
0.959894 0.047631 0.480613 0.631999 15.865419 0.631999
0.805318 0.130307 0.909313 0.631999 15.865419 0.631999
0.896933 0.051132 0.411121 1.768274 15.865419 1.768274
0.623798 0.490580 0.178751 0.631999 15.865419 0.631999
0.850860 0.899748 0.223562 0.410705 0.631999 0.410705
0.972121 0.451060 0.449304 0.631999 15.865419 0.631999
0.859099 0.527142 0.823087 0.631999 0.631999 0.631999
0.621755 0.755227 0.341080 0.631999 0.631999 0.631999
0.981925 0.849709 0.070534 0.410705 2.687835 0.410705
0.549256 0.076748 0.807004 0.631999 15.865419 0.631999
0.095133 0.963318 0.308661 18.492348 0.631999 0.631999
0.681973 0.352278 0.842468 0.631999 15.865419 0.631999
0.799333 0.603649 0.465121 0.631999 0.631999 0.631999
0.641523 0.232239 0.469846 0.631999 17.531961 0.631999
0.808901 0.848207 0.851242 0.581851 0.631999 0.581851
0.150413 0.504899 0.663854 18.492348 0.631999 0.631999
0.803477 0.878075 0.443136 0.410705 0.631999 0.410705
0.311339 0.957492 0.598549 18.492348 0.631999 0.631999
0.458950 0.939470 0.505234 18.492348 0.631999 0.631999
0.730490 0.826371 0.858919 0.631999 0.631999 0.631999
0.066329 0.537054 0.513079 18.492348 1.566007 1.566007
0.081778 0.217508 0.648532 18.492348 5.378544 5.378544
0.910080 0.996477 0.732928 0.581851 0.631999 0.581851
0.824635 0.137976 0.680014 0.631999 15.865419 0.631999
0.966231 0.896887 0.135510 0.410705 0.631999 0.410705
0.287739 0.582890 0.706180 18.492348 0.631999 0.631999
0.222501 0.072878 0.729725 18.492348 15.865419 15.865419
0.404065 0.394422 0.113105 18.492348 15.865419 15.865419
0.532911 0.703331 0.159964 0.631999 0.631999 0.631999
0.783642 0.183947 0.133098 0.631999 15.865419 0.631999
0.064636 0.516941 0.324040 18.492348 17.352638 17.352638
0.335703 0.477903 0.115144 18.492348 15.865419 15.865419
0.993704 0.635459 0.102569 0.631999 0.631999 0.631999
0.361806 0.190159 0.998142 18.492348 15.865419 15.865419
0.351360 0.949584 0.111320 18.492348 0.631999 0.631999
0.490402 0.621472 0.046963 18.492348 2.687835 2.687835
0.846268 0.162048 0.893428 0.631999 15.865419 0.631999
0.261013 0.321857 0.289604 18.492348 15.865419 15.865419
0.566256 0.952623 0.786215 0.581851 0.631999 0.581851
0.265319 0.256788 0.661822 18.492348 15.865419 15.865419
0.634808 0.435000 0.370834 0.631999 15.865419 0.631999
0.444110 0.326649 0.919857 18.492348 15.865419 15.865419
0.312684 0.599062 0.448276 18.492348 1.301265 1.301265
0.231222 0.371441 0.242639 18.492348 15.865419 15.865419
0.105996 0.378962 0.294574 18.492348 15.865419 15.865419
0.169417 0.296079 0.431059 18.492348 15.865419 15.865419
0.745149 0.112575 0.264208 0.864290 15.865419 0.864290
