# gen=100 CA size=127
# x0..x(D-1) consensus
0.919337 0.432254 0.236884 0.184684 0.735302 19.168412
0.803606 0.367100 0.366413 0.395459 0.925063 5.616919
0.145966 0.725133 0.168733 0.382622 0.276822 5.405531
0.948636 0.516599 0.335380 0.252756 0.745936 6.788982
0.916746 0.508773 0.253075 0.089701 0.350309 5.205206
0.918732 0.476379 0.295669 0.114617 0.446340 5.896664
1.000000 0.449949 0.319290 0.226454 0.683433 5.534759
0.929776 0.534169 0.280732 0.000000 0.509028 7.780127
0.904355 0.377049 0.396887 0.352243 1.000000 5.280611
0.909058 0.518172 0.284988 0.126548 0.686960 11.795540
0.861885 0.357251 0.305449 0.227274 1.000000 6.065564
0.965061 0.392406 0.238455 0.291862 0.656321 9.152919
0.135068 0.671033 0.135425 0.248750 0.319340 11.442360
1.000000 0.443715 0.243396 0.084758 0.605436 5.704567
0.863284 0.406854 0.258735 0.264862 0.745454 26.473970
0.203114 0.708447 0.238494 0.553332 0.374704 5.743237
1.000000 0.548742 0.305235 0.000000 0.569271 5.076166
0.149718 0.713205 0.184672 0.282786 0.324657 11.207710
0.868554 0.380197 0.295781 0.258507 0.952557 9.817127
0.846002 0.490122 0.301780 0.064069 0.468691 5.952101
0.941817 0.426652 0.285577 0.294816 0.809148 15.606745
0.821220 0.520841 0.221645 0.080456 0.476245 5.702358
0.924314 0.413994 0.215974 0.199612 0.893029 5.019949
0.880352 0.362653 0.205576 0.294385 0.741582 5.461831
0.848815 0.420044 0.242238 0.221231 0.859945 12.306608
0.928742 0.303282 0.334562 0.366699 0.904303 5.563535
0.809120 0.499976 0.272563 0.087214 0.562883 6.471889
0.936710 0.509768 0.293571 0.000000 0.606763 6.323407
0.819992 0.382595 0.255908 0.228361 0.672244 8.946059
1.000000 0.458385 0.267214 0.181607 0.881319 5.302443
0.968000 0.429355 0.267761 0.258969 0.799792 10.597001
1.000000 0.429153 0.223295 0.228883 0.748973 6.483508
0.958847 0.325776 0.305861 0.414118 0.832084 5.563598
0.897805 0.387116 0.270446 0.330045 1.000000 6.356600
0.832376 0.473779 0.330825 0.218448 0.601674 9.335817
0.964878 0.506849 0.182191 0.107666 0.523757 5.352293
0.992047 0.356578 0.259384 0.277597 0.985813 5.007454
0.882748 0.375914 0.243396 0.288632 0.958515 7.225148
0.871731 0.411605 0.186279 0.184972 0.583811 6.193512
0.875672 0.482145 0.268589 0.000000 0.523932 5.385424
0.921927 0.524921 0.285628 0.000000 0.583679 5.143420
0.895833 0.522927 0.196278 0.000000 0.551460 5.030975
0.880552 0.366725 0.371584 0.352387 0.924255 5.688665
1.000000 0.405052 0.239165 0.162727 0.608283 5.899695
0.142109 0.682658 0.114452 0.389742 0.532616 5.592673
0.903345 0.456480 0.297005 0.084536 0.837592 6.695342
0.861133 0.262865 0.289820 0.460134 1.000000 5.189327
0.924239 0.414187 0.340143 0.319020 1.000000 6.162450
0.876354 0.419866 0.294479 0.188453 0.599391 15.015711
0.117564 0.693066 0.098148 0.327819 0.467708 7.191079
1.000000 0.463528 0.294769 0.265531 0.681129 5.122717
1.000000 0.388470 0.227565 0.130540 0.741129 5.945853
1.000000 0.410035 0.331794 0.171520 0.893257 6.335127
1.000000 0.426217 0.302251 0.224118 0.765907 6.825564
0.964888 0.396512 0.260693 0.170865 0.689111 12.192654
0.942754 0.389761 0.284392 0.191466 1.000000 6.445854
0.863406 0.489158 0.214702 0.000000 0.515245 6.012791
0.859031 0.548253 0.319134 0.102976 0.505878 8.019877
1.000000 0.416714 0.216484 0.121569 0.771340 5.589342
0.892173 0.409097 0.340058 0.108829 0.702027 5.275480
0.886439 0.502444 0.211242 0.068433 0.361677 5.976227
0.904543 0.521797 0.301942 0.000000 0.636561 5.610457
0.870998 0.431489 0.274461 0.351485 0.666715 8.433466
0.863262 0.443769 0.239064 0.208037 0.627989 22.117664
0.954854 0.337220 0.309352 0.294793 0.893141 9.893323
0.938362 0.436632 0.196160 0.250523 0.658902 6.978697
0.131087 0.675008 0.146649 0.352468 0.456124 10.553744
0.886081 0.544319 0.231666 0.169788 0.564882 6.029249
0.929776 0.488754 0.287370 0.171985 0.627744 31.505922
0.176562 0.684017 0.278178 0.297877 0.405795 10.943792
0.954116 0.379526 0.278356 0.325379 0.650934 6.180691
0.813857 0.412415 0.202875 0.158576 0.739341 6.565664
0.125038 0.640050 0.139784 0.200155 0.224922 5.032448
1.000000 0.440525 0.348813 0.170519 0.676376 5.107223
0.885686 0.466882 0.258813 0.305205 0.619921 6.163146
0.925331 0.357074 0.344094 0.442040 0.856133 5.050618
0.901355 0.458467 0.302618 0.136394 0.905984 6.289408
0.885209 0.455184 0.314056 0.271600 0.685938 23.059915
0.920142 0.477887 0.318536 0.296586 0.627579 13.588327
0.897699 0.400617 0.300213 0.339999 0.793588 18.189088
0.919263 0.416463 0.405479 0.379061 0.808133 5.024508
0.900903 0.409083 0.310755 0.136738 0.788958 10.972163
0.907706 0.389253 0.297947 0.254616 0.743058 26.327030
0.832193 0.456042 0.300312 0.231685 0.744851 19.568581
0.970751 0.478991 0.282228 0.197178 0.745936 9.928030
0.867283 0.481602 0.385164 0.312533 0.726919 5.677479
0.958568 0.488538 0.213567 0.142276 0.456817 6.676063
0.998994 0.465119 0.203417 0.063300 0.484034 5.723392
1.000000 0.536004 0.196589 0.000000 0.472563 5.015110
0.939403 0.496003 0.318595 0.180651 0.742979 10.897906
0.803561 0.464881 0.329727 0.316735 0.738318 5.855244
0.811187 0.457467 0.246932 0.082112 0.635109 5.955727
0.873582 0.344404 0.286246 0.250727 0.698624 7.068469
0.981479 0.461432 0.286402 0.289683 0.766219 6.715274
0.916476 0.417728 0.251572 0.190523 0.529668 7.686771
0.930211 0.318420 0.295287 0.245014 1.000000 7.479305
0.881295 0.369272 0.306528 0.250286 1.000000 7.655325
1.000000 0.440093 0.234472 0.158431 0.555576 5.688214
0.883397 0.458208 0.304924 0.242513 0.616118 22.932298
1.000000 0.313799 0.324825 0.314037 0.939298 5.065758
0.838446 0.447073 0.299988 0.245163 0.806455 19.590155
0.941427 0.400786 0.260641 0.282650 0.873184 14.691384
0.949846 0.362367 0.353625 0.349566 0.986577 6.012211
0.873638 0.444203 0.237380 0.281543 0.536350 6.304197
0.959964 0.375150 0.340643 0.255231 0.768209 6.880099
0.877725 0.526467 0.260352 0.187701 0.360849 5.519377
1.000000 0.472008 0.312394 0.138923 0.807119 5.648598
0.979936 0.430017 0.221514 0.134093 0.759426 6.432633
0.863309 0.409765 0.307039 0.337039 0.768284 14.141337
0.872316 0.407965 0.293702 0.350446 0.960385 7.251717
0.872994 0.626478 0.294857 0.086668 0.452534 5.123652
0.809744 0.411084 0.324969 0.106735 0.722195 5.228031
0.921195 0.519647 0.241362 0.009336 0.571643 6.114231
0.916476 0.383686 0.268614 0.231396 0.687030 23.470187
1.000000 0.525896 0.270795 0.089811 0.508951 5.606259
0.924752 0.545838 0.290041 0.158795 0.479632 8.785079
0.141488 0.694810 0.266009 0.284205 0.434433 9.366474
0.799125 0.358688 0.237984 0.289413 0.723784 6.107081
0.841512 0.526467 0.274095 0.159331 0.600948 9.096378
0.910853 0.436690 0.231938 0.000000 0.601066 5.203499
1.000000 0.556499 0.263067 0.014723 0.504884 5.649743
0.961293 0.496522 0.227306 0.095180 0.575823 9.053744
0.505952 0.020039 0.523202 0.527121 0.889077 7.669886
0.809346 0.527389 0.267409 0.200217 0.493640 6.148606
0.134735 0.619591 0.287657 0.164689 0.283513 5.384834
1.000000 0.445252 0.370925 0.246319 0.768509 5.468811
0.898609 0.495558 0.194906 0.136754 0.703849 5.489098
