# Party-1 optima (Phase 1b)
# x0..x(D-1) party_fit f0 f1 consensus
0.057458 0.222617 0.904642 0.285999 0.781983 0.924141 0.735520 0.011534 0.386743 0.031940 2.235090 0.416912 2.235090 0.416912
0.011124 0.119687 0.766845 0.685173 0.306870 0.043059 0.195459 0.594036 0.706729 0.304419 2.235090 0.008031 2.235090 0.008031
0.380107 0.312842 0.936808 0.403569 0.480391 0.845344 0.887673 0.985426 0.089437 0.845192 2.235090 0.008031 2.235090 0.008031
0.274286 0.328783 0.677427 0.773420 0.570906 0.536421 0.929972 0.032870 0.008842 0.964453 2.235090 0.697241 2.235090 0.697241
0.470052 0.071489 0.638871 0.548316 0.389090 0.467458 0.438172 0.220694 0.619933 0.375063 2.235090 0.008031 2.235090 0.008031
0.133247 0.020059 0.644099 0.585204 0.567338 0.635118 0.267442 0.930500 0.140995 0.922813 2.235090 0.697241 2.235090 0.697241
0.668753 0.057820 0.962415 0.478767 0.635448 0.664942 0.358124 0.102513 0.016974 0.981440 1.990669 0.922223 1.990669 0.922223
0.680675 0.264597 0.898021 0.973010 0.882743 0.409956 0.820328 0.451880 0.274357 0.945562 1.990669 0.922223 1.990669 0.922223
