# gen=110 x0..xd f
0.300000 0.187500 90.000000
0.511977 0.357483 21.400045
0.282879 0.068164 89.219753
0.408195 0.703065 66.925782
0.590794 0.179133 88.820392
0.674345 0.310353 0.000000
0.375731 0.660756 66.100357
0.000000 0.295016 69.532034
0.300000 0.187500 90.000000
0.101371 0.381729 0.000000
0.544252 0.556149 60.581303
0.999364 0.059427 0.000000
0.195147 0.554657 0.000000
0.761783 0.628389 53.700129
0.442894 0.244766 85.445797
0.300000 0.187500 90.000000
0.385682 0.804808 69.157766
0.335974 0.936993 50.504504
0.594143 0.133852 88.757536
0.300000 0.187500 90.000000
0.603280 0.357446 0.000000
0.300000 0.187500 90.000000
0.799068 0.730573 49.075353
0.122328 0.123625 89.167770
0.531364 0.457088 59.522145
0.353634 0.321575 53.800719
0.300000 0.187500 90.000000
0.960747 0.699554 0.000000
0.667343 0.099008 0.000000
0.319615 0.319359 55.357808
0.941843 0.612278 0.000000
0.300000 0.187500 90.000000
0.453455 0.702327 65.797805
0.490036 0.342719 36.450070
0.136819 0.060982 88.943772
0.530608 0.432784 59.143584
0.592915 0.991581 9.122012
0.527528 0.729563 63.123618
0.320113 0.906378 61.581365
0.226429 0.212306 89.137572
0.986726 0.922905 0.000000
0.314867 0.937588 0.000000
0.513214 0.488698 60.571043
0.399254 0.139724 89.490246
0.034838 0.924424 0.000000
0.257370 0.334660 43.619988
0.183138 0.000000 88.692240
0.935713 0.767126 0.000000
0.327607 0.294462 69.834334
0.061758 0.470554 0.000000
0.104269 0.162326 89.189632
0.592768 0.770050 60.372577
0.489258 0.351592 27.715787
0.716793 0.880691 30.587007
0.426093 0.665383 65.890982
0.821333 0.648757 0.000000
0.520618 0.536255 61.103691
0.094958 0.127704 89.081755
0.457213 0.147261 89.310334
0.261511 0.189285 89.842825
0.783374 0.580404 54.513206
0.388331 0.902835 63.178866
0.751809 0.125997 0.000000
0.401217 0.532754 63.449661
0.296987 0.099130 89.423457
0.753842 0.170635 0.000000
0.300002 0.187527 89.999740
0.508199 0.114774 89.031909
0.120484 0.666392 0.000000
0.011821 0.197374 88.819574
0.324292 0.862333 66.841421
0.428601 0.184107 89.478326
0.236681 0.428881 0.000000
0.329402 0.043825 89.057507
0.300000 0.187500 90.000000
0.073021 0.062233 88.770796
0.504112 0.276653 77.175479
0.275514 0.908993 0.000000
0.643182 0.964038 11.096065
0.780836 0.754805 47.208684
0.593516 0.081419 88.624486
0.689627 0.398408 54.894745
0.468332 0.645347 64.447925
0.606465 0.661183 52.713046
0.067293 0.330092 47.362189
0.323228 0.777247 66.573513
0.203813 0.419403 0.000000
0.105504 0.449587 0.000000
0.808833 0.671063 52.315204
0.699849 0.233569 0.000000
0.730832 0.069512 0.000000
0.533332 0.182751 89.053999
0.763230 0.878897 30.921349
0.784096 0.084187 0.000000
0.395387 0.665980 66.259278
0.338292 0.888290 65.554642
0.379065 0.192301 89.673331
0.775711 0.346486 0.000000
0.362504 0.754275 67.722044
0.768902 0.789831 43.840180
0.562496 0.494865 59.091454
0.015232 0.688903 0.000000
0.811724 0.412309 54.690357
0.342436 0.181951 89.823583
0.744499 0.625778 53.768267
0.649161 0.850231 35.845783
0.240631 0.393867 0.000000
0.231823 0.186532 89.723632
0.011972 0.392530 0.000000
0.454251 0.119657 89.233750
0.752295 0.049466 0.000000
0.961382 0.078907 0.000000
0.838638 0.684014 0.000000
0.474603 0.420240 60.264696
0.146663 0.205951 89.217837
0.525668 0.293031 70.490002
0.300000 0.187498 89.999978
0.394368 0.435113 61.418416
0.650895 0.287992 0.000000
0.920196 0.031946 0.000000
0.538896 0.514921 60.184317
0.768494 0.455762 54.772201
0.732426 0.230976 0.000000
0.256984 0.041174 89.032062
0.944298 0.940417 0.000000
0.451365 0.421019 60.670676
0.092922 0.053106 88.787912
0.252690 0.502364 0.000000
0.239174 0.617180 0.000000
0.158403 0.170415 89.415025
0.076112 0.266278 80.477853
0.299971 0.187393 89.998962
0.381677 0.408212 60.847775
0.138981 0.639026 0.000000
0.662481 0.845730 36.548497
0.672279 0.642297 53.338100
0.479202 0.650005 64.167357
0.611718 0.010247 0.000000
0.499010 0.496725 61.101834
0.596349 0.799930 60.286245
0.366602 0.228070 87.844273
0.491259 0.853888 65.247206
0.404343 0.839852 69.322877
0.319244 0.186608 89.921608
0.187691 0.433435 0.000000
0.427663 0.139563 89.394750
0.407593 0.670682 66.274162
0.590350 0.442839 57.390576
0.045198 0.213776 88.629344
0.403553 0.490761 62.562000
0.939943 0.865376 0.000000
0.527768 0.797929 63.472524
0.313968 0.884915 0.000000
0.165874 0.148736 89.399784
0.622956 0.802987 42.350963
0.475980 0.778368 65.743336
0.871765 0.532181 0.000000
0.818184 0.875611 31.525284
0.885151 0.481725 0.000000
0.303397 0.018140 88.898475
0.463594 0.888856 64.848738
0.053882 0.677319 0.000000
0.300000 0.187500 90.000000
0.205278 0.125167 89.440139
0.937654 0.465161 0.000000
0.679644 0.807375 41.824151
0.006917 0.930144 0.000000
0.424025 0.514434 62.904678
0.854645 0.292249 0.000000
0.550763 0.932146 51.368582
0.250095 0.814603 0.000000
0.396301 0.176165 89.602294
0.161289 0.506978 0.000000
0.957453 0.107186 0.000000
0.298855 0.662256 0.000000
0.099225 0.146488 89.143078
0.405273 0.709902 67.100198
0.160551 0.556873 0.000000
0.565881 0.131074 88.861190
0.907299 0.636123 0.000000
0.553790 0.576169 60.488183
0.300022 0.187714 89.997889
0.050779 0.958478 0.000000
0.594374 0.635216 59.469230
0.672018 0.366938 0.000000
0.455862 0.773789 66.581853
0.708230 0.288032 0.000000
0.559817 0.424858 58.139415
0.309360 0.838478 0.000000
0.537367 0.399824 58.400178
0.580697 0.822411 61.052201
0.463002 0.340397 38.588801
0.383717 0.487298 62.510674
0.141855 0.360312 18.216852
0.107804 0.279364 76.200852
0.877496 0.960741 0.000000
0.463525 0.145183 89.281547
0.300000 0.187500 90.000000
0.145827 0.122482 89.244459
0.391022 0.485705 62.482854
0.600907 0.592283 54.420502
0.345291 0.073849 89.237292
0.964036 0.590874 0.000000
0.469206 0.871368 66.018229
0.230062 0.500281 0.000000
0.125759 0.557915 0.000000
0.065310 0.300485 66.790659
0.482690 0.179791 89.257873
0.413322 0.840139 68.904459
0.133562 0.264279 81.061033
0.300000 0.187500 90.000000
0.362857 0.000000 88.754645
0.817023 0.509820 54.685755
0.405287 0.122228 89.396655
0.327802 0.666491 65.272919
0.556235 0.964134 33.271883
0.609013 0.772168 45.646450
0.608966 0.478928 54.934981
0.300000 0.187500 90.000000
0.006840 0.039884 88.472470
0.737001 0.972856 8.538356
0.949327 0.192020 0.000000
0.357498 0.455586 61.709550
0.980593 0.463032 0.000000
0.335210 0.995426 5.735874
0.148132 0.169959 89.373611
0.279542 0.704792 0.000000
0.839590 0.574578 0.000000
0.043913 0.322485 53.134159
0.003997 0.073035 88.587838
0.548055 0.002236 88.431241
0.900312 0.000000 0.000000
0.273984 0.159643 89.787832
0.953517 0.402646 0.000000
0.772532 0.389980 54.756268
0.764058 0.585353 54.474792
0.591028 0.809253 60.551486
0.095513 0.073273 88.886443
0.082608 0.175193 89.115275
0.365027 0.127672 89.528195
0.985352 0.418017 0.000000
0.130056 0.036411 88.799837
0.156717 0.828573 0.000000
0.863278 0.788313 0.000000
0.421136 0.574525 64.162438
0.320080 0.529141 62.626853
0.789973 0.368366 0.000000
0.265046 0.135504 89.631118
0.299989 0.187393 89.998969
0.354792 0.537234 63.356675
0.773193 0.896047 27.584039
0.281463 0.326149 50.438154
0.630835 0.426796 54.947462
0.062655 0.122754 88.949332
0.215863 0.173737 89.646710
0.587349 0.012290 88.371014
0.294419 0.189274 89.970133
0.436354 0.189437 89.447122
0.904089 0.158754 0.000000
0.641271 0.946572 15.863370
0.000621 0.579373 0.000000
0.829337 0.078018 0.000000
0.113344 0.818401 0.000000
0.720277 0.192417 0.000000
0.964435 0.516490 0.000000
0.269253 0.171255 89.834566
0.704194 0.015902 0.000000
0.487686 0.533340 62.035904
0.994653 0.163129 0.000000
0.129230 0.576461 0.000000
0.011653 0.680069 0.000000
0.364932 0.025702 88.915197
0.300000 0.187500 90.000000
0.345135 0.507825 62.640682
0.203844 0.000000 88.720223
0.581408 0.033228 88.481039
0.090967 0.920457 0.000000
0.978380 0.612612 0.000000
0.135882 0.778512 0.000000
0.081556 0.035396 88.672378
0.085191 0.117124 89.015693
0.433498 0.655189 65.547249
0.403608 0.849698 69.349122
0.049788 0.842572 0.000000
0.862228 0.516628 0.000000
0.300000 0.187500 90.000000
0.923884 0.407399 0.000000
0.247005 0.554054 0.000000
0.524354 0.183330 89.090487
0.446066 0.000000 88.644904
0.048920 0.151021 88.954782
0.804463 0.174368 0.000000
0.290480 0.038929 89.032557
0.356023 0.376889 60.069986
0.405436 0.209740 89.212127
0.205717 0.977775 0.000000
0.367743 0.808345 68.719202
0.275588 0.178096 89.881916
0.029807 0.037266 88.532404
0.349169 0.476195 62.049663
# OSA solutions
0.300000 0.187500 90.000000
0.305857 0.187456 89.976268
0.304369 0.169095 89.875872
0.324175 0.175605 89.873117
0.369714 0.137624 89.567998
0.428827 0.142504 89.400327
0.335166 0.172116 89.824030
0.391514 0.151712 89.560728
0.169972 0.150469 89.419582
0.174131 0.130858 89.369513
0.267028 0.192899 89.847029
0.184685 0.150342 89.472711
0.334809 0.112683 89.491499
0.268244 0.153492 89.741672
0.313232 0.176308 89.906914
0.379065 0.192301 89.673331
0.333668 0.102362 89.428035
0.232901 0.180689 89.723988
0.239039 0.165224 89.712084
0.292386 0.183092 89.955463
0.365098 0.168021 89.706030
0.333550 0.190906 89.857823
0.332057 0.142321 89.676369
0.312387 0.108496 89.481867
0.446197 0.150342 89.359213
0.225338 0.179290 89.692218
0.132174 0.158117 89.292890
0.343355 0.087683 89.326085
0.248449 0.151117 89.682292
0.185455 0.117740 89.349527
0.252529 0.111946 89.470501
0.316126 0.188220 89.934250
0.261511 0.189285 89.842825
0.198976 0.165899 89.566238
0.260619 0.126463 89.570070
0.217549 0.196130 89.636879
0.267384 0.180294 89.858617
0.319364 0.181162 89.909736
0.306579 0.136073 89.662022
0.288847 0.110526 89.495434
0.148132 0.169959 89.373611
0.300022 0.184883 89.979150
0.204042 0.133788 89.475712
0.324146 0.158414 89.784428
0.154402 0.193818 89.402968
0.344193 0.117934 89.511486
0.314403 0.121820 89.566732
0.317763 0.140881 89.685885
0.200584 0.155644 89.545719
0.352873 0.173891 89.766950
0.278782 0.190274 89.908060
0.216902 0.117600 89.432628
0.269499 0.087075 89.333876
0.227601 0.150230 89.617710
0.360521 0.189299 89.753990
0.157400 0.176765 89.417627
0.217827 0.183648 89.665847
0.473974 0.193392 89.290172
0.284459 0.167414 89.852162
0.399360 0.181367 89.595105
0.384872 0.176403 89.647943
0.438190 0.168669 89.426185
0.288302 0.152306 89.763507
0.439914 0.125667 89.303668
0.343044 0.187736 89.825586
0.404562 0.156393 89.529272
0.285784 0.188165 89.942003
0.215976 0.166812 89.632788
0.411689 0.177772 89.542601
0.421482 0.176161 89.501803
0.271647 0.106887 89.461476
0.146122 0.194905 89.366127
0.227297 0.133585 89.540200
0.460455 0.170554 89.340079
0.239944 0.138095 89.594948
0.303037 0.179349 89.942291
0.275588 0.178096 89.881916
0.311406 0.132445 89.636605
0.285735 0.176657 89.906231
0.438718 0.179462 89.435218
0.300000 0.158390 89.807748
0.271303 0.171287 89.840866
0.256283 0.155514 89.724587
0.278967 0.140241 89.678590
0.419610 0.191068 89.513380
0.358804 0.182135 89.758684
0.193599 0.183053 89.567687
0.325158 0.187306 89.898050
0.219482 0.151006 89.594929
0.176463 0.188929 89.499238
0.345102 0.152717 89.707003
0.383867 0.106853 89.373498
0.299665 0.131972 89.636486
0.193860 0.142531 89.478467
0.297387 0.170597 89.886387
0.365027 0.127672 89.528195
0.430868 0.159275 89.437924
0.353407 0.139131 89.616103
0.342436 0.181951 89.823583
0.380222 0.163753 89.638825
0.328692 0.183581 89.880198
0.377334 0.178520 89.680642
0.240609 0.181515 89.755671
0.406069 0.135552 89.451825
0.252575 0.169922 89.774776
0.299417 0.194014 89.904133
0.368113 0.155234 89.651565
0.294909 0.188397 89.977381
0.273984 0.159643 89.787832
0.396456 0.188699 89.608990
0.274342 0.124801 89.577025
0.251922 0.187381 89.805202
0.345996 0.191652 89.806198
0.196959 0.192995 89.575604
0.456228 0.183786 89.366418
0.399252 0.163574 89.567703
0.168336 0.184026 89.465908
0.314900 0.167652 89.854660
0.422368 0.127543 89.367824
0.310930 0.160880 89.818405
