# Consensus Archive (v3 basin-tagged)
# x0..x(D-1) f0 f1 consensus
0.369563 0.280475 0.540558 6.471104 33.528166 6.471104
0.097627 0.400052 0.196403 6.471104 5.634874 5.634874
0.627264 0.641034 0.819697 48.901134 34.712085 34.712085
0.006489 0.096559 0.318685 6.471104 5.634874 5.634874
0.174635 0.004070 0.398601 6.471104 5.634874 5.634874
0.257888 0.116528 0.131266 6.471104 5.846617 5.846617
0.351976 0.196386 0.391015 6.471104 12.582245 6.471104
0.429052 0.339633 0.112832 6.471104 5.634874 5.634874
0.792130 0.183186 0.187129 41.905571 8.999819 8.999819
0.440226 0.000755 0.584921 6.471104 5.634874 5.634874
0.108415 0.302419 0.313685 6.471104 5.634874 5.634874
0.346043 0.338895 0.344601 6.471104 5.634874 5.634874
0.369828 0.278707 0.500390 6.471104 30.255689 6.471104
0.399550 0.285391 0.593760 6.471104 15.703624 6.471104
0.386737 0.327342 0.576366 6.471104 6.465620 6.465620
0.321199 0.164419 0.289807 6.471104 12.765169 6.471104
0.397262 0.256270 0.563405 6.471104 7.271365 6.471104
0.296926 0.152579 0.183915 6.471104 9.870505 6.471104
0.274881 0.138459 0.153467 6.471104 6.953221 6.471104
0.374533 0.307508 0.569614 6.471104 11.328929 6.471104
0.338795 0.257647 0.468429 6.471104 13.713894 6.471104
0.286221 0.185277 0.246617 6.471104 7.515017 6.471104
0.646256 0.666123 0.819652 88.289594 82.722706 82.722706
0.346043 0.198705 0.254161 6.471104 5.653839 5.653839
0.323687 0.206476 0.398791 6.471104 13.927595 6.471104
0.342678 0.215973 0.366260 6.471104 50.687779 6.471104
0.760735 0.877849 0.397408 16.133071 17.781489 16.133071
0.349251 0.213052 0.433559 6.471104 20.466543 6.471104
0.324074 0.218801 0.264879 6.471104 6.183140 6.183140
0.344152 0.245588 0.401421 6.471104 29.907860 6.471104
0.353303 0.711092 0.479443 81.847231 73.008377 73.008377
0.321057 0.236409 0.348656 6.471104 9.780155 6.471104
0.374137 0.235033 0.460821 6.471104 20.250326 6.471104
0.351944 0.290284 0.469655 6.471104 6.940272 6.471104
0.308488 0.187207 0.331198 6.471104 13.440340 6.471104
0.401991 0.266046 0.516652 6.471104 6.554185 6.471104
0.312480 0.172633 0.237680 6.471104 17.692625 6.471104
0.306416 0.199064 0.237678 6.471104 7.693774 6.471104
0.282887 0.165648 0.199407 6.471104 8.442212 6.471104
0.371893 0.261227 0.585018 6.471104 8.023348 6.471104
0.619812 0.604783 0.806479 6.700641 5.693476 5.693476
0.768179 0.807217 0.395094 74.141568 81.395483 74.141568
0.297138 0.200039 0.356721 6.471104 5.989104 5.989104
0.092880 0.272821 0.759162 5.902697 8.076599 5.902697
0.361585 0.258961 0.398491 6.471104 6.645456 6.471104
0.305041 0.143749 0.252142 6.471104 8.127049 6.471104
0.371183 0.307113 0.603359 6.471104 8.739680 6.471104
0.072353 0.231824 0.807439 85.888688 88.570349 85.888688
0.827405 0.188643 0.177875 89.345941 87.097542 87.097542
0.069879 0.219773 0.836892 25.485958 40.604229 25.485958
0.367001 0.711678 0.861812 57.407446 76.264846 57.407446
0.340696 0.185499 0.310451 6.471104 13.068286 6.471104
0.387346 0.305694 0.532226 6.471104 6.856358 6.471104
0.300723 0.191242 0.203215 6.471104 5.967701 5.967701
0.343721 0.264407 0.543353 6.471104 6.355590 6.355590
0.385249 0.182602 0.508875 6.471104 5.634874 5.634874
0.286616 0.227782 0.551832 6.471104 5.634874 5.634874
0.341885 0.137694 0.585971 6.471104 5.634874 5.634874
0.175979 0.288526 0.450353 6.471104 5.634874 5.634874
0.294793 0.306764 0.465811 6.471104 5.634874 5.634874
0.178951 0.221755 0.414478 6.471104 5.634874 5.634874
0.281674 0.256791 0.534939 6.471104 5.634874 5.634874
0.356797 0.173061 0.612946 6.471104 5.634874 5.634874
0.379370 0.260282 0.314737 6.471104 5.634874 5.634874
0.434639 0.170194 0.348876 6.471104 5.634874 5.634874
0.268734 0.321026 0.213258 6.471104 5.634874 5.634874
0.387547 0.339264 0.228716 6.471104 5.634874 5.634874
0.271705 0.254255 0.177383 6.471104 5.634874 5.634874
0.374428 0.289291 0.297845 6.471104 5.634874 5.634874
0.449552 0.205561 0.375851 6.471104 5.634874 5.634874
0.395644 0.282199 0.130034 6.471104 5.634874 5.634874
0.230246 0.205731 0.111899 6.471104 5.634874 5.634874
0.317129 0.165231 0.192297 6.471104 6.073323 6.073323
0.512468 0.377931 0.055130 6.471104 5.634874 5.634874
0.081369 0.186785 0.554161 6.471104 5.634874 5.634874
0.071826 0.113138 0.561390 6.471104 5.634874 5.634874
0.326892 0.407792 0.341350 6.471104 5.634874 5.634874
0.514024 0.001809 0.480175 6.471104 5.634874 5.634874
0.043218 0.003043 0.312911 6.471104 5.634874 5.634874
0.333049 0.213224 0.328561 6.471104 34.967779 6.471104
0.063127 0.004571 0.569761 6.471104 5.634874 5.634874
0.408768 0.368992 0.413900 6.471104 5.634874 5.634874
0.496836 0.026535 0.503571 6.471104 5.634874 5.634874
0.285988 0.026865 0.460485 6.471104 5.634874 5.634874
0.428827 0.131792 0.203377 6.471104 5.634874 5.634874
0.205379 0.107922 0.557125 6.471104 5.634874 5.634874
0.412904 0.191555 0.066111 6.471104 5.634874 5.634874
0.377015 0.153147 0.447389 6.471104 5.634874 5.634874
0.066865 0.060812 0.351084 6.471104 5.634874 5.634874
0.049358 0.122043 0.210431 6.471104 5.634874 5.634874
0.450981 0.199124 0.163249 6.471104 5.634874 5.634874
0.141709 0.192995 0.086917 6.471104 5.634874 5.634874
0.213893 0.342850 0.497708 6.471104 5.634874 5.634874
0.012764 0.276073 0.606382 6.471104 5.634874 5.634874
0.270695 0.081970 0.235048 6.471104 5.634874 5.634874
0.451352 0.306745 0.494683 6.471104 5.634874 5.634874
0.338703 0.239342 0.073597 6.471104 5.634874 5.634874
0.228516 0.243364 0.416272 6.471104 5.634874 5.634874
0.000000 0.197324 0.355055 6.471104 5.634874 5.634874
0.521757 0.000000 0.274899 6.471104 5.634874 5.634874
0.000000 0.244480 0.000000 6.471104 5.634874 5.634874
0.288848 0.000000 0.391543 6.471104 5.634874 5.634874
0.140122 0.000000 0.242636 6.471104 5.634874 5.634874
0.475067 0.000000 0.382207 6.471104 5.634874 5.634874
0.003506 0.000000 0.413444 6.471104 5.634874 5.634874
0.000000 0.000000 0.083760 6.471104 5.634874 5.634874
0.199637 0.165641 0.000000 6.471104 5.634874 5.634874
0.484405 0.171906 0.000000 6.471104 5.634874 5.634874
0.305860 0.370532 0.502401 6.471104 5.634874 5.634874
0.027202 0.000000 0.611165 6.471104 5.634874 5.634874
0.354764 0.303352 0.183874 6.471104 5.634874 5.634874
0.426180 0.097580 0.528251 6.471104 5.634874 5.634874
0.500072 0.000000 0.427795 6.471104 5.634874 5.634874
0.074454 0.057597 0.000000 6.471104 5.634874 5.634874
0.453712 0.000000 0.187313 6.471104 5.634874 5.634874
0.000000 0.135522 0.584742 6.471104 5.634874 5.634874
0.210889 0.415675 0.280682 6.471104 5.634874 5.634874
0.295736 0.247301 0.315154 6.471104 5.634874 5.634874
0.098937 0.336622 0.485993 6.471104 5.634874 5.634874
0.251275 0.000000 0.450951 6.471104 5.634874 5.634874
0.498338 0.245104 0.222123 6.471104 5.634874 5.634874
0.379087 0.226963 0.521896 6.471104 6.398225 6.398225
0.435163 0.371303 0.145180 6.471104 5.634874 5.634874
0.144349 0.000000 0.563951 6.471104 5.634874 5.634874
0.165461 0.169007 0.276838 6.471104 5.634874 5.634874
0.305786 0.082464 0.127248 6.471104 5.634874 5.634874
0.251892 0.152863 0.082718 6.471104 5.634874 5.634874
0.284959 0.336603 0.156965 6.471104 5.634874 5.634874
0.170059 0.138134 0.471950 6.471104 5.634874 5.634874
0.271446 0.000000 0.298707 6.471104 5.634874 5.634874
0.363336 0.019976 0.000000 6.471104 5.634874 5.634874
0.027538 0.109936 0.562866 6.471104 5.634874 5.634874
0.000000 0.208324 0.540309 6.471104 5.634874 5.634874
0.201620 0.192192 0.403255 6.471104 5.634874 5.634874
0.206062 0.000000 0.000000 6.471104 5.634874 5.634874
0.334721 0.359340 0.000000 6.471104 5.634874 5.634874
0.179048 0.200118 0.173275 6.471104 5.634874 5.634874
0.000000 0.338072 0.597813 6.471104 5.634874 5.634874
0.288590 0.195829 0.544072 6.471104 5.634874 5.634874
0.489952 0.164278 0.399835 6.471104 5.634874 5.634874
0.490381 0.109707 0.544825 6.471104 5.634874 5.634874
0.431112 0.367758 0.262219 6.471104 5.634874 5.634874
0.000000 0.149226 0.286939 6.471104 5.634874 5.634874
0.278816 0.155944 0.000000 6.471104 5.634874 5.634874
0.272937 0.085613 0.000000 6.471104 5.634874 5.634874
0.162099 0.358513 0.000000 6.471104 5.634874 5.634874
0.224240 0.130711 0.225748 6.471104 5.634874 5.634874
0.232695 0.093956 0.567887 6.471104 5.634874 5.634874
0.128336 0.282369 0.264283 6.471104 5.634874 5.634874
0.382378 0.000000 0.074132 6.471104 5.634874 5.634874
0.299021 0.200815 0.295825 6.471104 9.799320 6.471104
0.115774 0.028183 0.494484 6.471104 5.634874 5.634874
0.244777 0.254242 0.203420 6.471104 5.634874 5.634874
0.106579 0.256147 0.000000 6.471104 5.634874 5.634874
0.358435 0.367569 0.133572 6.471104 5.634874 5.634874
0.477969 0.220449 0.386260 6.471104 5.634874 5.634874
0.272796 0.106795 0.023366 6.471104 5.634874 5.634874
0.504219 0.124250 0.367038 6.471104 5.634874 5.634874
0.286543 0.322756 0.587435 6.471104 5.634874 5.634874
0.269355 0.046230 0.353265 6.471104 5.634874 5.634874
0.156468 0.179756 0.000000 6.471104 5.634874 5.634874
0.181805 0.378293 0.193135 6.471104 5.634874 5.634874
0.273832 0.415746 0.273562 6.471104 5.634874 5.634874
0.413625 0.000000 0.397712 6.471104 5.634874 5.634874
0.440249 0.134113 0.000000 6.471104 5.634874 5.634874
0.188327 0.196382 0.000000 6.471104 5.634874 5.634874
0.006849 0.319479 0.449157 6.471104 5.634874 5.634874
0.084341 0.120014 0.518286 6.471104 5.634874 5.634874
0.108208 0.065674 0.208994 6.471104 5.634874 5.634874
0.510714 0.196120 0.356131 6.471104 5.634874 5.634874
0.446706 0.000000 0.000000 6.471104 5.634874 5.634874
0.467241 0.000000 0.449483 6.471104 5.634874 5.634874
0.245737 0.130974 0.162672 6.471104 5.634874 5.634874
0.000000 0.000000 0.000000 6.471104 5.634874 5.634874
0.292852 0.140272 0.326047 6.471104 5.634874 5.634874
0.192740 0.305922 0.059565 6.471104 5.634874 5.634874
0.284792 0.263891 0.000000 6.471104 5.634874 5.634874
0.000000 0.334391 0.000000 6.471104 5.634874 5.634874
0.442658 0.425002 0.399855 6.471104 5.634874 5.634874
0.358574 0.000000 0.510583 6.471104 5.634874 5.634874
0.343233 0.252599 0.000000 6.471104 5.634874 5.634874
0.119060 0.243222 0.353172 6.471104 5.634874 5.634874
0.101507 0.430504 0.210677 6.471104 5.634874 5.634874
0.031539 0.034730 0.398047 6.471104 5.634874 5.634874
0.089023 0.185294 0.000000 6.471104 5.634874 5.634874
0.151678 0.304499 0.149410 6.471104 5.634874 5.634874
0.319577 0.350564 0.600349 6.471104 5.634874 5.634874
0.000000 0.067148 0.542491 6.471104 5.634874 5.634874
0.351920 0.235076 0.428202 89.505798 88.503309 88.503309
0.300151 0.206926 0.000000 6.471104 5.634874 5.634874
0.198081 0.173517 0.062860 6.471104 5.634874 5.634874
0.467227 0.000000 0.140097 6.471104 5.634874 5.634874
0.062252 0.220668 0.343512 6.471104 5.634874 5.634874
0.033348 0.156245 0.474033 6.471104 5.634874 5.634874
0.321731 0.058019 0.430869 6.471104 5.634874 5.634874
0.381152 0.165425 0.181377 6.471104 5.634874 5.634874
0.140043 0.208085 0.580018 6.471104 5.634874 5.634874
0.391079 0.402159 0.170797 6.471104 5.634874 5.634874
0.246929 0.000000 0.504452 6.471104 5.634874 5.634874
0.230461 0.337522 0.379643 6.471104 5.634874 5.634874
