# gen=300 mediating population
# x0..x(D-1) f0 f1 consensus
0.376544 0.396867 0.036916 0.188888 0.812557 0.542125 0.036036 0.414575 0.000000 0.584780 1.932650 2.373725 1.932650
0.217221 0.366567 0.000000 0.079807 0.104389 0.260227 0.124038 0.277581 0.000000 0.629182 1.932650 2.373725 1.932650
0.252008 0.302921 0.019384 0.180666 0.890593 0.000000 0.166687 0.269704 0.710943 0.445773 1.932650 2.373725 1.932650
0.242961 0.327976 0.000000 0.000000 0.242079 0.344440 0.054460 0.000000 0.288036 0.455444 1.932650 2.373725 1.932650
0.097081 0.308626 0.020497 0.351832 0.532843 0.608654 0.231700 0.080005 1.000000 0.630802 1.932650 2.373725 1.932650
0.000000 0.409433 0.040425 0.287173 0.513476 0.265928 0.572609 0.000000 0.000000 0.000000 1.932650 2.373725 1.932650
0.000000 0.397534 0.038051 0.137983 0.208452 0.243096 0.912100 0.000000 0.478544 0.327911 1.932650 2.373725 1.932650
0.425078 0.354836 0.000000 0.000000 0.366718 0.145412 0.000000 0.294157 0.472942 0.388013 1.932650 2.373725 1.932650
0.000000 0.452212 0.051696 0.355764 0.000000 0.369883 0.000000 0.858719 0.086679 0.753170 1.932650 2.373725 1.932650
0.105987 0.289477 0.000000 0.381172 0.818444 0.084116 0.074643 0.608080 0.411827 0.740954 1.932650 2.373725 1.932650
0.218447 0.392164 0.000000 0.142832 0.140012 0.971686 0.280110 0.248044 0.254045 0.378780 1.932650 2.373725 1.932650
0.000000 0.307850 0.081363 0.360998 0.539223 0.169466 0.782281 0.000000 0.766505 0.000000 1.932650 2.373725 1.932650
0.000000 0.479782 0.023143 0.085491 0.730785 0.319685 0.000000 0.000000 0.618560 0.733255 1.932650 2.373725 1.932650
0.000000 0.494241 0.000000 0.048858 1.000000 0.736560 0.363907 0.549451 0.937331 0.015522 1.932650 2.373725 1.932650
0.122200 0.362028 0.003607 0.510524 1.000000 0.222525 0.230211 0.000000 0.739557 1.000000 1.932650 2.373725 1.932650
0.147677 0.427122 0.000000 0.298455 0.226943 0.291732 0.438858 0.308229 1.000000 1.000000 1.932650 2.373725 1.932650
0.193757 0.508950 0.068526 0.270510 0.330575 0.088702 0.241594 0.077471 0.886818 1.000000 1.932650 2.373725 1.932650
0.324206 0.422836 0.000000 0.310282 0.584375 1.000000 0.569442 0.149082 0.000000 0.068877 1.932650 2.373725 1.932650
0.033687 0.485296 0.000000 0.407401 0.822301 0.515932 0.123528 0.969221 0.000000 0.000000 1.932650 2.373725 1.932650
0.030131 0.462391 0.000000 0.188594 0.353990 0.512188 0.064594 0.000000 0.897849 0.466418 1.932650 2.373725 1.932650
0.412213 0.312028 0.049614 0.212592 1.000000 0.000000 0.000000 0.000000 1.000000 0.467242 1.932650 2.373725 1.932650
0.140017 0.291757 0.051629 0.243747 0.641324 0.677587 0.079911 0.309853 0.536344 0.640298 1.932650 2.373725 1.932650
0.255495 0.492854 0.003561 0.169925 1.000000 0.800095 0.919380 0.715161 0.836112 0.551327 1.932650 2.373725 1.932650
0.134385 0.368392 0.000000 0.038913 0.112499 0.638746 0.000000 0.000000 1.000000 0.366886 1.932650 2.373725 1.932650
0.325674 0.366930 0.000000 0.061092 0.386773 0.434024 0.122303 0.000000 0.691882 0.537739 1.932650 2.373725 1.932650
0.109763 0.497230 0.023406 0.461006 0.546103 0.679881 0.202526 0.270997 0.623531 0.000000 1.932650 2.373725 1.932650
0.094181 0.380691 0.038466 0.094453 0.248264 0.732179 0.713511 0.483403 1.000000 0.000000 1.932650 2.373725 1.932650
0.220658 0.394208 0.000000 0.340703 0.960326 0.866461 0.034190 0.000000 0.176387 0.494007 1.932650 2.373725 1.932650
0.240053 0.422632 0.000000 0.238759 1.000000 0.808041 0.364465 0.902336 1.000000 0.000000 1.932650 2.373725 1.932650
0.000000 0.448114 0.076162 0.072476 0.536213 0.960260 0.354597 0.595790 0.455714 0.000000 1.932650 2.373725 1.932650
0.073490 0.451555 0.000000 0.354425 0.470962 0.033011 0.122760 0.475970 1.000000 0.576042 1.932650 2.373725 1.932650
0.015509 0.344229 0.043125 0.000000 0.836774 0.703337 0.366441 0.173954 0.404638 0.203315 1.932650 2.373725 1.932650
0.109763 0.454138 0.000000 0.393034 0.500175 0.570079 0.190353 0.307656 0.724510 0.083665 1.932650 2.373725 1.932650
0.031395 0.330581 0.052549 0.105578 0.593926 0.485936 0.131768 0.000000 0.562843 1.000000 1.932650 2.373725 1.932650
0.000000 0.507976 0.000000 0.065266 0.368251 0.963928 0.000000 0.000000 0.558784 0.496436 1.932650 2.373725 1.932650
0.309736 0.325320 0.066682 0.052146 0.113593 0.311276 0.000000 0.034336 0.553120 0.664320 1.932650 2.373725 1.932650
0.061689 0.399963 0.000000 0.000000 1.000000 0.562347 0.544831 0.142696 0.588257 0.345673 1.932650 2.373725 1.932650
0.047091 0.341907 0.000192 0.034025 0.500186 0.391887 0.320737 0.080943 0.235348 0.000000 1.932650 2.373725 1.932650
0.143195 0.340593 0.000000 0.206834 0.469759 1.000000 0.297988 0.000000 0.686689 0.462592 1.932650 2.373725 1.932650
0.078059 0.360041 0.065769 0.000000 0.459408 0.003055 0.199047 0.189456 0.941425 0.428324 1.932650 2.373725 1.932650
0.024616 0.492307 0.000000 0.000000 0.580197 0.225019 0.034809 0.000000 0.240196 1.000000 1.932650 2.373725 1.932650
0.136999 0.394409 0.000000 0.189280 0.441587 0.340091 0.181808 0.347739 0.205965 0.524046 1.932650 2.373725 1.932650
0.259740 0.481536 0.068606 0.357628 0.564678 0.000000 0.000000 0.451666 0.318023 0.897850 1.932650 2.373725 1.932650
0.145183 0.410183 0.000000 0.513827 0.031692 1.000000 0.622607 0.746316 0.563553 0.000000 1.932650 2.373725 1.932650
0.182165 0.428241 0.000000 0.000000 0.422769 0.507091 0.469696 0.081034 0.647491 0.000000 1.932650 2.373725 1.932650
0.083698 0.486829 0.043201 0.224513 0.736221 0.153976 0.000000 0.079146 0.565441 0.945002 1.932650 2.373725 1.932650
0.128298 0.296843 0.038478 0.041534 1.000000 0.337797 0.000000 0.000000 0.205217 0.918649 1.932650 2.373725 1.932650
0.000000 0.440907 0.049614 0.000000 0.133344 0.000000 0.182566 0.000000 1.000000 0.491550 1.932650 2.373725 1.932650
0.174576 0.486326 0.027108 0.365862 0.404002 0.093902 0.102389 0.230446 0.681564 1.000000 1.932650 2.373725 1.932650
0.145073 0.403694 0.000852 0.271013 0.933489 0.000000 0.143995 0.036532 0.787838 0.629354 1.932650 2.373725 1.932650
0.230344 0.352015 0.045414 0.096142 0.828455 0.089570 0.158415 0.000000 0.000000 0.222987 1.932650 2.373725 1.932650
0.000000 0.438098 0.000000 0.000000 0.478855 0.200214 0.000000 0.000000 0.224536 0.779862 1.932650 2.373725 1.932650
0.161377 0.391061 0.025848 0.091251 0.785990 0.554873 0.686289 0.000000 0.391858 0.168084 1.932650 2.373725 1.932650
0.000000 0.306254 0.000000 0.276794 0.953786 0.000000 0.654186 0.659710 0.955969 0.229473 1.932650 2.373725 1.932650
0.342649 0.351861 0.030844 0.348865 1.000000 0.370529 0.213974 0.327709 1.000000 0.366082 1.932650 2.373725 1.932650
0.091958 0.440149 0.000000 0.000000 0.000000 1.000000 0.480038 0.157586 0.075488 1.000000 1.932650 2.373725 1.932650
0.310369 0.352040 0.044014 0.158841 0.711455 0.357117 0.582327 0.222029 0.228684 0.403461 1.932650 2.373725 1.932650
0.066112 0.434800 0.000000 0.030837 0.735295 0.000000 0.000000 0.000000 0.773284 0.078456 1.932650 2.373725 1.932650
0.428180 0.465129 0.000000 0.501220 0.160294 1.000000 0.532315 0.580193 0.156604 1.000000 1.932650 2.373725 1.932650
0.116017 0.284617 0.067997 0.290973 0.430028 1.000000 0.000000 0.143276 0.262751 0.428559 1.932650 2.373725 1.932650
0.257510 0.423136 0.007116 0.085053 0.838265 0.672523 0.168809 0.510676 0.166904 0.667019 1.932650 2.373725 1.932650
0.096007 0.383923 0.000000 0.000000 0.530715 0.389257 0.000000 0.000000 0.665004 0.523941 1.932650 2.373725 1.932650
0.312985 0.488548 0.000000 0.510677 0.758477 0.654954 0.617909 0.311382 0.981857 0.000000 1.932650 2.373725 1.932650
0.123703 0.371886 0.045414 0.000000 0.757242 0.000000 0.000000 0.000000 0.000000 0.568260 1.932650 2.373725 1.932650
0.144909 0.388364 0.000000 0.138680 0.471251 0.748090 0.224717 0.251761 0.919672 0.257001 1.932650 2.373725 1.932650
0.133496 0.347062 0.000000 0.462586 0.925548 0.710578 0.358902 0.306317 0.347975 0.056045 1.932650 2.373725 1.932650
0.048625 0.494038 0.070955 0.173232 0.067636 0.722226 0.067050 1.000000 0.415992 0.901492 1.932650 2.373725 1.932650
0.138696 0.367090 0.056745 0.000000 0.093754 0.430054 0.167691 0.161460 0.218944 0.751911 1.932650 2.373725 1.932650
0.388383 0.510655 0.064623 0.079048 0.162695 0.075794 0.088129 0.757825 0.423285 0.393404 1.932650 2.373725 1.932650
0.283999 0.498504 0.000000 0.086597 0.949360 0.588758 0.154465 0.643813 0.964112 0.351426 1.932650 2.373725 1.932650
0.000000 0.451584 0.076236 0.345022 0.733607 0.419379 0.822733 0.786747 0.532382 0.845406 1.932650 2.373725 1.932650
0.021951 0.467928 0.000000 0.290973 0.118018 1.000000 0.063793 0.013444 0.745395 0.415505 1.932650 2.373725 1.932650
0.183398 0.335068 0.000000 0.080726 1.000000 0.027452 0.527817 0.806789 0.894604 0.423479 1.932650 2.373725 1.932650
0.000380 0.456350 0.053183 0.142832 0.000000 0.136247 0.006451 0.000000 0.047915 0.827574 1.932650 2.373725 1.932650
0.000000 0.454289 0.000000 0.218756 0.540131 0.193938 0.000000 0.027652 0.058784 0.250661 1.932650 2.373725 1.932650
0.184789 0.375662 0.057085 0.152590 0.167470 0.217804 0.313545 0.743140 0.834601 0.038308 1.932650 2.373725 1.932650
0.145525 0.414099 0.000000 0.000000 0.843294 0.233012 0.000000 1.000000 0.948838 0.775444 1.932650 2.373725 1.932650
0.170293 0.353661 0.000000 0.000000 0.452915 0.000000 0.256577 0.124514 0.567911 0.556492 1.932650 2.373725 1.932650
0.000000 0.470476 0.065882 0.304625 0.000000 1.000000 0.000000 0.828884 0.000000 0.000000 1.932650 2.373725 1.932650
0.143595 0.502351 0.000000 0.488841 0.000000 0.529002 0.815552 0.000000 0.455904 0.541367 1.932650 2.373725 1.932650
0.000000 0.285642 0.000000 0.150783 0.421231 0.000000 0.244875 0.114583 1.000000 0.121110 1.932650 2.373725 1.932650
0.000000 0.438997 0.000000 0.253951 0.555825 1.000000 0.003786 0.607107 1.000000 0.275948 1.932650 2.373725 1.932650
0.109763 0.412950 0.020235 0.527975 0.986044 0.972542 0.350397 0.499335 1.000000 0.032328 1.932650 2.373725 1.932650
0.213283 0.333290 0.000000 0.455881 1.000000 0.251619 0.371989 0.030302 0.957749 0.000000 1.932650 2.373725 1.932650
0.110368 0.424201 0.026113 0.000000 0.434488 0.742590 0.415056 0.581034 0.494584 0.000000 1.932650 2.373725 1.932650
0.000000 0.373032 0.000000 0.174641 0.857575 0.000000 0.000000 0.000000 0.685281 0.690546 1.932650 2.373725 1.932650
0.000000 0.297208 0.000000 0.392136 0.274291 0.000000 0.252737 0.000000 0.595670 0.000000 1.932650 2.373725 1.932650
0.136168 0.408379 0.000000 0.000000 0.296783 0.344440 0.000000 0.246311 0.811584 0.311144 1.932650 2.373725 1.932650
0.000000 0.488795 0.061520 0.000000 0.164012 0.622073 0.691031 0.965865 0.212332 0.000000 1.932650 2.373725 1.932650
0.312985 0.407831 0.000000 0.517118 0.831092 0.636901 0.000000 0.311382 0.876833 0.121206 1.932650 2.373725 1.932650
0.000000 0.338100 0.000000 0.302676 0.215788 1.000000 0.691775 0.045714 0.888757 0.527871 1.932650 2.373725 1.932650
0.388649 0.339561 0.000000 0.280415 0.000000 0.288758 0.643138 0.187288 0.497179 0.818857 1.932650 2.373725 1.932650
0.098992 0.306183 0.017839 0.000000 0.672795 0.237796 0.250698 0.005886 0.753536 1.000000 1.932650 2.373725 1.932650
0.000000 0.494270 0.052226 0.056414 0.023438 1.000000 0.706272 1.000000 0.000000 0.223797 1.932650 2.373725 1.932650
0.232613 0.455167 0.032311 0.000000 1.000000 0.037897 0.032962 0.378913 0.419193 0.253177 1.932650 2.373725 1.932650
0.290394 0.377513 0.059600 0.304579 0.446133 0.081044 0.195067 0.002943 0.095347 0.277574 1.932650 2.373725 1.932650
0.000000 0.484337 0.077832 0.047113 0.426620 0.641952 0.601277 0.851671 0.523291 1.000000 1.932650 2.373725 1.932650
0.000000 0.308355 0.008919 0.000000 0.387597 0.237020 0.156707 0.085975 1.000000 0.880659 1.932650 2.373725 1.932650
0.167397 0.360557 0.040115 0.440496 0.362633 0.273967 0.038559 0.241325 0.886818 1.000000 1.932650 2.373725 1.932650
0.000000 0.473142 0.000000 0.101309 0.573326 0.016418 0.000000 0.435781 0.928353 0.738194 1.932650 2.373725 1.932650
0.143394 0.394281 0.000000 0.378561 0.925606 0.040936 0.000000 0.872204 0.382914 0.840184 1.932650 2.373725 1.932650
0.150899 0.299791 0.000000 0.000000 0.458217 0.728625 0.269414 0.395815 0.158233 0.327105 1.932650 2.373725 1.932650
0.244772 0.497752 0.000000 0.000000 0.759972 0.534988 0.219312 0.176726 0.330909 0.155490 1.932650 2.373725 1.932650
0.396154 0.493941 0.060239 0.102136 0.424392 1.000000 0.050113 0.622396 0.183097 0.480695 1.932650 2.373725 1.932650
0.360659 0.402073 0.000000 0.101720 1.000000 0.000000 0.000000 0.454108 0.524822 0.721585 1.932650 2.373725 1.932650
0.004479 0.360090 0.000000 0.000000 0.412065 0.977434 0.029678 0.194991 0.153872 0.000000 1.932650 2.373725 1.932650
0.038422 0.463726 0.000000 0.000000 1.000000 0.000000 0.000000 0.000000 0.623169 0.157172 1.932650 2.373725 1.932650
0.000000 0.308843 0.000000 0.032679 0.262941 0.125770 0.000000 0.347035 0.677358 0.000000 1.932650 2.373725 1.932650
0.000000 0.451861 0.000000 0.099512 0.443861 0.168491 0.354450 0.065441 1.000000 0.878721 1.932650 2.373725 1.932650
0.180447 0.474557 0.024057 0.290463 1.000000 0.960191 1.000000 0.559463 0.813610 0.715711 1.932650 2.373725 1.932650
0.000000 0.374193 0.032941 0.212012 0.000000 1.000000 0.554644 0.414442 0.381503 0.402835 1.932650 2.373725 1.932650
0.280615 0.391163 0.000000 0.403947 0.788922 0.797149 0.124821 0.430443 0.431639 0.589961 1.932650 2.373725 1.932650
0.000000 0.282896 0.000000 0.000000 0.000000 0.793635 0.304612 0.057657 0.891873 0.248347 1.932650 2.373725 1.932650
0.210013 0.376865 0.000000 0.089697 0.932439 0.342671 0.665763 0.877747 1.000000 0.171079 1.932650 2.373725 1.932650
0.000000 0.300028 0.000000 0.148291 0.000000 0.140440 0.000000 0.296467 0.699769 0.730316 1.932650 2.373725 1.932650
0.257103 0.342678 0.000000 0.000000 1.000000 0.869932 0.982548 0.715161 0.758241 0.102979 1.932650 2.373725 1.932650
0.132918 0.468784 0.000000 0.016483 0.859528 0.686252 0.556792 0.215161 0.741001 0.760783 1.932650 2.373725 1.932650
0.339480 0.296880 0.000000 0.209090 0.307949 0.812810 0.031658 0.000000 0.000000 0.455444 1.932650 2.373725 1.932650
0.098623 0.354730 0.000000 0.279816 0.278378 0.425535 0.568805 0.315245 0.837674 0.705148 1.932650 2.373725 1.932650
0.324066 0.446955 0.000000 0.126762 0.408424 0.523557 0.000000 0.000000 0.365559 0.240610 1.932650 2.373725 1.932650
0.155085 0.445073 0.072354 0.388046 0.264938 0.144173 0.912100 0.390477 0.279620 0.661009 1.932650 2.373725 1.932650
0.289767 0.354687 0.000000 0.258887 0.286425 0.073813 0.292479 0.482712 0.390205 1.000000 1.932650 2.373725 1.932650
0.412213 0.391294 0.049614 0.212592 1.000000 0.000000 1.000000 0.057641 0.960932 0.509334 1.932650 2.373725 1.932650
0.091072 0.318721 0.028372 0.000000 0.229777 0.895742 0.374271 0.506853 0.554413 0.375955 1.932650 2.373725 1.932650
0.000000 0.404004 0.000000 0.188594 0.029944 0.816940 0.304612 0.059671 0.688301 0.748347 1.932650 2.373725 1.932650
0.000000 0.458085 0.000000 0.181771 0.280590 0.291017 0.604303 0.106876 1.000000 0.174171 1.932650 2.373725 1.932650
0.306187 0.338291 0.081552 0.000000 0.000000 0.135675 0.538098 0.000000 0.236887 0.821972 1.932650 2.373725 1.932650
0.013015 0.300009 0.000000 0.478801 0.942505 0.724834 0.117127 0.226806 1.000000 0.000000 1.932650 2.373725 1.932650
0.150263 0.455603 0.000000 0.396622 0.571608 0.000000 0.068865 0.001904 0.889155 0.685261 1.932650 2.373725 1.932650
0.208279 0.509789 0.000000 0.199535 0.717504 1.000000 0.477763 0.580429 0.157832 0.000000 1.932650 2.373725 1.932650
0.227263 0.496733 0.050452 0.172026 0.136761 0.101472 0.008723 0.055115 0.506614 0.000000 1.932650 2.373725 1.932650
0.191451 0.355448 0.000000 0.173263 0.428019 1.000000 0.592519 0.448732 0.819445 0.351934 1.932650 2.373725 1.932650
0.000000 0.419033 0.000000 0.000000 0.214601 0.159075 0.000000 0.314802 0.743621 0.170915 1.932650 2.373725 1.932650
0.239593 0.425858 0.000000 0.000000 0.295325 0.000000 0.122046 0.000000 0.676580 0.481526 1.932650 2.373725 1.932650
0.031059 0.309227 0.007009 0.000000 0.299347 0.034605 0.117281 0.209303 0.398199 0.645991 1.932650 2.373725 1.932650
0.215755 0.446177 0.028542 0.000000 0.329653 0.000000 0.322351 0.424676 0.959397 0.211000 1.932650 2.373725 1.932650
0.000000 0.415002 0.055728 0.133937 1.000000 0.585323 0.295742 0.456676 1.000000 0.937993 1.932650 2.373725 1.932650
0.034857 0.383754 0.000000 0.258491 0.631433 0.588612 0.000000 0.249381 1.000000 0.268656 1.932650 2.373725 1.932650
0.145197 0.486692 0.000000 0.071303 0.397316 0.124280 0.060843 0.066912 0.664421 1.000000 1.932650 2.373725 1.932650
0.283063 0.345633 0.062774 0.507715 0.427583 0.925321 0.582680 0.068270 0.341841 0.837002 1.932650 2.373725 1.932650
0.073219 0.396266 0.038051 0.209232 0.247956 0.338801 0.912100 0.164644 0.453110 0.474054 1.932650 2.373725 1.932650
0.000000 0.441352 0.000000 0.000000 0.110548 0.527812 0.054658 0.000000 0.086719 0.509184 1.932650 2.373725 1.932650
0.047727 0.326828 0.000000 0.112829 0.283406 0.034857 0.486659 0.463668 0.266334 0.845432 1.932650 2.373725 1.932650
0.000000 0.358480 0.076162 0.095460 0.984411 0.844201 0.443144 0.745588 0.311866 0.000000 1.932650 2.373725 1.932650
0.000000 0.432591 0.000000 0.234752 0.402848 0.000000 0.000000 0.542916 0.831173 0.272015 1.932650 2.373725 1.932650
0.260495 0.469790 0.000000 0.465710 0.464108 0.635151 0.656272 0.626356 1.000000 0.077078 1.932650 2.373725 1.932650
0.000000 0.485534 0.000000 0.179393 0.063574 0.000000 0.022205 0.000000 0.649465 0.286231 1.932650 2.373725 1.932650
0.000000 0.351340 0.000000 0.000000 0.203188 0.000000 0.041521 0.000000 0.832536 0.964539 1.932650 2.373725 1.932650
0.021286 0.462781 0.000000 0.201050 0.432746 0.152168 0.131768 0.000000 0.543679 0.773654 1.932650 2.373725 1.932650
0.001608 0.370569 0.056745 0.000000 0.124998 0.000000 0.276147 0.000000 0.111510 1.000000 1.932650 2.373725 1.932650
0.120100 0.338350 0.028372 0.416873 0.967444 0.482949 0.431143 0.564188 0.846523 0.306188 1.932650 2.373725 1.932650
0.044041 0.482117 0.049614 0.533450 1.000000 0.358762 0.583529 0.000000 0.390973 0.632714 1.932650 2.373725 1.932650
0.058148 0.457080 0.009617 0.008926 0.557916 0.983527 0.439180 0.162076 0.963460 0.178247 1.932650 2.373725 1.932650
0.088415 0.447053 0.053183 0.183195 0.064678 0.136247 0.014557 0.316640 0.263960 0.838982 1.932650 2.373725 1.932650
0.289767 0.483628 0.000000 0.450479 0.143098 0.375072 0.348073 0.425955 0.290407 0.941307 1.932650 2.373725 1.932650
0.070156 0.323776 0.000000 0.267889 0.584541 0.889061 0.796828 0.311382 1.000000 0.000000 1.932650 2.373725 1.932650
0.000000 0.405650 0.000000 0.000000 0.013511 0.179520 0.000000 0.000000 0.905813 0.000000 1.932650 2.373725 1.932650
0.000000 0.378271 0.028372 0.000000 0.571649 0.536875 0.270303 0.000000 0.479432 1.000000 1.932650 2.373725 1.932650
0.352337 0.403021 0.000000 0.405720 1.000000 1.000000 0.357186 0.899707 1.000000 0.000000 1.932650 2.373725 1.932650
0.181075 0.409590 0.020455 0.094654 0.296136 0.000000 0.073184 0.000000 0.449683 1.000000 1.932650 2.373725 1.932650
0.271209 0.484448 0.000000 0.126779 0.089791 1.000000 0.792802 0.218183 0.449188 0.175101 1.932650 2.373725 1.932650
0.000000 0.351720 0.000000 0.168720 0.055806 0.759870 0.562307 0.000000 0.881503 0.454598 1.932650 2.373725 1.932650
0.477037 0.292279 0.000000 0.431855 0.193490 1.000000 0.000000 0.380506 0.382553 0.000000 1.932650 2.373725 1.932650
0.321569 0.502613 0.007862 0.000000 1.000000 0.163944 0.736579 0.581579 1.000000 0.895032 1.932650 2.373725 1.932650
0.296359 0.462871 0.065065 0.328410 0.307094 0.869712 0.450759 0.000000 0.357006 0.511993 1.932650 2.373725 1.932650
0.000000 0.339692 0.064487 0.281386 0.147754 0.000000 0.000000 0.000000 0.819550 0.293373 1.932650 2.373725 1.932650
0.124088 0.313811 0.000000 0.232841 0.493022 0.949364 0.652955 0.000000 1.000000 0.213179 1.932650 2.373725 1.932650
0.000000 0.385163 0.004399 0.242700 0.642926 1.000000 0.726556 0.485660 0.000000 0.266333 1.932650 2.373725 1.932650
0.000000 0.423086 0.074746 0.111779 0.413059 0.002072 0.057723 0.279596 0.339256 0.751249 1.932650 2.373725 1.932650
0.108393 0.397534 0.000000 0.210537 0.144811 0.461366 0.895467 0.000000 0.760878 0.006805 1.932650 2.373725 1.932650
0.083698 0.356593 0.000000 0.152276 0.882757 0.471727 0.000000 0.365103 1.000000 0.905650 1.932650 2.373725 1.932650
0.223112 0.390805 0.000000 0.162387 0.476334 0.737346 0.062351 0.135651 0.065721 0.885306 1.932650 2.373725 1.932650
0.000000 0.451527 0.031979 0.190944 0.007554 0.722925 0.472512 0.095666 0.365364 0.389083 1.932650 2.373725 1.932650
0.345392 0.424840 0.000000 0.146684 0.291591 0.899842 0.000000 0.031084 0.094018 0.600303 1.932650 2.373725 1.932650
0.044041 0.324125 0.000000 0.356603 1.000000 0.563254 0.489199 0.000000 0.365752 0.445572 1.932650 2.373725 1.932650
0.128298 0.309339 0.038478 0.485664 0.945645 1.000000 0.106477 0.055305 0.000000 0.000000 1.932650 2.373725 1.932650
0.238308 0.507935 0.003561 0.083941 1.000000 1.000000 0.794448 0.728280 0.612746 0.814962 1.932650 2.373725 1.932650
0.153230 0.382450 0.055837 0.444672 0.761942 0.780870 0.429640 0.000000 0.551784 0.690878 1.932650 2.373725 1.932650
0.000000 0.458280 0.000000 0.068789 0.356025 0.079271 0.000000 0.342232 1.000000 0.900501 1.932650 2.373725 1.932650
0.000000 0.441301 0.000000 0.253035 0.282072 0.826374 0.000000 0.000000 0.000000 0.150732 1.932650 2.373725 1.932650
0.224048 0.463726 0.000000 0.156766 1.000000 0.000000 0.000000 0.099429 0.523201 0.469194 1.932650 2.373725 1.932650
0.183055 0.496326 0.000000 0.199535 0.428888 1.000000 0.696130 0.431490 0.271981 0.000000 1.932650 2.373725 1.932650
0.274238 0.491855 0.027530 0.258887 0.196810 0.056511 0.233839 0.378060 0.688096 0.911133 1.932650 2.373725 1.932650
0.114395 0.319454 0.000000 0.363881 0.618256 1.000000 0.147871 0.465210 1.000000 0.000000 1.932650 2.373725 1.932650
0.193929 0.449046 0.000000 0.171033 0.197596 1.000000 0.723556 0.024532 0.490166 0.191371 1.932650 2.373725 1.932650
0.001534 0.426163 0.070763 0.096511 0.067636 0.661212 0.000000 0.199167 0.306997 1.000000 1.932650 2.373725 1.932650
0.048899 0.441170 0.038051 0.081569 0.488396 0.342173 0.668770 0.268166 0.819796 0.292916 1.932650 2.373725 1.932650
0.000000 0.359112 0.000000 0.000000 0.820225 1.000000 0.673687 0.285822 0.049234 0.420840 1.932650 2.373725 1.932650
0.298407 0.462416 0.048241 0.000000 0.767052 0.327066 0.091910 0.144021 0.965893 0.602633 1.932650 2.373725 1.932650
0.067107 0.446819 0.038051 0.000000 0.959151 0.062011 0.944155 0.528745 0.943630 0.388536 1.932650 2.373725 1.932650
0.249270 0.369032 0.000000 0.253835 0.445953 0.404954 0.725409 0.000000 1.000000 0.180525 1.932650 2.373725 1.932650
0.065978 0.510101 0.016845 0.070925 0.234970 0.827950 0.770036 0.900416 0.246044 0.218406 1.932650 2.373725 1.932650
0.000000 0.341849 0.000000 0.412330 0.708123 0.379158 0.458737 0.285842 0.791638 0.425736 1.932650 2.373725 1.932650
0.412885 0.510614 0.030120 0.135164 0.369847 0.412385 0.000000 0.155507 0.591549 0.343872 1.932650 2.373725 1.932650
0.133491 0.457826 0.000000 0.000000 0.490700 0.317113 0.127529 0.000000 0.799084 0.989219 1.932650 2.373725 1.932650
0.210013 0.367698 0.000000 0.000000 1.000000 0.567127 0.736579 0.877747 0.796520 0.472076 1.932650 2.373725 1.932650
0.225150 0.426361 0.048590 0.000379 0.000000 0.763696 0.225247 0.264671 0.000000 0.338289 1.932650 2.373725 1.932650
0.000000 0.496490 0.076428 0.193803 0.233607 0.604583 0.394406 0.826900 0.479405 0.845406 1.932650 2.373725 1.932650
0.309736 0.341823 0.066682 0.000000 0.190348 0.068479 0.060030 0.216369 0.744088 0.757528 1.932650 2.373725 1.932650
0.000000 0.485718 0.007213 0.109286 0.641343 0.448905 0.186140 0.000000 0.224043 0.000000 1.932650 2.373725 1.932650
0.000000 0.436596 0.021399 0.057139 0.631180 0.228625 0.293784 0.000000 0.179948 0.167759 1.932650 2.373725 1.932650
0.000000 0.296592 0.000000 0.026450 0.000000 0.000000 0.000000 0.000000 0.249854 1.000000 1.932650 2.373725 1.932650
0.300379 0.456671 0.000000 0.000000 0.744351 0.730979 0.257968 0.093139 0.518670 0.000000 1.932650 2.373725 1.932650
0.330693 0.497348 0.057537 0.000000 0.601833 0.000000 0.000000 0.341029 0.172500 0.000000 1.932650 2.373725 1.932650
0.121941 0.445168 0.057085 0.000000 0.354597 0.000000 0.166357 0.600325 0.782972 0.309015 1.932650 2.373725 1.932650
0.082433 0.424622 0.011703 0.150696 0.858380 0.686385 0.199778 0.000000 1.000000 0.000000 1.932650 2.373725 1.932650
0.274843 0.407898 0.059600 0.163351 0.266249 0.000000 0.152258 0.155392 0.059523 0.252843 1.932650 2.373725 1.932650
0.179926 0.345977 0.055480 0.000000 0.645795 0.000000 0.349224 0.372478 0.441613 0.723631 1.932650 2.373725 1.932650
0.282057 0.428088 0.043615 0.000000 0.849902 0.844362 0.135602 0.209886 0.000000 0.306206 1.932650 2.373725 1.932650
0.146981 0.323769 0.000000 0.506231 0.058492 0.587775 0.426146 0.285632 0.646936 0.232239 1.932650 2.373725 1.932650
0.238069 0.456984 0.059600 0.207670 0.694069 0.231044 0.000000 0.231206 0.328813 0.043858 1.932650 2.373725 1.932650
0.214895 0.399192 0.000000 0.081867 0.614031 1.000000 0.475546 0.026238 0.553268 0.707796 1.932650 2.373725 1.932650
0.000000 0.459380 0.038211 0.368434 1.000000 0.833844 0.513950 0.785944 0.515181 0.000000 1.932650 2.373725 1.932650
0.256596 0.389711 0.076955 0.357368 0.406699 1.000000 0.135602 0.000000 0.000000 0.277574 1.932650 2.373725 1.932650
0.094181 0.423102 0.000385 0.153442 0.000000 0.622027 0.491939 0.110610 0.851795 0.000000 1.932650 2.373725 1.932650
0.187230 0.469845 0.016302 0.000000 0.000000 0.781313 0.028330 0.076908 0.318489 0.219769 1.932650 2.373725 1.932650
0.000000 0.417411 0.044255 0.363398 0.431577 0.904740 0.653283 0.258617 0.626537 1.000000 1.932650 2.373725 1.932650
0.058741 0.293753 0.014271 0.379099 0.705902 0.573402 0.715901 0.450462 1.000000 0.684991 1.932650 2.373725 1.932650
0.003216 0.283251 0.000000 0.082097 0.444580 0.444829 0.279639 0.000000 0.652646 1.000000 1.932650 2.373725 1.932650
0.000000 0.287353 0.000000 0.000000 0.000000 0.500000 0.357839 0.000000 0.633805 0.197015 1.932650 2.373725 1.932650
0.133901 0.317875 0.040993 0.254752 0.801507 0.383452 0.466061 0.165368 0.954996 0.328768 1.932650 2.373725 1.932650
0.266916 0.291255 0.000000 0.423368 0.803894 1.000000 0.277128 0.460279 0.446624 0.440936 1.932650 2.373725 1.932650
0.000000 0.333532 0.000000 0.306980 0.068119 0.828280 0.038677 0.055305 0.000000 0.000000 1.932650 2.373725 1.932650
0.342007 0.422515 0.023299 0.203514 0.848784 0.974445 0.007573 0.715451 1.000000 0.481826 1.932650 2.373725 1.932650
0.000000 0.346464 0.000000 0.162452 0.351761 0.605384 0.242538 0.083032 0.993055 0.576505 1.932650 2.373725 1.932650
0.101228 0.320366 0.000000 0.188681 0.443802 0.659233 0.345229 0.194566 1.000000 0.000000 1.932650 2.373725 1.932650
0.058136 0.439642 0.044255 0.264424 0.599404 1.000000 0.606654 0.114114 0.484334 1.000000 1.932650 2.373725 1.932650
0.041849 0.327422 0.018579 0.076138 0.514664 0.235864 0.182566 0.182551 1.000000 0.710247 1.932650 2.373725 1.932650
0.051950 0.466051 0.038466 0.043872 0.170128 1.000000 0.619039 0.490125 1.000000 0.207752 1.932650 2.373725 1.932650
0.024407 0.296367 0.000000 0.379099 0.606325 0.727506 0.603185 0.319977 0.872585 0.760357 1.932650 2.373725 1.932650
0.073747 0.359805 0.007642 0.000000 0.121180 0.751632 0.765102 0.103871 0.655969 0.500000 1.932650 2.373725 1.932650
0.000000 0.504173 0.019026 0.417897 0.000000 0.578817 0.000000 0.595466 0.633331 0.000000 1.932650 2.373725 1.932650
0.177692 0.281805 0.000000 0.125357 0.175883 1.000000 0.000000 0.193909 0.000000 0.000000 1.932650 2.373725 1.932650
0.030742 0.497271 0.065882 0.485400 0.000000 1.000000 0.272094 1.000000 0.000000 0.000000 1.932650 2.373725 1.932650
0.000000 0.343589 0.026036 0.292382 0.767984 1.000000 0.466814 0.196436 0.583227 0.715644 1.932650 2.373725 1.932650
0.290366 0.415353 0.037065 0.304880 0.262080 0.801304 0.045384 0.466344 0.382553 0.012466 1.932650 2.373725 1.932650
0.031103 0.412371 0.000000 0.383764 0.933094 0.340036 0.085618 0.130882 1.000000 0.787654 1.932650 2.373725 1.932650
0.000000 0.326285 0.000000 0.000000 0.249871 0.823113 0.677167 0.227301 0.892975 0.228453 1.932650 2.373725 1.932650
0.138831 0.412120 0.042363 0.006479 1.000000 1.000000 0.653724 0.556392 1.000000 0.456962 1.932650 2.373725 1.932650
0.069206 0.342574 0.000000 0.121166 0.000000 0.963093 0.477757 0.048740 0.575488 0.197015 1.932650 2.373725 1.932650
0.288461 0.388679 0.000000 0.166243 0.585897 0.465761 0.604552 0.661877 0.873039 0.296229 1.932650 2.373725 1.932650
0.159268 0.440304 0.011703 0.354895 0.575792 0.150660 0.680433 0.000000 1.000000 0.000000 1.932650 2.373725 1.932650
0.000000 0.440531 0.028372 0.086314 0.180664 0.498473 0.379441 0.000000 0.514943 0.623680 1.932650 2.373725 1.932650
0.000000 0.467201 0.056745 0.000000 0.198696 0.043615 0.163836 0.000000 0.068998 0.888226 1.932650 2.373725 1.932650
0.115003 0.349588 0.000000 0.340288 1.000000 1.000000 0.880521 0.327345 0.361174 0.534296 1.932650 2.373725 1.932650
0.000000 0.417740 0.000000 0.162387 0.473683 0.373033 0.055933 0.000000 0.270560 1.000000 1.932650 2.373725 1.932650
0.028232 0.285180 0.000000 0.000000 0.654153 0.728545 0.348989 0.302283 0.944941 0.000000 1.932650 2.373725 1.932650
0.116297 0.294663 0.019233 0.116246 0.000000 0.840466 0.807004 0.260770 0.791677 0.143855 1.932650 2.373725 1.932650
0.000000 0.365080 0.000000 0.000000 0.747368 0.461665 0.000000 0.244440 0.947524 0.405650 1.932650 2.373725 1.932650
0.044003 0.350963 0.024807 0.155154 1.000000 0.736560 0.751428 0.223593 0.395053 0.000000 1.932650 2.373725 1.932650
0.187602 0.413378 0.000000 0.375940 0.879341 0.874670 0.574099 0.217890 0.253922 0.823876 1.932650 2.373725 1.932650
0.104948 0.404159 0.000000 0.487646 1.000000 0.544239 0.567006 0.512278 1.000000 0.000000 1.932650 2.373725 1.932650
0.191187 0.362578 0.000000 0.107973 0.073919 0.319354 0.000000 0.264426 0.969226 0.127709 1.932650 2.373725 1.932650
0.155035 0.458193 0.012406 0.000000 0.130309 0.826649 0.244406 0.000000 0.153965 0.564126 1.932650 2.373725 1.932650
0.061587 0.294272 0.065882 0.293806 0.071980 0.931525 0.532876 1.000000 0.280256 0.172837 1.932650 2.373725 1.932650
0.147087 0.451405 0.000000 0.000000 0.130498 0.308207 0.096918 0.163706 0.196881 0.376026 1.932650 2.373725 1.932650
0.207086 0.365417 0.013619 0.000000 0.616152 0.000000 0.841570 0.951409 0.968248 0.146366 1.932650 2.373725 1.932650
0.108393 0.498708 0.000000 0.141546 0.158866 0.552635 0.439417 0.057641 0.525898 0.139534 1.932650 2.373725 1.932650
0.290728 0.447934 0.000000 0.364865 0.297928 0.588312 0.293567 0.643524 1.000000 0.318975 1.932650 2.373725 1.932650
0.283999 0.354471 0.000000 0.013676 0.061751 0.063260 0.045605 0.476764 1.000000 0.000000 1.932650 2.373725 1.932650
0.357931 0.502087 0.030120 0.094444 0.780998 0.405850 0.000000 0.640118 0.363597 0.073188 1.932650 2.373725 1.932650
0.218293 0.401079 0.076955 0.360607 0.404440 1.000000 0.480601 0.708910 0.073547 0.000000 1.932650 2.373725 1.932650
0.271055 0.382401 0.000000 0.416455 0.601122 0.974525 0.422361 0.000000 0.000000 0.391692 1.932650 2.373725 1.932650
0.000000 0.507687 0.052226 0.000000 0.108192 1.000000 0.591231 1.000000 0.000000 0.079327 1.932650 2.373725 1.932650
0.221265 0.472545 0.000000 0.493534 0.563483 0.556682 0.342762 0.423408 1.000000 0.264047 1.932650 2.373725 1.932650
0.411446 0.315242 0.014232 0.281713 1.000000 0.000000 0.000000 0.171874 1.000000 0.103249 1.932650 2.373725 1.932650
0.146438 0.430056 0.000000 0.377250 0.481855 0.191411 0.000000 0.872204 0.780306 0.564303 1.932650 2.373725 1.932650
0.219744 0.441492 0.069390 0.246767 0.000000 0.479277 0.235939 0.000000 0.490890 0.313241 1.932650 2.373725 1.932650
0.000000 0.467906 0.066074 0.381346 0.000000 1.000000 0.011121 0.843671 0.102152 0.593370 1.932650 2.373725 1.932650
0.346365 0.335068 0.000000 0.080726 0.582272 0.000000 0.272789 0.757795 1.000000 0.579308 1.932650 2.373725 1.932650
0.011175 0.506236 0.076162 0.144681 0.530629 0.581283 0.028120 1.000000 0.345867 0.175562 1.932650 2.373725 1.932650
0.467147 0.418354 0.000000 0.225763 0.216194 0.354704 0.189240 0.000000 0.857749 0.942623 1.932650 2.373725 1.932650
0.088886 0.435269 0.084948 0.000000 0.486949 0.204617 0.314228 0.828663 0.896330 0.738783 1.932650 2.373725 1.932650
0.057425 0.498534 0.000000 0.274301 0.000000 1.000000 0.703529 1.000000 0.000000 0.000000 1.932650 2.373725 1.932650
0.000000 0.366942 0.000000 0.000000 0.263219 0.554590 0.000000 0.205252 0.205914 0.556544 1.932650 2.373725 1.932650
0.249886 0.425532 0.000000 0.218041 0.449922 0.356915 0.015325 0.000000 1.000000 0.103524 1.932650 2.373725 1.932650
0.187688 0.446144 0.000000 0.000000 0.358770 0.587117 0.497542 0.000000 0.179963 0.181699 1.932650 2.373725 1.932650
0.000000 0.291347 0.000000 0.000000 0.000000 0.034239 0.026881 0.073317 0.521509 0.167330 1.932650 2.373725 1.932650
0.000000 0.443302 0.000000 0.213437 0.487883 0.623896 0.000000 0.000000 0.000000 0.405743 1.932650 2.373725 1.932650
0.082433 0.368990 0.050060 0.218668 0.822301 0.502269 0.000000 0.946328 0.036431 0.000000 1.932650 2.373725 1.932650
0.075751 0.290785 0.000000 0.000000 0.127555 0.444034 0.153142 0.000000 0.458859 0.567935 1.932650 2.373725 1.932650
0.062119 0.441409 0.014018 0.000000 0.612205 0.180251 0.180798 0.000000 0.589793 0.957322 1.932650 2.373725 1.932650
0.154577 0.308121 0.000000 0.003357 0.000000 0.399954 0.000000 0.182104 1.000000 0.000000 1.932650 2.373725 1.932650
0.000000 0.370103 0.000000 0.063401 0.000000 0.491293 0.186270 0.476725 0.098781 0.752052 1.932650 2.373725 1.932650
0.011300 0.367784 0.000000 0.253721 0.732342 0.298295 0.308834 0.367765 1.000000 0.771490 1.932650 2.373725 1.932650
0.356798 0.435072 0.023299 0.021925 0.621042 1.000000 0.246631 0.596390 0.461317 0.087999 1.932650 2.373725 1.932650
0.143195 0.350580 0.000000 0.251589 0.290575 1.000000 0.467683 0.077899 0.642581 0.493516 1.932650 2.373725 1.932650
0.060685 0.437485 0.000000 0.020587 0.477610 0.637563 0.563735 0.122551 1.000000 0.000000 1.932650 2.373725 1.932650
0.142182 0.394971 0.005730 0.000000 0.670855 0.087353 0.873333 0.816557 0.982555 0.423479 1.932650 2.373725 1.932650
0.333130 0.318828 0.000000 0.001977 0.330712 0.227122 0.170837 0.124514 0.823878 0.741482 1.932650 2.373725 1.932650
0.000000 0.509522 0.000000 0.000000 0.745485 0.491840 0.265547 0.423408 0.949558 0.292736 1.932650 2.373725 1.932650
0.032989 0.441683 0.008422 0.098863 0.000000 0.627973 0.571288 0.824307 0.118846 1.000000 1.932650 2.373725 1.932650
0.000000 0.415061 0.000000 0.043349 0.735068 0.000000 0.000000 0.000000 0.538786 0.257869 1.932650 2.373725 1.932650
0.412509 0.376857 0.000000 0.528421 0.020921 0.598081 0.579373 0.304288 0.184038 0.598900 1.932650 2.373725 1.932650
0.150503 0.389422 0.061709 0.059279 0.652659 0.569039 0.106220 1.000000 0.178896 0.000000 1.932650 2.373725 1.932650
0.000000 0.476515 0.000000 0.104293 0.591975 0.977434 0.055017 0.059343 0.567622 0.106319 1.932650 2.373725 1.932650
0.349872 0.349413 0.086678 0.231165 0.685947 1.000000 0.282236 0.688246 0.885658 0.716718 1.932650 2.373725 1.932650
0.000000 0.350627 0.068012 0.291977 1.000000 0.738584 0.524156 0.860962 0.514876 0.000000 1.932650 2.373725 1.932650
0.000000 0.436107 0.000000 0.361388 0.000000 0.652493 0.681832 0.513144 0.406776 0.000000 1.932650 2.373725 1.932650
0.185320 0.395549 0.000426 0.127542 0.462916 0.304115 0.117254 0.153917 0.371446 0.952980 1.932650 2.373725 1.932650
