# Final mediating pop (post Phase 4)
# x0..x(D-1) f0 f1 consensus
0.483032 0.574348 0.285828 0.146474 0.351356 0.800522 0.535426 0.330525 0.734948 0.150766 0.000229 0.000242 0.000229
0.482988 0.536574 0.275124 0.166232 0.443311 0.718077 0.554395 0.420669 0.780879 0.245737 0.000229 0.000497 0.000229
0.483242 0.588147 0.329111 0.147610 0.336577 0.739570 0.606940 0.492247 0.892843 0.145094 0.000229 0.000232 0.000229
0.481974 0.587880 0.287964 0.136462 0.441088 0.705591 0.527812 0.524074 0.681926 0.232131 0.000229 0.000243 0.000229
0.482519 0.581280 0.252361 0.143371 0.426540 0.802128 0.612998 0.400037 0.774601 0.219540 0.000229 0.000282 0.000229
0.482298 0.626528 0.320518 0.165471 0.430554 0.818296 0.521758 0.445560 0.816863 0.298966 0.000229 0.000244 0.000229
0.481370 0.596398 0.288584 0.135905 0.516319 0.764509 0.535418 0.503893 0.770118 0.208312 0.000229 0.000290 0.000229
0.480676 0.625616 0.301296 0.135587 0.405195 0.743704 0.549838 0.440894 0.813305 0.162177 0.000229 0.000389 0.000229
0.479731 0.585958 0.284106 0.128032 0.316812 0.852095 0.542640 0.455246 0.868147 0.164450 0.000229 0.000296 0.000229
0.481721 0.621659 0.294612 0.128259 0.380335 0.843424 0.581072 0.370232 0.846527 0.200213 0.000229 0.000265 0.000229
0.480080 0.568254 0.293493 0.144502 0.409762 0.780589 0.451731 0.511422 0.847812 0.236211 0.000229 0.000243 0.000229
0.481214 0.562653 0.286481 0.148379 0.320578 0.752211 0.581905 0.458194 0.865987 0.266022 0.000229 0.000230 0.000229
0.482108 0.554629 0.284940 0.149683 0.312653 0.766530 0.461133 0.425311 0.747651 0.177939 0.000229 0.000263 0.000229
0.481609 0.660357 0.327058 0.138919 0.393505 0.755809 0.536182 0.451832 0.695613 0.110881 0.000229 0.000253 0.000229
0.481559 0.590589 0.350115 0.164256 0.330687 0.793745 0.615863 0.423387 0.807151 0.166009 0.000229 0.000238 0.000229
0.482228 0.562019 0.305862 0.139076 0.441853 0.727776 0.500384 0.429819 0.644376 0.187674 0.000229 0.000248 0.000229
0.481838 0.583702 0.337685 0.150477 0.314087 0.714634 0.460002 0.463377 0.830630 0.213822 0.000229 0.000253 0.000229
0.478454 0.650706 0.327248 0.131507 0.352368 0.866566 0.533598 0.461974 0.787371 0.121854 0.000229 0.000231 0.000229
0.482434 0.592442 0.331621 0.179363 0.419698 0.845586 0.506165 0.363309 0.755605 0.211114 0.000229 0.000293 0.000229
0.482292 0.531909 0.313332 0.143631 0.387179 0.642017 0.502136 0.406010 0.735445 0.245772 0.000229 0.000271 0.000229
0.482182 0.607872 0.336109 0.151040 0.372404 0.770704 0.582052 0.355204 0.770461 0.270266 0.000229 0.000272 0.000229
0.482930 0.606247 0.358262 0.147544 0.327580 0.710092 0.564333 0.467688 0.763376 0.197575 0.000229 0.000231 0.000229
0.481572 0.624330 0.273646 0.109481 0.367238 0.859540 0.581099 0.512729 0.867618 0.254382 0.000229 0.000232 0.000229
0.482427 0.574062 0.312587 0.141538 0.268241 0.837852 0.540675 0.419137 0.755239 0.140851 0.000229 0.000240 0.000229
0.482597 0.649655 0.328488 0.139053 0.390947 0.867942 0.589793 0.452896 0.903854 0.146570 0.000229 0.000256 0.000229
0.482219 0.579406 0.277479 0.128700 0.395904 0.783585 0.562831 0.500936 0.759585 0.242906 0.000229 0.000336 0.000229
0.480699 0.556665 0.240758 0.135219 0.436723 0.796345 0.496174 0.474096 0.786741 0.141365 0.000229 0.000237 0.000229
0.482353 0.665580 0.350669 0.141043 0.387853 0.760752 0.495605 0.451241 0.732423 0.235289 0.000229 0.000260 0.000229
0.483116 0.586330 0.310609 0.116348 0.378461 0.648088 0.520896 0.509647 0.826816 0.243968 0.000229 0.000256 0.000229
0.481008 0.529907 0.271067 0.142888 0.458362 0.701858 0.463354 0.485411 0.824473 0.292283 0.000229 0.000232 0.000229
0.480319 0.633270 0.282127 0.139538 0.438107 0.807529 0.582708 0.527079 0.836101 0.151540 0.000229 0.000251 0.000229
0.480629 0.663513 0.314320 0.134658 0.472895 0.709454 0.542213 0.482109 0.785869 0.279469 0.000229 0.000233 0.000229
0.480142 0.628445 0.300726 0.156813 0.471804 0.685008 0.623765 0.479388 0.829452 0.182147 0.000229 0.000233 0.000229
0.480441 0.612274 0.315820 0.136878 0.442738 0.742014 0.557441 0.517327 0.885149 0.236830 0.000229 0.000318 0.000229
0.481584 0.650492 0.311993 0.139314 0.426384 0.679282 0.547068 0.540728 0.752225 0.148003 0.000229 0.000230 0.000229
0.482910 0.514054 0.293190 0.161302 0.419727 0.627904 0.588521 0.483648 0.790298 0.248267 0.000229 0.000237 0.000229
0.482563 0.598626 0.296761 0.120439 0.349535 0.720108 0.552827 0.585731 0.768827 0.192456 0.000229 0.000214 0.000214
0.481683 0.562576 0.286472 0.159907 0.405491 0.733878 0.471238 0.378652 0.832540 0.230491 0.000229 0.000240 0.000229
0.482636 0.600278 0.332205 0.159244 0.396123 0.810815 0.623844 0.344806 0.772778 0.123440 0.000229 0.000230 0.000229
0.481608 0.577971 0.286193 0.133748 0.362056 0.883919 0.619169 0.423227 0.803743 0.167936 0.000229 0.000251 0.000229
0.481817 0.590633 0.299943 0.145248 0.336936 0.682914 0.590337 0.491236 0.765649 0.197585 0.000229 0.000233 0.000229
0.479276 0.538917 0.294095 0.139632 0.320676 0.814485 0.583979 0.414497 0.871960 0.143852 0.000229 0.000238 0.000229
0.481907 0.643657 0.335240 0.158642 0.376978 0.696588 0.553506 0.451574 0.734425 0.115778 0.000229 0.000242 0.000229
0.480662 0.640490 0.335740 0.125833 0.336307 0.777442 0.521251 0.517839 0.769623 0.124183 0.000229 0.000238 0.000229
0.482530 0.526106 0.270833 0.125525 0.347619 0.757216 0.536125 0.530754 0.902637 0.159104 0.000229 0.000200 0.000200
0.482951 0.586315 0.338358 0.153804 0.393520 0.642598 0.598588 0.462947 0.657732 0.219921 0.000229 0.000175 0.000175
0.483152 0.574140 0.248709 0.129106 0.433413 0.722355 0.527885 0.526733 0.868341 0.143606 0.000229 0.000186 0.000186
0.482506 0.615845 0.349283 0.148596 0.403971 0.668010 0.516772 0.385660 0.672760 0.302064 0.000229 0.000191 0.000191
0.482891 0.620521 0.291016 0.144927 0.434125 0.747368 0.526420 0.381293 0.851264 0.304648 0.000229 0.000251 0.000229
0.482125 0.618030 0.312544 0.157527 0.402778 0.853631 0.483220 0.480482 0.740772 0.208642 0.000229 0.000251 0.000229
0.482171 0.524039 0.263948 0.145514 0.277109 0.803342 0.535707 0.412713 0.819452 0.218538 0.000229 0.000246 0.000229
0.482923 0.583193 0.307960 0.151121 0.382015 0.722285 0.650533 0.502260 0.792394 0.140095 0.000229 0.000218 0.000218
0.480041 0.539006 0.289694 0.146084 0.328368 0.648562 0.547905 0.433936 0.729773 0.087420 0.000229 0.000200 0.000200
0.480526 0.569767 0.317148 0.161466 0.428900 0.655470 0.608135 0.497962 0.777272 0.160449 0.000229 0.000242 0.000229
0.482795 0.626400 0.337299 0.160070 0.502560 0.742701 0.576504 0.414433 0.715996 0.272097 0.000229 0.000232 0.000229
0.478771 0.579595 0.280379 0.135203 0.356452 0.787360 0.469208 0.491396 0.850135 0.200040 0.000229 0.000280 0.000229
0.481537 0.562735 0.267248 0.144846 0.356220 0.817814 0.509954 0.436319 0.746298 0.042992 0.000229 0.000198 0.000198
0.483100 0.569020 0.274585 0.161446 0.387085 0.699825 0.576741 0.412541 0.843571 0.174382 0.000229 0.000293 0.000229
0.479545 0.597417 0.340525 0.169925 0.393670 0.723743 0.469846 0.385142 0.703216 0.204300 0.000229 0.000244 0.000229
0.481543 0.607660 0.305559 0.134874 0.274522 0.884494 0.580893 0.473388 0.889405 0.143594 0.000229 0.000220 0.000220
0.482396 0.640021 0.339394 0.126911 0.326674 0.864847 0.613361 0.506607 0.824900 0.160374 0.000229 0.000246 0.000229
0.480958 0.614021 0.310491 0.123604 0.342227 0.639861 0.507591 0.543431 0.746173 0.168858 0.000229 0.000221 0.000221
0.481291 0.595904 0.286682 0.132419 0.283110 0.807192 0.503688 0.480542 0.759577 0.012065 0.000229 0.000147 0.000147
0.479214 0.574233 0.272935 0.116256 0.273623 0.794671 0.566780 0.517626 0.820546 0.127475 0.000229 0.000202 0.000202
0.483046 0.627883 0.350073 0.141883 0.309952 0.787294 0.471385 0.544325 0.805043 0.248345 0.000229 0.000160 0.000160
0.482681 0.584062 0.286026 0.154873 0.411948 0.720573 0.539349 0.349011 0.812230 0.347608 0.000229 0.000203 0.000203
0.482888 0.568624 0.258720 0.142542 0.336999 0.863815 0.448791 0.463727 0.799258 0.269777 0.000229 0.000154 0.000154
0.477760 0.639245 0.273236 0.137087 0.430148 0.776298 0.552087 0.438150 0.917081 0.188484 0.000229 0.000196 0.000196
0.482042 0.655075 0.312695 0.140973 0.461838 0.810750 0.575272 0.446312 0.806188 0.332342 0.000229 0.000189 0.000189
0.479252 0.687417 0.344093 0.154279 0.350808 0.847855 0.545155 0.414323 0.866974 0.307157 0.000229 0.000162 0.000162
0.481066 0.609481 0.286893 0.137125 0.231482 0.741617 0.522014 0.387630 0.755449 0.132629 0.000229 0.000182 0.000182
0.482974 0.576596 0.332691 0.145282 0.321774 0.683457 0.583812 0.481402 0.637575 0.115682 0.000229 0.000165 0.000165
0.482696 0.555892 0.274813 0.114508 0.469443 0.649236 0.567226 0.538348 0.859854 0.309002 0.000229 0.000148 0.000148
0.480176 0.630942 0.305713 0.131483 0.429984 0.691511 0.480580 0.485641 0.729269 0.279396 0.000229 0.000237 0.000229
0.481147 0.701120 0.385002 0.126583 0.293858 0.757378 0.549010 0.407294 0.782851 0.190552 0.000229 0.000146 0.000146
0.482807 0.618248 0.349912 0.164027 0.306559 0.774287 0.508389 0.334276 0.733891 0.142661 0.000229 0.000202 0.000202
0.482855 0.561401 0.259413 0.140267 0.372264 0.826134 0.564448 0.425698 0.883762 0.058479 0.000229 0.000173 0.000173
0.482971 0.594197 0.268625 0.175468 0.477033 0.684873 0.601763 0.326488 0.801800 0.282647 0.000229 0.000125 0.000125
0.482354 0.692537 0.373647 0.140251 0.405188 0.847383 0.597805 0.498259 0.818248 0.244521 0.000229 0.000143 0.000143
0.483071 0.622597 0.310082 0.159078 0.347144 0.661229 0.538324 0.367572 0.743107 0.135835 0.000229 0.000171 0.000171
0.481327 0.629976 0.295072 0.129856 0.273303 0.734343 0.597029 0.426485 0.836289 0.216025 0.000229 0.000181 0.000181
0.481375 0.589184 0.267921 0.144973 0.389812 0.808894 0.583209 0.426632 0.952588 0.226059 0.000229 0.000219 0.000219
0.483172 0.626542 0.277505 0.130925 0.462315 0.652421 0.486454 0.485943 0.811594 0.207349 0.000229 0.000196 0.000196
0.482154 0.587857 0.321699 0.176913 0.347909 0.895466 0.569645 0.304256 0.800884 0.140733 0.000229 0.000173 0.000173
0.482901 0.607702 0.319120 0.162743 0.470407 0.656396 0.512366 0.475862 0.629968 0.183903 0.000229 0.000175 0.000175
0.483189 0.615377 0.316211 0.120610 0.246531 0.889289 0.572388 0.412251 0.731547 0.070009 0.000229 0.000145 0.000145
0.481993 0.563033 0.290056 0.130655 0.306558 0.704883 0.442138 0.471902 0.777003 0.210258 0.000229 0.000263 0.000229
0.482687 0.635471 0.304684 0.146147 0.254140 0.749052 0.481950 0.397302 0.763548 0.245814 0.000229 0.000153 0.000153
0.482465 0.543935 0.314117 0.117519 0.317343 0.887884 0.497165 0.522945 0.825530 0.139400 0.000229 0.000115 0.000115
0.483198 0.591797 0.318637 0.139561 0.294164 0.618215 0.584474 0.468030 0.852334 0.178120 0.000229 0.000173 0.000173
0.482628 0.551367 0.296583 0.149844 0.407096 0.519732 0.524911 0.444299 0.764142 0.223163 0.000229 0.000120 0.000120
0.482602 0.595187 0.302804 0.136422 0.385416 0.779524 0.444201 0.558050 0.776262 0.069531 0.000229 0.000124 0.000124
0.479323 0.587514 0.254447 0.124941 0.400900 0.622483 0.457903 0.435121 0.829596 0.216217 0.000229 0.000147 0.000147
0.481657 0.619702 0.280700 0.154155 0.396714 0.925429 0.532599 0.386225 0.751588 0.231865 0.000229 0.000174 0.000174
0.480810 0.588170 0.359869 0.137123 0.274795 0.642612 0.549235 0.385962 0.780764 0.196972 0.000229 0.000139 0.000139
0.482791 0.563651 0.288838 0.158807 0.415824 0.557181 0.598124 0.516881 0.723148 0.171214 0.000229 0.000173 0.000173
0.482011 0.579121 0.275233 0.144985 0.489658 0.767776 0.624420 0.513389 0.817148 0.253809 0.000229 0.000168 0.000168
0.482242 0.540747 0.253084 0.165825 0.417199 0.678932 0.488820 0.327932 0.738338 0.249419 0.000229 0.000126 0.000126
0.482911 0.611843 0.297891 0.144343 0.248968 0.954498 0.468138 0.359139 0.854787 0.182787 0.000229 0.000119 0.000119
0.481877 0.642160 0.289948 0.153905 0.414454 0.828250 0.667347 0.469518 0.880991 0.048493 0.000229 0.000136 0.000136
0.481497 0.630724 0.326581 0.136210 0.227563 0.921336 0.584216 0.436013 0.883377 0.126572 0.000229 0.000159 0.000159
0.482106 0.656659 0.321602 0.144558 0.353693 0.878457 0.711530 0.469018 0.830392 0.194184 0.000229 0.000111 0.000111
0.482035 0.598807 0.331086 0.114885 0.214479 0.797526 0.556000 0.487454 0.766568 0.124340 0.000229 0.000190 0.000190
0.480629 0.576850 0.289918 0.112669 0.283769 0.790978 0.530880 0.549615 0.722611 0.162439 0.000229 0.000175 0.000175
0.482774 0.672366 0.344965 0.159829 0.464706 0.686421 0.646871 0.541087 0.822714 0.106902 0.000229 0.000116 0.000116
0.482234 0.578037 0.278859 0.116165 0.294899 0.887560 0.655107 0.564027 0.910532 0.227870 0.000229 0.000110 0.000110
0.482303 0.587602 0.307537 0.138605 0.356769 0.664551 0.506917 0.360317 0.645315 0.255273 0.000229 0.000150 0.000150
0.482552 0.627817 0.342264 0.155486 0.432872 0.707250 0.609337 0.418903 0.921587 0.191010 0.000229 0.000149 0.000149
0.482261 0.689041 0.373491 0.154440 0.369183 0.851812 0.617566 0.332241 0.854312 0.261901 0.000229 0.000144 0.000144
0.481968 0.549473 0.234284 0.107387 0.294416 0.903249 0.520154 0.510839 0.940898 0.106246 0.000229 0.000114 0.000114
0.477616 0.579827 0.313974 0.178998 0.375220 0.805021 0.497607 0.481839 0.947952 0.216684 0.000229 0.000121 0.000121
0.482628 0.547533 0.248660 0.147863 0.425497 0.782085 0.536808 0.441157 0.727977 0.199892 0.000229 0.000280 0.000229
0.482457 0.562086 0.248364 0.135700 0.527409 0.715151 0.626092 0.411274 0.713804 0.230275 0.000229 0.000123 0.000123
0.478088 0.563510 0.365986 0.167395 0.238544 0.956528 0.528505 0.400364 0.839278 0.172830 0.000229 0.000100 0.000100
0.481000 0.638106 0.304228 0.138579 0.346842 0.969393 0.628199 0.430094 0.851560 0.203786 0.000229 0.000148 0.000148
0.482077 0.543704 0.289321 0.142843 0.201798 0.812987 0.468408 0.468115 0.834987 0.091205 0.000229 0.000124 0.000124
0.481019 0.623947 0.297788 0.154107 0.550953 0.716393 0.527979 0.491154 0.865275 0.325828 0.000229 0.000116 0.000116
0.482814 0.617727 0.332354 0.144251 0.290078 0.729816 0.647738 0.364897 0.912663 0.215345 0.000229 0.000119 0.000119
0.482868 0.531158 0.289619 0.151623 0.222109 0.794784 0.610378 0.470517 0.830263 0.032358 0.000229 0.000109 0.000109
0.483209 0.585434 0.339466 0.165582 0.428241 0.570741 0.505756 0.521027 0.690113 0.218462 0.000229 0.000109 0.000109
0.406329 0.841411 0.331599 0.275945 0.275094 0.757416 0.623861 0.513273 0.729104 0.259672 0.000229 0.000017 0.000017
0.686521 0.542325 0.499825 0.198428 0.545924 0.642007 0.970579 0.580602 0.631530 0.296267 0.000000 0.000000 0.000000
0.481525 0.553511 0.268861 0.133832 0.366290 0.880270 0.621225 0.430720 0.805817 0.166910 0.000229 0.000204 0.000204
0.481697 0.621901 0.342003 0.156142 0.143996 0.647490 0.383516 0.408639 0.846314 0.144717 0.000229 0.000063 0.000063
0.359560 0.867422 0.754105 0.068199 0.200049 0.884426 0.817580 0.062823 0.241015 0.295162 0.000000 0.000000 0.000000
0.480812 0.620521 0.352731 0.164100 0.373855 0.633276 0.602695 0.463373 0.723445 0.113224 0.000229 0.000177 0.000177
0.481513 0.506277 0.258944 0.151718 0.412009 0.757990 0.508919 0.054106 0.708515 0.165849 0.000229 0.000058 0.000058
0.480702 0.599700 0.357019 0.150190 0.361456 0.704375 0.589752 0.511547 0.616880 0.132954 0.000229 0.000131 0.000131
0.212699 0.194161 0.804637 0.693263 0.067753 0.770647 0.542807 0.863556 0.325244 0.439217 0.000000 0.000068 0.000000
0.480762 0.576625 0.247664 0.124439 0.427463 0.716289 0.529448 0.522419 0.861916 0.143088 0.000229 0.000169 0.000169
0.882023 0.988732 0.215180 0.175923 0.578574 0.518374 0.902830 0.002724 0.604976 0.753870 0.000000 0.000058 0.000000
0.158112 0.075009 0.382022 0.738906 0.927965 0.388376 0.687584 0.353272 0.452308 0.951437 0.000000 0.000068 0.000000
0.307397 0.296571 0.879604 0.918987 0.335367 0.399019 0.116073 0.460080 0.537983 0.922692 0.000000 0.000068 0.000000
0.242847 0.546504 0.154230 0.792018 0.770903 0.930500 0.219942 0.235156 0.837873 0.541968 0.000229 0.000000 0.000000
0.480693 0.663463 0.233328 0.128696 0.331421 0.892861 0.436019 0.582304 0.979491 0.024490 0.000229 0.000059 0.000059
0.880487 0.931860 0.726930 0.061669 0.435182 0.622241 0.243597 0.193148 0.286922 0.345869 0.000000 0.000000 0.000000
0.377112 0.610596 0.259590 0.123321 0.120805 0.953535 0.199869 0.365331 0.938092 0.405334 0.000229 0.000017 0.000017
0.479478 0.863793 0.340901 0.146854 0.124707 0.980491 0.850420 0.626216 0.664133 0.072007 0.000229 0.000058 0.000058
0.482207 0.639880 0.310301 0.161898 0.367134 0.886729 0.727919 0.455820 0.853462 0.183817 0.000229 0.000101 0.000101
0.480097 0.622072 0.293274 0.132695 0.416277 0.634012 0.453546 0.468987 0.593729 0.177611 0.000229 0.000118 0.000118
0.480488 0.648012 0.349181 0.130828 0.297106 0.872875 0.646191 0.508260 0.794980 0.153394 0.000229 0.000150 0.000150
0.479585 0.588193 0.309622 0.135606 0.291937 0.894208 0.654207 0.576316 0.892515 0.241896 0.000229 0.000095 0.000095
0.480096 0.733533 0.311618 0.152354 0.604383 0.692198 0.222352 0.597919 0.939004 0.164571 0.000229 0.000058 0.000058
0.480362 0.506186 0.227466 0.125579 0.183725 0.785101 0.505863 0.502613 0.720543 0.203500 0.000229 0.000075 0.000075
0.781278 0.802680 0.885388 0.832961 0.103705 0.742590 0.002889 0.285473 0.822242 0.502653 0.000002 0.000000 0.000000
0.481480 0.510717 0.275364 0.133957 0.411373 0.662495 0.505945 0.508754 0.072131 0.993890 0.000229 0.000058 0.000058
0.480035 0.531397 0.241044 0.174298 0.220699 0.854061 0.458593 0.875099 0.949460 0.150005 0.000229 0.000058 0.000058
0.480142 0.628445 0.300726 0.156813 0.471804 0.685008 0.623765 0.479388 0.829452 0.182147 0.000229 0.000233 0.000229
0.481719 0.662674 0.386018 0.132324 0.332099 0.663512 0.422844 0.443638 0.813936 0.365661 0.000229 0.000073 0.000073
0.478830 0.619776 0.316320 0.135412 0.264782 0.903323 0.598829 0.510208 0.913193 0.154100 0.000229 0.000152 0.000152
0.482764 0.647042 0.349811 0.143518 0.317820 0.783877 0.466853 0.551388 0.816360 0.244024 0.000229 0.000142 0.000142
0.479219 0.524783 0.271029 0.152759 0.287108 0.799800 0.563383 0.388167 0.868408 0.124824 0.000229 0.000179 0.000179
0.482979 0.556123 0.294438 0.153845 0.416914 0.508215 0.529879 0.440430 0.768653 0.221102 0.000229 0.000112 0.000112
0.296059 0.626392 0.474891 0.215789 0.129989 0.804688 0.238487 0.194522 0.134040 0.652938 0.000000 0.000017 0.000000
0.482110 0.574550 0.290230 0.122258 0.246867 0.807333 0.528161 0.595203 0.707570 0.168468 0.000229 0.000097 0.000097
0.480802 0.470880 0.189345 0.145862 0.269970 0.697056 0.388944 0.446556 0.722953 0.396140 0.000229 0.000058 0.000058
0.480381 0.620224 0.342188 0.156316 0.268904 0.729472 0.602370 0.507194 0.969509 0.911306 0.000229 0.000058 0.000058
0.480761 0.569597 0.248093 0.167064 0.322789 0.181247 0.482286 0.457885 0.905561 0.183973 0.000229 0.000058 0.000058
0.478719 0.545215 0.280026 0.150606 0.436648 0.791721 0.573120 0.576182 0.978263 0.168801 0.000229 0.000086 0.000086
0.482978 0.665265 0.289506 0.129438 0.449042 0.797571 0.611078 0.477112 0.889357 0.049357 0.000229 0.000102 0.000102
0.480457 0.477698 0.386706 0.191033 0.400718 0.811804 0.001354 0.583918 0.897390 0.272685 0.000229 0.000058 0.000058
0.752811 0.816138 0.667404 0.426199 0.354055 0.878586 0.766343 0.478361 0.232805 0.181549 0.000000 0.000000 0.000000
0.481243 0.705339 0.367693 0.127005 0.283662 0.738264 0.565494 0.431852 0.768266 0.221104 0.000229 0.000128 0.000128
0.406654 0.560167 0.211890 0.267222 0.445297 0.922183 0.531582 0.487399 0.724310 0.248840 0.000229 0.000017 0.000017
0.382837 0.583615 0.371776 0.193994 0.420817 0.931194 0.461004 0.308068 0.733094 0.000000 0.000229 0.000017 0.000017
0.479508 0.535130 0.283585 0.135095 0.445509 0.857368 0.544329 0.489692 1.000000 0.290267 0.000229 0.000086 0.000086
0.482971 0.594197 0.268625 0.175468 0.477033 0.684873 0.601763 0.326488 0.801800 0.282647 0.000229 0.000125 0.000125
0.482960 0.633692 0.272337 0.168083 0.954422 0.783560 0.504094 0.306571 0.631968 0.133718 0.000229 0.000058 0.000058
0.478973 0.582778 0.228091 0.136990 0.442067 0.854230 0.520212 0.209413 0.876348 0.095328 0.000229 0.000063 0.000063
0.481245 0.490526 0.236541 0.152872 0.293534 0.686627 0.438105 0.443677 0.781837 0.198041 0.000229 0.000116 0.000116
0.480085 0.522858 0.307829 0.168152 0.086273 0.738656 0.394028 0.391123 0.843061 0.125143 0.000229 0.000062 0.000062
0.480319 0.633270 0.282127 0.139538 0.438107 0.807529 0.582708 0.527079 0.836101 0.151540 0.000229 0.000251 0.000229
0.480721 0.665948 0.317492 0.114562 0.399560 0.661602 0.455749 0.464760 0.747013 0.290130 0.000229 0.000129 0.000129
0.479884 0.579356 0.370895 0.181490 0.231308 0.699925 0.602557 0.374361 0.924946 0.073887 0.000229 0.000059 0.000059
0.480677 0.573133 0.376498 0.164295 0.237449 0.955669 0.531252 0.398375 0.856856 0.157918 0.000229 0.000090 0.000090
0.482070 0.586015 0.314502 0.146880 0.192876 0.648922 0.446982 0.401235 0.730769 0.161587 0.000229 0.000087 0.000087
0.480156 0.569490 0.346849 0.182721 0.393401 0.759541 0.759868 0.427912 0.737842 0.087261 0.000229 0.000072 0.000072
0.480819 0.627318 0.315542 0.140834 0.379058 0.852624 0.459735 0.517000 0.749150 0.221109 0.000229 0.000164 0.000164
0.478689 0.590967 0.309098 0.170130 0.396022 0.813459 0.622625 0.405562 0.980645 0.247595 0.000229 0.000120 0.000120
0.483158 0.522344 0.276349 0.157358 0.430245 0.616781 0.575390 0.469380 0.785795 0.278133 0.000229 0.000223 0.000223
0.041064 0.597836 0.364173 0.163037 0.464088 0.653126 0.512494 0.400360 0.572078 0.313501 0.000229 0.000017 0.000017
0.481910 0.611634 0.350702 0.193303 0.272727 0.761420 0.668427 0.368169 0.880672 0.206941 0.000229 0.000089 0.000089
0.482784 0.581522 0.366216 0.170620 0.357333 0.665768 0.412335 0.200104 0.715349 0.267760 0.000229 0.000062 0.000062
0.478619 0.543520 0.254898 0.171739 0.204612 0.816881 0.462068 0.419027 0.982166 0.000000 0.000229 0.000064 0.000064
0.480629 0.672032 0.233661 0.134798 0.388090 0.649545 0.533281 0.505425 0.900258 0.081868 0.000229 0.000078 0.000078
0.481683 0.639589 0.321485 0.125200 0.392306 1.000000 0.654142 0.468358 0.884863 0.231441 0.000229 0.000090 0.000090
0.480759 0.577649 0.328934 0.184543 0.362321 0.911343 0.569372 0.301933 0.789238 0.135092 0.000229 0.000119 0.000119
0.480152 0.622350 0.304060 0.170805 0.335476 0.642296 0.537373 0.360112 0.754374 0.133551 0.000229 0.000124 0.000124
0.480461 0.587023 0.307689 0.158238 0.256271 0.970916 0.447393 0.368183 0.824421 0.207619 0.000229 0.000102 0.000102
0.480524 0.648278 0.082008 0.208659 0.498406 0.051902 0.684881 0.344543 0.879907 0.238751 0.000229 0.000058 0.000058
0.483025 0.636353 0.097248 0.139128 0.442377 0.718788 0.617337 0.508123 0.838799 0.228483 0.000229 0.000058 0.000058
0.477713 0.527165 0.289636 0.132912 0.521544 0.746199 0.555097 0.376185 0.870874 0.331526 0.000229 0.000076 0.000076
0.896986 0.818604 0.500502 0.226497 0.772928 0.156717 0.688533 0.595095 0.657581 0.608786 0.000000 0.000000 0.000000
0.477850 0.602775 0.270748 0.140085 0.234214 0.843325 0.636579 0.459102 1.000000 0.246661 0.000229 0.000078 0.000078
0.482182 0.607872 0.336109 0.151040 0.372404 0.770704 0.582052 0.355204 0.770461 0.270266 0.000229 0.000272 0.000229
0.834653 0.861781 0.161774 0.092967 0.533936 0.690023 0.551105 0.831547 0.809466 0.808487 0.000000 0.000058 0.000000
0.482665 0.561644 0.309445 0.178188 0.430955 0.609388 0.584176 0.465661 0.804637 0.153235 0.000229 0.000158 0.000158
0.482504 0.689072 0.335604 0.238185 0.757545 1.000000 0.662696 0.688477 0.865115 0.264822 0.000229 0.000058 0.000058
0.482789 0.518605 0.260680 0.179585 0.261237 0.815135 0.459705 0.306090 0.622229 0.220758 0.000229 0.000065 0.000065
0.479583 0.587298 0.282488 0.163282 0.376090 0.795734 0.479936 0.499025 1.000000 0.192590 0.000229 0.000091 0.000091
0.481605 0.516011 0.276185 0.163064 0.350163 0.661667 0.637850 0.415963 0.895565 0.354871 0.000229 0.000086 0.000086
0.193130 0.152003 0.470216 0.810171 0.206115 0.769502 0.248361 0.803744 0.788933 0.013902 0.000000 0.000068 0.000000
0.482788 0.650037 0.258036 0.096106 0.472945 0.598507 0.740044 0.460972 0.688333 0.189180 0.000229 0.000063 0.000063
0.482563 0.598626 0.296761 0.120439 0.349535 0.720108 0.552827 0.585731 0.768827 0.192456 0.000229 0.000214 0.000214
0.481838 0.583702 0.337685 0.150477 0.314087 0.714634 0.460002 0.463377 0.830630 0.213822 0.000229 0.000253 0.000229
0.568473 0.257019 0.747162 0.233403 0.452488 0.424580 0.772776 0.991124 0.354659 0.873499 0.000000 0.000000 0.000000
0.618369 0.415493 0.043954 0.135367 0.591394 1.000000 0.684316 0.098060 1.000000 0.006755 0.000000 0.000058 0.000000
0.481120 0.591135 0.218362 0.140549 0.439762 0.786578 0.591754 0.422447 0.908051 0.259901 0.000229 0.000140 0.000140
0.058089 0.181291 0.404026 0.688101 0.568505 0.047437 0.268480 0.234916 0.479024 0.632727 0.000000 0.000068 0.000000
0.481525 0.609328 0.312103 0.136638 0.180011 0.974982 0.665200 0.625310 0.829774 0.204425 0.000229 0.000058 0.000058
0.548530 0.358429 0.873615 0.439967 0.106235 0.727392 0.405790 0.124098 0.971062 0.355520 0.000000 0.000000 0.000000
0.481180 0.543819 0.273967 0.141122 0.516888 0.787219 0.402325 0.358142 0.643346 0.130259 0.000229 0.000068 0.000068
0.785803 0.537095 0.294057 0.978484 0.823747 0.542286 0.712218 0.695473 0.432335 0.292155 0.000000 0.000000 0.000000
0.705572 0.772463 0.004296 0.118223 0.950573 0.393391 0.806460 0.141058 0.907114 0.007663 0.000000 0.000058 0.000000
0.478834 0.540955 0.247888 0.149312 0.504964 0.849977 0.687074 0.365634 0.868186 0.221598 0.000229 0.000078 0.000078
0.482698 0.586126 0.204211 0.117658 0.299828 0.109647 0.535024 0.443301 0.536455 0.193033 0.000229 0.000058 0.000058
0.479869 0.618790 0.296597 0.149818 0.449620 0.757847 0.552206 0.363693 0.876938 0.318561 0.000229 0.000167 0.000167
0.481630 0.668178 0.320867 0.191801 0.545448 0.776361 0.629290 0.438254 0.935085 0.245402 0.000229 0.000080 0.000080
0.482322 0.587662 0.286257 0.130350 0.293820 0.803169 0.508987 0.488289 0.761874 0.003943 0.000229 0.000146 0.000146
0.480446 0.544245 0.265780 0.123036 0.299363 0.648917 0.537258 0.437560 0.713736 0.096706 0.000229 0.000159 0.000159
0.454265 0.119643 0.358206 0.116456 0.272139 0.076914 0.711123 0.868472 0.481614 0.259281 0.000000 0.000000 0.000000
0.480719 0.597732 0.318219 0.174443 0.400559 0.817455 0.615261 0.355399 0.779060 0.114215 0.000229 0.000207 0.000207
0.482880 0.508146 0.258372 0.101493 0.374825 0.921820 0.588147 0.349720 0.888207 0.206118 0.000229 0.000068 0.000068
0.481511 0.670819 0.336545 0.136171 0.414243 0.910489 0.001354 0.514351 0.788297 0.161383 0.000229 0.000058 0.000058
0.481436 0.668804 0.366683 0.144688 0.504281 0.529971 0.825570 0.566162 0.922111 0.300000 0.000229 0.000058 0.000058
0.480873 0.594548 0.325981 0.135146 0.134376 0.947150 0.321435 0.395339 0.827205 0.190870 0.000229 0.000065 0.000065
0.482479 0.580663 0.253344 0.144841 0.395310 0.594222 0.430258 0.474576 0.820261 0.213976 0.000229 0.000111 0.000111
0.215709 0.262978 0.580587 0.040547 0.861215 0.162564 0.652381 0.628878 0.964136 0.441290 0.000000 0.000000 0.000000
0.481220 0.553161 0.291490 0.153781 0.390036 0.750750 0.665853 0.483009 0.813242 0.114144 0.000229 0.000161 0.000161
0.482434 0.592442 0.331621 0.179363 0.419698 0.845586 0.506165 0.363309 0.755605 0.211114 0.000229 0.000293 0.000229
0.481943 0.584856 0.323232 0.127337 0.213782 0.656697 0.519897 0.442399 0.794446 0.256231 0.000229 0.000108 0.000108
0.479712 0.560155 0.303022 0.179314 0.428637 0.543646 0.450475 0.476144 0.874811 0.355171 0.000229 0.000070 0.000070
0.480566 0.608185 0.336488 0.175893 0.371638 1.000000 0.409643 0.813814 0.775107 0.261845 0.000229 0.000058 0.000058
0.482533 0.617772 0.358389 0.177408 0.345988 0.828425 0.504840 0.457417 0.079478 0.174993 0.000229 0.000058 0.000058
0.482142 0.670257 0.382343 0.193954 0.396284 0.830474 0.656285 0.340888 0.855421 0.247501 0.000229 0.000092 0.000092
0.482167 0.553656 0.225695 0.125263 0.461948 0.799541 0.590903 0.424603 0.660240 0.154840 0.000229 0.000091 0.000091
0.159136 0.993505 0.552945 0.336973 0.437520 0.011462 0.888084 0.766413 0.479395 0.109563 0.000000 0.000008 0.000000
0.482243 0.510920 0.289308 0.154300 0.216985 0.795565 0.635637 0.457810 0.846237 0.022329 0.000229 0.000088 0.000088
0.478712 0.662867 0.346073 0.136927 0.333564 0.739498 0.533993 0.530225 0.764849 0.108917 0.000229 0.000173 0.000173
0.091363 0.119214 0.440900 0.264142 0.933681 0.955296 0.248716 0.456611 0.408051 0.706340 0.000000 0.000000 0.000000
0.481744 0.574694 0.324713 0.140659 0.954422 0.795867 0.525201 0.406080 0.741508 0.209404 0.000229 0.000058 0.000058
0.482945 0.678834 0.341592 0.173501 0.430554 0.708878 0.437339 0.293056 0.788547 0.152294 0.000229 0.000084 0.000084
0.063614 0.282345 0.991498 0.963281 0.510860 0.203456 0.583105 0.954034 0.442764 0.614184 0.000000 0.000068 0.000000
0.481084 0.653637 0.329024 0.198373 0.516357 0.696686 0.555416 0.408613 0.889585 0.173190 0.000229 0.000087 0.000087
0.480561 0.617630 0.279438 0.112535 0.227456 0.733317 0.540188 0.376216 0.752726 0.135475 0.000229 0.000134 0.000134
0.854144 0.947850 0.114432 0.736730 0.050575 0.929939 0.494695 0.030189 0.134065 0.287458 0.000000 0.000000 0.000000
0.482334 0.640105 0.288423 0.169640 0.550530 0.712151 0.484252 0.462666 0.889462 0.340815 0.000229 0.000089 0.000089
0.482868 0.656897 0.256726 0.134069 0.276010 0.582169 0.547185 0.451281 0.835830 0.007656 0.000229 0.000069 0.000069
0.478648 0.629078 0.316146 0.131102 0.240241 0.913817 0.569974 0.402701 0.718575 0.047333 0.000229 0.000116 0.000116
0.481556 0.521526 0.333558 0.147469 0.284471 0.665097 0.468427 0.297677 0.648750 0.181866 0.000229 0.000074 0.000074
0.483190 0.533404 0.373154 0.162859 0.292824 0.493149 0.452160 0.430888 0.702425 0.137716 0.000229 0.000059 0.000059
0.481584 0.650492 0.311993 0.139314 0.426384 0.679282 0.547068 0.540728 0.752225 0.148003 0.000229 0.000230 0.000229
0.481937 0.654437 0.389545 0.163604 0.441300 0.693973 0.451073 0.431236 0.565434 0.217997 0.000229 0.000077 0.000077
0.478414 0.613480 0.265890 0.922132 0.271153 0.848644 0.447469 0.418972 0.891127 0.171428 0.000229 0.000000 0.000000
0.482435 0.635230 0.316149 0.097826 0.237499 0.871462 0.604527 0.684788 0.705186 0.201903 0.000229 0.000058 0.000058
0.908110 0.793560 0.768573 0.569805 0.765041 0.309871 0.229379 0.204472 0.095514 0.285233 0.000002 0.000000 0.000000
0.481221 0.633340 0.320747 0.109891 0.322786 0.617112 0.501180 0.548316 0.755000 0.161173 0.000229 0.000149 0.000149
0.142272 0.220825 0.769539 0.131557 0.626985 0.129897 0.552744 0.128299 0.128111 0.177580 0.000000 0.000000 0.000000
0.480173 0.536274 0.242049 0.115928 0.120180 0.796324 0.527884 0.566822 0.811787 0.471642 0.000229 0.000058 0.000058
0.479805 0.486446 0.249835 0.127841 0.364199 0.836117 0.601921 0.397077 1.000000 0.324159 0.000229 0.000068 0.000068
0.481764 0.540355 0.276314 0.120026 0.470085 0.651446 0.580307 0.544402 0.869120 0.309050 0.000229 0.000131 0.000131
0.481008 0.529907 0.271067 0.142888 0.458362 0.701858 0.463354 0.485411 0.824473 0.292283 0.000229 0.000232 0.000229
0.480241 0.544129 0.265660 0.095137 0.409707 0.802560 0.595935 0.626473 1.000000 0.112434 0.000229 0.000063 0.000063
0.481668 0.661286 0.356025 0.186202 0.436555 0.670842 0.658038 0.387346 0.900276 0.264631 0.000229 0.000093 0.000093
0.481195 0.508875 0.301635 0.135332 0.254028 0.399019 0.116073 0.331529 0.627352 0.038867 0.000229 0.000058 0.000058
0.482113 0.634759 0.278097 0.127646 0.251012 0.731933 0.593944 0.406916 0.815318 0.247672 0.000229 0.000120 0.000120
0.482661 0.625958 0.342492 0.148289 0.405260 0.676677 0.499672 0.378989 0.683759 0.316881 0.000229 0.000167 0.000167
0.479446 0.612850 0.278582 0.152691 0.468050 0.812842 0.525306 0.511350 0.967473 0.086313 0.000229 0.000078 0.000078
0.478987 0.860029 0.218303 0.130052 0.376637 1.000000 0.600756 0.464798 0.985124 0.132591 0.000229 0.000058 0.000058
0.482940 0.518312 0.259593 0.146676 0.378612 0.800437 0.519451 0.401091 0.740267 0.062927 0.000229 0.000155 0.000155
0.481664 0.546424 0.304797 0.161711 0.413675 0.931510 0.338951 0.449373 0.800147 0.184324 0.000229 0.000075 0.000075
0.481817 0.629114 0.349869 0.192047 0.457927 0.776159 0.514854 0.306262 0.910696 0.166320 0.000229 0.000081 0.000081
0.040556 0.122381 0.661253 0.529781 0.321594 0.499260 0.961122 0.309448 0.309512 0.543070 0.000000 0.000000 0.000000
0.480258 0.598001 0.334644 0.139463 0.210105 0.919513 0.394395 0.410058 0.808549 0.309269 0.000229 0.000073 0.000073
0.481380 0.639737 0.236238 0.168062 0.458659 0.585929 0.479711 0.430195 0.903630 0.232972 0.000229 0.000075 0.000075
0.661377 0.318439 0.502686 0.108774 0.602512 0.095317 0.379295 0.555866 0.970233 0.199666 0.000000 0.000000 0.000000
0.391425 0.141403 0.654673 0.650153 0.914266 0.459217 0.319631 0.377384 0.350692 0.349567 0.000000 0.000068 0.000000
0.480558 0.596992 0.322410 0.176794 0.425329 0.579918 0.583276 0.529788 0.600079 0.167129 0.000229 0.000082 0.000082
0.483003 0.704679 0.308674 0.133702 0.326629 0.656599 0.583909 0.421761 0.689622 0.000000 0.000229 0.000078 0.000078
0.478870 0.614843 0.327754 0.179147 0.285913 0.750346 0.499529 0.313176 0.736380 0.139963 0.000229 0.000127 0.000127
0.479414 0.617456 0.344437 0.153878 0.203068 0.915392 0.593267 0.428636 0.883626 0.091979 0.000229 0.000101 0.000101
0.480698 0.713282 0.347342 0.171535 0.449058 0.762444 0.688873 0.512714 0.870980 0.302157 0.000229 0.000074 0.000074
0.482733 0.596570 0.267540 0.081066 0.217920 0.700069 0.501995 0.695747 0.768535 0.181941 0.000229 0.000065 0.000065
0.483069 0.493939 0.251528 0.137762 0.331306 0.821939 0.620558 0.431670 0.700779 0.266119 0.000229 0.000081 0.000081
0.241905 0.953018 0.446675 0.557691 0.181477 0.932596 0.927682 0.676596 0.084332 0.591316 0.000000 0.000000 0.000000
0.460679 0.256172 0.901662 0.566749 0.220965 0.406633 0.791226 0.507590 0.408677 0.043184 0.000000 0.000000 0.000000
0.481572 0.624330 0.273646 0.109481 0.367238 0.859540 0.581099 0.512729 0.867618 0.254382 0.000229 0.000232 0.000229
0.481620 0.652355 0.258135 0.143010 0.349560 0.594168 0.589647 0.496096 0.693178 0.270382 0.000229 0.000072 0.000072
0.480501 0.580890 0.268344 0.150253 0.404485 0.932343 0.546479 0.376299 0.720002 0.252392 0.000229 0.000109 0.000109
0.477616 0.675841 0.354890 0.149964 0.294012 0.980963 0.523199 0.484064 0.779595 0.025881 0.000229 0.000079 0.000079
0.479576 0.501610 0.033987 0.129956 0.234748 0.823410 0.534276 0.445298 0.392522 0.093214 0.000229 0.000058 0.000058
0.484141 0.572539 0.389761 0.182044 0.305428 0.727432 0.427615 0.240984 1.000000 0.380588 0.000000 0.000058 0.000000
0.482465 0.543935 0.314117 0.117519 0.317343 0.887884 0.497165 0.522945 0.825530 0.139400 0.000229 0.000115 0.000115
0.480174 0.552710 0.296337 0.180565 0.554805 0.833200 0.867251 0.431759 0.670286 0.068524 0.000229 0.000058 0.000058
0.480826 0.827424 0.268719 0.150469 0.478140 0.890372 0.647052 0.511224 0.028103 0.130598 0.000229 0.000058 0.000058
0.480757 0.560047 0.313022 0.175617 0.395994 0.707027 0.558327 0.378777 0.787021 0.375023 0.000229 0.000141 0.000141
0.479846 0.577110 0.261307 0.123487 0.368632 0.825390 0.479514 0.525298 0.853167 0.025019 0.000229 0.000111 0.000111
0.482515 0.611937 0.317259 0.139833 0.513906 0.747151 0.558155 0.424575 0.675272 0.295391 0.000229 0.000156 0.000156
0.481409 0.583743 0.341694 0.159346 0.410082 0.650016 0.599056 0.462406 0.661663 0.231307 0.000229 0.000170 0.000170
0.135488 0.518474 0.331599 0.566092 0.314256 0.109647 0.199326 0.304501 0.536455 0.435714 0.000229 0.000000 0.000000
