# Party-0 optima (Phase 1b)
# x0..x(D-1) party_fit f0 f1 consensus
0.480642 0.768031 0.122521 0.675816 0.068477 5.998159 5.998159 3.698421 3.698421
0.054027 0.620916 0.117916 0.551834 0.316223 3.236163 3.236163 1.818423 1.818423
0.047325 0.986542 0.271420 0.817154 0.113530 3.236163 3.236163 1.818423 1.818423
0.060024 0.880920 0.129065 0.673154 0.342635 3.236163 3.236163 1.818423 1.818423
0.340691 0.531119 0.965046 0.368897 0.939444 2.859987 2.859987 2.195936 2.195936
0.099284 0.115530 0.990529 0.033378 0.913178 2.859987 2.859987 2.795352 2.795352
0.331897 0.417283 0.959646 0.109356 0.155138 2.859987 2.859987 2.795352 2.795352
0.496872 0.345358 0.517270 0.209062 0.623719 2.859987 2.859987 2.795352 2.795352
