# Party-1 optima (Phase 1b)
# x0..x(D-1) party_fit f0 f1 consensus
0.342196 0.237386 0.052277 32.942452 15.630407 32.942452 15.630407
0.184616 0.622772 0.060007 21.149583 15.630407 21.149583 15.630407
0.050628 0.359988 0.076936 21.149583 15.630407 21.149583 15.630407
0.241992 0.218082 0.025534 21.149583 15.630407 21.149583 15.630407
0.349489 0.888563 0.091120 21.149583 15.630407 21.149583 15.630407
0.304856 0.138862 0.050744 21.149583 15.630407 21.149583 15.630407
0.247902 0.634416 0.070196 21.149583 15.630407 21.149583 15.630407
0.513376 0.905700 0.648458 21.009063 0.631999 21.009063 0.631999
