# gen=100 CA size=125
# x0..x(D-1) consensus
0.507183 0.405536 0.329759 0.896490 0.422001 5.613368
0.754872 0.217731 0.666467 0.705873 0.573642 6.453036
0.496327 0.208502 0.878825 0.562732 0.665031 5.108521
0.801998 0.247578 0.638025 0.756923 0.623170 5.986342
0.489805 0.143162 0.763013 0.570836 0.719584 9.825956
0.489928 0.202539 0.817824 0.630924 0.558185 6.234061
0.523239 0.173919 0.822075 0.472097 0.670956 5.317714
0.505152 0.156219 0.842194 0.584217 0.835016 11.142098
0.454772 0.530687 0.472011 1.000000 0.321057 6.098584
0.468320 0.494345 0.464533 1.000000 0.398248 10.440516
0.517731 0.148910 0.813131 0.499333 0.890603 5.643422
0.495135 0.482734 0.414607 0.958692 0.257451 5.650361
0.485557 0.164402 0.723563 0.582876 0.579746 6.839794
0.477234 0.508822 0.420408 0.905730 0.420945 7.250642
0.504996 0.444620 0.414607 0.933762 0.370945 13.904968
0.844135 0.182919 0.638025 0.730663 0.597862 6.313157
0.467275 0.142877 0.751066 0.606365 0.776825 5.140413
0.514236 0.481198 0.439955 0.886666 0.335719 12.531953
0.496128 0.173919 0.822075 0.472097 0.854102 5.551585
0.475880 0.384285 0.455921 1.000000 0.388614 20.917173
0.499930 0.143695 0.749869 0.670827 0.811782 5.370589
0.450941 0.411629 0.485816 0.873750 0.332125 10.962238
0.505277 0.440396 0.425121 0.888267 0.383945 20.007481
0.449962 0.438070 0.462077 1.000000 0.474649 10.794840
0.498452 0.474309 0.348644 1.000000 0.369665 5.391806
0.463689 0.438088 0.410576 1.000000 0.299664 6.060330
0.760997 0.256204 0.713038 0.785355 0.614158 8.771265
0.436511 0.499088 0.498138 0.949239 0.342790 8.239854
0.399788 0.452328 0.504830 1.000000 0.340380 5.524526
0.444356 0.424563 0.467297 1.000000 0.390734 12.959886
0.489805 0.143162 0.816803 0.454628 0.765344 5.241986
0.438289 0.505392 0.479419 0.898254 0.306470 6.681947
0.491827 0.451753 0.399696 0.970292 0.244777 5.121620
0.450496 0.470040 0.504056 1.000000 0.550679 5.199359
0.503907 0.125033 0.804560 0.569444 0.572765 5.577345
0.480387 0.443901 0.478474 0.875543 0.190253 6.453865
0.439526 0.500657 0.478202 0.849174 0.317148 6.569577
0.511342 0.428634 0.492448 0.781135 0.180617 8.189315
0.459371 0.406489 0.415405 0.906752 0.511306 6.390741
0.512653 0.509956 0.472940 0.952768 0.496033 5.053216
0.485557 0.141636 0.702898 0.678512 0.533925 5.147828
0.463387 0.472511 0.495769 0.728242 0.460862 5.392894
0.499602 0.470040 0.482409 1.000000 0.550679 5.510440
0.466343 0.190306 0.764098 0.739850 0.612244 5.034172
0.477710 0.452328 0.504830 0.940785 0.391797 15.076372
0.505277 0.455507 0.455136 0.898005 0.304922 13.081595
0.458163 0.406989 0.403779 0.891344 0.446048 7.531022
0.509890 0.158958 0.748826 0.611804 0.844105 6.153357
0.475362 0.515667 0.506314 1.000000 0.363486 7.118702
0.515567 0.392231 0.476448 0.955398 0.293000 13.721801
0.503023 0.201599 0.814488 0.533081 0.809919 6.580983
0.436277 0.413612 0.487368 0.832524 0.467088 8.752191
0.467177 0.528782 0.449123 0.916883 0.362688 7.031331
0.494059 0.369595 0.410583 0.890604 0.369688 10.399108
0.487622 0.134875 0.731516 0.570863 0.652930 8.152664
0.824862 0.165805 0.668988 0.752495 0.450740 11.381826
0.490272 0.377756 0.488103 0.795415 0.483737 10.618842
0.501347 0.532105 0.428367 0.953313 0.264626 5.369822
0.452901 0.384072 0.411108 0.956152 0.426838 8.309623
0.487578 0.384513 0.452329 0.848125 0.268658 8.941604
0.768464 0.223346 0.683634 0.719016 0.550503 17.398753
0.490157 0.534633 0.508389 0.798751 0.213221 5.458069
0.448926 0.449073 0.446801 0.859859 0.339894 8.715591
0.475753 0.474156 0.367931 0.965284 0.297226 5.031372
0.481400 0.173919 0.852743 0.471845 0.736195 5.752143
0.429267 0.410008 0.502183 0.776497 0.420630 6.131084
0.514227 0.162106 0.733194 0.588508 0.534284 6.159801
0.480915 0.172767 0.756722 0.540592 0.854388 5.765214
0.485421 0.403042 0.444782 0.672855 0.441461 5.120317
0.498962 0.490916 0.420078 0.785747 0.258661 7.480420
0.463116 0.385552 0.470878 1.000000 0.296600 10.396373
0.475908 0.186641 0.765374 0.528688 0.592668 7.018660
0.481360 0.550966 0.497762 0.769757 0.242538 5.224376
0.460699 0.509828 0.394939 1.000000 0.349325 5.606097
0.502688 0.467507 0.341553 0.885362 0.350531 6.428551
0.473917 0.526814 0.475860 0.906594 0.260823 6.417703
0.462262 0.428634 0.433412 0.926301 0.373771 12.762789
0.460250 0.168691 0.734792 0.566959 0.609760 5.611848
0.502206 0.377756 0.488103 0.905353 0.388296 23.223070
0.481534 0.457037 0.398340 0.863927 0.387569 8.985961
0.496199 0.434246 0.461119 0.927084 0.330701 16.130076
0.519826 0.207069 0.737432 0.581441 0.746379 5.747477
0.485140 0.138011 0.769782 0.575062 0.655854 6.345175
0.508467 0.401671 0.497259 0.877831 0.440112 17.931252
0.499905 0.531930 0.480457 0.943959 0.313301 6.738342
0.453844 0.455171 0.393185 0.907354 0.288130 5.835518
0.797534 0.239768 0.715067 0.700270 0.637691 16.229977
0.464725 0.387503 0.503993 0.961732 0.267797 9.694541
0.823775 0.189372 0.725562 0.774840 0.424195 15.910764
0.487191 0.405092 0.462746 0.786102 0.412407 11.848768
0.505152 0.129276 0.791846 0.629586 0.801843 10.834915
0.492132 0.451985 0.483576 0.790172 0.286992 13.354033
0.474686 0.443046 0.458526 0.947102 0.336737 14.418868
0.498359 0.172084 0.847003 0.568122 0.655171 10.161483
0.513590 0.128670 0.879964 0.646821 0.745886 7.083612
0.456280 0.451985 0.481812 0.793356 0.456775 7.629875
0.505182 0.455410 0.370575 0.867582 0.437166 6.715424
0.513056 0.441877 0.461612 1.000000 0.317526 10.601951
0.520661 0.516784 0.461119 0.717774 0.257014 6.414344
0.432022 0.369059 0.473102 0.937976 0.394100 8.261659
0.505514 0.473176 0.352943 0.919980 0.321026 5.925175
0.479838 0.381656 0.461533 0.766398 0.555422 5.052015
0.894121 0.213789 0.653058 0.744760 0.646114 5.860175
0.448606 0.447855 0.430032 0.981148 0.483066 7.755742
0.518774 0.480654 0.384665 0.781568 0.306555 7.627320
0.465260 0.388795 0.398762 1.000000 0.477734 8.887426
0.516445 0.388795 0.477729 1.000000 0.527489 11.840559
0.514216 0.370136 0.358759 0.909857 0.463857 8.233069
0.425330 0.419274 0.496880 0.943003 0.479122 8.498417
0.457211 0.375524 0.461982 1.000000 0.459841 12.515539
0.470511 0.367632 0.436252 1.000000 0.341674 13.032365
0.486194 0.553784 0.466134 0.850768 0.262841 5.939629
0.503362 0.407399 0.510825 0.658346 0.392193 7.620994
0.503693 0.482923 0.453360 0.710947 0.453188 5.546993
0.462207 0.176803 0.781693 0.706941 0.643011 5.799372
0.505682 0.171635 0.773611 0.648053 0.731453 11.178133
0.466760 0.560229 0.498981 0.903020 0.319422 5.332227
0.449430 0.404509 0.503820 0.813479 0.357623 9.396531
0.789181 0.233865 0.751348 0.799424 0.443994 18.403107
0.492132 0.458238 0.488225 0.840594 0.541740 5.858433
0.493350 0.379017 0.381852 0.827255 0.392472 6.403049
0.500633 0.170818 0.794108 0.589045 0.828430 10.403129
0.499112 0.379600 0.436252 0.883676 0.433768 17.686123
0.418444 0.375524 0.433681 1.000000 0.364862 6.159539
0.457390 0.473656 0.374461 0.918048 0.398212 5.554777
