# gen=0 mediating population
# x0..x(D-1) f0 f1 consensus
0.772364 0.409230 89.342170 31.433373 31.433373
0.606092 0.928681 87.830568 80.970360 80.970360
0.242258 0.558630 76.063383 40.706989 40.706989
0.215953 0.715302 63.311168 55.280419 55.280419
0.028648 0.755868 41.871724 84.216556 41.871724
0.918371 0.024307 80.882883 76.578911 76.578911
0.253598 0.945805 44.011757 73.779237 44.011757
0.306598 0.674048 31.433373 62.345956 31.433373
0.850769 0.793776 31.433373 55.166822 31.433373
0.555721 0.966458 79.312891 50.469947 50.469947
0.511025 0.513164 20.778199 31.433373 20.778199
0.400506 0.582549 31.433373 31.433373 31.433373
0.845368 0.216768 25.386073 31.433373 25.386073
0.512981 0.677518 28.142756 31.433373 28.142756
0.811567 0.601503 31.433373 21.660634 21.660634
0.664043 0.687844 31.433373 22.778499 22.778499
0.427889 0.772889 31.433373 23.509349 23.509349
0.317370 0.842274 31.433373 31.433373 31.433373
0.762232 0.476494 70.013761 22.778499 22.778499
0.429845 0.937243 20.778199 31.433373 20.778199
0.728431 0.861228 31.433373 31.667264 31.433373
0.135453 0.657249 31.433373 31.433373 31.433373
0.580315 0.291468 31.433373 25.800691 25.800691
0.274428 0.616339 31.433373 56.633883 31.433373
0.122300 0.735585 31.433373 31.433373 31.433373
0.567162 0.369804 31.433373 30.430477 30.430477
0.234776 0.830554 31.433373 31.433373 31.433373
0.533361 0.754539 20.778199 23.509349 20.778199
0.385837 0.840880 31.433373 31.433373 31.433373
0.128691 0.374087 31.433373 31.433373 31.433373
0.575926 0.279408 31.433373 25.800691 25.800691
0.783029 0.923070 31.433373 31.433373 31.433373
0.198365 0.014433 31.433373 31.433373 31.433373
0.173441 0.528967 31.433373 61.671051 31.433373
0.518146 0.297128 22.677159 31.433373 22.677159
0.290113 0.116945 31.433373 31.433373 31.433373
0.462444 0.410854 22.677159 31.433373 22.677159
0.840701 0.204476 40.901336 31.433373 31.433373
0.866129 0.423679 31.433373 31.433373 31.433373
0.384885 0.055996 31.433373 31.433373 31.433373
0.075448 0.514369 30.678820 31.433373 30.678820
0.030906 0.218106 31.433373 31.433373 31.433373
0.353104 0.767735 31.433373 23.509349 23.509349
0.334277 0.256895 27.979537 31.433373 27.979537
0.983729 0.135057 25.386073 31.433373 25.386073
0.342296 0.216988 27.979537 31.433373 27.979537
0.269402 0.541856 63.719835 31.433373 31.433373
0.774320 0.490644 59.029552 22.778499 22.778499
0.470984 0.074581 23.598711 31.433373 23.598711
0.898419 0.263923 31.433373 31.433373 31.433373
0.438658 0.936899 20.778199 31.433373 20.778199
0.318402 0.842549 31.433373 31.433373 31.433373
0.577307 0.178927 23.598711 25.800691 23.598711
0.605647 0.792911 31.433373 31.433373 31.433373
0.901789 0.193401 25.386073 31.433373 25.386073
0.452569 0.415805 22.677159 31.433373 22.677159
0.598181 0.786265 31.433373 31.433373 31.433373
0.890582 0.034372 70.493412 31.433373 31.433373
0.915858 0.927513 31.433373 22.327874 22.327874
0.015911 0.570587 25.184131 31.433373 25.184131
0.368819 0.602930 31.433373 31.433373 31.433373
0.670930 0.957601 31.433373 31.433373 31.433373
0.032165 0.175098 31.433373 31.433373 31.433373
0.408347 0.273419 27.979537 31.433373 27.979537
0.933868 0.111545 25.386073 31.433373 25.386073
0.058330 0.747465 72.182430 37.687803 37.687803
0.684047 0.210263 25.386073 31.433373 25.386073
0.033985 0.618320 31.433373 31.433373 31.433373
0.341667 0.857471 31.433373 31.433373 31.433373
0.118431 0.864423 31.433373 42.041683 31.433373
0.078213 0.901059 31.433373 25.752115 25.752115
0.403532 0.905773 31.433373 31.471461 31.433373
0.582616 0.721022 31.433373 22.778499 22.778499
0.343451 0.623288 31.433373 31.433373 31.433373
0.275034 0.378177 31.433373 31.433373 31.433373
0.086551 0.538786 25.184131 31.433373 25.184131
0.524404 0.430357 22.677159 31.433373 22.677159
0.869886 0.412226 31.433373 31.433373 31.433373
0.020408 0.249735 31.433373 31.433373 31.433373
0.801792 0.874720 31.433373 22.327874 22.327874
0.982761 0.742838 31.433373 22.327874 22.327874
0.668050 0.268810 31.433373 31.433373 31.433373
0.076390 0.390350 25.184131 31.433373 25.184131
0.645388 0.896406 31.433373 68.481275 31.433373
0.041646 0.912857 31.433373 25.752115 25.752115
0.516692 0.416199 44.766405 31.433373 31.433373
0.467250 0.884078 22.853865 31.433373 22.853865
0.723702 0.263582 31.433373 31.433373 31.433373
0.181292 0.847397 32.369277 31.433373 31.433373
0.907610 0.006861 32.734751 31.433373 31.433373
0.847034 0.131281 25.386073 31.433373 25.386073
0.882586 0.732860 31.433373 22.327874 22.327874
0.131590 0.081027 31.433373 31.433373 31.433373
0.904217 0.060574 31.433373 31.433373 31.433373
0.080606 0.745011 31.433373 31.433373 31.433373
0.161242 0.688617 31.433373 31.433373 31.433373
0.582149 0.686241 31.433373 22.778499 22.778499
0.701233 0.765902 31.433373 31.433373 31.433373
0.289117 0.034449 31.433373 31.433373 31.433373
0.813442 0.355173 59.232213 31.433373 31.433373
0.236705 0.821869 31.433373 23.509349 23.509349
0.751145 0.004297 31.433373 31.433373 31.433373
0.582865 0.031169 32.223525 25.800691 25.800691
0.621462 0.157499 25.386073 31.433373 25.386073
0.961939 0.020821 31.433373 31.433373 31.433373
0.990385 0.241491 31.433373 31.433373 31.433373
0.380674 0.517121 31.433373 31.433373 31.433373
0.287879 0.940198 72.990896 73.724203 72.990896
0.475854 0.824105 36.731135 23.509349 23.509349
0.970354 0.834481 31.433373 22.327874 22.327874
0.975154 0.776423 31.433373 22.327874 22.327874
0.041904 0.081631 31.433373 31.433373 31.433373
0.061347 0.617379 31.433373 31.433373 31.433373
0.210594 0.566126 31.816672 78.681317 31.816672
0.742924 0.891002 31.433373 31.433373 31.433373
0.969678 0.165247 25.386073 31.433373 25.386073
0.000393 0.749660 31.433373 69.015347 31.433373
0.052428 0.360822 31.433373 31.433373 31.433373
0.047297 0.927957 31.433373 25.752115 25.752115
0.873106 0.761517 31.433373 22.327874 22.327874
0.340770 0.283370 27.979537 31.433373 27.979537
0.398878 0.293933 27.979537 31.433373 27.979537
0.665147 0.208125 25.386073 31.433373 25.386073
0.822747 0.625514 31.433373 21.660634 21.660634
0.173040 0.427128 31.433373 31.433373 31.433373
0.203080 0.016799 31.433373 31.433373 31.433373
0.848162 0.143716 25.386073 31.433373 25.386073
0.597219 0.198531 23.598711 25.800691 23.598711
0.238111 0.587526 87.267912 73.095099 73.095099
0.363189 0.897694 31.433373 63.123844 31.433373
0.161027 0.026596 31.433373 31.433373 31.433373
0.149608 0.680633 31.433373 31.433373 31.433373
0.939139 0.891503 31.433373 22.327874 22.327874
0.867947 0.648146 31.433373 21.660634 21.660634
0.526591 0.822107 20.778199 23.509349 20.778199
0.895960 0.903290 31.433373 22.327874 22.327874
0.800782 0.083862 25.386073 31.433373 25.386073
0.934040 0.830802 31.433373 22.327874 22.327874
0.982684 0.511971 31.433373 21.660634 21.660634
0.501670 0.585669 20.778199 31.433373 20.778199
0.818222 0.379601 48.106430 50.886058 48.106430
0.333383 0.670991 31.433373 34.652552 31.433373
0.935461 0.835085 31.433373 22.327874 22.327874
0.733178 0.955974 31.433373 31.433373 31.433373
0.916796 0.700738 31.433373 53.198422 31.433373
0.959548 0.317344 31.433373 31.433373 31.433373
0.804514 0.901132 31.433373 22.327874 22.327874
0.041747 0.910758 31.433373 25.752115 25.752115
0.609037 0.114122 23.598711 31.433373 23.598711
0.023494 0.519209 25.184131 31.433373 25.184131
0.045239 0.171134 31.433373 31.433373 31.433373
0.005134 0.081293 66.192719 31.433373 31.433373
0.672556 0.527584 31.433373 22.778499 22.778499
0.459569 0.184088 23.598711 31.433373 23.598711
0.335158 0.086788 31.433373 31.433373 31.433373
0.201672 0.490911 31.433373 31.433373 31.433373
0.751841 0.658681 31.433373 22.778499 22.778499
0.432616 0.700702 20.778199 23.509349 20.778199
0.272949 0.179364 27.979537 49.628550 27.979537
0.115786 0.661126 31.433373 31.433373 31.433373
0.918668 0.163118 25.386073 31.433373 25.386073
0.519073 0.198307 23.598711 31.433373 23.598711
0.666473 0.984346 31.433373 31.433373 31.433373
0.795223 0.638060 31.433373 22.778499 22.778499
0.238199 0.470960 32.826643 31.433373 31.433373
0.982046 0.411078 31.433373 31.433373 31.433373
0.857491 0.410665 31.433373 31.433373 31.433373
0.070323 0.048283 31.433373 31.433373 31.433373
0.430788 0.544802 20.778199 31.433373 20.778199
0.574892 0.993430 38.079582 37.650912 37.650912
0.831045 0.213210 25.386073 31.433373 25.386073
0.927651 0.989251 31.433373 22.327874 22.327874
0.343429 0.714348 31.433373 23.509349 23.509349
0.824030 0.451210 34.640061 31.433373 31.433373
0.103130 0.468026 25.184131 34.985444 25.184131
0.778156 0.835252 31.433373 31.433373 31.433373
0.063345 0.102106 31.433373 31.433373 31.433373
0.345548 0.512139 31.433373 31.433373 31.433373
0.093261 0.866116 31.433373 25.752115 25.752115
0.121603 0.730688 31.433373 31.433373 31.433373
0.645368 0.713376 31.433373 22.778499 22.778499
0.778338 0.785825 31.433373 31.433373 31.433373
0.522832 0.048608 23.598711 31.433373 23.598711
0.181795 0.334013 27.979537 31.433373 27.979537
0.744303 0.979268 31.433373 31.433373 31.433373
0.963014 0.974822 31.433373 22.327874 22.327874
0.621489 0.901010 31.433373 46.217320 31.433373
0.783564 0.109321 25.386073 31.433373 25.386073
0.360577 0.204728 27.979537 31.433373 27.979537
0.788786 0.360063 80.165079 31.592606 31.592606
0.863826 0.165203 25.386073 31.433373 25.386073
0.337838 0.129102 53.591149 85.116797 53.591149
0.567324 0.518628 31.433373 46.028714 31.433373
0.887747 0.431277 31.433373 31.433373 31.433373
0.182814 0.714051 37.957537 31.433373 31.433373
0.981266 0.461661 31.433373 31.433373 31.433373
0.538468 0.006404 23.598711 31.433373 23.598711
0.413718 0.876209 31.433373 31.433373 31.433373
0.913079 0.371197 31.433373 31.433373 31.433373
0.611940 0.648299 31.433373 42.434499 31.433373
0.316573 0.855100 31.433373 31.433373 31.433373
0.684238 0.366056 31.433373 51.993990 31.433373
0.353815 0.333894 43.474979 31.433373 31.433373
0.963315 0.175980 25.386073 31.433373 25.386073
0.123135 0.672292 31.433373 31.433373 31.433373
0.114573 0.761115 31.433373 36.494403 31.433373
0.925526 0.191098 25.386073 31.433373 25.386073
0.040514 0.575111 25.184131 31.433373 25.184131
0.325128 0.402732 31.433373 31.433373 31.433373
0.696785 0.241730 31.433373 31.433373 31.433373
0.133417 0.962150 31.433373 25.752115 25.752115
0.887767 0.777646 31.433373 37.154627 31.433373
0.917151 0.218648 25.386073 31.433373 25.386073
0.509369 0.609510 20.778199 31.433373 20.778199
0.870599 0.727700 31.433373 21.660634 21.660634
0.655137 0.482829 31.433373 22.778499 22.778499
0.202370 0.216690 27.979537 31.433373 27.979537
0.884599 0.632390 31.433373 21.660634 21.660634
0.106140 0.300364 31.433373 31.433373 31.433373
0.513184 0.113603 23.598711 31.433373 23.598711
0.411433 0.804546 31.433373 23.509349 23.509349
0.821331 0.786498 31.433373 27.958665 27.958665
0.793870 0.158255 25.386073 31.433373 25.386073
0.094139 0.534879 25.184131 31.433373 25.184131
0.937296 0.033164 31.433373 50.055652 31.433373
0.755309 0.972935 31.433373 31.433373 31.433373
0.215321 0.653300 80.635260 36.418415 36.418415
0.953022 0.975174 31.433373 22.327874 22.327874
0.097710 0.145766 31.433373 31.433373 31.433373
0.407195 0.878790 31.433373 32.189599 31.433373
0.036228 0.193301 31.433373 31.433373 31.433373
0.842790 0.023857 31.433373 31.433373 31.433373
0.831125 0.131028 25.386073 31.433373 25.386073
0.965105 0.968133 31.433373 22.327874 22.327874
0.362835 0.871741 31.433373 31.433373 31.433373
0.983186 0.003977 46.068694 31.433373 31.433373
0.410178 0.253022 27.979537 31.433373 27.979537
0.594169 0.305370 31.433373 25.800691 25.800691
0.003340 0.955748 31.433373 25.752115 25.752115
0.012205 0.105719 31.433373 69.108111 31.433373
0.820343 0.351920 50.394032 31.433373 31.433373
0.957386 0.820575 31.433373 22.327874 22.327874
0.513419 0.781824 22.828666 23.509349 22.828666
0.017554 0.210770 31.433373 31.433373 31.433373
0.365964 0.878776 31.433373 40.546280 31.433373
0.036025 0.353099 31.433373 31.433373 31.433373
0.550418 0.440737 31.433373 25.800691 25.800691
0.842751 0.991516 31.433373 22.327874 22.327874
0.691247 0.218345 25.386073 31.433373 25.386073
0.149304 0.400991 31.433373 31.433373 31.433373
0.737812 0.644262 31.433373 22.778499 22.778499
0.005883 0.260239 31.433373 31.433373 31.433373
0.572720 0.046286 31.124931 25.800691 25.800691
0.089108 0.863821 31.433373 25.752115 25.752115
0.024818 0.756808 31.433373 86.043143 31.433373
0.218884 0.281841 37.084989 31.433373 31.433373
0.260717 0.266925 27.979537 31.433373 27.979537
0.834404 0.565140 31.433373 21.660634 21.660634
0.437409 0.046248 23.598711 31.433373 23.598711
0.050615 0.125595 31.433373 31.433373 31.433373
0.454615 0.124760 38.224477 31.433373 31.433373
0.464364 0.725178 20.778199 23.509349 20.778199
0.738265 0.847248 31.433373 31.433373 31.433373
0.161080 0.627523 31.433373 31.433373 31.433373
0.625737 0.571391 31.433373 22.778499 22.778499
0.297544 0.370987 27.979537 31.433373 27.979537
0.455798 0.834432 20.778199 31.433373 20.778199
0.681328 0.819555 31.433373 31.433373 31.433373
0.897767 0.481216 31.433373 21.660634 21.660634
0.080216 0.563282 25.184131 31.433373 25.184131
0.662640 0.987239 31.433373 31.433373 31.433373
0.867275 0.376118 31.433373 34.979964 31.433373
0.408177 0.374781 27.979537 31.433373 27.979537
0.092429 0.321298 31.433373 31.433373 31.433373
0.361696 0.545502 31.433373 31.433373 31.433373
0.914049 0.711891 31.433373 42.702816 31.433373
0.369625 0.824827 31.433373 23.509349 23.509349
0.897320 0.388627 31.433373 35.227918 31.433373
0.120671 0.672529 31.433373 31.433373 31.433373
0.571433 0.029302 28.905803 25.800691 25.800691
0.813160 0.554489 31.433373 21.660634 21.660634
0.993030 0.689276 31.433373 21.660634 21.660634
0.306601 0.648079 31.433373 46.079708 31.433373
0.077608 0.061008 31.433373 31.433373 31.433373
0.611591 0.155455 25.386073 31.433373 25.386073
0.617603 0.298279 31.433373 31.433373 31.433373
0.386956 0.474376 31.433373 31.433373 31.433373
0.913207 0.448635 31.433373 31.433373 31.433373
0.419074 0.761698 31.433373 23.509349 23.509349
0.348534 0.017850 31.433373 31.433373 31.433373
0.482921 0.515016 20.778199 31.433373 20.778199
0.947478 0.365400 31.433373 31.433373 31.433373
0.296975 0.603598 31.433373 33.448626 31.433373
0.105164 0.592017 25.184131 31.433373 25.184131
0.187518 0.067008 31.433373 31.433373 31.433373
0.167520 0.835244 34.835549 31.433373 31.433373
0.645476 0.537668 31.433373 22.778499 22.778499
0.687431 0.542028 31.433373 22.778499 22.778499
0.056603 0.863673 31.433373 25.752115 25.752115
0.916174 0.647212 31.433373 21.660634 21.660634
