# gen=0 CA size=200
# x0..x(D-1) consensus
0.610499 0.877870 0.667893 0.436977 0.512349 43.441966
0.744022 0.402965 0.170004 0.651972 0.699574 44.983992
0.827032 0.213981 0.964006 0.754710 0.568273 48.592108
0.616315 0.829223 0.683335 0.080458 0.354922 43.441966
0.760955 0.349959 0.184618 0.358807 0.558674 47.002082
0.717373 0.208213 0.246712 0.914940 0.628626 47.002082
0.832869 0.318215 0.301365 0.616839 0.223189 47.002082
0.856235 0.174858 0.819867 0.723122 0.211227 48.592108
0.920323 0.769512 0.570734 0.652706 0.297699 46.443853
0.670677 0.126624 0.800028 0.063301 0.934245 49.057573
0.791835 0.111687 0.273037 0.274325 0.944203 49.963419
0.681340 0.217274 0.517324 0.366944 0.598452 49.057573
0.794442 0.874350 0.328687 0.154012 0.283972 38.903528
0.097094 0.907412 0.673936 0.838717 0.502127 39.418438
0.027290 0.171527 0.227573 0.400451 0.326646 40.154435
0.045763 0.250723 0.184419 0.306725 0.566222 40.918213
0.765411 0.823691 0.619314 0.544842 0.405024 44.695650
0.640588 0.502247 0.733960 0.250139 0.723297 43.933511
0.701167 0.494778 0.470465 0.355651 0.728276 43.441966
0.645920 0.547572 0.592608 0.401961 0.555401 43.441966
0.623752 0.301643 0.160333 0.848668 0.243217 47.002082
0.223782 0.399297 0.883241 0.109873 0.219123 39.523314
0.260199 0.006827 0.831525 0.228476 0.619492 39.523314
0.707349 0.264795 0.485016 0.357637 0.816910 49.057573
0.767929 0.257326 0.221521 0.463149 0.821889 47.790157
0.712681 0.310120 0.343664 0.509458 0.649013 47.107803
0.769232 0.638658 0.249346 0.402992 0.491773 42.246205
0.385656 0.287246 0.198789 0.526211 0.513110 42.944801
0.873678 0.491746 0.767370 0.703708 0.432986 41.864962
0.748854 0.170302 0.882017 0.409005 0.751259 49.242344
0.809434 0.162834 0.618522 0.514517 0.756238 49.057573
0.754186 0.215628 0.740665 0.560827 0.583363 48.592108
0.810737 0.544166 0.646347 0.454361 0.426123 43.441966
0.462063 0.560697 0.818971 0.796714 0.535200 46.443853
0.427161 0.192754 0.595790 0.577580 0.447460 42.944801
0.436397 0.232352 0.574213 0.530717 0.567248 42.944801
0.768319 0.799368 0.627035 0.366582 0.326311 43.441966
0.643496 0.477924 0.741681 0.071880 0.644584 43.874199
0.704075 0.470455 0.478186 0.177392 0.649563 43.502209
0.648827 0.523249 0.600329 0.223701 0.476687 46.497908
0.186380 0.096789 0.692705 0.543148 0.962748 39.713481
0.538579 0.335518 0.392954 0.078027 0.086918 47.002082
0.594182 0.358507 0.892584 0.545068 0.682429 48.592108
0.715816 0.238291 0.492323 0.211054 0.746460 49.057573
0.776395 0.230823 0.228828 0.316566 0.751439 48.942151
0.721147 0.283617 0.350971 0.362876 0.578563 48.842560
0.777698 0.612155 0.256653 0.256410 0.421323 39.679531
0.394122 0.260743 0.206096 0.379629 0.442660 43.064431
0.403359 0.300341 0.184519 0.332766 0.562448 42.944801
0.818848 0.488863 0.408723 0.783823 0.463162 41.864962
0.694025 0.167419 0.523370 0.489120 0.781436 49.057573
0.754604 0.159950 0.259875 0.594632 0.786415 49.163950
0.699356 0.212744 0.382018 0.640942 0.613539 49.057573
0.971448 0.290874 0.941082 0.005027 0.400991 48.592108
0.372332 0.189870 0.237143 0.657695 0.477636 42.944801
0.381568 0.229468 0.215566 0.610832 0.597424 43.013889
0.377314 0.531015 0.745587 0.428388 0.975376 39.652415
0.751773 0.222420 0.550696 0.340070 0.578717 49.057573
0.812352 0.214951 0.287201 0.445582 0.583696 48.920330
0.757104 0.267745 0.409344 0.491891 0.410821 47.002082
0.775001 0.602978 0.432677 0.605020 0.616782 39.662982
0.430079 0.244871 0.264469 0.508645 0.274918 42.590483
0.439316 0.284469 0.242892 0.461782 0.394706 42.944801
0.888279 0.472185 0.695301 0.687914 0.254463 41.864962
0.763456 0.150741 0.809948 0.393212 0.572736 50.370762
0.824035 0.143273 0.546452 0.498724 0.577715 49.018451
0.768787 0.196066 0.668596 0.545033 0.404840 48.592108
0.825339 0.524604 0.574277 0.438567 0.247600 43.441966
0.476664 0.541135 0.746902 0.780920 0.356677 46.443853
0.441763 0.173193 0.523720 0.561786 0.268936 40.789979
0.450999 0.212791 0.502143 0.514923 0.388725 42.944801
0.808044 0.048835 0.529235 0.799807 0.976882 47.002082
0.332344 0.253398 0.814934 0.473106 0.926345 39.523314
0.419170 0.098991 0.215421 0.692180 0.780403 39.713481
0.475067 0.502270 0.987379 0.798814 0.238238 47.114100
0.627856 0.830260 0.995565 0.119046 0.280611 43.441966
0.771422 0.219310 0.265431 0.414008 0.936016 49.952372
0.043989 0.192093 0.550576 0.876101 0.511898 39.713481
0.921968 0.397032 0.009301 0.078718 0.621526 44.983992
0.603451 0.435206 0.081085 0.637828 0.705863 44.983992
0.652688 0.368582 0.044289 0.587533 0.088352 47.002082
0.617959 0.000065 0.381578 0.945960 0.180020 47.002082
0.924074 0.077402 0.365648 0.668552 0.541518 47.035436
0.483144 0.334122 0.131817 0.079399 0.589493 42.944801
0.758832 0.023355 0.530305 0.781191 0.947909 47.002082
0.967656 0.778368 0.755345 0.776173 0.126522 43.115844
0.590058 0.187030 0.658030 0.042848 0.761112 49.057573
0.845478 0.378787 0.180598 0.183145 0.336606 47.002082
0.316969 0.196234 0.862071 0.667753 0.103407 39.523314
0.746259 0.159135 0.664769 0.140137 0.938093 49.057573
0.834436 0.578710 0.805751 0.442923 0.921604 43.441966
0.782298 0.365990 0.755810 0.914047 0.335951 48.592108
0.161428 0.121923 0.866156 0.515433 0.070756 39.523314
0.723134 0.422535 0.956296 0.997309 0.934661 41.864962
0.992756 0.416376 0.813638 0.172429 0.447441 43.441966
0.628428 0.156589 0.587761 0.859777 0.197156 48.592108
0.978762 0.226065 0.892227 0.212662 0.579179 48.592108
0.924561 0.584510 0.726434 0.590594 0.096553 42.427771
0.743285 0.255779 0.151262 0.875575 0.357015 47.002082
0.111668 0.523675 0.838376 0.303223 0.072681 39.461246
0.619758 0.734967 0.955348 0.054002 0.976501 43.441966
0.887726 0.950690 0.610905 0.163699 0.205469 43.441966
0.602503 0.300139 0.145060 0.445713 0.852861 47.002082
0.187675 0.177095 0.716242 0.613266 0.648567 41.636309
0.407224 0.242332 0.317338 0.249169 0.001770 40.533747
0.030470 0.134983 0.320038 0.266456 0.434414 40.044705
0.805467 0.976399 0.803817 0.694208 0.994724 41.864962
0.421011 0.171918 0.883790 0.369127 0.737365 39.523314
0.406811 0.251324 0.564120 0.703920 0.831625 40.856715
0.654902 0.749308 0.607209 0.604086 0.756003 41.864962
0.646883 0.181820 0.769071 0.062023 0.832530 49.057573
0.205111 0.480975 0.869623 0.557556 0.955749 42.039558
0.639832 0.106152 0.423969 0.671989 0.388295 47.027120
0.888326 0.372196 0.808301 0.095061 0.311163 48.592108
0.961701 0.464234 0.899446 0.342561 0.089364 43.441966
0.614723 0.734903 0.846257 0.570265 0.580502 41.864962
0.721498 0.482081 0.518806 0.005471 0.801821 43.441966
0.913154 0.096471 0.899653 0.509589 0.454051 48.592108
0.766299 0.279155 0.768376 0.043006 0.461799 48.650481
0.073851 0.473764 0.793696 0.473389 0.634906 45.310536
0.448931 0.226083 0.837959 0.833757 0.400058 39.534700
0.992275 0.003393 0.949756 0.049474 0.160972 48.592108
0.854636 0.400411 0.663340 0.371418 0.550103 43.445655
0.653080 0.533288 0.985901 0.261103 0.785911 43.441966
0.970555 0.745804 0.863734 0.587048 0.024409 41.864962
0.781838 0.154703 0.680612 0.822495 0.185976 48.592108
0.574921 0.155261 0.231129 0.590554 0.692448 47.002082
0.670348 0.979359 0.863660 0.603560 0.555033 41.864962
0.146784 0.182667 0.462548 0.973370 0.167831 39.713481
0.132870 0.398771 0.855124 0.385865 0.424934 39.523314
0.092284 0.103085 0.634553 0.058225 0.336290 39.713481
0.994622 0.246455 0.182786 0.582632 0.417227 47.002082
0.562625 0.307732 0.439001 0.947778 0.331006 47.002082
0.643141 0.248128 0.156583 0.860411 0.278803 47.002082
0.255280 0.261371 0.387772 0.101788 0.416933 46.482534
0.691613 0.859925 0.320593 0.263985 0.702702 40.734649
0.527471 0.422451 0.277942 0.925449 0.557991 44.983992
0.894100 0.830674 0.918037 0.958355 0.866720 41.864962
0.588179 0.138431 0.969811 0.514912 0.057548 48.592108
0.722227 0.166368 0.790234 0.614352 0.828148 49.728086
0.057252 0.233415 0.284153 0.609004 0.090396 39.713481
0.719923 0.426810 0.461915 0.617766 0.733620 41.864962
0.518349 0.298575 0.864923 0.161899 0.317314 48.592108
0.473645 0.852144 0.989494 0.796781 0.048034 46.443853
0.512577 0.387855 0.290889 0.454263 0.497965 47.002082
0.177978 0.281681 0.153101 0.804638 0.984187 39.713481
0.502857 0.198801 0.599127 0.435527 0.293239 48.627820
0.349737 0.540111 0.576369 0.978583 0.390499 39.418438
0.893920 0.202709 0.769437 0.965709 0.688469 48.592108
0.565706 0.394146 0.833729 0.842991 0.293614 41.864962
0.954839 0.352794 0.577957 0.679341 0.933158 48.592108
0.559596 0.098992 0.954931 0.583985 0.889195 48.592108
0.833371 0.166074 0.975599 0.222334 0.166601 48.592108
0.717307 0.343532 0.182993 0.656173 0.851054 47.011454
0.719796 0.300405 0.763912 0.033056 0.679576 48.592108
0.184249 0.648990 0.935709 0.160071 0.951401 47.114100
0.840486 0.547400 0.824289 0.126609 0.923738 43.441966
0.703570 0.215121 0.452872 0.361291 0.294153 47.533532
0.725738 0.249697 0.338092 0.195799 0.549452 50.033524
0.734584 0.874770 0.726365 0.617515 0.897382 41.864962
0.175948 0.517277 0.983858 0.150770 0.161135 39.418438
0.437276 0.952251 0.853772 0.925056 0.156515 39.418438
0.342247 0.292086 0.736112 0.345558 0.615729 39.523314
0.416997 0.189820 0.393836 0.917633 0.344038 39.713481
0.495546 0.699696 0.636451 0.971941 0.496297 46.443853
0.420271 0.120600 0.116246 0.219466 0.863872 39.713481
0.480075 0.378758 0.807903 0.183400 0.881959 39.523314
0.230366 0.251035 0.811521 0.595683 0.428525 41.710079
0.761054 0.050956 0.215577 0.186581 0.115737 47.002082
0.390922 0.298261 0.956310 0.050954 0.998601 39.523314
0.841687 0.616494 0.149156 0.622854 0.850404 39.947667
0.520446 0.408731 0.717623 0.846027 0.007468 41.864962
0.180641 0.072511 0.441719 0.473389 0.800851 39.726239
0.248589 0.997139 0.843921 0.172119 0.381986 39.418438
0.011018 0.434363 0.926222 0.080916 0.484882 39.523314
0.823552 0.261356 0.930423 0.423518 0.037590 48.592108
0.868927 0.405198 0.202400 0.375051 0.681625 44.983992
0.228948 0.232160 0.008201 0.327255 0.037473 40.248594
0.694315 0.902259 0.762915 0.617765 0.538127 41.864962
0.803479 0.242956 0.877254 0.709944 0.357238 48.592108
0.895262 0.584584 0.946198 0.940663 0.096554 41.864962
0.045409 0.789249 0.854546 0.149390 0.976481 41.220245
0.693295 0.198857 0.532500 0.652021 0.298311 47.002082
0.777654 0.440444 0.772558 0.546773 0.199204 41.864962
0.575782 0.715630 0.087042 0.786595 0.721825 44.673384
0.593365 0.742295 0.942503 0.030291 0.660924 43.441966
0.550749 0.213471 0.413904 0.103761 0.654132 48.033052
0.711810 0.360698 0.191399 0.871952 0.759072 47.002082
0.343016 0.523940 0.687865 0.381219 0.155336 39.418438
0.100195 0.820599 0.775325 0.157444 0.672938 42.726130
0.838239 0.389373 0.976055 0.283208 0.965235 48.592108
0.549161 0.145336 0.037470 0.083761 0.338048 47.002082
0.703290 0.442225 0.516255 0.867509 0.321148 41.864962
0.727136 0.061204 0.518256 0.442615 0.911205 49.057573
0.663849 0.524877 0.719300 0.216267 0.000315 46.443853
0.027517 0.741076 0.905344 0.033470 0.074364 39.418438
0.178140 0.394444 0.884613 0.282189 0.392829 39.523314
0.912963 0.762681 0.873107 0.665481 0.882829 41.864962
0.351134 0.112319 0.304586 0.910114 0.618022 39.713481
0.142215 0.247510 0.172121 0.638840 0.427808 40.145715
