# gen=0 CA size=104
# x0..x(D-1) consensus
0.609663 0.169821 0.164018 0.550382 0.823443 7.617747
0.300673 0.865024 0.073679 0.501505 0.286719 7.821461
0.559077 0.168607 0.161148 0.594606 0.948346 7.634312
0.736939 0.320172 0.774644 0.563325 0.522909 7.617747
0.386861 0.728254 0.099344 0.422254 0.608905 7.821461
0.746406 0.317299 0.609359 0.604525 0.951684 7.663179
0.849590 0.473926 0.598351 0.409006 0.630862 5.325201
0.784088 0.143102 0.496762 0.946779 0.882254 8.523101
0.705722 0.259566 0.465209 0.705008 0.729052 8.523101
0.531240 0.158972 0.274333 0.580182 0.577931 7.617747
0.526529 0.247106 0.512836 0.606661 0.517889 7.618462
0.657692 0.214693 0.314613 0.627695 0.776248 5.627396
0.782898 0.371339 0.468241 0.315233 0.762913 7.617747
0.505947 0.158366 0.272899 0.602293 0.640382 7.617747
0.632400 0.214087 0.313179 0.649807 0.838699 5.450857
0.757605 0.370733 0.466806 0.337345 0.825365 7.617747
0.594878 0.234148 0.579647 0.586653 0.427664 7.667931
0.760513 0.231637 0.635703 0.755052 0.702582 8.523101
0.721330 0.289869 0.619927 0.634167 0.625981 8.148822
0.790212 0.438590 0.465968 0.521804 0.547656 5.329137
0.846536 0.446515 0.773554 0.321705 0.612647 5.325201
0.599611 0.232711 0.497004 0.607253 0.642051 8.523101
0.594901 0.320845 0.735506 0.633732 0.582010 7.617747
0.765247 0.230201 0.553060 0.775652 0.916969 8.523101
0.726064 0.288433 0.537284 0.654767 0.840368 8.523101
0.851270 0.445079 0.690911 0.342305 0.827034 5.325201
0.651203 0.311025 0.491500 0.509494 0.481641 7.742823
0.646493 0.399158 0.730002 0.535973 0.421599 7.617747
0.816839 0.308514 0.547556 0.677893 0.756558 7.823354
0.777656 0.366746 0.531780 0.557007 0.679957 7.617747
0.902861 0.523392 0.685407 0.244545 0.666623 8.837051
0.340372 0.206015 0.390206 0.450168 0.462511 8.164819
0.335661 0.294149 0.628708 0.476647 0.402469 6.313475
0.506007 0.203505 0.446262 0.618567 0.737429 7.617747
0.592030 0.418383 0.584114 0.185220 0.647493 8.523101
0.529452 0.510004 0.490907 0.238409 0.469412 8.523101
0.640860 0.463353 0.621188 0.868520 0.814630 5.325201
0.721647 0.464692 0.966495 0.922508 0.927939 5.325201
0.971778 0.493750 0.764956 0.529519 0.519494 5.390952
0.145916 0.633891 0.310768 0.761666 0.107390 7.821461
0.189717 0.758958 0.513518 0.228590 0.754849 6.748441
0.827520 0.012021 0.794255 0.376915 0.919160 7.617747
0.200179 0.232320 0.578320 0.957510 0.937784 5.994030
0.047587 0.857335 0.045919 0.664361 0.918344 7.821461
0.174183 0.242988 0.962325 0.113116 0.706101 5.994030
0.307126 0.758696 0.336213 0.206501 0.754225 7.821461
0.344651 0.076279 0.704993 0.519565 0.008027 5.994030
0.303170 0.898484 0.043699 0.996614 0.279223 7.821461
0.013832 0.276436 0.844260 0.495720 0.012049 5.994030
0.516825 0.052599 0.753798 0.691839 0.076753 7.617747
0.676954 0.116912 0.759576 0.772688 0.778234 8.187833
0.923211 0.492649 0.483263 0.525370 0.238515 5.325201
0.378659 0.015877 0.687058 0.320748 0.742698 5.994030
0.530488 0.422119 0.769253 0.083076 0.882583 8.523101
0.286318 0.271388 0.717148 0.524275 0.198179 5.994030
0.078532 0.054108 0.810065 0.475230 0.409918 5.994030
0.038363 0.880840 0.255535 0.977626 0.631018 7.821461
0.952859 0.154094 0.771463 0.288969 0.826257 7.617747
0.933677 0.222743 0.665299 0.316095 0.687421 7.617747
0.284011 0.259066 0.548614 0.026118 0.734469 5.994030
0.589210 0.129760 0.455968 0.859178 0.167677 7.617747
0.069780 0.903964 0.423391 0.918495 0.632495 7.821461
0.535705 0.130785 0.479323 0.974879 0.666400 8.523101
0.375963 0.641132 0.310242 0.846692 0.035080 7.821461
0.812142 0.257003 0.476889 0.164212 0.494598 7.617747
0.813254 0.398858 0.461022 0.429495 0.722462 7.617747
0.915700 0.178553 0.593154 0.717567 0.019391 7.617747
0.425130 0.104196 0.884725 0.848160 0.092054 5.994030
0.627582 0.178542 0.208154 0.418052 0.586769 7.617747
0.835376 0.521050 0.821010 0.381466 0.034315 5.325201
0.053763 0.138308 0.969468 0.740070 0.259056 5.994030
0.439861 0.760251 0.406770 0.793540 0.305009 7.821461
0.238515 0.615114 0.132986 0.156631 0.190381 7.821461
0.445988 0.949776 0.101291 0.643291 0.235588 7.821461
0.397783 0.197210 0.941453 0.585285 0.423274 5.994030
0.266563 0.712292 0.190320 0.621866 0.991360 7.821461
0.666557 0.091075 0.126706 0.668010 0.613157 6.581671
0.468672 0.204635 0.826894 0.266085 0.194408 8.523101
0.907899 0.058061 0.674802 0.463965 0.549399 7.617747
0.713649 0.312798 0.773981 0.021126 0.419027 7.617747
0.414662 0.993638 0.383022 0.092475 0.666761 7.821461
0.481122 0.194276 0.792563 0.328312 0.453162 8.523101
0.603518 0.248172 0.203413 0.465408 0.411971 6.181306
0.235256 0.057875 0.743666 0.285489 0.687238 5.994030
0.601873 0.440839 0.518587 0.909549 0.977099 5.325201
0.193261 0.078088 0.815402 0.404455 0.749396 5.994030
0.752872 0.247144 0.434531 0.489280 0.972736 8.306702
0.226876 0.930059 0.188175 0.219830 0.187499 7.844976
0.015776 0.000494 0.824242 0.574357 0.792931 5.994030
0.005705 0.290730 0.887119 0.037676 0.008932 5.994030
0.248219 0.067782 0.877618 0.091087 0.277972 5.994030
0.547983 0.257662 0.622930 0.058434 0.324396 7.617747
0.356163 0.787720 0.309628 0.395949 0.196692 7.854535
0.077071 0.228272 0.762967 0.686762 0.973686 5.994030
0.203674 0.667662 0.121677 0.572898 0.208809 7.821461
0.235325 0.097416 0.964677 0.715747 0.398324 5.994030
0.074735 0.771139 0.298898 0.035024 0.940850 7.821461
0.275425 0.147839 0.677285 0.275848 0.524857 5.994030
0.910515 0.183442 0.510604 0.056882 0.106347 7.617747
0.879176 0.152889 0.724192 0.531581 0.332370 7.617747
0.848974 0.508501 0.846606 0.305083 0.713823 5.325201
0.795515 0.318787 0.719913 0.889688 0.485599 7.617747
0.001272 0.718723 0.135653 0.485622 0.346777 7.821461
0.490336 0.456876 0.528732 0.349672 0.307379 8.523101
