# gen=200 mediating population
# x0..x(D-1) f0 f1 consensus
0.479619 0.775348 0.743630 0.751536 0.403374 56.547897 46.968988 46.968988
0.509034 0.687683 0.754616 0.900724 0.559195 48.820933 46.968988 46.968988
0.355394 0.743963 0.748253 0.831736 0.279307 48.283468 46.968988 46.968988
0.507950 0.665694 0.645305 0.661088 0.451376 48.625339 46.968988 46.968988
0.589383 0.751622 0.492370 0.786041 0.654824 48.168663 46.968988 46.968988
0.392408 0.809095 0.601700 0.785937 0.349593 47.686873 46.968988 46.968988
0.504309 0.784942 0.629269 0.848442 0.268667 52.378252 46.968988 46.968988
0.451571 0.810944 0.599754 0.855209 0.444533 50.430343 46.968988 46.968988
0.569344 0.757244 0.611791 0.883122 0.414924 48.929239 46.968988 46.968988
0.416957 0.707783 0.800680 0.736652 0.240628 49.200273 46.968988 46.968988
0.609742 0.752238 0.677963 0.581733 0.492672 47.223511 46.968988 46.968988
0.390441 0.714411 0.621861 0.861217 0.333454 50.710511 46.968988 46.968988
0.628148 0.739571 0.638881 0.760579 0.525027 47.428699 46.968988 46.968988
0.474936 0.693168 0.660079 0.781321 0.535106 53.923532 46.968988 46.968988
0.441723 0.767684 0.749941 0.952320 0.196359 47.171617 46.968988 46.968988
0.536704 0.805873 0.538842 0.642485 0.591015 47.752142 46.968988 46.968988
0.443699 0.678665 0.736004 0.882744 0.382761 50.135563 46.968988 46.968988
0.605383 0.709971 0.611555 0.672344 0.631118 50.603499 46.968988 46.968988
0.480254 0.695470 0.840627 0.800951 0.470406 49.015923 46.968988 46.968988
0.481563 0.671922 0.785642 0.745912 0.350576 49.079344 46.968988 46.968988
0.459202 0.778863 0.543697 0.648775 0.468793 48.156809 46.968988 46.968988
0.362921 0.748173 0.839348 1.000000 0.185278 44.314678 46.968988 44.314678
0.384235 0.784209 0.580779 0.698811 0.218774 47.327923 46.968988 46.968988
0.954212 0.395489 0.235067 0.843952 0.645171 0.241575 1.589277 0.241575
0.574164 0.660826 0.747204 0.762267 0.626137 47.315658 46.968988 46.968988
0.520460 0.761528 0.786180 0.799519 0.612188 48.162548 46.968988 46.968988
0.517766 0.711118 0.549864 0.861735 0.502811 51.723492 46.968988 46.968988
0.387653 0.719016 0.707258 0.973159 0.286572 48.281232 46.968988 46.968988
0.756691 0.485245 0.545754 0.999711 0.042660 0.241575 1.589277 0.241575
0.476073 0.799361 0.537602 0.976117 0.343128 47.422452 46.968988 46.968988
0.475740 0.702013 0.788327 0.637260 0.468159 50.992773 46.968988 46.968988
0.966131 0.197180 0.632365 0.034762 0.598612 0.241575 1.589277 0.241575
0.408695 0.766936 0.642184 1.000000 0.374604 47.267525 46.968988 46.968988
0.504452 0.819176 0.732763 0.515051 0.634449 43.126197 46.968988 43.126197
0.446287 0.756422 0.596810 1.000000 0.206872 47.512390 46.968988 46.968988
0.414517 0.730295 0.658682 0.818525 0.191051 53.734689 46.968988 46.968988
0.381747 0.826662 0.597775 0.824584 0.231490 46.977537 46.968988 46.968988
0.386962 0.766524 0.068319 0.140732 0.844972 42.911292 46.968988 42.911292
0.658786 0.760495 0.314646 0.850157 0.200120 42.911292 46.968988 42.911292
0.478420 0.683531 0.635552 0.721382 0.260486 49.071751 46.968988 46.968988
0.583023 0.724997 0.685376 0.845565 0.590823 50.058059 46.968988 46.968988
0.425345 0.690139 0.667223 0.919454 0.495470 47.444012 46.968988 46.968988
0.548894 0.779544 0.717220 0.830500 0.463726 50.242584 46.968988 46.968988
0.465183 0.794456 0.579407 0.882271 0.135068 47.205711 46.968988 46.968988
0.337556 0.695337 0.868170 0.541738 0.647428 42.911292 46.968988 42.911292
0.482985 0.825218 0.642367 0.436500 0.217717 43.095675 47.774717 43.095675
0.396788 0.827129 0.869322 0.037217 0.933085 42.911292 46.968988 42.911292
0.558183 0.759365 0.953892 0.720486 0.279307 42.936022 46.968988 42.936022
0.453924 0.772644 0.737666 0.709619 0.527677 49.177522 46.968988 46.968988
0.536857 0.754685 0.562787 0.534132 0.503653 47.032369 46.968988 46.968988
0.495711 0.693916 0.538440 0.716016 0.530222 47.977719 46.968988 46.968988
0.480914 0.712349 0.789997 0.833402 0.270049 49.792592 46.968988 46.968988
0.672543 0.768803 0.773462 0.613780 1.000000 42.959317 46.968988 42.959317
0.514212 0.822157 0.634989 0.729405 0.316449 50.044233 46.968988 46.968988
0.556193 0.507258 0.992985 0.894526 0.821987 43.727592 1.589277 1.589277
0.961654 1.000000 0.562211 0.597756 0.234872 42.911292 46.968988 42.911292
0.459202 0.865595 0.347899 0.557263 0.531724 42.911292 46.968988 42.911292
0.466933 0.812216 0.489371 0.763951 0.486470 46.973776 46.968988 46.968988
0.047041 0.707720 0.867847 0.172704 0.307082 0.344027 0.262314 0.262314
0.377326 0.734712 0.692940 0.891944 0.095586 48.016917 46.968988 46.968988
0.415096 0.794721 0.713309 0.719219 0.263248 51.412130 46.968988 46.968988
0.528996 0.753439 0.664766 0.995892 0.438529 47.532389 46.968988 46.968988
0.577941 0.819376 0.134759 0.975538 0.243460 42.911292 46.968988 42.911292
0.475579 0.615111 0.507342 0.299296 0.560117 42.911292 46.968988 42.911292
0.017866 0.295075 0.684330 0.082290 0.122146 0.344027 0.262314 0.262314
0.508468 0.787995 0.876750 0.810110 0.698406 43.072528 46.968988 43.072528
0.472796 0.814158 0.846016 0.786770 0.285005 43.915546 46.968988 43.915546
0.605231 0.806114 0.521278 0.764712 0.506823 47.538053 46.968988 46.968988
0.479645 0.632666 0.557642 0.369543 0.776120 42.911292 46.968988 42.911292
0.433405 0.127205 0.375813 0.501074 0.583953 0.241575 1.589277 0.241575
0.492989 0.759365 0.719522 0.984292 0.332173 47.716311 46.968988 46.968988
0.665526 0.832067 0.940893 0.057570 0.545039 42.911292 46.968988 42.911292
0.546452 0.774955 0.491805 0.805248 0.284815 47.088039 46.968988 46.968988
0.477648 0.852240 0.670067 0.900237 0.305019 44.874420 46.968988 44.874420
0.589819 0.772649 0.521285 0.649796 0.445698 48.054445 46.968988 46.968988
0.525746 0.769410 0.850544 0.826041 0.180212 43.312156 46.968988 43.312156
0.573678 0.898696 0.570616 0.198704 0.612274 42.911292 46.968988 42.911292
0.366543 1.000000 0.240629 0.795385 0.048364 42.911292 46.968988 42.911292
0.585271 0.709423 0.695742 0.791236 0.740019 47.980892 46.968988 46.968988
0.473237 0.742402 0.485853 0.836433 0.370393 49.323291 46.968988 46.968988
0.705604 0.931435 0.252292 0.427117 0.620352 42.911292 46.968988 42.911292
0.490030 0.768199 0.669586 0.613117 0.584968 48.764938 46.968988 46.968988
0.339743 0.903352 0.778954 0.409223 0.104486 42.911292 46.968988 42.911292
0.914417 0.637535 0.743071 0.875084 0.360138 42.911292 46.968988 42.911292
0.505860 0.695222 0.757049 0.676703 0.673670 47.011723 46.968988 46.968988
0.490648 0.860156 0.804093 0.573300 0.844081 42.911292 46.968988 42.911292
0.493242 0.803700 0.723240 0.622137 0.353674 48.372435 46.968988 46.968988
0.181111 0.453342 0.241995 0.639684 0.559153 0.344027 0.262314 0.262314
0.800275 0.830727 0.515369 0.011341 0.226365 42.911292 46.968988 42.911292
0.743826 0.976859 0.848174 0.524618 0.087052 42.911292 46.968988 42.911292
0.344576 0.786174 0.601706 0.975740 0.083273 45.256701 46.968988 45.256701
0.412385 0.773717 0.566539 0.920628 0.000000 44.530643 46.968988 44.530643
0.414517 0.803802 0.461408 0.811595 0.025333 43.840910 46.968988 43.840910
0.573273 0.786483 0.654495 0.608816 0.698229 47.274327 46.968988 46.968988
0.415773 0.590861 0.969363 0.124579 0.098022 42.911292 46.968988 42.911292
0.761473 0.747096 0.515619 0.873611 0.901161 42.918662 46.968988 42.918662
0.518653 0.740533 0.686121 1.000000 0.568388 45.715355 46.968988 45.715355
0.835067 0.670079 0.403823 0.937689 0.682677 42.911292 46.968988 42.911292
0.742019 0.678623 0.863118 0.498656 0.177703 42.911292 47.004313 42.911292
0.632490 0.973488 0.735947 1.000000 0.380705 42.911292 46.968988 42.911292
0.381017 0.910396 0.857067 0.842670 0.770036 42.911292 46.968988 42.911292
0.398082 0.868331 0.794522 1.000000 0.785946 42.911292 46.968988 42.911292
0.658572 0.630471 0.811154 0.270634 0.613920 42.911292 46.968988 42.911292
0.162724 0.603133 0.180278 0.248810 0.033844 0.344027 0.262314 0.262314
0.980638 0.667294 0.606790 0.041523 0.433477 42.911292 46.968988 42.911292
0.719347 0.781240 0.366194 0.963871 0.506338 42.911292 46.968988 42.911292
0.582339 0.901966 0.771339 0.514560 0.095834 42.911292 49.132902 42.911292
0.591819 0.751691 0.628449 0.530829 0.613227 47.117559 46.968988 46.968988
0.458815 0.766372 0.687528 0.637844 0.172484 47.170357 46.968988 46.968988
0.988095 0.235350 0.721012 0.599642 0.208054 0.241575 1.589277 0.241575
0.444779 0.799513 0.560497 0.665191 0.045250 44.114966 46.968988 44.114966
0.581193 0.856060 0.660363 0.897818 0.550924 43.429296 46.968988 43.429296
0.077905 0.611729 0.234940 0.877709 0.618736 0.344027 0.262314 0.262314
0.778448 0.733377 0.484102 0.301416 0.435976 42.911292 46.968988 42.911292
0.918895 0.801403 0.826809 0.002366 0.231159 42.911292 46.968988 42.911292
0.570258 0.687982 0.696852 0.347851 0.464070 42.934164 46.968988 42.934164
0.709041 0.767518 0.356838 0.697614 0.782845 42.925773 46.968988 42.925773
0.340759 0.958952 0.227557 0.606218 0.933006 42.911292 46.968988 42.911292
0.389576 0.762905 0.618435 0.794438 0.046021 47.107986 46.968988 46.968988
0.567404 0.746112 0.484102 0.825997 0.636751 47.579688 46.968988 46.968988
0.736532 0.796935 0.514808 0.603235 0.680920 42.911292 46.968988 42.911292
0.545123 0.660674 0.824561 0.843242 0.707289 43.866367 46.968988 43.866367
0.460809 0.805828 0.737040 0.854545 0.545143 45.929616 46.968988 45.929616
0.159416 0.143566 0.276792 0.912716 0.230882 0.344027 0.262314 0.262314
0.149463 0.820985 0.963595 0.910852 0.415346 0.344027 0.262314 0.262314
0.846900 0.075454 0.721921 0.879944 0.012328 0.241575 1.589277 0.241575
0.654050 0.654657 0.655971 0.176895 0.189644 42.911292 46.968988 42.911292
0.423351 0.730808 0.508694 0.837931 0.250717 47.648383 46.968988 46.968988
0.195929 0.044757 0.495477 0.665254 0.977686 0.344027 0.262314 0.262314
0.575461 0.689981 0.742244 0.604540 0.571511 47.680413 46.968988 46.968988
0.543605 0.912339 0.302077 0.798056 0.985178 42.911292 46.968988 42.911292
0.709041 0.901198 0.356838 0.221830 0.987537 42.911292 46.968988 42.911292
0.474066 0.240010 0.831509 0.223534 0.621151 0.241575 1.589277 0.241575
0.996565 0.281402 0.420485 0.546366 0.630843 0.241575 1.589277 0.241575
0.891549 0.791564 0.562930 0.652345 0.176395 42.911292 46.968988 42.911292
0.590105 0.722642 0.746882 0.683061 0.427996 47.109427 46.968988 46.968988
0.466244 0.612139 0.598038 1.000000 0.325662 42.911292 46.968988 42.911292
0.725357 0.752343 0.383405 0.531458 0.780163 42.957236 46.968988 42.957236
0.526033 0.847426 0.550306 0.831008 0.416358 46.732448 46.968988 46.732448
0.630189 0.601095 0.831091 0.885104 0.613814 42.911292 46.968988 42.911292
0.436868 0.717252 0.592743 0.630595 0.378536 47.509490 46.968988 46.968988
0.686765 0.772540 0.431206 0.770627 0.480280 42.997612 46.968988 42.997612
0.698088 0.572759 0.366980 0.353723 0.131368 42.911292 46.968988 42.911292
0.913592 0.825406 0.892544 0.049870 0.327667 42.911292 46.968988 42.911292
0.572195 0.755079 0.683787 0.794672 0.912343 43.055051 46.968988 43.055051
0.494716 0.770240 0.777672 0.147716 0.559305 42.911292 46.968988 42.911292
0.944842 0.743203 0.958438 0.848407 0.565298 42.911292 46.968988 42.911292
0.406396 0.840018 0.456772 1.000000 0.291125 43.525046 46.968988 43.525046
0.420739 0.856308 0.575506 0.055355 0.322281 42.911292 46.968988 42.911292
0.758584 0.963913 0.915208 0.981929 0.966420 42.911292 46.968988 42.911292
0.893735 0.552984 0.901075 0.667868 0.054436 42.911292 46.968988 42.911292
0.349491 0.848571 0.687687 1.000000 0.426433 42.954243 46.968988 42.954243
0.351168 0.695237 0.400303 1.000000 0.117640 42.935795 46.968988 42.935795
0.450613 0.720514 0.728725 0.519423 0.331042 44.860492 46.968988 44.860492
0.884736 0.777893 0.814924 0.994687 0.566006 42.911292 46.968988 42.911292
0.788065 0.571233 0.526851 0.238717 0.175988 42.911292 46.968988 42.911292
0.878429 0.184122 0.744326 0.455806 0.515904 0.249060 1.589277 0.249060
0.576787 0.725799 0.455663 0.421342 0.646887 42.925064 46.968988 42.925064
0.465115 0.785973 0.470679 0.890584 0.674889 42.911292 46.968988 42.911292
0.501430 0.541523 0.161880 0.110187 0.011123 42.911292 46.968988 42.911292
0.523849 0.404895 0.192865 0.604393 0.257066 0.241575 1.589277 0.241575
0.410167 0.588912 0.331671 0.421342 0.411412 42.911292 46.968988 42.911292
0.081819 0.973942 0.561646 0.006729 0.053744 41.247444 0.262314 0.262314
0.513102 0.706455 0.974083 0.748265 0.717872 42.911292 42.288268 42.288268
0.819855 0.820950 0.065852 0.773571 0.282808 42.911292 46.968988 42.911292
0.599391 0.706455 0.758337 0.887861 0.390226 43.606463 46.968988 43.606463
0.838332 0.892279 0.226465 0.175956 0.130829 42.911292 46.968988 42.911292
0.421974 0.375935 0.576344 0.397650 0.730790 0.241575 1.589277 0.241575
0.981702 0.857605 0.390705 0.425627 0.129314 42.911292 46.968988 42.911292
0.464382 0.669920 0.602537 0.617185 0.592965 44.175815 46.968988 44.175815
0.417910 0.583062 0.432534 0.768217 0.944418 42.911292 46.968988 42.911292
0.654236 0.918856 0.798431 0.337469 0.649282 42.911292 47.190403 42.911292
0.468255 0.782445 0.948158 0.811149 0.489350 43.110006 46.968988 43.110006
0.662241 0.677424 0.916049 0.532625 0.639682 42.911660 46.968988 42.911660
0.619438 1.000000 0.748991 1.000000 0.818537 42.911292 46.968988 42.911292
0.814500 0.472831 0.747511 0.183398 0.226233 0.241575 1.589277 0.241575
0.602904 0.948253 0.793842 0.344787 0.107122 42.911292 57.424784 42.911292
0.493496 0.811180 0.862761 0.925609 0.251767 43.076756 46.968988 43.076756
0.660651 0.967510 0.990695 0.009249 0.634666 42.911292 0.988181 0.988181
0.687181 0.757846 0.189062 0.922766 0.243131 42.911292 46.968988 42.911292
0.613979 0.674149 0.545020 0.608136 0.730995 43.635095 46.968988 43.635095
0.516792 0.705180 0.630738 0.875249 0.221426 46.097974 46.968988 46.097974
0.474820 0.813474 0.111178 0.734406 0.390064 42.911292 46.968988 42.911292
0.121762 0.764630 0.944749 0.012169 0.901158 0.344027 0.262314 0.262314
0.691293 0.591659 0.370057 0.876758 0.734773 42.911292 46.968988 42.911292
0.802642 0.590413 0.883263 0.874471 0.382958 42.911292 46.968988 42.911292
0.346008 0.761706 0.910807 1.000000 0.089012 43.148008 46.968988 43.148008
0.513205 0.806505 0.544961 0.690760 0.237732 47.745026 46.972751 46.972751
0.728652 0.650569 0.720554 0.387547 0.871564 42.911292 46.968988 42.911292
0.518539 0.755071 0.317422 0.947590 0.649644 42.923719 46.968988 42.923719
0.841622 1.000000 0.717775 0.679465 0.592361 42.911292 46.968988 42.911292
0.258869 0.677791 0.536158 0.088143 0.287808 0.344027 0.262314 0.262314
0.443636 0.720271 0.942999 0.740796 0.297722 44.057753 46.968988 44.057753
0.953161 0.781441 0.853355 0.000000 0.706525 42.911292 46.968988 42.911292
0.593040 0.888593 0.926730 0.819821 0.931667 42.911292 46.968988 42.911292
0.022319 0.828618 0.338632 0.864447 0.572694 0.344027 0.262314 0.262314
0.443667 0.284988 0.078553 0.999625 0.420158 0.241575 1.589277 0.241575
0.627777 1.000000 0.259480 0.587841 0.000000 42.911292 46.968988 42.911292
0.593594 0.740859 0.364429 0.740744 0.581784 43.757815 46.968988 43.757815
0.604468 0.693798 0.370242 0.846881 0.611872 42.911292 46.968988 42.911292
0.357013 0.973911 0.794753 0.392566 0.759264 42.911292 46.968988 42.911292
0.470932 0.771611 0.697529 0.582490 0.468159 48.373617 46.968988 46.968988
0.308997 0.459238 0.993113 0.559172 0.001926 0.344027 3.053909 0.344027
0.711145 0.659039 0.524943 0.673563 0.706425 42.911292 46.968988 42.911292
0.559006 0.534983 0.033126 0.147574 0.104850 42.911292 46.968988 42.911292
0.888100 0.986437 0.932089 0.797728 0.975118 42.911292 46.968988 42.911292
0.552921 0.436190 0.784798 0.957689 0.388309 0.241575 1.589277 0.241575
0.448274 0.705294 0.422441 1.000000 0.315641 43.372840 46.968988 43.372840
0.905397 0.750078 0.123852 0.089429 0.837514 42.911292 46.968988 42.911292
0.650680 0.689461 0.577521 0.883160 0.724023 43.473598 46.968988 43.473598
0.373855 0.596374 0.744465 0.251217 0.200933 42.911292 46.968988 42.911292
0.691429 0.938136 0.140516 0.365573 0.842570 42.911292 46.968988 42.911292
0.575794 0.699766 0.799738 0.713720 0.536357 47.316176 46.968988 46.968988
0.493633 0.713501 0.905382 0.900206 0.311880 43.276403 46.968988 43.276403
0.488896 0.858018 0.643975 0.512543 0.309773 43.347149 47.573499 43.347149
0.943491 0.678665 0.825318 0.723067 0.894580 42.911292 46.968988 42.911292
0.785498 0.804224 0.377973 0.483602 0.634575 42.911292 46.968988 42.911292
0.649859 0.647811 0.536183 0.268589 0.375211 42.911292 46.968988 42.911292
0.552794 0.767676 0.419524 0.836573 0.530157 45.906512 46.968988 45.906512
0.563082 0.720135 0.703607 0.668534 0.852824 44.531601 46.968988 44.531601
0.697513 0.868475 0.577946 1.000000 0.681730 42.911292 46.968988 42.911292
0.951647 0.200837 0.721204 0.439902 0.090029 0.241575 1.589277 0.241575
0.185251 0.031291 0.927501 0.422999 0.449993 0.344027 0.262314 0.262314
0.299272 0.300394 0.250640 0.864007 0.659237 0.344027 0.262314 0.262314
0.993965 0.668669 0.746607 0.584597 0.541947 42.911292 46.968988 42.911292
0.098866 0.298266 0.763112 0.798599 0.688919 0.344027 0.262314 0.262314
0.907692 0.453433 0.236139 0.006947 0.110279 0.241575 1.589277 0.241575
0.258551 0.426137 0.132014 0.389996 0.787170 0.344027 0.262314 0.262314
0.504805 0.752953 0.487095 0.775541 0.744966 43.497132 46.968988 43.497132
0.772371 0.780883 0.496914 0.527561 1.000000 42.911292 46.968988 42.911292
0.616266 0.886446 0.905382 0.597410 0.903629 42.911292 46.968988 42.911292
0.967622 0.638370 0.350354 0.584692 0.635167 42.911292 46.968988 42.911292
0.693358 0.653753 0.230044 0.472314 0.754539 42.911292 46.968988 42.911292
0.575983 0.843728 0.120796 0.101593 0.800616 42.911292 46.968988 42.911292
0.348874 0.544760 0.016004 0.361914 0.318514 42.911292 46.968988 42.911292
0.218489 0.994077 0.516397 0.368731 0.557249 41.247444 0.262314 0.262314
0.937171 0.680517 0.277487 0.802742 0.922086 42.911292 46.968988 42.911292
0.400938 0.751784 0.741621 0.837334 0.000000 44.708634 46.968988 44.708634
0.501472 0.738113 0.608721 0.288929 0.378781 42.911292 47.008862 42.911292
0.676446 0.702896 0.962869 0.033664 0.895474 42.911292 46.968988 42.911292
0.195909 0.766255 0.489001 0.269902 0.213618 0.344027 0.262314 0.262314
0.540974 0.869938 0.608434 0.822774 0.240370 43.601173 46.968988 43.601173
0.776524 0.599009 0.969720 0.234125 0.169039 42.911292 46.968988 42.911292
0.006811 0.187606 0.212997 0.154683 0.866963 0.344027 0.262314 0.262314
0.875190 0.753618 0.577476 0.325872 0.021296 42.911292 46.968988 42.911292
0.461510 0.652839 0.283646 0.657537 0.783943 42.911292 46.968988 42.911292
0.532447 0.853657 0.622309 0.746017 0.477924 46.361234 46.968988 46.361234
0.853263 0.669137 0.349982 0.939113 0.338119 42.911292 46.968988 42.911292
0.620950 0.669707 0.246959 1.000000 0.470071 42.911292 46.968988 42.911292
0.606042 0.771249 0.523939 0.723531 0.732386 47.319432 46.968988 46.968988
0.853928 0.350362 0.674849 0.450310 0.558910 0.241575 1.589277 0.241575
0.483180 0.691118 0.515579 0.726600 0.114447 43.539777 46.968988 43.539777
0.696642 0.782366 0.167851 0.841615 0.251642 42.911292 46.968988 42.911292
0.508449 0.938070 0.886688 0.131835 0.000000 42.911292 51.018774 42.911292
0.406183 0.638557 0.550706 0.941718 0.098855 43.032287 46.968988 43.032287
0.521779 0.724646 0.569369 0.890942 0.690163 46.146731 46.968988 46.146731
0.815303 0.588432 0.460364 0.156977 0.946069 42.911292 46.968988 42.911292
0.534283 0.798358 0.750947 0.951214 0.443813 44.352591 46.968988 44.352591
0.716742 0.653045 0.557666 0.474890 0.305563 42.911292 46.968988 42.911292
0.767810 0.196801 0.535263 0.849607 0.691848 0.241575 1.589277 0.241575
0.388327 0.924947 0.929280 0.053584 0.209057 42.911292 46.968988 42.911292
0.098669 0.031958 0.151658 0.618542 0.971841 0.344027 0.262314 0.262314
0.387847 0.225607 0.616921 0.335929 0.239680 0.241575 1.589277 0.241575
0.519525 0.804743 0.738192 0.510246 1.000000 42.911292 46.968988 42.911292
0.512067 0.617467 0.688989 0.856241 0.705596 43.284450 46.968988 43.284450
0.936721 0.307820 0.642642 0.153191 0.032710 0.241575 1.589277 0.241575
0.460635 0.719331 0.647827 0.480928 0.882238 42.911292 46.968988 42.911292
0.406200 0.713598 0.522380 0.559809 0.000000 42.911292 46.968988 42.911292
0.463756 0.609349 0.049771 0.081341 0.033013 42.911292 46.968988 42.911292
0.660266 0.850946 0.632563 0.139356 0.409519 42.911292 50.132611 42.911292
0.656647 0.785179 0.694889 0.509820 0.520508 42.911292 46.968988 42.911292
0.139134 0.795779 0.108288 0.142503 0.765162 0.344027 0.262314 0.262314
0.419162 0.774852 0.757172 1.000000 0.432058 45.275874 46.968988 45.275874
0.509677 0.814386 0.599729 0.813524 0.582669 49.179006 46.968988 46.968988
0.542211 0.090265 0.339363 0.013681 0.956580 0.241575 1.589277 0.241575
0.368033 0.620430 0.379173 0.850137 0.442709 42.911292 46.968988 42.911292
0.283153 0.000711 0.450276 0.777766 0.511120 0.344027 44.639242 0.344027
0.554830 0.766655 0.457176 1.000000 0.678420 43.214820 46.968988 43.214820
1.000000 0.802801 0.127581 0.197742 1.000000 42.911292 46.968988 42.911292
0.610040 0.690404 0.752824 0.554626 0.691393 45.308479 46.968988 45.308479
0.556240 0.686328 0.568966 0.558725 0.822354 43.380488 46.968988 43.380488
0.620882 0.681804 0.776826 0.678272 0.783898 44.764403 46.968988 44.764403
0.209706 0.164952 0.779184 0.209336 0.965334 0.344027 0.262314 0.262314
0.794654 0.712505 0.345781 0.448907 0.804001 42.911292 46.968988 42.911292
0.747010 0.991467 0.213900 0.214337 0.464456 42.911292 46.968988 42.911292
0.356862 0.856329 0.534052 0.430942 0.223973 42.911292 46.968988 42.911292
0.464154 0.698357 0.676716 0.614731 0.280878 47.373637 46.968988 46.968988
0.329200 0.936391 0.375249 0.031800 0.547612 0.344027 0.262314 0.262314
0.543659 0.785505 0.550104 0.559086 0.358046 47.377130 47.063886 47.063886
0.564557 0.668571 0.661701 0.469680 0.689038 43.042741 46.968988 43.042741
0.504535 0.776943 0.673261 1.000000 0.706682 43.574090 46.968988 43.574090
0.565745 0.047475 0.986678 0.805703 0.340298 43.727592 1.589277 1.589277
0.409637 0.740911 0.834276 0.878160 0.129099 45.702951 46.968988 45.702951
0.481861 0.670444 0.899603 0.618646 0.499458 43.491531 46.968988 43.491531
0.704433 0.684174 0.618298 0.659541 0.544780 42.911292 46.968988 42.911292
0.400567 0.631503 0.577999 0.788336 0.286002 43.490545 46.968988 43.490545
0.830593 0.773803 0.531725 0.407948 0.840869 42.911292 46.968988 42.911292
0.484006 0.735887 0.121146 0.030205 0.345958 42.911292 46.968988 42.911292
0.503405 0.790116 0.646564 0.807556 0.165763 47.294706 46.968988 46.968988
0.536217 0.748888 0.654136 0.741576 0.699205 50.388022 46.968988 46.968988
