# gen=0 CA size=137
# x0..x(D-1) consensus
0.414792 0.678538 0.507565 0.803677 0.468810 43.821667
0.648574 0.777761 0.845724 0.585841 0.741926 43.112957
0.622809 0.914293 0.653515 0.709144 0.599883 42.914073
0.606525 0.888128 0.764376 0.667684 0.553579 42.913183
0.361981 0.911756 0.967477 0.723914 0.123599 42.911292
0.957507 0.763561 0.057984 0.995270 0.062648 42.911292
0.985323 0.724841 0.597763 0.410342 0.879933 42.911292
0.819442 0.874350 0.766187 0.416512 0.546472 42.911292
0.563786 0.818607 0.494356 0.357091 0.587473 42.911292
0.859629 0.719406 0.041214 0.614839 0.307975 42.911292
0.811691 0.733577 0.611914 0.611372 0.803891 42.911292
0.966207 0.795473 0.226571 0.080200 0.279720 42.911292
0.969515 0.879546 0.053978 0.817909 0.610398 42.911292
0.552290 0.940277 0.677573 0.856701 0.401646 42.911292
0.476413 0.770305 0.842900 0.749966 0.362114 46.941892
0.661994 0.532613 0.834518 0.545833 0.241125 42.911292
0.617117 0.776444 0.636876 0.610095 0.507641 46.968988
0.489289 0.748572 0.500960 0.580384 0.528142 44.988668
0.637210 0.698972 0.274390 0.709258 0.388392 42.911292
0.613241 0.706058 0.559740 0.707524 0.636351 46.968988
0.690499 0.737006 0.367068 0.441939 0.374265 42.911292
0.692153 0.779042 0.280771 0.810793 0.539604 42.911292
0.483541 0.809407 0.592569 0.830189 0.435228 46.968988
0.445602 0.724421 0.675233 0.776822 0.415462 46.968988
0.734008 0.826056 0.805956 0.501176 0.644199 42.911292
0.606180 0.798184 0.670040 0.471466 0.664700 43.897611
0.754102 0.748584 0.443469 0.600340 0.524951 42.911292
0.730133 0.755669 0.728819 0.598606 0.772909 42.911292
0.807390 0.786617 0.536147 0.333020 0.510823 42.911292
0.809044 0.828654 0.449851 0.701875 0.676162 42.911292
0.600432 0.859019 0.761649 0.721271 0.571786 43.196007
0.562493 0.774033 0.844312 0.667903 0.552020 44.954381
0.721126 0.894322 0.709851 0.562828 0.573178 42.911292
0.593298 0.866450 0.573935 0.533118 0.593678 43.273187
0.741219 0.816850 0.347365 0.661992 0.453929 42.911292
0.717250 0.823935 0.632715 0.660258 0.701887 42.911292
0.794508 0.854883 0.440043 0.394672 0.439802 42.911292
0.796162 0.896920 0.353746 0.763527 0.605141 42.911292
0.587550 0.927285 0.665544 0.782923 0.500764 42.911292
0.549611 0.842299 0.748208 0.729555 0.480999 44.450817
0.712984 0.881239 0.765282 0.542098 0.550026 42.911292
0.585156 0.853368 0.629366 0.512388 0.570526 43.413794
0.733077 0.803767 0.402795 0.641262 0.430777 42.911292
0.709108 0.810853 0.688145 0.639528 0.678735 42.911292
0.786366 0.841801 0.495473 0.373942 0.416650 42.911292
0.788020 0.883837 0.409177 0.742797 0.581989 42.911292
0.579408 0.914203 0.720974 0.762193 0.477613 42.911292
0.541469 0.829217 0.803638 0.708825 0.457847 44.060787
0.590711 0.893053 0.866832 0.570213 0.335036 42.911292
0.462884 0.865181 0.730916 0.540503 0.355536 42.911292
0.610805 0.815581 0.504346 0.669377 0.215787 42.911292
0.586836 0.822666 0.789696 0.667643 0.463745 43.531418
0.664094 0.853614 0.597024 0.402057 0.201660 42.911292
0.665748 0.895651 0.510727 0.770912 0.366999 42.911292
0.457135 0.926016 0.822525 0.790307 0.262623 42.911292
0.419197 0.841030 0.905188 0.736940 0.242857 42.911292
0.888474 0.818956 0.412085 0.705891 0.304560 42.911292
0.760647 0.791084 0.276170 0.676181 0.325061 42.911292
0.908568 0.741483 0.049599 0.805055 0.185311 42.911292
0.884599 0.748569 0.334949 0.803321 0.433270 42.911292
0.961857 0.779517 0.142277 0.537735 0.171184 42.911292
0.963511 0.821554 0.055981 0.906589 0.336523 42.911292
0.754898 0.851919 0.367778 0.925985 0.232147 42.911292
0.716960 0.766933 0.450442 0.872618 0.212381 42.911292
0.902382 0.799596 0.681975 0.413427 0.713202 42.911292
0.774555 0.771724 0.546059 0.383717 0.733703 42.911292
0.922476 0.722124 0.319489 0.512591 0.593954 42.911292
0.898507 0.729209 0.604839 0.510857 0.841912 42.911292
0.975765 0.760157 0.412167 0.245271 0.579826 42.911292
0.977419 0.802194 0.325870 0.614125 0.745166 42.911292
0.768806 0.832559 0.637668 0.633521 0.640789 42.911292
0.730868 0.747573 0.720331 0.580154 0.621024 42.911292
0.436556 0.710000 0.258737 0.285808 0.865433 42.911292
0.445432 0.827358 0.267659 0.483653 0.484335 42.911292
0.879448 0.797761 0.476397 0.066813 0.600737 42.911292
0.983051 0.765316 0.198828 0.776423 0.592957 42.911292
0.410624 0.535518 0.240360 0.259064 0.751534 42.911292
0.834436 0.578710 0.805751 0.442923 0.921604 42.911292
0.525924 0.785168 0.199440 0.829864 0.139305 42.911292
0.345003 0.817120 0.252472 0.898997 0.720822 42.911292
0.352325 0.737055 0.485512 0.348480 0.498852 42.911292
0.720514 0.532391 0.529290 0.018824 0.305138 42.911292
0.453603 0.864703 0.513810 0.847553 0.237561 44.912395
0.619758 0.734967 0.955348 0.054002 0.976501 42.911292
0.887726 0.950690 0.610905 0.163699 0.205469 42.911292
0.805467 0.976399 0.803817 0.694208 0.994724 42.911292
0.855279 0.940156 0.472560 0.063340 0.991714 42.911292
0.644414 0.663726 0.176387 0.974483 0.294255 42.911292
0.614723 0.734903 0.846257 0.570265 0.580502 43.776971
0.932749 0.808574 0.422339 0.807921 0.788073 42.911292
0.670348 0.979359 0.863660 0.603560 0.555033 42.911292
0.746214 0.641972 0.373686 0.979662 0.807221 42.911292
0.691613 0.859925 0.320593 0.263985 0.702702 42.911292
0.747220 0.722278 0.486802 0.974520 0.460841 42.911292
0.894100 0.830674 0.918037 0.958355 0.866720 42.911292
0.522707 0.970492 0.229463 0.337311 0.407518 42.911292
0.666861 0.975943 0.428284 0.489782 0.228947 42.911292
0.871004 0.902452 0.412651 0.173595 0.279640 42.911292
0.349737 0.540111 0.576369 0.978583 0.390499 42.911292
0.527552 0.577147 0.347959 0.971911 0.727835 42.911292
0.880962 0.935844 0.061128 0.092067 0.523197 42.911292
0.968278 0.708967 0.261147 0.907436 0.841827 42.911292
0.734584 0.874770 0.726365 0.617515 0.897382 42.911292
0.437276 0.952251 0.853772 0.925056 0.156515 42.911292
0.495546 0.699696 0.636451 0.971941 0.496297 46.968988
0.416162 0.950082 0.309399 0.190289 0.556320 42.911292
0.841687 0.616494 0.149156 0.622854 0.850404 42.911292
0.480473 0.615901 0.542934 0.444399 0.521109 42.911292
0.694315 0.902259 0.762915 0.617765 0.538127 42.911292
0.414633 0.737960 0.537006 0.145439 0.232758 42.911292
0.895262 0.584584 0.946198 0.940663 0.096554 42.911292
0.575782 0.715630 0.087042 0.786595 0.721825 42.911292
0.593365 0.742295 0.942503 0.030291 0.660924 42.911292
0.906394 0.768351 0.530733 0.202053 0.543183 42.911292
0.663849 0.524877 0.719300 0.216267 0.000315 42.911292
0.572961 0.839380 0.475937 0.747218 0.903872 42.911292
0.377314 0.531015 0.745587 0.428388 0.975376 42.911292
0.860773 0.769842 0.110747 0.495511 0.421140 42.911292
0.967656 0.778368 0.755345 0.776173 0.126522 42.911292
0.924561 0.584510 0.726434 0.590594 0.096553 42.911292
0.428610 0.775422 0.730633 0.945445 0.251796 46.968988
0.621808 0.775059 0.297263 0.781383 0.350474 42.911292
0.689565 0.770685 0.456905 0.488523 0.123531 42.911292
0.840486 0.547400 0.824289 0.126609 0.923738 42.911292
0.851113 0.831688 0.501816 0.718217 0.770984 42.911292
0.343016 0.523940 0.687865 0.381219 0.155336 42.911292
0.912963 0.762681 0.873107 0.665481 0.882829 42.911292
0.989277 0.527583 0.262979 0.159196 0.924571 42.911292
0.775001 0.602978 0.432677 0.605020 0.616782 42.911292
0.476678 0.905847 0.340516 0.398242 0.471916 42.911292
0.974917 0.984886 0.313210 0.757307 0.159981 42.911292
0.853817 0.581928 0.496761 0.900049 0.672393 42.911292
0.444820 0.597075 0.562854 0.896684 0.043350 42.911292
0.937681 0.560764 0.372470 0.016292 0.917413 42.911292
0.654902 0.749308 0.607209 0.604086 0.756003 45.654769
0.970555 0.745804 0.863734 0.587048 0.024409 42.911292
0.473645 0.852144 0.989494 0.796781 0.048034 42.288268
