# gen=0 party=1
# sp x0..x(D-1) party_fit
0 0.464563 0.060443 0.461119 0.664472 0.539384 0.699613 0.839230 0.902178 0.130255 0.875548 55.207393
1 0.321905 0.103002 0.473713 0.674110 0.335822 0.517898 0.721413 0.985703 0.577292 0.202266 55.207393
2 0.583838 0.926211 0.895469 0.613803 0.326645 0.010362 0.371791 0.119096 0.336510 0.889008 53.089922
3 0.511685 0.949251 0.986548 0.920134 0.106162 0.086185 0.579896 0.442021 0.184707 0.996510 53.089922
4 0.998419 0.727632 0.321249 0.474129 0.198803 0.705793 0.324726 0.252183 0.977310 0.556221 50.504099
5 0.910787 0.052082 0.025505 0.988561 0.879857 0.970474 0.049560 0.988451 0.366071 0.068681 50.504099
6 0.607148 0.650510 0.274887 0.123141 0.642346 0.962153 0.130827 0.031414 0.258885 0.161654 50.504099
7 0.891397 0.607319 0.357233 0.611326 0.943014 0.667617 0.172892 0.144396 0.843147 0.560006 50.504099
