# Party-1 optima (Phase 1b)
# x0..x(D-1) party_fit f0 f1 consensus
0.202798 0.014806 0.098198 0.804104 0.360298 0.389524 0.861199 0.803067 0.355279 0.066280 45.658915 0.599704 45.658915 0.599704
0.688125 0.995092 0.199629 0.008526 0.269487 0.751838 0.793110 0.406295 0.702155 0.184889 45.012217 47.247742 45.012217 45.012217
0.015216 0.345729 0.936293 0.234407 0.409097 0.712562 0.672311 0.103553 0.434266 0.211326 41.817434 0.599704 41.817434 0.599704
0.170289 0.273214 0.566897 0.549170 0.804332 0.132660 0.007483 0.958246 0.382039 0.501658 41.817434 0.599704 41.817434 0.599704
0.028928 0.530095 0.919342 0.155379 0.614386 0.911767 0.284976 0.871571 0.340683 0.729258 41.817434 0.599704 41.817434 0.599704
0.091904 0.775104 0.863258 0.649812 0.080450 0.782466 0.881896 0.325470 0.609247 0.528837 41.817434 0.599704 41.817434 0.599704
0.228016 0.450281 0.926732 0.450908 0.517712 0.037712 0.264405 0.842111 0.993327 0.786392 41.817434 0.599704 41.817434 0.599704
0.243647 0.749519 0.736770 0.761090 0.966811 0.241194 0.333679 0.413185 0.415749 0.108813 41.817434 0.599704 41.817434 0.599704
