# gen=50 CA size=200
# x0..x(D-1) consensus
0.761098 0.849755 0.617363 0.267598 0.375850 55.347700
0.598974 0.853673 0.912066 0.833267 0.936816 56.075563
0.551837 0.934623 0.829462 0.520151 0.779896 55.332729
0.163762 0.928746 0.967607 0.994331 0.620984 60.178642
0.473146 0.721776 0.714759 0.677689 0.482277 56.075563
0.370360 0.573869 0.922913 0.557936 0.655719 56.075563
0.225204 0.773468 0.733934 0.555500 0.313455 60.178642
0.204229 0.587456 0.014699 0.664915 0.988099 55.981700
0.844616 0.640488 0.731392 0.201832 0.445402 54.614313
0.150328 0.955400 0.217015 0.257461 0.416935 54.764947
0.211921 0.645972 0.458292 0.267905 0.957225 54.764947
0.257621 0.606195 0.115808 0.075257 0.762714 60.399317
0.254098 0.475435 0.596414 0.077328 0.521531 60.178642
0.126173 0.632747 0.704243 0.700485 0.966166 60.178642
0.148451 0.668310 0.686372 0.213342 0.140302 60.178642
0.193431 0.598163 0.010000 0.445863 0.678846 62.831752
0.163193 0.694042 0.066843 0.445863 0.728909 60.832220
0.222465 0.629154 0.115419 0.454569 0.746559 61.129818
0.177573 0.599578 0.153171 0.540511 0.831599 60.359504
0.766635 0.710778 0.735740 0.260366 0.540343 60.474803
0.152223 0.677740 0.062807 0.242732 0.709597 63.051274
0.205498 0.617818 0.126696 0.147283 0.684660 60.415639
0.195440 0.629154 0.188067 0.330971 0.984034 60.724429
0.205638 0.681536 0.143703 0.503451 0.695547 61.432186
0.152099 0.743155 0.116449 0.277871 0.732860 60.552540
0.205796 0.697620 0.194188 0.191804 0.716091 61.578212
0.084641 0.691942 0.217015 0.236411 0.829768 60.920248
0.074661 0.693890 0.232564 0.249036 0.660357 60.811672
0.151294 0.656682 0.165279 0.226713 0.760195 61.896484
0.135869 0.674234 0.173537 0.165106 0.827374 61.570328
0.198482 0.634011 0.180095 0.464278 0.656368 60.970456
0.136671 0.514316 0.120320 0.371138 0.825970 60.178642
0.099815 0.696579 0.123951 0.292955 0.924190 60.987993
0.215813 0.748766 0.577229 0.035819 0.865452 60.321980
0.233554 0.810707 0.540603 0.000000 0.613736 60.321980
0.075361 1.000000 0.619539 0.000000 0.585040 60.321980
0.266355 0.784844 0.619927 0.000000 0.831998 60.321980
0.151849 0.843432 0.590105 0.160178 0.933724 60.321980
0.178320 0.807175 0.530064 0.041600 0.981986 60.321980
0.190797 0.866290 0.569514 0.491163 1.000000 60.321980
0.144449 0.996380 0.580061 0.246399 0.602043 60.321980
0.200776 0.864411 0.742701 0.198946 1.000000 60.321980
0.156333 0.927247 0.660917 0.000000 0.849693 60.321980
0.193553 0.869704 0.669299 0.152961 0.822506 60.321980
0.188939 0.879558 0.614843 0.000000 0.993866 60.321980
0.300570 0.881514 0.590340 0.256756 0.953473 60.321980
0.156171 0.982088 0.553760 0.039814 0.417671 60.321980
0.209612 0.654475 0.524171 0.000000 0.639149 60.321980
0.241127 0.860823 0.665174 0.234883 1.000000 60.321980
0.235886 0.839115 0.628960 0.113766 0.798884 60.321980
0.252604 0.790485 0.554569 0.106731 0.404580 60.321980
0.188706 1.000000 0.610142 0.216270 0.811941 60.321980
0.261546 0.734191 0.580369 0.000000 0.961582 60.321980
0.241476 0.836271 0.556250 0.125733 0.568443 60.321980
0.277496 0.881884 0.514773 0.486891 0.827939 60.321980
0.226647 1.000000 0.522512 0.034630 0.641240 60.321980
0.156897 0.907414 0.549572 0.008318 0.389491 60.321980
0.265222 0.935947 0.594772 0.226634 1.000000 60.321980
0.257698 0.748004 0.529600 0.087797 1.000000 60.321980
0.179509 0.836146 0.660130 0.000000 0.906548 60.321980
0.124735 0.975785 0.557997 0.094625 0.714062 60.321980
0.260193 0.933501 0.559827 0.136743 1.000000 60.321980
0.182184 0.778563 0.535031 0.000000 0.418264 60.321980
0.142960 0.965483 0.537427 0.000000 0.773196 60.321980
0.160145 0.752209 0.568875 0.374268 1.000000 60.321980
0.169350 0.768459 0.606780 0.314997 0.900472 60.321980
0.303101 0.685687 0.557808 0.000000 0.784617 60.321980
0.265222 0.849137 0.526805 0.345473 0.503809 60.321980
0.288408 0.865168 0.593295 0.000000 1.000000 60.321980
0.258928 0.831170 0.530385 0.218227 1.000000 60.321980
0.135320 0.925291 0.594317 0.289639 0.958996 60.321980
0.246561 0.782839 0.564511 0.000000 0.730142 60.321980
0.255171 1.000000 0.588659 0.247070 1.000000 60.321980
0.211703 0.954577 0.553056 0.000000 0.502059 60.321980
0.092113 0.899147 0.529405 0.014752 0.922084 60.321980
0.087804 0.830177 0.574581 0.138041 0.724532 60.321980
0.143557 0.756476 0.634685 0.000000 0.712976 60.321980
0.210902 0.915883 0.520076 0.400167 1.000000 60.321980
0.254171 0.941779 0.637481 0.000000 0.754258 60.321980
0.197692 0.923167 0.587989 0.503580 0.772352 60.321980
0.227902 0.868451 0.564539 0.077360 1.000000 60.321980
0.220807 1.000000 0.674868 0.000000 0.723939 60.321980
0.265906 1.000000 0.616621 0.209284 1.000000 60.321980
0.239439 0.871947 0.583948 0.117145 1.000000 60.321980
0.069046 0.967551 0.553236 0.000000 0.703639 60.321980
0.185234 1.000000 0.705461 0.179118 0.971379 60.321980
0.185154 1.000000 0.597628 0.398423 0.868646 60.321980
0.160537 0.775064 0.531920 0.000000 0.919644 60.321980
0.226246 0.953202 0.692090 0.178315 1.000000 60.321980
0.167065 1.000000 0.673166 0.141768 0.758531 60.321980
0.245214 0.974673 0.618998 0.000000 0.803048 60.321980
0.154238 0.963144 0.674989 0.000000 0.809690 60.321980
0.269552 0.794055 0.610658 0.234436 0.640032 60.321980
0.135441 0.847381 0.557272 0.380589 1.000000 60.321980
0.261142 0.672047 0.552873 0.019038 0.794527 60.321980
0.286568 0.859199 0.680248 0.096477 0.951505 60.321980
0.193067 0.645009 0.048443 0.360920 0.650714 61.585562
0.244162 0.908833 0.629975 0.375243 0.738770 60.321980
0.197316 0.829470 0.628565 0.000000 0.716452 60.321980
0.088072 0.773203 0.590340 0.065530 0.933724 60.321980
0.231201 0.975781 0.730293 0.157464 0.963798 60.321980
0.229545 0.767423 0.526985 0.116642 1.000000 60.321980
0.250435 0.977953 0.702147 0.214292 0.899124 60.321980
0.257190 0.914032 0.520492 0.242012 0.520914 60.321980
0.095856 0.783258 0.544080 0.143490 1.000000 60.321980
0.201667 0.751412 0.570806 0.319717 0.966918 60.321980
0.125068 0.808390 0.570932 0.105361 0.895824 60.321980
0.205208 0.668925 0.549349 0.000000 0.831178 60.321980
0.190855 0.854128 0.603332 0.181275 1.000000 60.321980
0.134172 0.915327 0.517940 0.024650 1.000000 60.321980
0.138049 0.847381 0.530842 0.306882 0.899373 60.321980
0.130251 0.724132 0.576324 0.141434 0.765832 60.321980
0.147406 0.995288 0.593492 0.478645 0.851320 60.321980
0.305219 0.853090 0.533703 0.240701 0.862231 60.321980
0.161614 0.985264 0.630443 0.358374 0.947929 60.321980
0.255749 0.985051 0.531342 0.315559 0.753140 60.321980
0.197769 0.935832 0.640705 0.477508 0.936477 60.321980
0.239785 1.000000 0.542864 0.414733 0.893899 60.321980
0.172334 0.847001 0.575036 0.029513 0.930148 60.321980
0.134569 0.850164 0.614039 0.000000 0.551750 60.321980
0.160518 0.892605 0.585704 0.375919 1.000000 60.321980
0.290861 0.871905 0.691881 0.000000 0.925119 60.321980
0.234533 0.815433 0.559279 0.513512 0.707216 60.321980
0.300397 0.697902 0.561146 0.074170 0.731521 60.321980
0.144449 0.899286 0.552984 0.289451 0.743387 60.321980
0.251361 0.922285 0.711333 0.153926 1.000000 60.321980
0.182068 1.000000 0.679948 0.344639 0.920825 60.321980
0.182956 0.877531 0.634914 0.131361 0.607135 60.321980
0.254237 0.674900 0.527242 0.000000 0.643906 60.321980
0.128020 0.927001 0.553257 0.000000 0.531748 60.321980
0.200100 0.810028 0.604016 0.000000 0.595369 60.321980
0.196930 1.000000 0.521412 0.288701 0.425035 60.321980
0.277719 1.000000 0.587856 0.021771 1.000000 60.321980
0.081289 0.851149 0.562292 0.112980 0.711317 60.321980
0.187113 0.704253 0.608354 0.202125 0.683022 60.321980
0.091840 0.945878 0.620125 0.025032 0.847461 60.321980
0.241662 0.830971 0.620322 0.180011 0.726008 60.321980
0.101468 0.951977 0.564541 0.247699 0.899514 60.321980
0.238046 0.792522 0.724938 0.000000 0.764384 60.321980
0.295686 1.000000 0.530761 0.040717 0.764563 60.321980
0.150184 0.733254 0.567269 0.273266 0.774025 60.321980
0.255800 0.842880 0.544934 0.000000 0.492014 60.321980
0.258649 0.832183 0.656196 0.166257 0.751168 60.321980
0.235956 0.786998 0.732760 0.000000 0.937098 60.321980
0.247693 1.000000 0.524998 0.139019 0.351710 60.321980
0.277037 0.887855 0.521857 0.000000 1.000000 60.321980
0.257005 0.965564 0.608054 0.020981 1.000000 60.321980
0.172471 0.901819 0.615006 0.360411 0.812760 60.321980
0.255101 0.934623 0.704061 0.277332 0.977233 60.321980
0.257361 0.967756 0.536004 0.019065 0.561590 60.321980
0.280762 0.628517 0.530012 0.293434 0.594083 60.321980
0.158282 0.931989 0.545514 0.343344 1.000000 60.321980
0.259202 0.961790 0.534724 0.033630 0.756166 60.321980
0.271639 0.888627 0.668177 0.033630 0.701227 60.321980
0.218477 0.970822 0.582288 0.314976 0.819692 60.321980
0.212419 1.000000 0.559252 0.007801 0.891823 60.321980
0.232800 0.970516 0.594907 0.209466 0.973365 60.321980
0.244357 0.822481 0.584624 0.000000 0.925119 60.321980
0.230296 0.936818 0.773374 0.078246 0.890754 60.321980
0.247906 0.817227 0.530711 0.331043 0.542798 60.321980
0.221148 0.697197 0.612929 0.000000 0.904633 60.321980
0.171860 0.988341 0.636564 0.282049 0.810865 60.321980
0.208498 1.000000 0.521454 0.233628 1.000000 60.321980
0.262253 0.940527 0.579301 0.000000 1.000000 60.321980
0.207426 1.000000 0.618528 0.000000 0.545377 60.321980
0.235490 0.904747 0.655912 0.329008 0.803042 60.321980
0.261614 0.826016 0.565580 0.000000 1.000000 60.321980
0.248765 0.868669 0.555542 0.244468 0.753066 60.321980
0.179643 1.000000 0.600467 0.478645 0.788443 60.321980
0.190797 0.897171 0.601456 0.174297 0.983222 60.321980
0.223650 0.846179 0.559730 0.000000 0.496571 60.321980
0.254341 0.882966 0.588208 0.018670 0.904889 60.321980
0.134661 0.886449 0.626970 0.236677 0.739758 60.321980
0.145124 0.839855 0.608429 0.168864 1.000000 60.321980
0.168430 0.829180 0.514687 0.000000 1.000000 60.321980
0.141419 0.897171 0.596782 0.298289 0.813458 60.321980
0.099217 1.000000 0.582174 0.000000 0.705883 60.321980
0.234644 1.000000 0.532392 0.244780 0.830211 60.321980
0.221978 0.964887 0.593177 0.073651 0.585048 60.321980
0.234476 0.865219 0.728431 0.237124 0.880338 60.321980
0.235768 0.866293 0.585567 0.433309 0.819376 60.321980
0.235661 0.964887 0.584983 0.277117 0.586086 60.321980
0.131203 1.000000 0.596150 0.000000 0.458485 60.321980
0.131245 0.915327 0.556488 0.183248 0.746642 60.321980
0.241247 0.823414 0.617595 0.315354 1.000000 60.321980
0.140322 0.929930 0.583171 0.254625 0.813093 60.321980
0.182123 0.915650 0.655650 0.000000 0.663506 60.321980
0.285657 0.816527 0.534963 0.284559 0.602234 60.321980
0.146388 0.995966 0.586825 0.349514 1.000000 60.321980
0.209011 1.000000 0.697775 0.078787 0.896935 60.321980
0.154144 0.844387 0.717087 0.000000 0.798338 60.321980
0.233331 0.925829 0.723337 0.101333 0.750350 60.321980
0.181547 0.769920 0.546495 0.000000 0.665485 60.321980
0.229980 0.728826 0.554978 0.152688 0.519093 60.321980
0.078943 0.948196 0.584448 0.000000 0.814631 60.321980
0.174948 0.727425 0.563700 0.320003 0.681533 60.321980
0.239402 0.933122 0.665950 0.173355 0.871962 60.321980
0.185234 1.000000 0.647121 0.000000 0.844829 60.321980
0.162851 0.981030 0.527901 0.441614 0.965353 60.321980
0.272139 0.717352 0.519696 0.244468 0.785800 60.321980
