# gen=50 mediating population
# x0..x(D-1) f0 f1 consensus
0.579471 0.214892 0.210787 0.598599 1.000000 6.078077 6.501235 6.078077
0.519137 0.165363 0.153895 0.807795 0.605708 6.078077 9.983514 6.078077
0.527655 0.192618 0.062025 1.000000 1.000000 6.078077 6.120017 6.078077
0.624896 0.157262 0.147038 1.000000 0.444496 6.078077 6.323432 6.078077
0.624871 0.274809 0.084725 0.872985 0.749667 6.078077 22.102819 6.078077
0.538367 0.751225 0.208442 0.580824 0.336273 1.809531 4.678931 1.809531
0.743215 0.257235 0.023969 0.863800 0.879402 6.078077 6.984723 6.078077
0.610568 0.165858 0.049617 1.000000 0.610824 6.078077 7.424204 6.078077
0.891301 0.315122 0.713358 0.249232 0.300196 8.268838 25.608501 8.268838
0.700829 0.272021 0.790651 0.565121 0.280319 6.137790 9.383089 6.137790
0.652044 0.166106 0.135302 0.784332 0.825835 6.078077 22.613927 6.078077
0.846555 0.200521 0.107508 0.856458 1.000000 6.078077 6.834473 6.078077
0.718259 0.315119 0.163069 0.519909 0.896862 6.078077 9.526568 6.078077
1.000000 0.101084 0.054109 0.600509 0.555237 6.078077 4.805985 4.805985
0.600549 0.280271 0.243141 0.757129 0.862183 6.078077 10.487976 6.078077
0.508977 0.276758 0.032459 0.888217 0.780144 6.078077 6.942917 6.078077
0.718585 0.378358 0.810950 0.468376 0.287270 5.401706 11.729442 5.401706
0.899466 0.143899 0.167305 0.705119 0.824415 6.078077 6.205875 6.078077
0.624896 0.292086 0.089970 1.000000 0.832258 6.078077 12.049047 6.078077
0.458524 0.181882 0.087506 1.000000 0.885202 6.078077 7.167762 6.078077
0.742410 0.357848 0.723650 0.428001 0.119160 27.648978 30.347588 27.648978
0.556896 0.182582 0.013199 0.870502 0.691505 6.078077 6.901116 6.078077
0.554470 0.319463 0.235488 0.714990 0.703885 6.078077 7.909901 6.078077
0.950489 0.135020 0.548694 0.596500 0.595360 6.078077 4.122066 4.122066
0.756239 0.044716 0.107508 1.000000 1.000000 6.078077 4.888001 4.888001
0.872142 0.284677 0.513918 0.450484 0.352476 6.078077 6.787663 6.078077
0.538279 0.284444 0.215379 1.000000 0.584968 6.078077 7.149203 6.078077
0.768981 0.288911 0.777053 0.090000 0.097269 8.098528 7.916322 7.916322
0.484529 0.135561 0.354537 0.526789 0.522802 6.078077 4.805985 4.805985
0.931868 0.258376 0.000000 0.466831 0.156122 6.078077 4.805985 4.805985
0.563593 0.589288 0.781235 0.804191 0.868089 13.177471 10.941039 10.941039
0.832983 0.226561 0.128347 0.573800 0.814382 6.078077 10.113395 6.078077
0.723833 0.307632 0.549826 0.252230 0.528115 6.997848 7.145646 6.997848
0.516205 0.134062 0.112932 0.722140 0.835931 6.078077 8.643681 6.078077
0.578259 0.127952 0.066607 0.629903 0.712927 6.078077 6.303075 6.078077
0.847716 0.325005 0.088799 0.920789 0.873519 6.078077 6.975715 6.078077
0.939131 0.394671 0.332178 0.000000 0.458245 6.426374 4.805985 4.805985
0.711012 0.348844 0.184149 0.710469 0.981725 6.078077 8.665843 6.078077
0.727129 0.039251 0.672194 0.612665 0.314982 4.149443 4.122066 4.122066
0.685791 0.790587 0.313694 0.034234 0.068911 1.809531 1.609929 1.609929
0.864636 0.241291 0.750694 0.115012 0.265250 6.814250 10.184412 6.814250
0.714186 0.320167 0.069872 0.819028 0.979201 6.078077 7.286202 6.078077
0.633016 0.269423 0.000000 0.768977 0.850864 6.078077 6.151500 6.078077
0.667512 0.160330 0.115406 0.585685 0.761681 6.078077 10.519446 6.078077
0.906562 0.294508 0.528431 0.330415 0.253446 6.078077 7.579289 6.078077
0.612505 0.249817 0.078851 0.559576 0.866109 6.078077 10.124833 6.078077
0.555932 0.625265 0.766573 0.757586 0.724060 52.377682 51.360717 51.360717
0.615841 0.619389 0.861872 0.638679 0.716404 16.000768 16.334009 16.000768
0.778021 0.177972 0.069443 1.000000 0.951365 6.078077 6.946661 6.078077
0.895324 0.164093 0.163363 0.738328 0.665869 6.078077 6.728294 6.078077
0.581790 0.627133 0.792050 0.682642 0.843369 13.532511 18.272668 13.532511
0.922439 0.399357 0.782204 0.293532 0.274233 4.260562 8.332807 4.260562
0.511690 0.376522 0.103793 0.944068 0.903111 6.078077 6.227801 6.078077
0.475739 0.144972 0.139261 0.688230 0.633490 6.078077 6.394305 6.078077
0.785722 0.293485 0.665346 0.619654 0.409986 9.583697 7.097627 7.097627
0.717756 0.244137 0.074433 1.000000 0.475304 6.078077 6.781604 6.078077
0.498068 0.009620 0.089332 0.738170 0.724503 6.078077 4.805985 4.805985
0.785278 0.424848 0.618363 0.528944 0.230661 7.457789 7.165862 7.165862
0.826527 0.321328 0.214259 0.794849 0.852511 6.078077 9.665941 6.078077
0.596294 0.291190 0.035812 0.730580 1.000000 6.078077 6.124854 6.078077
0.815744 0.886353 0.215021 0.624226 0.967665 1.809531 3.453416 1.809531
0.600173 0.373157 0.196011 0.816976 0.863518 6.078077 8.429935 6.078077
0.517547 0.246838 0.044360 0.656528 0.882422 6.078077 7.576354 6.078077
0.679231 0.140832 0.167077 0.916445 0.960927 6.078077 9.769341 6.078077
0.816522 0.437407 0.052360 0.525922 0.651362 6.078077 3.453416 3.453416
0.952152 0.088968 0.598001 0.339058 0.846270 4.149443 4.122066 4.122066
0.891064 0.731693 0.003606 0.309324 0.696629 1.809531 3.453416 1.809531
0.580291 0.314174 0.114652 0.429981 0.713136 6.078077 6.894375 6.078077
0.689593 0.170536 0.000000 0.708214 1.000000 6.078077 4.836869 4.836869
0.514609 0.535035 0.139946 0.801669 0.933585 1.809531 3.453416 1.809531
0.651634 0.375339 0.138753 0.710915 0.849583 6.078077 11.663454 6.078077
0.623571 0.687366 0.819760 0.861818 0.705507 7.522034 9.672258 7.522034
0.847955 0.891370 0.685799 0.627413 0.806364 1.043228 1.311782 1.043228
0.704152 0.292228 0.107452 0.413076 0.839362 6.078077 7.246035 6.078077
0.647077 0.224705 0.734345 0.230032 0.441519 5.696754 7.597055 5.696754
0.767094 0.269374 0.172232 0.489818 0.621060 6.078077 6.970718 6.078077
0.378561 0.092403 0.614363 0.094620 0.086055 1.744522 4.122066 1.744522
0.698064 0.346608 0.118383 1.000000 0.761948 6.078077 8.747441 6.078077
0.154578 0.126931 0.031634 0.335894 0.663191 1.744522 4.736772 1.744522
0.650147 0.384226 0.106863 0.610743 0.749686 6.078077 7.465391 6.078077
0.530810 0.306604 0.611232 0.573472 0.311299 4.149443 4.222130 4.149443
0.872103 0.124391 0.672215 0.302837 0.485563 4.669592 4.379550 4.379550
0.795608 0.360568 0.486959 0.693295 0.136892 6.078077 4.620030 4.620030
0.834757 0.416975 0.739445 0.133739 0.232753 4.624400 7.351339 4.624400
0.753510 0.387816 0.118832 0.694474 0.631058 6.078077 6.313646 6.078077
0.814386 0.289165 0.512538 0.373065 0.086083 6.078077 6.958372 6.078077
0.639554 0.125547 0.204911 0.788799 0.584138 6.078077 6.362821 6.078077
0.721823 0.102302 0.130437 0.152412 0.396585 6.078077 4.805985 4.805985
0.534959 0.363109 0.065852 0.704705 0.793836 6.078077 6.515770 6.078077
0.500112 0.286584 0.180229 1.000000 0.896500 6.078077 9.465516 6.078077
0.734524 0.386735 0.192995 1.000000 0.881225 6.078077 6.198952 6.078077
0.759856 0.228766 0.113918 0.915328 0.609749 6.078077 15.985344 6.078077
0.572514 0.041048 0.015975 0.909186 0.848831 6.078077 4.981896 4.981896
0.793708 0.254092 0.271046 0.744444 0.375907 6.078077 4.805985 4.805985
0.610148 0.267135 0.253651 1.000000 0.870446 6.078077 7.260119 6.078077
0.610140 0.252863 0.552113 0.389993 0.272845 6.078077 6.174791 6.078077
0.722006 0.157639 0.154648 0.488463 0.783694 6.078077 6.351330 6.078077
0.647518 0.228733 0.096982 1.000000 1.000000 6.078077 9.207878 6.078077
0.782561 0.131138 0.168215 0.634118 0.668999 6.078077 6.863094 6.078077
0.678385 0.402312 0.167781 0.955965 0.224824 6.078077 4.805985 4.805985
0.690253 0.260418 0.247507 0.588327 0.599566 6.078077 6.347387 6.078077
0.705544 0.285465 0.515952 0.455382 0.177008 6.078077 7.174930 6.078077
0.701892 0.006709 0.628617 0.448838 0.433431 4.149443 4.122066 4.122066
0.005222 0.153443 0.118433 0.785502 0.232164 1.744522 4.736772 1.744522
0.491647 0.300839 0.110550 0.818422 1.000000 6.078077 7.465038 6.078077
0.589839 0.104935 0.201744 0.702633 0.793284 6.078077 6.106032 6.078077
0.818466 0.263605 0.790192 0.248124 0.402829 7.051930 15.210830 7.051930
0.598976 0.237960 0.186685 0.905946 1.000000 6.078077 9.867637 6.078077
0.549180 0.260511 0.139302 0.453161 0.820696 6.078077 7.873665 6.078077
0.503488 0.351555 0.370240 0.756205 0.642901 6.078077 4.122066 4.122066
0.904557 0.346953 0.181987 0.218501 0.721355 6.099249 4.805985 4.805985
0.629654 0.166854 0.160854 0.699210 0.689077 6.078077 13.079055 6.078077
0.849688 0.289905 0.170325 0.753602 0.566415 6.078077 7.752757 6.078077
0.634416 0.225839 0.274851 0.561083 0.702371 6.078077 4.924370 4.924370
0.544100 0.176212 0.060360 0.901453 1.000000 6.078077 6.280972 6.078077
0.675323 0.103918 0.033660 0.991935 0.793199 6.078077 5.823286 5.823286
0.561599 0.315853 0.179496 0.576746 0.639967 6.078077 7.871161 6.078077
0.642937 0.199363 0.805844 0.016625 0.215804 4.319180 4.412550 4.319180
0.957588 0.828850 0.316898 0.479220 0.829614 1.809531 1.311782 1.311782
0.558347 0.077688 0.145267 0.866912 0.780563 6.078077 6.908444 6.078077
0.689413 0.147302 0.010382 0.560987 0.513485 6.078077 4.930732 4.930732
0.565528 0.269165 0.258255 0.825205 0.689308 6.078077 7.249784 6.078077
0.700308 0.229089 0.532418 0.478286 0.367305 6.137961 6.087452 6.087452
0.523756 0.200868 0.208264 0.371322 0.901108 6.078077 4.870750 4.870750
0.633502 0.150842 0.077262 0.679200 0.830160 6.078077 8.989458 6.078077
0.646460 0.361258 0.155834 0.778036 0.696188 6.078077 12.138415 6.078077
0.721226 0.366005 0.207403 0.356971 0.876462 6.078077 5.435212 5.435212
0.583774 0.115699 0.164852 0.837581 1.000000 6.078077 6.343675 6.078077
0.555284 0.193276 0.129118 1.000000 0.677091 6.078077 14.456508 6.078077
0.717397 0.216940 0.014436 0.865871 0.745473 6.078077 6.412963 6.078077
0.323093 0.492938 0.149382 0.157900 0.659378 2.821580 4.736772 2.821580
0.987848 0.113300 0.158635 0.132555 0.901108 6.078077 4.805985 4.805985
0.544015 0.245826 0.146219 0.872355 0.837028 6.078077 28.383287 6.078077
0.177654 0.421670 0.015939 0.867999 0.187519 2.821580 4.736772 2.821580
0.433889 0.387391 0.198606 0.892892 0.686401 6.078077 5.341809 5.341809
0.736212 0.297905 0.457521 0.584567 0.162793 6.078077 4.933987 4.933987
0.826974 0.420790 0.923921 0.170040 0.000000 4.149443 4.327204 4.149443
0.720802 0.262966 0.189766 0.543301 0.719923 6.078077 11.860285 6.078077
0.578011 0.225817 0.125584 0.629219 0.586607 6.078077 10.918119 6.078077
0.806058 0.291213 0.518060 0.405280 0.744572 22.402531 4.122066 4.122066
1.000000 0.233556 0.045785 1.000000 1.000000 6.078077 4.812054 4.812054
0.761544 0.284219 0.700920 0.289709 0.353780 35.518733 40.798726 35.518733
0.844667 0.392177 0.287295 0.545184 0.583107 6.078077 4.842879 4.842879
0.661050 0.273530 0.132206 0.636438 0.713592 6.078077 22.573962 6.078077
0.654255 0.269618 0.240627 0.409763 0.275036 6.078077 4.805985 4.805985
0.091625 0.618357 0.032600 0.337802 0.203591 2.821580 4.736772 2.821580
0.566567 0.046329 0.181748 0.193005 0.456378 6.078077 4.805985 4.805985
0.470165 0.280893 0.190150 0.990757 0.283992 6.078077 4.805985 4.805985
0.435218 0.252204 0.220367 0.965945 0.979347 6.078077 5.566339 5.566339
0.641890 0.124097 0.242453 0.893012 0.727238 6.078077 6.153917 6.078077
0.693343 0.147173 0.028100 0.751135 0.492536 6.078077 5.249812 5.249812
0.729662 0.390195 0.684827 0.382719 0.236620 19.347844 19.897623 19.347844
0.749080 0.230136 0.518310 0.281341 0.265677 6.078077 7.314308 6.078077
0.273650 0.163027 0.254532 0.638956 0.389881 1.744522 4.736772 1.744522
0.663876 0.107356 0.259768 0.242441 0.331186 6.078077 4.805985 4.805985
0.840918 0.307379 0.709583 0.165121 0.146472 15.841297 16.326862 15.841297
0.574325 0.225947 0.197388 0.632412 0.760402 6.078077 12.635242 6.078077
0.607150 0.266589 0.422346 0.565984 0.896632 6.078077 4.122066 4.122066
0.888082 0.179341 0.185576 0.137778 0.171612 6.078077 4.805985 4.805985
0.581901 0.298511 0.270525 0.918409 0.982018 6.078077 5.339691 5.339691
0.784166 0.353397 0.579338 0.178894 0.101322 6.277263 8.731632 6.277263
0.627049 0.127262 0.198381 0.666372 0.935553 6.078077 6.180377 6.078077
0.168785 0.725264 0.913644 0.313342 0.026290 0.899027 0.927282 0.899027
0.757054 0.107073 0.119734 0.803656 0.868627 6.078077 7.731931 6.078077
0.592275 0.313873 0.125999 0.702753 0.527419 6.078077 8.262083 6.078077
0.501904 0.135561 0.000000 0.791335 0.811625 6.078077 5.187122 5.187122
0.611011 0.202728 0.085591 0.301917 0.327172 6.078077 4.805985 4.805985
0.967128 0.740593 0.087695 0.737644 0.031139 1.809531 3.453416 1.809531
0.723793 0.322528 0.573202 0.714734 0.044071 4.150132 5.434564 4.150132
0.881581 0.340839 0.506847 0.656167 0.334285 6.078077 4.509611 4.509611
0.468542 0.882688 0.014963 0.480417 0.375434 1.809531 5.765515 1.809531
0.813729 0.391193 0.600036 0.403969 0.099736 7.233724 10.388358 7.233724
0.683813 0.167197 0.155761 0.581382 0.547261 6.078077 6.482920 6.078077
0.525117 0.548634 0.866163 0.016305 0.272943 1.043228 1.609929 1.043228
0.666902 0.324006 0.640586 0.100760 0.244784 7.535617 7.643679 7.535617
0.461679 0.273888 0.157443 0.696036 0.862308 6.078077 10.121318 6.078077
0.720060 0.210695 0.254179 0.913392 0.936491 6.078077 6.989714 6.078077
0.012944 0.554756 0.224764 0.713071 0.420911 2.971984 4.736772 2.971984
0.702652 0.279046 0.710803 0.443356 0.265138 18.485961 28.165656 18.485961
0.322241 0.859092 0.051876 0.333592 0.699518 2.821580 1.027139 1.027139
0.713754 0.294632 0.197432 0.839784 0.666318 6.078077 18.206884 6.078077
0.134489 0.011727 0.027827 0.176675 0.179231 1.744522 4.736772 1.744522
0.626034 0.046029 0.268330 0.441113 0.010935 6.078077 4.805985 4.805985
0.508357 0.293437 0.077586 0.327502 0.694747 6.078077 5.055323 5.055323
0.711559 0.284674 0.232347 0.727691 0.595397 6.078077 8.234113 6.078077
0.307378 0.829128 0.025892 0.575053 0.349019 2.821580 2.195919 2.195919
0.535037 0.158730 0.111980 1.000000 0.527662 6.078077 6.970898 6.078077
0.557956 0.406025 0.000000 0.780724 0.916198 6.078077 4.805985 4.805985
0.374572 0.295509 0.791113 0.841053 0.373280 1.744522 4.122066 1.744522
0.541957 0.229906 0.192844 0.739833 1.000000 6.078077 8.645061 6.078077
0.780459 0.312552 0.000000 1.000000 0.591637 6.078077 4.805985 4.805985
0.796857 0.415194 0.982671 0.428171 0.482109 4.149443 4.122066 4.122066
0.786793 0.228912 0.623932 0.146629 0.354424 7.576898 10.109590 7.576898
0.764942 0.272398 0.484023 0.371391 0.500145 9.493461 4.638245 4.638245
0.651602 0.280064 0.086916 0.588171 1.000000 6.078077 8.477988 6.078077
0.441300 0.137164 0.000000 0.938215 0.762771 6.078077 4.973074 4.973074
0.765680 0.304746 0.679231 0.510246 0.361997 21.131836 17.076984 17.076984
0.542974 0.108739 0.345709 0.651075 0.698222 6.078077 4.805985 4.805985
0.834935 0.200280 0.554208 0.416735 0.143213 6.078077 6.522203 6.078077
0.958941 0.264064 0.000000 0.772767 0.921915 6.078077 4.805985 4.805985
0.709455 0.181113 0.232458 0.643776 0.750625 6.078077 8.123805 6.078077
0.748867 0.106283 0.108913 0.961023 0.410897 6.078077 5.240067 5.240067
0.700130 0.405817 0.709421 0.436023 0.150047 11.112212 13.934827 11.112212
0.050390 0.208911 0.476808 0.260450 0.465423 1.744522 4.958773 1.744522
0.569185 0.163540 0.206368 0.587212 0.657931 6.078077 6.179964 6.078077
0.565791 0.389153 0.133264 0.828852 0.591996 6.078077 6.490446 6.078077
0.449655 0.272782 0.092585 0.900809 0.516816 6.078077 6.017967 6.017967
0.560819 0.540442 0.438056 0.314046 0.868958 1.809531 2.593423 1.809531
0.884556 0.222078 0.110523 1.000000 1.000000 6.078077 6.102632 6.078077
0.476744 0.309187 0.213790 0.764150 0.594026 6.078077 6.229062 6.078077
0.716923 0.340348 0.129839 0.595610 0.515924 6.078077 6.336538 6.078077
0.619890 0.128311 0.052511 0.757065 0.649746 6.078077 7.166591 6.078077
0.752202 0.316946 0.668720 0.324759 0.186659 46.765889 58.056271 46.765889
0.808093 0.379199 0.716323 0.398335 0.000000 12.241906 12.195947 12.195947
0.852508 0.119154 0.315057 0.757331 0.599511 6.078077 4.805985 4.805985
0.556896 0.182582 0.013199 0.870502 0.691505 6.078077 6.901116 6.078077
0.868511 0.888837 0.588431 0.771395 0.198568 1.043228 1.311782 1.043228
0.686412 0.201873 0.269293 0.708257 1.000000 6.078077 5.204675 5.204675
0.923647 0.231415 0.691776 0.220632 0.230294 5.405605 8.462603 5.405605
0.642769 0.336213 0.054725 0.560987 0.660779 6.078077 6.046050 6.046050
0.563426 0.229519 0.289839 0.839447 0.575453 6.078077 5.179696 5.179696
0.786677 0.275067 0.776754 0.295420 0.000000 10.328845 15.222716 10.328845
0.888855 0.289678 0.261486 0.770880 0.670267 6.078077 5.674974 5.674974
0.342574 0.025804 0.415630 0.408139 0.790053 1.744522 4.736772 1.744522
0.876638 0.403068 0.549513 0.429521 0.278005 6.078077 6.524493 6.078077
0.705178 0.322072 0.787303 0.142084 0.258808 6.118314 13.447984 6.118314
0.921731 0.270715 0.955035 0.969081 0.424371 4.149443 4.122066 4.122066
0.824643 0.313587 0.027499 0.582885 0.947163 6.078077 5.216467 5.216467
0.660454 0.355553 0.129938 0.409560 0.660779 6.078077 5.833355 5.833355
0.483209 0.293675 0.235937 1.000000 0.689861 6.078077 6.410115 6.078077
0.752314 0.325759 0.684105 0.126529 0.343636 9.016588 19.565897 9.016588
0.650375 0.056370 0.978279 0.408787 0.151719 4.149443 4.122066 4.122066
0.503301 0.233509 0.133091 0.490325 0.585461 6.078077 5.823921 5.823921
0.466108 0.558201 0.824864 0.743178 0.686233 14.249195 17.989478 14.249195
0.983562 0.249170 0.285232 0.867986 0.659120 6.078077 4.805985 4.805985
0.835157 0.417388 0.748813 0.464991 0.431361 4.149443 6.238556 4.149443
0.684299 0.394579 0.177929 0.496802 0.768700 6.078077 6.280351 6.078077
0.158920 0.549365 0.234036 0.542181 0.940053 2.821580 4.736772 2.821580
0.607457 0.082608 0.567950 0.585025 0.088113 4.149443 4.122066 4.122066
0.739497 0.361519 0.729447 0.604467 0.264758 10.650854 9.585002 9.585002
0.510241 0.608885 0.854138 0.770306 0.868292 6.542700 6.231179 6.231179
0.587028 0.179470 0.237567 0.799642 0.465862 6.078077 5.172515 5.172515
0.995662 0.772904 0.864609 0.712784 0.211134 1.043228 1.311782 1.043228
0.755838 0.218487 0.008211 0.209211 0.748183 6.078077 4.805985 4.805985
0.818454 0.299387 0.724317 0.402663 0.268055 50.065820 47.320785 47.320785
0.758386 0.277541 0.617709 0.079077 0.009639 5.212019 5.374768 5.212019
0.455614 0.059658 0.161719 0.311493 0.698166 6.078077 4.805985 4.805985
0.632969 0.243573 0.121782 0.486084 0.651442 6.078077 8.458219 6.078077
1.000000 0.163157 0.000000 0.522981 0.201501 6.078077 4.805985 4.805985
0.631157 0.224051 0.171953 0.344317 0.522441 6.078077 4.965874 4.965874
0.579884 0.599885 0.838651 0.687630 0.612489 33.339099 49.475205 33.339099
0.990050 0.424101 0.097203 0.252738 0.007274 6.078077 4.805985 4.805985
0.684886 0.213038 0.603562 0.593435 0.385355 4.149443 5.164639 4.149443
0.513636 0.282987 0.056699 1.000000 0.931521 6.078077 6.224775 6.078077
0.803608 0.311935 0.779253 0.539377 0.197712 11.901363 14.655314 11.901363
0.722099 0.405683 0.251145 0.386081 0.993572 6.078077 4.805985 4.805985
0.788867 0.406938 0.826482 0.277152 0.137680 4.149443 9.098315 4.149443
0.895615 0.290432 0.719126 0.492940 0.172663 7.775280 13.051762 7.775280
0.995823 0.048809 0.187715 0.513790 0.467712 6.078077 4.805985 4.805985
0.793199 0.229745 0.702308 0.069814 0.409375 6.995213 8.705064 6.995213
0.940071 0.415793 0.044948 0.393257 0.925916 6.078077 4.805985 4.805985
0.676901 0.402094 0.459589 0.164215 0.235558 6.078077 4.339483 4.339483
0.378447 0.371993 0.974104 0.061476 0.582961 0.839491 4.122066 0.839491
0.771301 0.249683 0.696541 0.428723 0.430018 20.082812 12.165253 12.165253
0.559104 0.545739 0.764116 0.868013 0.713406 13.339144 14.284313 13.339144
0.632382 0.289735 0.545386 0.424916 0.425061 6.078077 6.139893 6.078077
0.922646 0.326213 0.352518 0.321981 0.445280 6.510373 4.805985 4.805985
0.873291 0.195029 0.180875 0.407316 0.381629 6.078077 4.805985 4.805985
0.642202 0.520269 0.804861 0.780399 0.779423 6.481535 11.806883 6.481535
0.661836 0.324117 0.259954 0.467475 0.712841 6.078077 4.920056 4.920056
0.827863 0.347931 0.556081 0.125936 0.280734 6.078077 7.812446 6.078077
0.286752 0.936158 0.133273 0.422408 0.144825 3.143540 1.027139 1.027139
0.781612 0.320801 0.642579 0.570191 0.181721 7.082042 15.580329 7.082042
0.698272 0.407006 0.675187 0.209856 0.287970 6.782143 9.220304 6.782143
0.521279 0.000000 0.000000 0.820225 1.000000 6.078077 4.805985 4.805985
0.855914 0.510989 0.000120 0.907612 0.670879 1.809531 3.453416 1.809531
0.614432 0.014216 0.083677 0.388509 0.697916 6.078077 4.805985 4.805985
0.488521 0.463726 0.711524 0.803264 0.678184 3.508044 5.122228 3.508044
0.818324 0.269689 0.748823 0.000000 0.216746 5.652528 6.683646 5.652528
0.776975 0.278697 0.898065 0.000000 0.000000 4.149443 4.122066 4.122066
0.451101 0.341442 0.513540 0.103759 0.857201 6.078077 4.122066 4.122066
0.500182 0.603621 0.707849 0.733443 0.607554 9.761997 16.163791 9.761997
0.815481 0.827889 0.894969 0.544116 0.964103 1.043228 1.311782 1.043228
0.850876 0.271227 0.240742 0.674140 0.000000 6.078077 4.805985 4.805985
0.607311 0.209366 0.149071 0.358992 0.825820 6.078077 6.021688 6.021688
0.799182 0.402604 0.813653 0.000000 0.232542 4.149443 4.876084 4.149443
0.724764 0.351238 0.800424 0.227955 0.063158 8.642835 11.788449 8.642835
0.860093 0.062503 0.074576 0.509685 0.622783 6.078077 4.805985 4.805985
0.748024 0.478228 0.546891 0.173285 0.286719 1.043228 1.609929 1.043228
0.118759 0.991511 0.213468 0.659907 0.598558 10.702943 1.027139 1.027139
0.571059 0.200058 0.000000 1.000000 1.000000 6.078077 5.046596 5.046596
0.785763 0.363171 0.119935 0.924070 0.982033 6.078077 6.116335 6.078077
0.986454 0.581284 0.977513 0.781171 0.069181 1.043228 1.311782 1.043228
0.883088 0.304949 0.000000 0.188250 1.000000 6.078077 4.805985 4.805985
0.810871 0.226784 0.672215 0.543035 0.497235 8.218140 5.517039 5.517039
0.965846 0.317428 0.370361 0.368494 0.167898 6.078077 4.122066 4.122066
0.719431 0.454820 0.092372 0.239300 0.426881 6.078077 3.453416 3.453416
0.751819 0.355558 0.804936 0.485356 0.000000 6.286731 11.718610 6.286731
0.604065 0.248995 0.140639 0.658549 0.892909 6.078077 20.334911 6.078077
0.453730 0.147208 0.170006 0.842029 0.800068 6.078077 7.494416 6.078077
