# Party-1 optima (Phase 1b)
# x0..x(D-1) party_fit f0 f1 consensus
0.070868 0.142093 0.746069 0.140233 0.368917 13.328248 1.744522 13.328248 1.744522
0.043818 0.561015 0.864403 0.788722 0.140256 7.105095 0.839491 7.105095 0.839491
0.133073 0.437320 0.693201 0.548119 0.658048 7.105095 0.839491 7.105095 0.839491
0.239082 0.287637 0.875783 0.984003 0.379372 7.105095 1.744522 7.105095 1.744522
0.226903 0.098633 0.969488 0.656167 0.757519 7.105095 1.744522 7.105095 1.744522
0.116766 0.544523 0.870901 0.084790 0.100742 7.105095 0.863769 7.105095 0.863769
0.235346 0.632675 0.793368 0.036330 0.496706 7.105095 1.306891 7.105095 1.306891
0.360697 0.124391 0.672215 0.728348 0.030109 7.105095 1.744522 7.105095 1.744522
