# Party-0 optima (Phase 1b)
# x0..x(D-1) party_fit f0 f1 consensus
0.887614 0.285801 0.808435 0.047821 0.122603 0.614954 0.614954 0.204650 0.204650
0.646922 0.326398 0.700541 0.084800 0.137170 0.562998 0.562998 0.134942 0.134942
0.883932 0.362773 0.721525 0.603700 0.809763 0.538117 0.538117 0.411638 0.411638
0.727559 0.203899 0.537282 0.510099 0.860961 0.508499 0.508499 0.201677 0.201677
0.991362 0.930688 0.134751 0.862611 0.232600 0.477341 0.477341 0.115931 0.115931
0.589217 0.322188 0.731306 0.563623 0.928229 0.250616 0.250616 0.118993 0.118993
0.985359 0.962921 0.146019 0.035377 0.405480 0.247907 0.247907 0.137977 0.137977
0.781184 0.137522 0.676918 0.802128 0.785735 0.229341 0.229341 0.498759 0.229341
