# gen=400 party=0
# sp x0..x(D-1) party_fit
0 0.901127 0.617887 0.167380 0.636615 0.380927 0.440464 0.129351 0.934256 0.817096 0.602443 50.880730
1 0.658662 0.794509 0.307614 0.728260 0.966762 0.831917 0.615053 0.270906 0.128150 0.240953 50.880730
2 0.806833 0.649647 0.252364 0.803168 0.787023 0.703927 0.219954 0.169078 0.856414 0.507341 50.880730
3 0.913358 0.746729 0.290683 0.970713 0.655711 0.373279 0.751711 0.889095 0.176100 0.669344 50.880730
4 0.956225 0.930523 0.040883 0.898056 0.996436 0.855682 0.826893 0.480516 0.325914 0.553051 50.880730
5 0.944880 0.844865 0.436141 0.889893 0.790412 0.944917 0.701837 0.391134 0.610340 0.732821 50.880730
6 0.823822 0.893643 0.017995 0.795293 0.359693 0.905274 0.119375 0.380254 0.497468 0.838354 50.880730
7 0.930731 0.999397 0.418164 0.702628 0.440557 0.534124 0.431801 0.307553 0.947785 0.050263 50.880730
