# Consensus Archive (v3 basin-tagged)
# x0..x(D-1) f0 f1 consensus
0.833216 0.354329 79.192526 72.518047 72.518047
0.745278 0.379693 77.075115 27.968346 27.968346
0.651540 0.896686 61.438120 39.302150 39.302150
0.902357 0.357890 72.923511 27.968346 27.968346
0.740914 0.415591 37.652395 27.968346 27.968346
0.693886 0.372717 63.728650 27.968346 27.968346
0.719103 0.088568 27.968346 27.968346 27.968346
0.918388 0.585457 27.968346 27.968346 27.968346
0.792512 0.471077 27.968346 77.426103 27.968346
0.816737 0.377738 86.028628 89.671516 86.028628
0.496438 0.112409 27.968346 70.911210 27.968346
0.707733 0.522480 27.968346 27.968346 27.968346
0.960647 0.269575 27.968346 27.968346 27.968346
0.825158 0.367077 89.718828 83.424999 83.424999
0.582841 0.923981 52.112885 59.100446 52.112885
0.684627 0.248026 27.968346 27.968346 27.968346
0.636627 0.586951 27.968346 27.968346 27.968346
0.678372 0.167202 27.968346 27.968346 27.968346
0.816942 0.369170 89.999830 89.999937 89.999830
0.806474 0.353656 78.971554 74.756342 74.756342
0.810171 0.373908 88.632924 85.986736 85.986736
0.948075 0.465943 27.968346 27.968346 27.968346
0.970086 0.352586 51.046101 27.968346 27.968346
0.797147 0.392196 68.256874 68.120557 68.120557
0.939719 0.563768 27.968346 27.968346 27.968346
0.930344 0.233145 27.968346 27.968346 27.968346
0.775839 0.103349 27.968346 27.968346 27.968346
1.000000 0.249122 27.968346 27.968346 27.968346
0.652176 0.908880 49.201935 61.997004 49.201935
0.811552 0.349679 73.866979 82.828799 73.866979
0.622619 0.906897 70.835201 71.129023 70.835201
0.649739 0.568553 27.968346 27.968346 27.968346
0.485063 0.266489 27.968346 37.038077 27.968346
0.874744 0.026340 27.968346 29.298775 27.968346
0.947866 0.329957 37.124212 27.968346 27.968346
0.882977 0.585470 27.968346 27.968346 27.968346
0.757204 0.581083 27.968346 37.585879 27.968346
0.813471 0.300924 30.139952 67.441038 30.139952
0.786540 0.409179 46.998114 53.083072 46.998114
0.850851 0.209494 27.968346 61.797410 27.968346
0.796811 0.133183 27.968346 27.968346 27.968346
0.496438 0.217242 27.968346 61.710688 27.968346
0.808784 0.421986 37.175007 84.414590 37.175007
1.000000 0.139356 27.968346 27.968346 27.968346
0.656912 0.047410 27.968346 27.968346 27.968346
0.744940 0.524522 27.968346 29.209176 27.968346
0.960260 0.066697 27.968346 27.968346 27.968346
0.681134 0.125003 27.968346 27.968346 27.968346
0.696528 0.339699 55.383932 27.968346 27.968346
0.874958 0.191371 27.968346 38.152139 27.968346
0.783524 0.363961 87.168663 35.954800 35.954800
0.752351 0.131979 27.968346 27.968346 27.968346
0.846101 0.337179 56.228744 52.959308 52.959308
0.648092 0.407602 31.440517 27.968346 27.968346
0.796847 0.077793 27.968346 27.968346 27.968346
0.923114 0.306343 27.968346 27.968346 27.968346
0.857575 0.121369 27.968346 40.666116 27.968346
0.928483 0.075950 27.968346 27.968346 27.968346
0.811784 0.389322 72.623382 89.340719 72.623382
0.842575 0.166885 27.968346 45.281470 27.968346
0.500000 0.395811 27.968346 28.939157 27.968346
1.000000 0.070330 27.968346 27.968346 27.968346
0.761687 0.435420 28.522526 29.472919 28.522526
0.893248 0.318481 34.561713 27.968346 27.968346
0.838354 0.246311 27.968346 69.042492 27.968346
0.782433 0.231305 27.968346 27.968346 27.968346
0.667735 0.349462 54.156717 27.968346 27.968346
0.501287 0.357658 29.786148 33.043668 29.786148
0.872816 0.383642 79.754536 27.968346 27.968346
0.815394 0.197250 27.968346 27.968346 27.968346
0.872507 0.159411 27.968346 41.753588 27.968346
0.969184 0.106419 27.968346 27.968346 27.968346
0.978586 0.569468 27.968346 27.968346 27.968346
0.719831 0.265702 27.968346 27.968346 27.968346
0.642279 0.274060 27.968346 27.968346 27.968346
0.683457 0.079615 27.968346 27.968346 27.968346
0.965611 0.006655 27.968346 27.968346 27.968346
0.860809 0.322028 39.777768 35.834693 35.834693
0.909866 0.192051 27.968346 27.968346 27.968346
0.502953 0.365382 30.264405 30.697993 30.264405
0.677349 0.397857 47.006532 27.968346 27.968346
0.946350 0.192038 27.968346 27.968346 27.968346
0.684162 0.199034 27.968346 27.968346 27.968346
0.801133 0.270595 27.968346 31.299181 27.968346
0.823800 0.120070 27.968346 27.968346 27.968346
0.839432 0.440048 29.438125 30.882703 29.438125
0.832245 0.040275 27.968346 27.968346 27.968346
0.496928 0.159229 27.968346 67.481166 27.968346
1.000000 0.429457 27.968346 27.968346 27.968346
0.803484 0.003143 27.968346 27.968346 27.968346
0.898372 0.004584 27.968346 27.968346 27.968346
0.972474 0.395048 49.678533 27.968346 27.968346
0.042969 0.764060 26.076992 35.719230 26.076992
0.316637 0.765770 26.076992 22.124770 22.124770
0.654241 0.000000 27.968346 27.968346 27.968346
0.749440 0.079469 27.968346 27.968346 27.968346
0.609824 0.920691 66.819006 77.391169 66.819006
0.834912 0.090802 27.968346 27.968346 27.968346
0.720119 0.550673 27.968346 27.968346 27.968346
0.698324 0.006314 27.968346 27.968346 27.968346
0.898411 0.510579 27.968346 27.968346 27.968346
0.883459 0.417938 39.251197 27.968346 27.968346
0.706582 0.152500 27.968346 27.968346 27.968346
0.656912 0.234649 27.968346 27.968346 27.968346
0.865094 0.089066 27.968346 35.988596 27.968346
0.988641 0.287704 27.968346 27.968346 27.968346
0.762329 0.550654 27.968346 41.737059 27.968346
0.646543 0.327076 34.514767 27.968346 27.968346
0.739064 0.160602 27.968346 27.968346 27.968346
0.495231 0.320062 27.968346 46.223078 27.968346
0.984566 0.474233 27.968346 27.968346 27.968346
0.830806 0.313560 35.327321 85.549860 35.327321
0.788728 0.523251 27.968346 61.686868 27.968346
0.764763 0.207015 27.968346 27.968346 27.968346
0.906435 0.277331 27.968346 27.968346 27.968346
0.486215 0.030988 27.968346 49.166719 27.968346
0.827052 0.384680 78.844586 75.370909 75.370909
0.772543 0.711080 27.562767 25.636700 25.636700
0.964818 0.229677 27.968346 27.968346 27.968346
0.684512 0.302784 27.968346 27.968346 27.968346
0.595848 0.908953 55.631603 74.144788 55.631603
0.798755 0.332966 52.638420 51.121143 51.121143
0.817113 0.408226 49.172643 83.097206 49.172643
0.640759 0.448567 27.968346 27.968346 27.968346
0.923406 0.400067 54.828435 27.968346 27.968346
0.766627 0.263545 27.968346 27.968346 27.968346
0.676472 0.527272 27.968346 27.968346 27.968346
0.400676 0.932317 26.076992 39.788657 26.076992
0.901649 0.117272 27.968346 27.968346 27.968346
0.874419 0.267875 27.968346 32.403184 27.968346
0.848116 0.538842 27.968346 27.968346 27.968346
0.715939 0.207463 27.968346 27.968346 27.968346
0.892560 0.455958 27.968346 27.968346 27.968346
0.954271 0.419580 32.153338 27.968346 27.968346
0.644578 0.513887 27.968346 27.968346 27.968346
0.376392 0.914391 26.076992 29.201792 26.076992
0.793191 0.310613 34.144040 33.245804 33.245804
0.745701 0.338079 57.382873 27.968346 27.968346
1.000000 0.543761 27.968346 27.968346 27.968346
0.902094 0.147703 27.968346 27.968346 27.968346
0.706224 0.407525 40.807961 27.968346 27.968346
0.370371 0.883379 26.076992 32.602303 26.076992
0.741568 0.305008 29.986162 27.968346 27.968346
0.685872 0.559620 27.968346 27.968346 27.968346
0.648726 0.096467 27.968346 27.968346 27.968346
0.639538 0.126966 27.968346 27.968346 27.968346
0.711522 0.486201 27.968346 27.968346 27.968346
0.642839 0.189043 27.968346 27.968346 27.968346
0.947557 0.373233 62.206168 27.968346 27.968346
0.644245 0.372134 50.602392 27.968346 27.968346
0.692524 0.045410 27.968346 27.968346 27.968346
0.853460 0.577471 27.968346 27.968346 27.968346
0.815405 0.358968 84.671094 88.970051 84.671094
0.766397 0.032997 27.968346 27.968346 27.968346
0.954705 0.537114 27.968346 27.968346 27.968346
0.760596 0.491102 27.968346 35.463549 27.968346
0.480488 0.071446 27.968346 35.079749 27.968346
0.743173 0.463271 27.968346 27.968346 27.968346
0.984012 0.508381 27.968346 27.968346 27.968346
0.507425 0.285347 27.968346 31.411334 27.968346
0.831492 0.397302 62.393434 61.662074 61.662074
0.721476 0.034499 27.968346 27.968346 27.968346
0.668902 0.467561 27.968346 27.968346 27.968346
0.794099 0.163364 27.968346 27.968346 27.968346
0.886635 0.055781 27.968346 27.968346 27.968346
0.818018 0.327957 47.040564 83.402946 47.040564
0.642040 0.483827 27.968346 27.968346 27.968346
0.506099 0.265444 27.968346 35.008087 27.968346
0.747041 0.000000 27.968346 27.968346 27.968346
1.000000 0.357784 45.955242 27.968346 27.968346
1.000000 0.000000 27.968346 27.968346 27.968346
0.894710 0.240353 27.968346 27.968346 27.968346
0.852195 0.507673 27.968346 27.968346 27.968346
0.821032 0.494988 27.968346 39.275784 27.968346
0.800692 0.585401 27.968346 33.716436 27.968346
1.000000 0.315666 27.968346 27.968346 27.968346
1.000000 0.217734 27.968346 27.968346 27.968346
1.000000 0.185617 27.968346 27.968346 27.968346
0.939107 0.120768 27.968346 27.968346 27.968346
0.985626 0.036216 27.968346 27.968346 27.968346
0.700880 0.439667 27.968346 27.968346 27.968346
0.826583 0.338867 59.226344 86.700185 59.226344
0.700321 0.587768 27.968346 27.968346 27.968346
0.795590 0.045697 27.968346 27.968346 27.968346
0.736494 0.232782 27.968346 27.968346 27.968346
0.934601 0.027072 27.968346 27.968346 27.968346
0.819927 0.561521 27.968346 27.968346 27.968346
0.925903 0.434817 27.968346 27.968346 27.968346
0.837911 0.362645 87.361110 60.575524 60.575524
0.928900 0.163863 27.968346 27.968346 27.968346
1.000000 0.106000 27.968346 27.968346 27.968346
0.498311 0.000000 27.968346 52.718615 27.968346
0.926703 0.498692 27.968346 27.968346 27.968346
0.873080 0.480773 27.968346 27.968346 27.968346
0.034906 0.804154 26.076992 30.561817 26.076992
0.401310 1.000000 26.076992 31.054415 26.076992
0.900102 0.086988 27.968346 27.968346 27.968346
0.840521 0.000000 27.968346 27.968346 27.968346
0.880729 0.542834 27.968346 27.968346 27.968346
0.958142 0.146153 27.968346 27.968346 27.968346
