# gen=400 CA size=200
# x0..x(D-1) consensus
0.390947 0.609722 0.195860 0.540277 0.581523 20.358867
0.035246 0.614998 0.427704 0.312207 0.877404 11.400919
0.790020 0.005477 0.149252 0.526542 0.080405 11.400919
0.020365 0.795372 0.126487 0.264976 0.269025 7.488604
0.941542 0.390227 0.755756 0.896676 0.175323 10.364596
0.091304 0.915626 0.910570 0.995318 0.411457 11.400919
0.260614 0.123500 0.810267 0.297538 0.569832 11.400919
0.434930 0.877234 0.020638 0.663162 0.653190 11.400919
0.228961 0.143921 0.954931 0.521378 0.149230 13.603087
0.122054 0.810682 0.731817 0.622892 0.441349 11.400919
0.442277 0.086599 0.646334 0.598790 0.081115 11.400919
0.187691 0.227909 0.154702 0.343992 0.819290 11.400919
0.126558 0.415855 0.448501 0.084966 0.717709 11.400919
0.308890 0.340242 0.410738 0.486527 0.672711 11.400919
0.726444 0.865241 0.328179 0.353756 0.568774 11.400919
0.801316 0.608411 0.550553 0.974816 0.939364 8.136182
0.140420 0.096476 0.947790 0.606037 0.303634 12.844805
0.168056 0.082990 0.881596 0.606845 0.421155 14.812782
0.296279 0.556046 0.202161 0.544542 0.645192 12.549896
0.432620 0.497912 0.162309 0.579402 0.594398 17.021979
0.179056 0.097043 1.000000 0.682666 0.350764 13.805743
0.161686 0.143085 1.000000 0.676605 0.419027 13.676553
0.685938 0.734901 0.225782 0.364289 0.372390 17.440847
0.157885 0.102583 1.000000 0.668141 0.483515 12.508779
0.372028 0.613762 0.172229 0.671516 0.713776 14.652857
0.196968 0.120753 0.843689 0.721120 0.480252 14.529440
0.452601 0.665589 0.381508 0.815047 0.405457 20.593212
0.182093 0.182305 0.922014 0.583045 0.417904 13.350908
0.259491 0.156897 0.899005 0.474444 0.280987 13.528202
0.441432 0.583303 0.197964 0.607047 0.645377 23.254499
0.226769 0.109290 0.791402 0.532997 0.268382 13.135405
0.951223 0.278757 0.917247 0.886984 0.811517 15.341892
0.378572 0.584650 0.185549 0.553897 0.695335 12.865221
0.755258 0.705367 0.146875 0.433728 0.387832 20.208241
0.170939 0.122845 0.852970 0.611100 0.367697 30.229075
0.237328 0.119843 0.870125 0.640218 0.482380 12.540690
0.695561 0.701163 0.166033 0.438194 0.316218 20.213605
0.253438 0.136962 0.953967 0.620076 0.274336 17.693720
0.339771 0.609177 0.256732 0.616584 0.610584 13.383501
0.191744 0.095016 0.865403 0.697950 0.382161 24.595573
0.204327 0.145559 0.752795 0.634352 0.264172 17.675013
0.185698 0.166055 0.890660 0.618351 0.339535 20.908732
0.229885 0.131694 0.992966 0.592394 0.391433 15.661163
0.369786 0.620294 0.227603 0.619960 0.595901 13.511032
0.211848 0.122881 0.894906 0.600890 0.239162 31.159185
0.939821 0.257428 0.729316 0.926591 0.778181 18.165523
0.353369 0.554072 0.237885 0.560478 0.614314 20.147177
0.268010 0.131025 0.881438 0.616791 0.178258 12.639764
0.160891 0.083755 0.833192 0.646580 0.370607 15.499651
0.210820 0.128465 0.808053 0.606764 0.316577 37.289920
0.171812 0.156099 0.773022 0.651659 0.379887 16.301249
0.173899 0.692534 0.755869 0.510370 0.840260 23.059975
0.190642 0.097873 0.882790 0.657073 0.360145 39.124259
0.209729 0.579884 0.771042 0.526670 0.767996 16.891623
0.146382 0.157759 0.975582 0.637405 0.454788 13.065786
0.350064 0.479417 0.216268 0.540142 0.663853 17.864334
0.223053 0.174207 0.874948 0.664837 0.414366 13.451576
0.258605 0.112553 0.859700 0.591883 0.234721 26.628431
0.207245 0.105810 0.850683 0.524485 0.337455 13.300687
0.235456 0.085983 0.948129 0.623007 0.258835 19.817471
0.232785 0.179202 0.920519 0.503006 0.309139 12.719362
0.206806 0.098273 0.912972 0.565167 0.439363 13.411741
0.165555 0.101298 0.889573 0.710275 0.397802 19.027018
0.187669 0.081724 0.923778 0.630753 0.282085 23.267758
0.699257 0.641110 0.217752 0.271286 0.425841 15.965961
0.245087 0.166547 0.853897 0.579894 0.281545 19.013302
0.203194 0.087761 0.996836 0.589790 0.304895 22.696690
0.149360 0.116954 0.893027 0.651588 0.391015 25.192397
0.217887 0.166018 0.848440 0.542145 0.361351 14.303319
0.209468 0.054352 0.966915 0.572086 0.358003 12.672243
0.237614 0.109482 0.736638 0.650118 0.266639 15.534781
0.249871 0.116254 1.000000 0.565422 0.325849 14.634684
0.224797 0.106758 0.880984 0.709348 0.423845 14.778823
0.422083 0.601887 0.202123 0.468441 0.587637 12.620007
0.327477 0.649996 0.217917 0.700746 0.672288 13.184671
0.224870 0.158729 0.832089 0.600666 0.155679 13.119757
0.372652 0.573276 0.199363 0.751241 0.682798 13.972885
0.371910 0.608738 0.215688 0.574844 0.662950 21.565172
0.220855 0.105383 0.793323 0.633517 0.370004 16.811069
0.401610 0.000000 0.516785 0.129651 0.586084 14.392573
0.186049 0.078965 1.000000 0.490834 0.333114 12.698440
0.702089 0.640496 0.254050 0.311746 0.496056 12.696414
0.210834 0.088991 1.000000 0.496134 0.269218 13.533799
0.388312 0.746393 0.434107 0.799107 0.365405 16.087658
0.146986 0.104023 1.000000 0.625935 0.360888 17.566746
0.223956 0.111577 0.834524 0.629428 0.240638 23.531833
0.246144 0.085359 0.865113 0.557795 0.148944 12.864227
0.269595 0.104764 1.000000 0.592328 0.273179 14.999808
0.191033 0.112033 0.894698 0.577439 0.371538 23.626924
0.211690 0.157047 0.988938 0.551983 0.255468 15.553239
0.224721 0.137109 1.000000 0.514148 0.299858 15.679736
0.217728 0.154269 0.918467 0.502586 0.277476 19.404021
0.238641 0.160752 0.860098 0.558437 0.261471 28.715379
0.716442 0.652237 0.238582 0.324604 0.393637 17.987632
0.150963 0.168476 0.759140 0.608445 0.355208 12.797167
0.212634 0.160492 0.914179 0.576921 0.310177 22.132904
0.230679 0.181191 0.834461 0.682452 0.363915 13.148539
0.207823 0.089348 0.976763 0.557403 0.331693 20.759355
0.198920 0.111405 0.844293 0.628453 0.417831 23.073551
0.331539 0.473210 0.236128 0.563216 0.660451 16.529212
0.379293 0.513227 0.185274 0.688450 0.741409 18.455205
0.163236 0.668658 0.788136 0.464552 0.756365 16.480690
0.186007 0.172928 0.762538 0.638311 0.333623 14.997253
0.191221 0.057684 0.984245 0.659815 0.384979 15.155704
0.183642 0.170422 0.885153 0.648228 0.362228 18.696600
0.197653 0.127288 0.777906 0.682057 0.401941 17.063559
0.256085 0.157531 1.000000 0.495981 0.221874 12.952544
0.355835 0.535474 0.249892 0.668500 0.751782 12.887228
0.230045 0.080386 0.971636 0.615592 0.416976 14.269176
0.395284 0.452070 0.196596 0.611100 0.675805 21.406993
0.228961 0.124065 1.000000 0.599767 0.316403 21.987661
0.234747 0.135694 0.839161 0.551758 0.263544 26.133827
0.770193 0.701028 0.260624 0.407998 0.526704 14.097723
0.264332 0.149188 0.959233 0.503006 0.274697 13.434035
0.270456 0.754982 0.491419 0.163074 1.000000 15.521662
0.186738 0.089024 1.000000 0.657987 0.485272 12.854994
0.190093 0.114473 0.785758 0.663162 0.471037 12.808527
0.197497 0.184505 0.957504 0.606876 0.326836 12.993665
0.226954 0.128825 1.000000 0.500579 0.210623 14.736660
0.387334 0.461468 0.175181 0.592601 0.704733 15.154614
0.237068 0.123254 0.869631 0.559882 0.339977 28.244451
0.218080 0.106794 0.943909 0.634553 0.201839 13.002676
0.160629 0.602300 0.703253 0.620938 0.757484 15.659239
0.125590 0.135258 0.832010 0.622892 0.424218 13.148733
0.689013 0.744158 0.188743 0.476186 0.334842 12.721704
0.350842 0.599964 0.192001 0.507898 0.548575 13.649482
0.198304 0.117143 0.971967 0.565849 0.346246 28.417315
0.161110 0.121441 0.864444 0.644999 0.336666 25.666116
0.189668 0.093524 0.849972 0.645515 0.196664 13.386794
0.226600 0.117415 0.917128 0.497870 0.247265 19.028391
0.223126 0.081673 0.876148 0.665143 0.293667 18.684299
0.236606 0.122855 1.000000 0.515198 0.269977 18.280477
0.620865 0.670919 0.263123 0.363288 0.357847 13.250059
0.699068 0.701270 0.189306 0.423758 0.354119 42.969289
0.295150 0.158237 0.876210 0.532434 0.222697 13.039496
0.257112 0.127724 0.934555 0.525284 0.162177 14.695847
0.161719 0.133904 0.767997 0.648980 0.354653 14.138433
0.146411 0.118574 0.978536 0.644999 0.336666 17.784141
0.249642 0.156619 0.876432 0.619089 0.365132 13.530877
0.219161 0.142719 0.871318 0.607408 0.425939 17.744330
0.696206 0.658088 0.148539 0.429319 0.310736 19.609958
0.149604 0.137846 0.850683 0.608292 0.431370 13.555174
0.736761 0.655106 0.213592 0.437036 0.522589 16.274759
0.225242 0.156573 0.932026 0.576146 0.238567 22.478431
0.691717 0.644943 0.170621 0.426947 0.292286 18.670005
0.355194 0.602957 0.212706 0.553377 0.553802 12.854873
0.443471 0.558495 0.205391 0.598596 0.674059 17.077729
0.326821 0.791389 0.457121 0.124993 0.918984 16.409680
0.450475 0.601887 0.202123 0.554373 0.587637 15.876188
0.168407 0.154610 0.720196 0.718309 0.335917 12.789284
0.733963 0.723326 0.184743 0.367478 0.524249 13.177976
0.430502 0.444667 0.192422 0.593915 0.597067 14.015186
0.648000 0.693505 0.213592 0.340187 0.295655 18.336551
0.440435 0.701270 0.392690 0.777309 0.406176 24.472546
0.212634 0.160492 1.000000 0.576921 0.202852 13.782159
0.397931 0.704820 0.359594 0.682467 0.420181 12.628998
0.177444 0.133011 0.933248 0.598170 0.394364 24.716069
0.711188 0.723713 0.225782 0.327853 0.399293 37.303803
0.228025 0.142909 0.925333 0.530135 0.194949 19.219332
0.381838 0.557908 0.218154 0.677022 0.625097 15.431100
0.265473 0.152058 0.889425 0.460495 0.201195 12.636054
0.223451 0.116364 1.000000 0.491465 0.364242 14.144293
0.714063 0.650090 0.172108 0.349745 0.267320 14.079113
0.144469 0.092530 0.938671 0.672511 0.454858 14.705419
0.302927 0.787082 0.429067 0.125926 0.958915 16.348508
0.675014 0.713009 0.231862 0.264946 0.268417 17.384288
0.170058 0.600312 0.765586 0.496585 0.719420 14.514655
0.722654 0.682808 0.147895 0.396578 0.261087 13.597576
0.231689 0.108435 0.994777 0.453616 0.160858 13.044255
0.952813 0.295370 0.744529 0.901938 0.786649 18.156318
0.140567 0.107324 1.000000 0.629730 0.412690 17.525054
0.160570 0.156433 0.831167 0.738565 0.322919 13.443086
0.225264 0.110369 1.000000 0.641030 0.406715 15.231932
0.750354 0.656881 0.211183 0.358107 0.299038 13.174687
0.435246 0.585334 0.163919 0.611466 0.651552 24.712886
0.684305 0.674173 0.231420 0.400101 0.475868 17.809314
0.740135 0.692461 0.182081 0.345406 0.393200 33.045406
0.338558 0.596630 0.241045 0.524726 0.580616 14.416717
0.645149 0.642516 0.197182 0.275657 0.400287 18.190460
0.658786 0.713477 0.262851 0.365231 0.480568 12.745146
0.405083 0.000000 0.629378 0.120909 0.396158 14.122358
0.380463 0.514849 0.185681 0.579402 0.615969 34.486333
0.146601 0.111744 0.810911 0.664346 0.340334 13.844750
0.324796 0.775000 0.476454 0.133975 1.000000 15.055517
0.708545 0.709818 0.241753 0.311898 0.290216 15.277948
0.690970 0.652528 0.199926 0.393647 0.256015 13.515487
0.159613 0.629072 0.770292 0.555012 0.821521 14.373279
0.335267 0.474807 0.219452 0.619661 0.663545 14.947950
0.226734 0.099957 0.967601 0.568075 0.268481 31.597371
0.154573 0.132662 0.784953 0.758066 0.297245 12.632136
0.690631 0.751605 0.229882 0.292316 0.348187 12.550216
0.206923 0.170175 0.849931 0.531086 0.190613 15.093199
0.202978 0.048181 0.969574 0.649074 0.299467 13.427494
0.695344 0.708186 0.262045 0.273197 0.366569 17.273843
0.655877 0.696513 0.155978 0.421916 0.399566 14.824297
0.233874 0.104670 0.944379 0.665293 0.491360 12.700195
0.202532 0.111145 0.980219 0.498424 0.229579 14.474454
0.676958 0.691828 0.185895 0.456355 0.322925 20.960397
0.169540 0.141291 0.869979 0.589058 0.376089 20.580596
0.246964 0.169797 0.903612 0.521586 0.223911 18.028343
