# gen=200 mediating population
# x0..x(D-1) f0 f1 consensus
0.251026 1.000000 0.517392 0.000000 0.576796 60.321980 61.520541 60.321980
0.215784 0.934526 0.577699 0.256709 0.753312 60.321980 63.103800 60.321980
0.068472 0.653195 1.000000 0.995213 0.053630 60.321980 60.178642 60.178642
0.137852 1.000000 1.000000 0.701053 0.503582 60.837520 60.178642 60.178642
0.160746 0.834659 0.703112 0.015109 0.818182 60.321980 60.664686 60.321980
0.810753 0.751977 0.774548 0.289832 0.558539 62.826571 62.097908 62.097908
0.152063 0.684513 0.136458 0.165017 0.833558 63.732047 62.904644 62.904644
0.206592 0.709312 0.124851 0.165201 0.713130 61.699154 66.859241 61.699154
0.123980 0.841708 0.681152 0.301773 0.947234 60.321980 60.329078 60.321980
0.300031 1.000000 0.652163 0.000000 0.821565 60.321980 60.354517 60.321980
0.256976 0.772040 0.650530 0.000000 0.642207 60.321980 60.904211 60.321980
0.299148 0.586040 0.773989 0.085271 0.705383 60.321980 60.178642 60.178642
0.154487 1.000000 0.574314 0.217920 1.000000 60.321980 60.771151 60.321980
0.305565 0.698924 0.585575 0.000000 0.696551 60.321980 60.479678 60.321980
0.086000 1.000000 0.539584 0.188475 0.912581 60.321980 60.539950 60.321980
0.093692 0.930055 0.646915 0.108728 0.711782 60.321980 60.526358 60.321980
0.129697 0.725146 0.519329 0.268633 0.966094 60.321980 60.793486 60.321980
0.308753 0.895666 0.597048 0.211076 0.469344 60.321980 60.326995 60.321980
0.190106 0.957290 0.670151 0.000000 0.556943 60.321980 60.548160 60.321980
0.221027 1.000000 0.683411 0.354859 0.857597 60.321980 60.329623 60.321980
0.153105 0.952772 0.525039 0.313695 0.657765 60.321980 62.602743 60.321980
0.274386 0.828614 0.578421 0.075520 0.490276 60.321980 61.149952 60.321980
0.209366 0.867645 0.640132 0.154484 0.628447 60.321980 61.133843 60.321980
0.000000 1.000000 0.981007 0.973337 0.623513 60.321980 60.178642 60.178642
0.019111 0.599186 0.741529 0.550353 0.621500 60.321980 60.178642 60.178642
0.204245 0.743610 0.587919 0.308377 0.892990 60.321980 61.269262 60.321980
0.234766 0.903661 0.740107 0.261198 0.946543 60.321980 60.398487 60.321980
0.305371 0.790277 0.569529 0.090477 0.707478 60.321980 61.640311 60.321980
0.293143 0.774198 0.565156 0.000000 0.841568 60.321980 61.173287 60.321980
0.243105 0.939933 0.638657 0.154122 0.776553 60.321980 61.723950 60.321980
0.199724 0.759276 0.665229 0.208908 1.000000 60.321980 60.435510 60.321980
0.172541 0.895851 0.521844 0.000000 0.883814 60.321980 64.110372 60.321980
0.279107 0.833414 0.540126 0.282614 0.596092 60.321980 61.828775 60.321980
0.015605 0.930812 0.540687 0.000000 0.684828 60.321980 60.337386 60.321980
0.210038 1.000000 0.539399 0.303753 0.938341 60.321980 61.191486 60.321980
0.189778 0.832904 0.582524 0.000000 0.726476 60.321980 63.942065 60.321980
0.306781 0.896103 0.678925 0.064863 0.748083 60.321980 60.639915 60.321980
0.249633 0.692487 0.537158 0.203309 0.637558 60.321980 61.396460 60.321980
0.125480 0.822211 0.796473 0.444662 0.160704 60.321980 60.178642 60.178642
0.000000 0.785661 0.732171 0.069150 1.000000 60.321980 60.178642 60.178642
0.185482 0.746495 0.600986 0.423803 0.832604 60.321980 60.527419 60.321980
0.185517 0.896887 0.546264 0.106703 0.457926 60.321980 61.720921 60.321980
0.101750 1.000000 0.864924 0.946208 0.003599 60.321980 60.178642 60.178642
0.169890 0.746450 0.638333 0.000000 1.000000 60.321980 60.340645 60.321980
0.278182 0.812272 0.578788 0.177616 0.858826 60.321980 61.997175 60.321980
0.242257 0.954565 0.939518 0.780551 0.827046 66.922272 60.178642 60.178642
0.257286 0.828762 0.736735 0.174531 0.843942 60.321980 60.473029 60.321980
0.146620 0.932084 0.606611 0.365125 1.000000 60.321980 60.535152 60.321980
0.190015 0.724197 0.670165 0.199562 0.874627 60.321980 60.497859 60.321980
0.182157 0.956832 0.633122 0.032643 0.803241 60.321980 61.707958 60.321980
0.176244 0.803214 0.640261 0.818817 0.990513 60.321980 60.178642 60.178642
0.583888 0.946537 1.000000 0.936287 0.719997 60.952119 60.513374 60.513374
0.221380 0.820834 0.574414 0.000000 0.383414 60.321980 60.497032 60.321980
0.250980 0.796669 0.726470 0.848215 0.085447 60.321980 60.178642 60.178642
0.238150 1.000000 0.594989 0.162420 0.490565 60.321980 60.504817 60.321980
0.033477 0.536156 0.815529 0.000000 0.484648 60.321980 60.178642 60.178642
0.180394 0.896242 0.663240 0.123838 1.000000 60.321980 60.705548 60.321980
0.307743 0.892839 0.625502 0.329317 0.678707 60.321980 60.594299 60.321980
0.182964 0.847223 0.755746 0.167164 0.959700 60.321980 60.362018 60.321980
0.338119 0.543605 0.912339 0.302077 0.798056 60.321980 55.332729 55.332729
0.270771 1.000000 0.626712 0.062645 1.000000 60.321980 60.370670 60.321980
0.196774 1.000000 0.538445 0.446529 0.630133 60.321980 60.512638 60.321980
0.305649 0.711101 0.773481 0.739905 0.085263 60.321980 60.178642 60.178642
0.000000 1.000000 0.791965 0.038165 0.174259 60.321980 60.178642 60.178642
0.000000 0.711861 0.839098 0.484491 1.000000 60.321980 60.178642 60.178642
0.223820 0.960143 0.980419 0.880700 0.646499 65.113474 60.178642 60.178642
0.179588 0.710857 0.566547 0.043716 0.658052 60.321980 61.454732 60.321980
0.332111 0.888100 0.986437 0.932089 0.797728 70.342461 56.075563 56.075563
0.069572 0.621001 0.541325 0.174923 0.715608 60.321980 60.178642 60.178642
0.215444 0.927875 0.726442 0.116372 0.844178 60.321980 60.734777 60.321980
0.496247 0.759469 0.516617 0.906490 0.976323 60.321980 56.075563 56.075563
0.975118 0.630189 0.601095 0.831091 0.885104 54.269463 56.075563 54.269463
0.152263 0.869610 0.574862 0.440125 0.828744 60.321980 61.111796 60.321980
0.096051 0.807078 0.541362 0.000000 1.000000 60.321980 60.295762 60.295762
0.249279 0.834943 0.648516 0.000000 0.984035 60.321980 60.630992 60.321980
0.204919 0.915707 0.855090 0.079151 1.000000 60.321980 60.178642 60.178642
0.168381 0.572754 0.790232 0.427435 0.375738 60.321980 60.178642 60.178642
0.216386 1.000000 0.618061 0.008623 0.677406 60.321980 61.484262 60.321980
0.033844 0.936721 0.307820 0.642642 0.153191 54.764947 60.178642 54.764947
0.029485 0.809661 0.866820 0.387710 0.126228 60.321980 60.178642 60.178642
0.081621 0.827117 0.561747 0.101919 0.835333 60.321980 61.146530 60.321980
0.118618 0.840589 0.923174 0.512766 0.258825 60.321980 60.178642 60.178642
0.252255 0.673575 0.626576 0.000000 0.573284 60.321980 60.333006 60.321980
0.253805 0.569583 0.539711 0.025987 0.757317 60.321980 60.178642 60.178642
0.083186 0.719547 0.897893 0.168023 0.523212 60.321980 60.178642 60.178642
0.153056 0.797386 0.519543 0.439653 0.693785 60.321980 61.054450 60.321980
0.146056 0.901667 0.682849 0.387448 0.679138 60.321980 60.178642 60.178642
0.219850 0.985214 0.619152 0.470665 0.897103 60.321980 60.385591 60.321980
0.139292 0.833270 0.535050 0.355949 1.000000 60.321980 61.080341 60.321980
0.166581 0.785289 0.258435 0.703744 1.000000 54.901944 60.178642 54.901944
0.598612 0.756691 0.485245 0.545754 0.999711 54.764947 55.332729 54.764947
0.547875 0.935047 0.912539 1.000000 0.564412 61.462491 60.614333 60.614333
0.169748 0.849862 0.577084 0.540696 0.989534 60.321980 60.439068 60.321980
0.176086 0.725146 0.537454 0.090081 1.000000 60.321980 60.919451 60.321980
0.000000 0.547944 1.000000 0.351910 0.123915 60.321980 60.178642 60.178642
0.106603 0.953247 0.628851 0.660552 0.110608 60.321980 60.178642 60.178642
0.032710 0.006811 0.187606 0.212997 0.154683 0.000004 0.000485 0.000004
0.089317 0.911482 0.543121 0.000000 0.449576 60.321980 60.709387 60.321980
0.089317 0.997826 0.527965 0.262236 0.574425 60.321980 60.561180 60.321980
0.215634 0.767557 0.681078 0.406065 0.144591 60.321980 60.178642 60.178642
0.061709 1.000000 0.538065 0.000000 0.932189 60.321980 60.178642 60.178642
0.078434 0.752006 0.787731 0.574294 0.802452 60.321980 60.178642 60.178642
0.230148 0.700697 0.633888 0.158996 0.709101 60.321980 60.596142 60.321980
0.001291 1.000000 0.517392 0.380959 0.752651 60.321980 60.178642 60.178642
0.192396 0.482424 0.015417 0.459854 0.807270 64.405738 66.647636 64.405738
0.000000 0.923753 0.706300 0.441375 0.637041 60.321980 60.178642 60.178642
0.159950 1.000000 0.545408 0.342665 0.764773 60.321980 61.541855 60.321980
0.248595 0.710602 0.685371 0.000000 0.810960 60.321980 60.436420 60.321980
0.091540 0.910525 0.685252 0.509076 0.712826 60.321980 60.178642 60.178642
0.146253 0.656867 0.645772 0.000000 0.725296 60.321980 60.178642 60.178642
0.522741 0.780092 0.746593 0.824184 0.453502 63.821931 56.075563 56.075563
0.085016 0.731403 0.580189 0.277846 0.839602 60.321980 60.327360 60.321980
0.227623 0.658795 1.000000 0.238325 0.441029 60.321980 60.178642 60.178642
0.260075 0.607607 0.992232 0.357032 0.564486 60.322447 60.178642 60.178642
0.172343 0.778680 0.989519 0.309725 0.988734 60.321980 60.178642 60.178642
0.000000 1.000000 0.946933 0.481691 0.741144 60.321980 60.178642 60.178642
0.186403 1.000000 0.566508 0.086734 0.377569 60.321980 60.347474 60.321980
0.107570 0.745502 0.543754 0.256208 0.692487 60.321980 60.751056 60.321980
0.022252 0.678961 0.947278 0.433654 0.654157 60.321980 60.178642 60.178642
0.272240 0.799602 0.562160 0.463132 0.915525 60.321980 60.178642 60.178642
0.048355 0.847203 1.000000 0.415739 0.942131 60.321980 60.178642 60.178642
0.645171 0.542211 0.090265 0.339363 0.013681 0.000451 50.217035 0.000451
0.557249 0.460635 0.719331 0.647827 0.480928 60.321980 56.075563 56.075563
0.008180 1.000000 0.665524 0.034348 0.000000 60.321980 60.178642 60.178642
0.155480 0.887429 0.781709 0.196738 0.682470 60.321980 60.178642 60.178642
0.017601 0.710131 0.625821 0.512151 0.775112 60.321980 60.178642 60.178642
0.296556 0.849704 0.955061 0.602525 0.865718 65.350940 60.178642 60.178642
0.191840 0.509144 0.008781 0.340644 0.574432 65.354977 62.164577 62.164577
0.170650 1.000000 0.730527 0.199488 0.867095 60.321980 60.342563 60.321980
0.063404 0.680178 0.614909 0.973453 1.000000 60.321980 60.178642 60.178642
0.287808 0.357013 0.973911 0.794753 0.392566 60.321980 0.000572 0.000572
0.000000 1.000000 0.718354 0.286361 0.205495 60.321980 60.178642 60.178642
0.001694 0.590711 0.548271 0.456537 0.552991 60.321980 60.178642 60.178642
0.047018 1.000000 0.653549 0.000000 0.645884 60.321980 60.202905 60.202905
0.268387 0.821203 0.518518 0.010979 0.585660 60.321980 63.215595 60.321980
0.307854 0.710723 0.417164 0.075899 0.457118 54.764947 60.178642 54.764947
0.144030 0.759843 0.954962 0.935042 0.658052 63.149759 60.178642 60.178642
0.176758 0.676679 0.194537 0.388502 0.696067 63.035929 63.242026 63.035929
0.035165 0.761028 0.290700 0.295078 0.999134 55.320789 60.178642 55.320789
0.178625 0.640539 0.047118 0.275825 0.443100 59.102457 60.501792 59.102457
0.265816 0.876220 0.564213 0.573050 0.712738 60.321980 60.367954 60.321980
0.683480 0.675936 0.975128 0.187371 0.573076 59.721893 59.468181 59.468181
0.261179 0.841582 0.333904 0.349797 0.646499 54.851572 66.225585 54.851572
0.234872 0.599189 0.871937 0.550306 0.749414 60.321980 60.178642 60.178642
0.198507 1.000000 0.664593 0.604732 0.708660 60.321980 60.178642 60.178642
0.205171 0.988553 0.692063 0.264944 0.731054 60.321980 60.319767 60.319767
0.052030 1.000000 0.515288 0.557659 1.000000 60.321980 60.178642 60.178642
0.159853 0.754554 0.783887 0.753749 0.123862 60.321980 60.178642 60.178642
0.097969 0.890388 0.717504 0.085879 0.393155 60.321980 60.178642 60.178642
0.457618 0.854239 0.896128 0.153777 0.678133 60.323318 55.332729 55.332729
0.269189 0.969576 0.547722 0.303295 0.631015 60.321980 61.049522 60.321980
0.053442 0.989402 0.599581 0.000000 0.520591 60.321980 60.230263 60.230263
0.041845 1.000000 0.729849 0.965274 0.498666 60.321980 60.178642 60.178642
0.771617 0.786623 0.742781 0.182233 0.597109 61.878527 61.733832 61.733832
0.197091 0.937269 0.986529 0.361614 0.096634 60.321980 60.178642 60.178642
0.000000 0.755077 0.867478 0.032630 0.274809 60.321980 60.178642 60.178642
0.149159 0.986939 0.963454 0.276779 0.688153 60.321980 60.178642 60.178642
0.042642 0.740918 1.000000 0.796453 0.712569 60.434600 60.178642 60.178642
0.000000 0.723055 0.611603 0.260674 0.725945 60.321980 60.178642 60.178642
0.172761 1.000000 0.903987 0.437219 0.768744 60.321980 60.178642 60.178642
0.122146 0.687181 0.757846 0.189062 0.922766 60.321980 60.178642 60.178642
0.202264 0.641071 0.613880 0.982186 0.172339 60.321980 60.178642 60.178642
0.242670 0.744785 0.708262 0.966314 0.469348 60.321980 60.178642 60.178642
0.166323 0.569894 0.012959 0.356006 0.707403 67.864666 69.416042 67.864666
0.000000 0.831861 0.549255 0.627385 0.703199 60.321980 60.178642 60.178642
0.442709 0.954212 0.395489 0.235067 0.843952 54.764947 55.332729 54.764947
0.020555 1.000000 0.938057 0.345691 0.652023 60.321980 60.178642 60.178642
0.150658 0.545582 0.014659 0.340644 0.996733 62.537464 63.662825 62.537464
0.175315 0.578478 0.584420 0.631355 0.919973 60.321980 60.178642 60.178642
0.069984 1.000000 1.000000 0.808078 0.455818 60.325552 60.178642 60.178642
0.139215 0.659226 0.810414 0.573960 0.394876 60.321980 60.178642 60.178642
0.070676 1.000000 0.587786 0.165463 0.662901 60.321980 60.444229 60.321980
0.138084 0.683782 0.121504 0.476738 0.675968 63.474666 61.515345 61.515345
0.085873 0.751388 0.833502 1.000000 0.556862 60.321980 60.178642 60.178642
0.198703 0.738472 0.736544 0.072400 0.903131 60.321980 60.323072 60.321980
0.184446 0.679827 0.146003 0.276908 0.740297 64.923318 65.165150 64.923318
0.291512 0.676856 0.526202 0.070837 0.550502 60.321980 60.546147 60.321980
0.000000 0.660168 0.000000 0.176525 0.799771 58.008605 57.173565 57.173565
0.110279 0.181111 0.453342 0.241995 0.639684 0.000004 0.000485 0.000004
0.000000 1.000000 0.638973 1.000000 0.434072 60.321980 60.178642 60.178642
0.042506 0.828932 0.917281 0.790732 0.608841 60.744197 60.178642 60.178642
0.091540 0.928550 0.186083 0.388502 0.373989 54.764947 60.548219 54.764947
0.577882 1.000000 0.947678 0.914120 0.410159 60.321980 61.850444 60.321980
0.224951 0.596534 0.118935 0.297451 0.593760 67.342884 60.575852 60.575852
0.033472 0.999067 0.344388 0.164873 0.607216 54.764947 60.663016 54.764947
0.002934 0.872566 0.544761 0.187831 0.949243 60.321980 60.178642 60.178642
0.299518 0.884984 0.752060 0.103144 1.000000 60.321980 60.178642 60.178642
0.222825 0.850348 0.610275 0.350578 0.770903 60.321980 61.762709 60.321980
0.977686 0.368033 0.620430 0.379173 0.850137 0.000451 47.876503 0.000451
0.618736 0.577941 0.819376 0.134759 0.975538 54.269463 55.945351 54.269463
0.138581 0.654680 0.992232 0.020698 0.225196 60.321980 60.178642 60.178642
0.688919 0.556193 0.507258 0.992985 0.894526 0.000451 56.075563 0.000451
0.116829 0.702736 0.205149 0.624995 0.419263 54.909721 60.178642 54.909721
0.296641 0.594581 0.093337 0.263102 0.736653 64.343790 60.474338 60.474338
0.304077 1.000000 0.813308 0.888588 0.443100 62.218738 60.178642 60.178642
0.000000 0.764005 1.000000 0.587967 0.625571 60.330995 60.178642 60.178642
0.117138 0.663801 0.091242 0.426504 0.528672 61.217303 60.475920 60.475920
0.176816 0.692820 0.534391 0.460625 1.000000 60.321980 60.326813 60.321980
0.000000 0.809592 0.853252 1.000000 0.265805 60.321980 60.178642 60.178642
0.018849 0.907030 0.956902 0.414934 0.090529 60.321980 60.178642 60.178642
0.156293 0.991604 0.557051 0.608185 0.771939 60.321980 60.226261 60.226261
0.287125 0.851739 0.936316 0.000000 0.650375 60.321980 60.178642 60.178642
0.821987 0.421974 0.375935 0.576344 0.397650 0.000455 56.075563 0.000455
0.171740 0.963256 0.071592 0.037240 0.752633 54.764947 66.575071 54.764947
0.110320 1.000000 0.620556 0.496048 0.379933 60.321980 60.178642 60.178642
0.140409 1.000000 1.000000 0.398219 0.234738 60.321980 60.178642 60.178642
0.159763 0.820834 0.543889 0.108960 0.703149 60.321980 65.397577 60.321980
0.126853 0.692636 0.659224 0.139155 1.000000 60.321980 60.229587 60.229587
0.145654 0.687789 0.134028 0.166226 0.602115 63.816383 64.070586 63.816383
0.119093 1.000000 1.000000 0.109862 0.768371 60.321980 60.178642 60.178642
0.107122 0.629175 0.712048 0.720240 0.590552 60.321980 60.178642 60.178642
0.308396 0.911625 0.602346 0.198580 0.673060 60.321980 60.991139 60.321980
0.129909 0.904656 1.000000 0.939337 0.000000 60.321980 60.178642 60.178642
0.005555 0.557247 0.671324 0.430851 0.454814 60.321980 60.178642 60.178642
0.613814 0.017866 0.295075 0.684330 0.082290 0.000451 0.000059 0.000059
0.307082 0.552921 0.436190 0.784798 0.957689 54.764947 60.178642 54.764947
0.108917 0.955226 1.000000 0.439910 0.672455 60.321980 60.178642 60.178642
0.583953 0.077905 0.611729 0.234940 0.877709 0.000004 47.876503 0.000004
0.229478 0.534010 0.753661 0.634225 0.196081 60.321980 60.178642 60.178642
0.265054 0.559135 0.126412 0.327421 0.909953 65.792150 60.191782 60.191782
0.147551 0.582339 0.901966 0.438413 0.787007 60.321980 60.178642 60.178642
0.032229 0.602904 0.948253 0.793842 0.344787 60.321980 60.178642 60.178642
0.187505 0.881346 1.000000 0.432422 0.498496 60.321980 60.178642 60.178642
0.124239 0.929758 0.705865 0.467895 0.842717 60.321980 60.178642 60.178642
0.582348 0.847502 1.000000 0.910276 0.533547 61.987038 63.432004 61.987038
0.000000 0.820027 0.933226 0.913777 0.560084 60.321980 60.178642 60.178642
0.139919 0.527722 0.008475 0.326098 0.853030 69.249203 64.755570 64.755570
0.257265 0.884899 0.520746 0.297599 0.403367 60.321980 60.373240 60.321980
0.085873 0.690855 0.921412 0.857822 0.613776 60.458989 60.178642 60.178642
0.956580 0.966131 0.197180 0.632365 0.034762 54.269463 50.217035 50.217035
0.222024 0.758686 0.572117 0.277464 0.708750 60.321980 62.605522 60.321980
0.420158 0.098866 0.298266 0.763112 0.798599 0.000004 0.000059 0.000004
0.564614 0.840529 0.942278 0.910276 0.350971 61.361333 61.025311 61.025311
0.882238 0.853263 0.669137 0.349982 0.939113 54.269463 55.332729 54.269463
0.200363 0.999725 0.721474 0.474174 0.336418 60.321980 60.178642 60.178642
0.033472 0.889161 0.673676 0.164873 0.607216 60.321980 60.178642 60.178642
0.249569 0.639526 0.595544 0.519137 1.000000 60.321980 60.178642 60.178642
0.229719 0.759138 0.764859 0.445995 0.791201 60.321980 60.178642 60.178642
0.202450 0.823116 0.529526 0.642467 0.801909 60.321980 60.403175 60.321980
0.243131 0.162724 0.603133 0.180278 0.248810 0.000005 0.000580 0.000005
0.254416 0.886115 0.604676 0.882890 0.586261 60.495082 60.178642 60.178642
0.214664 0.634328 0.692751 0.777996 0.821969 60.321980 60.178642 60.178642
0.151899 0.644361 0.278793 0.276337 0.705380 61.572957 61.325560 61.325560
0.866963 0.218489 0.994077 0.516397 0.368731 57.221956 48.035332 48.035332
0.156179 0.762548 0.531866 0.000000 0.465464 60.321980 61.154557 60.321980
0.254662 0.511299 0.910906 0.026007 0.276045 60.321980 60.178642 60.178642
0.000000 0.725191 0.756052 0.444893 0.911530 60.321980 60.178642 60.178642
0.388309 0.433405 0.127205 0.375813 0.501074 56.374210 50.217035 50.217035
0.243460 0.443667 0.284988 0.078553 0.999625 55.981510 0.000485 0.000485
0.004389 0.507141 0.968982 0.277920 0.967639 60.321980 60.178642 60.178642
0.000000 1.000000 0.775457 0.425404 0.402898 60.321980 60.178642 60.178642
0.192136 0.559851 0.956332 0.673425 0.052418 60.321980 60.178642 60.178642
0.027792 0.531035 0.786345 0.138034 0.000000 60.321980 60.178642 60.178642
0.205996 0.786613 0.738287 0.000000 0.459682 60.321980 60.178642 60.178642
0.168517 0.660620 0.168915 0.393029 0.837568 63.317226 62.146235 62.146235
0.084591 0.910110 0.674211 0.210645 0.850755 60.321980 60.308850 60.308850
0.160828 0.885845 0.771145 0.262323 0.461412 60.321980 60.178642 60.178642
0.600167 0.801000 0.418194 0.447063 0.729304 54.764947 55.332729 54.764947
0.248078 1.000000 0.691233 0.230555 1.000000 60.321980 60.323599 60.321980
0.743166 0.905546 0.479517 0.529979 0.384132 68.020512 55.332729 55.332729
0.268655 1.000000 0.559537 0.108669 0.909805 60.321980 61.006332 60.321980
0.244586 0.705401 0.890872 0.119397 0.840320 60.321980 60.178642 60.178642
0.000000 0.674490 0.907557 0.454859 0.785331 60.321980 60.178642 60.178642
0.127099 0.732580 0.410678 0.441358 0.701189 54.764947 61.597229 54.764947
0.274420 1.000000 0.975717 0.943369 1.000000 60.323753 60.178642 60.178642
0.250504 0.628421 0.043243 0.379254 0.833780 61.410280 60.914155 60.914155
0.142195 0.675290 0.154003 0.048302 0.637706 60.957538 61.122991 60.957538
0.985178 0.195929 0.044757 0.495477 0.665254 0.000451 0.000236 0.000236
0.561807 0.869003 0.912921 1.000000 0.430759 61.558212 61.106382 61.106382
0.087076 0.806417 0.877446 0.758425 0.082494 60.321980 60.178642 60.178642
0.140372 1.000000 0.522213 0.000000 0.754017 60.321980 62.138150 60.321980
0.258018 0.907692 0.453433 0.236139 0.006947 54.764947 60.178642 54.764947
0.559153 0.258869 0.677791 0.536158 0.088143 0.000004 47.876503 0.000004
0.759264 0.047041 0.707720 0.867847 0.172704 0.000451 47.876503 0.000451
0.299945 0.816727 0.602641 0.505509 0.202221 60.321980 60.178642 60.178642
0.249518 0.796038 0.846821 0.765687 0.663121 68.833609 60.178642 60.178642
0.000000 0.782796 0.616542 0.160923 0.346452 60.321980 60.178642 60.178642
0.211977 0.658390 0.534264 0.127097 0.860949 60.321980 60.923345 60.321980
0.267381 0.800927 0.813732 0.000000 0.832905 60.321980 60.207502 60.207502
0.060707 0.488472 0.965900 0.499639 0.033823 60.321980 60.178642 60.178642
0.070232 0.726826 0.823983 0.712349 0.413765 60.321980 60.178642 60.178642
0.042660 0.236958 0.128195 0.272082 0.854364 0.000004 0.000485 0.000004
0.262501 0.659765 0.297589 0.174593 0.954539 55.858510 61.190041 55.858510
0.590270 0.991955 0.923431 0.726215 0.893847 60.321980 56.075563 56.075563
0.144030 0.759843 0.954962 0.935042 0.658052 63.149759 60.178642 60.178642
0.305499 0.838191 0.971932 0.292910 1.000000 60.321980 60.178642 60.178642
0.168906 0.691585 0.796960 0.168400 0.636902 60.321980 60.178642 60.178642
0.781372 0.762226 0.784674 0.223516 0.461898 62.633825 61.106193 61.106193
0.187650 0.881138 0.550324 0.248748 0.934251 60.321980 63.032452 60.321980
0.305371 0.790277 0.569529 0.090477 0.707478 60.321980 61.640311 60.321980
0.101637 0.972748 0.932680 0.307266 0.886089 60.321980 60.178642 60.178642
0.000000 0.797994 0.459116 0.000000 0.471811 54.764947 60.221746 54.764947
0.253683 0.799181 0.676968 0.614215 0.633773 60.321980 60.178642 60.178642
0.222013 0.751140 0.805265 0.218598 0.948497 60.321980 60.178642 60.178642
0.016356 1.000000 0.694266 0.000000 1.000000 60.321980 60.178642 60.178642
0.278436 0.809755 0.714066 0.313402 0.847016 60.321980 60.231844 60.231844
0.268506 0.871882 0.856999 0.688485 0.992380 62.069408 60.178642 60.178642
0.590413 1.000000 1.000000 0.971439 0.591604 60.396391 61.016881 60.396391
0.172874 0.701470 0.619991 0.467339 0.714249 60.321980 60.178642 60.178642
0.219492 0.863153 0.567028 0.398546 0.500899 60.321980 60.178642 60.178642
