# Final mediating pop (post Phase 4)
# x0..x(D-1) f0 f1 consensus
0.090471 0.313783 89.998253 89.997476 89.997476
0.560880 0.486840 89.963328 89.958203 89.958203
0.336931 0.487162 89.901218 89.978378 89.901218
0.744109 0.410777 89.967549 89.953913 89.953913
0.939106 0.917509 89.928555 89.818318 89.818318
0.290443 0.851236 89.579874 89.943008 89.579874
0.337687 0.486120 89.995324 89.973666 89.973666
0.561233 0.476415 89.489369 88.817418 88.817418
0.936559 0.918078 89.998539 89.998213 89.998213
0.089894 0.313748 89.979130 89.962724 89.962724
0.337559 0.487361 89.999277 89.999957 89.999277
0.742846 0.410013 89.977933 89.998700 89.977933
0.743531 0.410395 89.999171 89.984105 89.984105
0.231387 0.630244 62.373306 62.362672 62.362672
0.288102 0.851426 89.985275 89.772311 89.772311
0.276209 0.856952 87.378514 87.903640 87.378514
0.338439 0.488084 89.830092 89.886392 89.830092
0.295737 0.113787 57.137610 57.306179 57.137610
0.938281 0.917079 89.973312 89.972210 89.972210
0.744763 0.410200 89.848164 89.985509 89.848164
0.337480 0.486850 89.992070 89.991227 89.991227
0.091070 0.313275 89.966987 89.970225 89.966987
0.337530 0.495325 89.795194 88.113026 88.113026
1.000000 0.056507 46.245599 44.443988 44.443988
0.090547 0.314643 89.977442 89.973132 89.973132
0.322315 0.571074 54.220031 51.287282 51.287282
0.842818 0.617472 36.334954 36.334954 36.334954
0.776547 0.756006 53.940941 36.334954 36.334954
0.108595 0.000000 36.334954 36.334954 36.334954
0.091570 0.161942 36.334954 36.334954 36.334954
0.742559 0.409106 89.962259 89.960523 89.960523
0.949777 0.557074 36.334954 36.334954 36.334954
0.457950 0.223307 36.334954 36.334954 36.334954
0.939738 0.415047 36.334954 36.334954 36.334954
0.025735 0.488824 48.354834 36.334954 36.334954
0.413733 0.917537 36.334954 36.334954 36.334954
0.792524 0.542968 49.994755 36.334954 36.334954
0.806526 0.989775 36.334954 36.334954 36.334954
0.982636 0.496163 36.334954 36.334954 36.334954
0.337540 0.486758 89.995399 89.990698 89.990698
0.683040 0.637032 36.334954 36.334954 36.334954
0.561489 0.645057 36.334954 36.334954 36.334954
0.560957 0.483256 89.831289 89.943137 89.831289
0.451692 0.475674 36.334954 36.334954 36.334954
0.794114 0.901023 36.334954 36.334954 36.334954
0.136861 0.557271 36.334954 36.334954 36.334954
0.763210 0.841746 36.334954 36.334954 36.334954
0.267633 0.248702 36.334954 36.334954 36.334954
0.864447 0.460088 36.334954 36.334954 36.334954
0.827391 0.644623 36.334954 36.334954 36.334954
0.004884 0.070408 36.334954 36.334954 36.334954
0.977839 0.631344 36.334954 36.334954 36.334954
0.941015 0.916687 89.869564 89.576457 89.576457
0.512640 0.606793 40.726529 36.334954 36.334954
0.675100 0.288935 36.334954 36.334954 36.334954
0.223948 0.319301 36.334954 36.334954 36.334954
0.808486 0.584882 37.622254 36.334954 36.334954
0.695172 0.982990 36.334954 36.334954 36.334954
0.227847 0.418204 36.334954 36.334954 36.334954
0.035933 0.199863 36.334954 36.334954 36.334954
0.596152 0.865067 42.586149 36.334954 36.334954
0.983213 1.000000 36.334954 36.334954 36.334954
0.517104 0.577099 43.017991 36.334954 36.334954
0.562540 0.488885 89.709108 89.982522 89.709108
0.038951 0.145623 36.334954 36.334954 36.334954
0.342309 0.232687 36.334954 36.334954 36.334954
0.003906 0.570754 36.533188 36.334954 36.334954
0.714446 0.651884 36.334954 36.334954 36.334954
0.754297 0.280762 36.334954 36.334954 36.334954
0.090929 0.314860 89.914874 89.955779 89.914874
0.447824 0.420444 36.334954 36.334954 36.334954
0.990580 0.281061 36.334954 36.334954 36.334954
0.291957 0.850342 89.279331 89.455227 89.279331
0.655993 0.884475 36.334954 36.334954 36.334954
0.000000 0.461910 36.334954 36.334954 36.334954
1.000000 0.594761 36.334954 36.334954 36.334954
0.886496 0.218096 36.334954 43.476101 36.334954
0.248560 0.373778 36.334954 36.334954 36.334954
0.895397 0.408487 36.334954 40.461766 36.334954
0.763694 0.878666 36.334954 36.334954 36.334954
0.862264 0.652856 36.334954 36.334954 36.334954
0.312276 0.362516 36.334954 36.334954 36.334954
0.149216 0.522624 36.334954 36.334954 36.334954
0.222049 0.235122 36.334954 36.334954 36.334954
0.695582 0.556912 36.334954 36.334954 36.334954
0.260916 0.939976 36.334954 36.334954 36.334954
0.200658 0.988060 36.334954 36.334954 36.334954
0.022243 0.227262 36.334954 36.334954 36.334954
0.416833 0.223417 36.334954 36.334954 36.334954
0.836393 0.722318 43.706661 36.334954 36.334954
0.300889 0.992328 36.334954 36.334954 36.334954
0.936339 0.918580 89.941663 89.994709 89.941663
0.336054 0.489932 89.559105 89.970853 89.559105
0.014948 0.106785 36.334954 36.334954 36.334954
0.635201 0.313527 36.334954 36.334954 36.334954
0.809718 0.951634 36.334954 36.334954 36.334954
0.854469 0.582567 36.334954 36.334954 36.334954
0.430423 0.449655 36.334954 36.334954 36.334954
0.537266 0.167332 36.334954 56.680400 36.334954
1.000000 0.470709 36.334954 36.334954 36.334954
0.238329 0.182487 36.334954 36.334954 36.334954
0.557423 0.452857 78.370922 84.230695 78.370922
0.896854 0.281196 36.334954 36.334954 36.334954
0.753100 0.564172 40.556608 36.334954 36.334954
0.337287 0.487438 89.980621 89.998301 89.980621
0.284492 0.853547 89.903258 89.799402 89.799402
0.066933 0.188357 36.334954 36.334954 36.334954
0.064009 0.463401 36.334954 36.334954 36.334954
0.982886 0.335051 36.334954 36.334954 36.334954
0.422542 0.258791 36.334954 36.334954 36.334954
0.743734 0.410995 89.995946 89.930238 89.930238
0.553939 0.876589 38.753362 36.334954 36.334954
0.701720 0.606745 36.334954 36.334954 36.334954
0.428976 0.976283 36.334954 36.334954 36.334954
0.337966 0.485952 89.969489 89.981323 89.969489
0.364493 1.000000 36.334954 36.334954 36.334954
0.977594 0.527715 36.334954 36.334954 36.334954
0.952583 0.470978 36.334954 36.334954 36.334954
0.824539 0.530311 36.334954 36.334954 36.334954
0.703818 0.920937 36.334954 36.334954 36.334954
0.430423 0.449655 36.334954 36.334954 36.334954
0.537266 0.167332 36.334954 56.680400 36.334954
0.059166 0.918711 25.207981 21.820348 21.820348
0.238329 0.182487 36.334954 36.334954 36.334954
0.543908 0.354968 36.334954 41.455147 36.334954
0.896854 0.281196 36.334954 36.334954 36.334954
0.560253 0.485704 89.679051 89.913159 89.679051
0.786586 0.721970 30.951680 36.334954 30.951680
0.433881 0.584278 36.334954 36.334954 36.334954
0.373627 0.889382 36.334954 36.334954 36.334954
0.066933 0.188357 36.334954 36.334954 36.334954
0.064009 0.463401 36.334954 36.334954 36.334954
0.000000 0.042347 36.334954 36.334954 36.334954
0.241393 0.892955 72.200185 36.334954 36.334954
0.982886 0.335051 36.334954 36.334954 36.334954
0.780317 0.438665 49.611364 60.638739 49.611364
0.581393 0.853855 60.349619 36.334954 36.334954
0.686556 0.003914 25.268906 22.104859 22.104859
0.859347 0.074400 25.268906 25.144674 25.144674
0.345058 0.796364 58.359536 27.203866 27.203866
0.532533 0.617311 68.220811 36.334954 36.334954
0.276751 0.230251 36.334954 36.334954 36.334954
0.158839 0.945331 25.207981 36.334954 25.207981
0.428976 0.976283 36.334954 36.334954 36.334954
0.793519 0.735297 38.077124 36.334954 36.334954
0.356779 0.233615 36.334954 36.334954 36.334954
0.313495 0.441649 36.334954 37.201913 36.334954
0.364493 1.000000 36.334954 36.334954 36.334954
0.007243 0.541149 38.245110 36.334954 36.334954
0.126487 0.264976 64.616052 36.334954 36.334954
0.183764 0.981261 36.334954 36.334954 36.334954
0.991926 0.054986 46.376712 41.589522 41.589522
0.436745 0.901878 36.334954 36.334954 36.334954
0.705703 0.375452 36.334954 55.690717 36.334954
0.543690 0.988602 30.861584 36.334954 30.861584
0.977594 0.527715 36.334954 36.334954 36.334954
0.952583 0.470978 36.334954 36.334954 36.334954
0.824539 0.530311 36.334954 36.334954 36.334954
0.703818 0.920937 36.334954 36.334954 36.334954
0.350094 0.915983 36.334954 36.334954 36.334954
0.669300 0.904372 36.334954 36.334954 36.334954
0.338790 0.481126 89.576391 89.246097 89.246097
0.092457 0.381747 50.411799 37.730825 37.730825
0.432910 0.248518 36.334954 36.334954 36.334954
0.721080 0.451077 42.458337 53.266218 42.458337
0.018182 0.950965 25.207981 21.820348 21.820348
0.132286 0.103016 36.334954 23.562555 23.562555
0.947832 0.878728 36.334954 36.334954 36.334954
0.098510 0.364533 52.248454 58.006729 52.248454
0.067846 0.136312 36.334954 36.334954 36.334954
0.780286 0.001060 28.183931 22.104859 22.104859
0.103460 0.001110 36.334954 36.334954 36.334954
0.605129 0.283154 51.600826 36.334954 36.334954
0.097868 0.373463 46.815190 49.234912 46.815190
0.701720 0.606745 36.334954 36.334954 36.334954
0.422542 0.258791 36.334954 36.334954 36.334954
0.022243 0.227262 36.334954 36.334954 36.334954
0.939420 0.078529 25.268906 22.104859 22.104859
0.763694 0.878666 36.334954 36.334954 36.334954
0.561581 0.482455 89.926516 89.712520 89.712520
0.754297 0.280762 36.334954 36.334954 36.334954
0.287374 0.851297 89.983913 88.468975 88.468975
0.695172 0.982990 36.334954 36.334954 36.334954
0.817357 0.128552 25.268906 25.059962 25.059962
0.836460 0.760851 39.380457 36.334954 36.334954
0.921461 0.895631 37.988753 36.334954 36.334954
0.459436 0.403436 36.334954 36.334954 36.334954
0.574777 0.819877 50.169934 36.334954 36.334954
0.130399 0.493301 36.334954 36.334954 36.334954
0.419251 0.700461 27.283358 27.203866 27.203866
0.117539 0.828178 26.787911 36.334954 26.787911
0.504712 0.463466 36.334954 36.334954 36.334954
0.465080 0.524016 36.334954 36.334954 36.334954
0.094624 0.191158 36.334954 36.334954 36.334954
0.757188 0.352774 36.334954 42.518675 36.334954
0.298625 0.112618 56.324477 57.061516 56.324477
0.388390 0.889346 36.334954 36.334954 36.334954
0.765226 0.916001 36.334954 36.334954 36.334954
0.949258 0.623242 36.334954 36.334954 36.334954
0.335127 0.344981 45.686081 36.334954 36.334954
0.188772 0.982695 36.334954 36.334954 36.334954
1.000000 0.490034 36.334954 36.334954 36.334954
0.120233 0.034998 36.334954 36.334954 36.334954
0.635360 0.281956 36.334954 36.334954 36.334954
0.795849 0.082439 25.268906 22.104859 22.104859
0.346857 0.475058 77.212709 89.134763 77.212709
0.111664 0.265576 85.082879 38.681849 38.681849
0.582911 0.559570 36.334954 36.334954 36.334954
0.226373 0.625538 50.353676 61.122247 50.353676
0.715649 0.334488 36.334954 36.334954 36.334954
0.285039 0.032812 30.313858 23.562555 23.562555
0.255393 0.474322 36.334954 36.334954 36.334954
0.915253 0.932395 80.376517 36.334954 36.334954
0.412836 0.276701 36.334954 36.334954 36.334954
0.045875 0.101954 36.334954 36.334954 36.334954
0.759219 0.802490 46.256978 36.334954 36.334954
0.622869 0.785114 30.861584 36.334954 30.861584
0.359450 0.909911 36.334954 36.334954 36.334954
0.861960 0.216347 36.334954 44.102985 36.334954
0.630432 0.630895 36.334954 38.363218 36.334954
0.090608 0.313860 89.991379 89.995506 89.991379
0.351909 0.546054 48.594587 41.645588 41.645588
0.031145 0.167299 36.334954 36.334954 36.334954
0.017303 0.496564 45.502220 36.334954 36.334954
0.415480 0.404076 36.334954 51.622612 36.334954
0.595634 0.989944 30.861584 36.334954 30.861584
0.595272 0.284609 51.381189 36.334954 36.334954
1.000000 0.593578 36.334954 36.334954 36.334954
0.959224 0.439575 36.334954 36.334954 36.334954
0.546070 0.618250 68.013531 36.334954 36.334954
0.606036 0.361658 48.217751 36.334954 36.334954
0.108737 0.398553 36.334954 36.334954 36.334954
0.215244 0.930877 47.292653 36.334954 36.334954
0.743307 0.239419 36.334954 25.059962 25.059962
0.367586 0.876626 36.334954 36.334954 36.334954
0.410764 0.700690 27.283358 27.203866 27.203866
0.009576 0.938912 25.207981 21.820348 21.820348
0.537589 0.886933 37.822729 36.334954 36.334954
0.021215 0.108377 36.334954 36.334954 36.334954
0.113782 0.172447 36.334954 36.334954 36.334954
0.688131 0.878821 36.334954 36.334954 36.334954
0.765622 0.589554 42.082146 36.334954 36.334954
0.881472 0.624902 36.334954 36.334954 36.334954
0.575894 0.510382 54.207261 85.629233 54.207261
0.122497 0.423889 36.334954 36.334954 36.334954
0.336931 0.487162 89.901218 89.978378 89.901218
0.107806 0.745336 58.802352 21.820348 21.820348
0.675054 0.929569 36.334954 36.334954 36.334954
0.381292 0.293092 36.334954 36.334954 36.334954
0.351479 0.709885 27.283358 34.716556 27.283358
0.542228 0.753373 30.861584 36.334954 30.861584
0.389856 0.650814 27.283358 27.203866 27.203866
0.894460 0.768069 30.951680 36.334954 30.951680
0.000000 0.000000 36.334954 36.334954 36.334954
0.580745 0.828521 59.929763 36.334954 36.334954
0.564470 0.218173 36.334954 34.005604 34.005604
0.335290 0.192136 30.313858 36.334954 30.313858
0.796048 0.695078 30.951680 36.334954 30.951680
0.330974 0.399513 56.536050 36.685929 36.685929
0.021846 0.187715 36.334954 36.334954 36.334954
0.153620 0.371575 36.334954 36.334954 36.334954
0.560880 0.486840 89.963328 89.958203 89.958203
0.741810 0.410716 89.775182 89.962341 89.775182
0.974099 0.293066 36.334954 36.334954 36.334954
0.731736 0.827651 32.557004 36.334954 32.557004
0.281274 0.693036 27.283358 30.469427 27.283358
0.937968 0.639262 36.334954 36.334954 36.334954
0.160847 0.164882 49.881971 36.334954 36.334954
0.467511 0.008747 36.334954 24.621459 24.621459
0.377614 0.522742 36.334954 36.334954 36.334954
0.718789 0.499847 36.334954 36.334954 36.334954
0.283019 0.852549 88.865471 88.926729 88.865471
0.858312 0.164793 25.268906 39.647369 25.268906
0.839074 0.319082 36.334954 36.334954 36.334954
0.461759 0.321906 36.334954 36.334954 36.334954
0.503599 0.852915 57.583483 36.334954 36.334954
0.362531 1.000000 36.334954 36.334954 36.334954
0.318440 0.466777 42.840704 55.112607 42.840704
0.133507 0.752662 25.207981 27.203866 25.207981
0.525485 0.281967 36.334954 36.334954 36.334954
0.328254 0.522480 73.637609 77.828533 73.637609
0.147447 0.633593 25.207981 27.203866 25.207981
0.301196 0.119033 51.889026 57.655116 51.889026
0.590200 0.633111 36.334954 36.334954 36.334954
0.443901 0.505281 36.334954 36.334954 36.334954
0.699021 0.141478 25.268906 25.059962 25.059962
0.000000 0.532354 36.334954 36.334954 36.334954
0.948301 0.021821 30.533525 22.104859 22.104859
0.997864 0.327969 36.334954 36.334954 36.334954
0.951358 0.909375 88.111057 86.984870 86.984870
0.312652 0.401990 36.334954 36.334954 36.334954
0.404974 0.186007 30.313858 36.334954 30.313858
0.939968 0.676623 30.951680 36.334954 30.951680
0.352087 0.859669 36.334954 36.334954 36.334954
0.608859 0.753625 30.861584 36.334954 30.861584
0.193391 0.307900 36.334954 36.334954 36.334954
0.092140 0.322993 87.917843 88.358456 87.917843
0.497126 0.626255 36.334954 36.334954 36.334954
0.231050 0.631274 62.741672 61.875381 61.875381
0.105181 0.044904 36.334954 36.334954 36.334954
