# Party-1 optima (Phase 1b)
# x0..x(D-1) party_fit f0 f1 consensus
0.051453 0.012899 0.193239 0.020547 0.090530 11.400919 11.400919 11.400919 11.400919
0.072983 0.543791 0.588992 0.294858 0.100195 11.400919 11.400919 11.400919 11.400919
0.814650 0.558811 0.194424 0.193171 0.169693 11.400919 11.400919 11.400919 11.400919
0.641388 0.813188 0.489593 0.942238 0.186119 11.400919 11.400919 11.400919 11.400919
0.369356 0.684471 0.374117 0.370515 0.769000 11.400919 11.400919 11.400919 11.400919
0.551810 0.577003 0.298583 0.458094 0.124356 11.400919 11.400919 11.400919 11.400919
0.850111 0.228525 0.103246 0.579829 0.945559 11.400919 11.400919 11.400919 11.400919
0.699557 0.880118 0.610366 0.105788 0.933267 11.400919 11.400919 11.400919 11.400919
