# gen=100 mediating population
# x0..x(D-1) f0 f1 consensus
0.948931 0.121063 0.593897 0.733539 0.000000 20.716016 18.772859 18.772859
0.988713 0.165548 0.743805 0.238577 0.154419 19.793060 18.772859 18.772859
0.925946 0.028831 0.560616 0.832266 0.593943 17.385600 18.772859 17.385600
0.983820 0.084258 0.721217 0.394400 0.188141 18.970183 18.772859 18.772859
0.944922 0.169372 0.708967 1.000000 0.000000 19.090656 18.772859 18.772859
0.946253 0.000000 0.846420 0.149745 0.678388 17.385600 19.007221 17.385600
1.000000 0.168914 0.822059 0.817912 0.000000 22.652770 18.772859 18.772859
0.975491 0.166141 0.767465 0.429154 0.000000 27.003126 18.772859 18.772859
0.995347 0.103093 0.819382 0.591377 0.192172 19.166019 18.772859 18.772859
1.000000 0.161183 0.716202 0.882914 0.157529 20.446342 18.772859 18.772859
0.968760 0.117998 0.748078 0.668408 0.000000 24.641238 18.772859 18.772859
1.000000 0.000000 0.587610 0.447206 0.147580 17.385600 18.772859 17.385600
0.265845 0.125394 0.095892 0.593960 0.582281 6.568340 5.639112 5.639112
0.976042 0.115050 0.683559 0.661642 0.279115 19.483988 18.772859 18.772859
1.000000 0.000000 0.726258 0.861336 0.000000 17.385600 18.772859 17.385600
0.858873 0.117210 0.564785 0.806228 0.635341 17.385600 18.772859 17.385600
1.000000 0.000000 0.870017 0.828023 0.111565 17.385600 18.772859 17.385600
0.961738 0.122553 0.709057 0.741723 0.120640 22.727719 18.772859 18.772859
0.943996 0.055234 0.667638 0.546115 0.000000 18.960328 18.951111 18.951111
0.895046 0.117468 0.889674 1.000000 0.000000 17.385600 18.772859 17.385600
0.992773 0.167570 0.824468 0.312523 0.000000 20.023421 18.772859 18.772859
0.879878 0.104544 1.000000 0.249204 0.999318 17.385600 18.772859 17.385600
1.000000 0.168963 0.727947 0.599817 0.358751 20.448784 18.772859 18.772859
0.848392 0.529576 0.671742 0.710627 0.778398 17.385600 13.995768 13.995768
0.224307 0.253164 0.877995 0.723766 0.745422 5.639112 5.639112 5.639112
0.739431 0.590507 0.065046 0.311937 0.957196 15.343114 19.786133 15.343114
1.000000 0.134228 0.926629 0.679571 0.000000 18.802612 18.772859 18.772859
0.894817 0.000000 0.656353 0.881853 0.548939 17.385600 18.772859 17.385600
0.912386 0.322038 0.925459 0.851958 0.318640 17.385600 14.296001 14.296001
1.000000 0.076446 0.901666 0.378608 0.188175 17.385600 18.772859 17.385600
1.000000 0.000000 0.979885 0.393390 0.000000 17.385600 18.772859 17.385600
1.000000 0.178257 0.679096 0.881602 0.342976 18.702093 13.995768 13.995768
0.999851 0.154502 0.837927 0.566123 0.034100 23.930354 18.772859 18.772859
0.968443 0.486867 0.755602 0.940146 0.373201 19.201286 21.188575 19.201286
0.986602 0.136163 0.707530 0.367348 0.298989 19.805755 18.772859 18.772859
0.941639 0.158592 0.691710 0.483161 0.143845 25.044608 18.772859 18.772859
0.188744 0.602238 0.083582 0.801525 0.929009 15.343114 5.639112 5.639112
0.360205 0.089871 0.819276 0.105394 0.659997 5.639112 5.639112 5.639112
0.839784 0.468608 0.580424 0.813999 0.182313 17.385600 18.404357 17.385600
0.836733 0.023648 0.526285 0.481180 0.808493 17.385600 18.772859 17.385600
0.924196 0.389917 0.947759 1.000000 0.589920 17.385600 17.355771 17.355771
0.818085 0.796761 0.061772 0.890682 0.112551 15.343114 19.786133 15.343114
0.989833 0.084050 0.603833 0.969452 0.696740 17.385600 18.772859 17.385600
0.938266 0.550936 0.518517 0.512347 0.451260 17.385600 13.995768 13.995768
0.701340 0.734499 0.514117 0.759662 0.456510 5.639112 13.995768 5.639112
0.864095 0.292163 0.489733 0.000000 0.175249 17.385600 13.995768 13.995768
1.000000 0.000000 0.931931 0.326006 0.259114 17.385600 18.806117 17.385600
0.989833 0.222335 0.995477 0.266303 0.519469 17.385600 13.995768 13.995768
0.977328 0.567756 1.000000 0.917116 0.366969 17.385600 17.355771 17.355771
0.935607 0.055234 0.514764 0.298020 0.170491 17.417273 19.361389 17.417273
0.962389 0.067839 0.687854 0.376897 0.000000 19.248079 19.118816 19.118816
0.955476 0.597453 0.687391 0.900838 0.223647 17.385600 24.539572 17.385600
0.938863 0.429187 0.836719 0.835218 0.182957 22.061069 20.982934 20.982934
1.000000 0.136467 0.659336 0.565893 0.207128 20.989595 18.772859 18.772859
0.853354 0.073632 0.731522 0.168892 0.602799 17.385600 21.701289 17.385600
0.934498 0.004605 0.667138 0.071071 1.000000 17.385600 18.772859 17.385600
0.847312 0.128258 0.642654 0.017101 0.113058 17.385600 18.772859 17.385600
0.223817 0.149607 0.341837 0.894302 0.362083 5.639112 5.639112 5.639112
0.137282 0.412819 0.065607 0.475333 0.463184 5.639112 5.639112 5.639112
0.942090 0.036809 0.258473 0.733554 0.517396 11.894343 18.452312 11.894343
0.550571 0.349854 0.291296 0.523484 0.546398 5.639112 5.639112 5.639112
0.957508 0.025259 0.837741 0.609392 0.306280 17.385600 18.772859 17.385600
0.939999 0.000000 0.854068 0.000000 0.018163 17.385600 18.772859 17.385600
0.937822 0.453714 0.850839 0.535885 0.113248 19.527047 18.822480 18.822480
0.687505 0.582274 0.522223 0.147270 0.339988 5.639112 13.995768 5.639112
0.830444 0.274556 0.700725 0.204312 0.457329 17.385600 13.995768 13.995768
0.960152 0.024971 0.534373 0.061236 0.297536 17.385600 18.772859 17.385600
0.288979 0.934022 0.726443 0.959949 0.063769 5.639112 5.639112 5.639112
0.848285 0.099865 0.925607 0.652615 0.741896 17.385600 18.772859 17.385600
0.897523 0.148685 0.560218 0.062313 0.452596 17.385600 18.772859 17.385600
0.971092 0.149952 0.685033 0.780527 0.239198 21.228301 18.772859 18.772859
1.000000 0.000000 0.803644 0.151277 0.000000 17.387114 18.772859 17.387114
0.973230 0.146049 0.580891 0.816446 0.132359 20.498781 18.772859 18.772859
0.519637 0.666347 0.098935 0.729792 0.783771 5.639112 5.639112 5.639112
0.982264 0.003410 0.850602 0.811015 0.330498 17.385600 18.772859 17.385600
0.905939 0.000000 0.620938 0.815692 0.000000 17.385600 18.772859 17.385600
1.000000 0.000000 0.547900 0.205201 0.762812 17.385600 18.772859 17.385600
0.991494 0.167422 0.842398 0.284063 0.240416 19.086508 18.772859 18.772859
1.000000 0.000000 0.486516 1.000000 0.091864 17.385600 18.772859 17.385600
0.940176 0.080093 0.602204 0.935741 0.124718 17.385600 18.772859 17.385600
0.980232 0.083938 1.000000 1.000000 0.000000 17.385600 18.772859 17.385600
1.000000 0.067274 0.686564 0.570363 0.639878 17.385600 18.772859 17.385600
0.193559 0.405064 0.716031 0.941586 0.513627 5.639112 5.639112 5.639112
0.964405 0.519320 0.827195 0.549220 0.379338 17.871577 14.272250 14.272250
1.000000 0.340666 0.604674 0.557512 0.271522 18.720139 13.995768 13.995768
0.938939 0.000000 1.000000 0.064068 0.507312 17.385600 19.330479 17.385600
1.000000 0.079737 1.000000 0.549952 0.000000 17.385600 18.772859 17.385600
0.984335 0.111531 0.647792 0.512911 0.797620 17.385600 18.772859 17.385600
0.900469 0.701009 0.646110 0.489311 0.342994 16.162094 13.995768 13.995768
0.927601 0.011328 0.835621 0.114363 0.738473 17.385600 18.772859 17.385600
0.882280 0.083980 0.631707 0.860221 0.658451 17.385600 18.772859 17.385600
0.879711 0.238941 0.871496 0.693678 0.523665 17.385600 13.995768 13.995768
0.204162 0.631817 0.471467 0.581672 0.886255 5.639112 5.639112 5.639112
0.997416 0.026334 0.650772 0.180770 0.515842 17.385600 18.772859 17.385600
0.960208 0.169215 0.583267 0.253082 0.000000 18.046477 18.772859 18.046477
1.000000 0.258456 0.939979 0.565839 0.000000 18.187734 13.995768 13.995768
0.963655 0.913421 0.567365 0.968186 0.832908 16.162094 17.355771 16.162094
1.000000 0.170651 0.699085 0.519741 0.035165 21.507033 18.772859 18.772859
0.956574 0.092642 0.884178 0.000000 0.290472 17.385600 18.772859 17.385600
1.000000 0.000000 0.940971 0.533272 0.318128 17.385600 18.772859 17.385600
1.000000 0.193246 0.954178 0.832593 0.166481 18.097865 13.995768 13.995768
0.825830 0.251434 0.998178 0.132457 0.045961 17.385600 13.995768 13.995768
0.963058 0.093977 0.656707 0.263219 0.062165 18.806474 18.791599 18.791599
1.000000 0.422550 0.976527 0.639899 0.125225 17.711126 13.995768 13.995768
0.908592 0.302470 0.514218 0.475047 0.230219 19.086553 14.000933 14.000933
0.498320 0.297691 0.889588 0.203098 0.929244 5.639112 5.639112 5.639112
0.400409 0.967959 0.904536 0.384513 0.468282 5.639112 5.639112 5.639112
0.960063 0.044860 0.779938 0.305913 0.322153 17.385600 22.725074 17.385600
0.874556 0.118375 0.595605 0.707191 0.622439 17.385600 18.772859 17.385600
0.978318 0.140264 0.769423 0.066624 0.207046 17.716639 18.772859 17.716639
0.581755 0.628361 0.150370 0.687877 0.401420 5.639112 5.639112 5.639112
0.935094 0.247883 0.051692 0.691265 0.412215 19.705302 19.786133 19.705302
1.000000 0.026206 0.902389 0.534669 0.150243 17.396386 18.772859 17.396386
1.000000 0.666233 0.481933 0.323193 0.004393 16.162094 13.995768 13.995768
0.900753 0.458345 0.637371 1.000000 0.000000 17.630653 17.355771 17.355771
0.763078 0.453167 0.647317 0.878527 0.609249 5.639112 13.995768 5.639112
0.912438 0.169372 0.527749 0.618840 0.000000 19.173466 18.772859 18.772859
0.890397 0.535718 0.919694 0.729811 0.161685 17.385600 38.679429 17.385600
1.000000 0.000000 1.000000 0.000000 0.000000 17.385600 18.772859 17.385600
1.000000 0.000000 0.630616 0.325574 0.147580 17.385600 18.772859 17.385600
0.891948 0.471289 0.620641 0.928815 0.863523 17.385600 17.355771 17.355771
0.088853 0.949321 0.784103 0.460945 0.081694 5.639112 5.639112 5.639112
0.959954 0.116637 0.615224 0.706546 0.000000 21.625262 18.772859 18.772859
0.932801 0.852169 0.756943 1.000000 0.244537 16.162094 17.355771 16.162094
1.000000 0.168943 0.690544 0.851134 0.000000 20.744497 18.772859 18.772859
0.959537 0.971355 0.550151 0.340866 0.658192 16.162094 13.995768 13.995768
0.976143 0.000000 0.726772 0.404832 0.430283 17.385600 19.071741 17.385600
0.828868 0.158850 0.644859 0.406199 0.325522 17.385600 18.772859 17.385600
1.000000 0.144818 0.807813 0.759507 0.251011 19.248071 18.772859 18.772859
0.956503 0.030651 0.696534 1.000000 0.325779 17.385600 18.772859 17.385600
1.000000 0.426936 0.310150 0.786262 0.384633 11.894343 13.995768 11.894343
0.984093 0.166462 0.824125 0.929950 0.023038 19.562965 18.772859 18.772859
1.000000 0.000000 1.000000 0.886870 0.000000 17.385600 18.772859 17.385600
0.932592 0.000000 0.602353 0.050819 0.519924 17.385600 18.772859 17.385600
0.998842 0.353440 0.734927 1.000000 0.385671 19.030728 17.355771 17.355771
1.000000 0.111389 0.950764 0.753727 0.019506 17.583949 18.772859 17.583949
0.824071 0.497932 0.508958 0.586227 0.166068 17.385600 15.454025 15.454025
0.834108 0.874086 0.355316 0.350555 0.329411 16.162094 13.995768 13.995768
0.160219 0.710385 0.055042 0.645469 0.579599 18.333713 5.639112 5.639112
0.953017 0.156661 0.731049 0.161695 0.066364 18.917153 18.772859 18.772859
0.942614 0.450949 0.769996 0.717298 0.259565 25.461608 24.193184 24.193184
0.941824 0.000000 0.388190 0.191815 0.000000 11.894343 18.452312 11.894343
1.000000 0.000000 0.757956 0.057847 0.277840 17.385600 18.772859 17.385600
1.000000 0.000000 0.670221 0.663174 0.009109 17.385600 18.772859 17.385600
1.000000 0.075748 0.599961 0.518812 0.322707 17.385600 18.772859 17.385600
0.945791 0.151653 0.556519 0.635390 0.243853 19.655754 18.772859 18.772859
0.755137 0.199465 0.003619 0.437142 0.482298 5.639112 19.786133 5.639112
0.952733 0.507735 0.858753 0.671222 0.027056 17.777313 18.103015 17.777313
0.919481 0.000000 0.576544 0.197135 0.000000 17.385600 18.772859 17.385600
0.972858 0.367147 0.666004 0.731840 0.687456 17.385600 13.995768 13.995768
0.845278 0.042061 1.000000 0.369105 0.190995 17.385600 19.227287 17.385600
1.000000 0.312047 0.831416 0.788089 0.151775 28.002417 13.995768 13.995768
0.952137 0.365341 0.724299 1.000000 0.599931 17.385600 17.355771 17.355771
0.024377 0.311295 0.918660 0.845760 0.499216 5.639112 5.639112 5.639112
0.971931 0.000000 0.887914 0.648892 0.081309 17.385600 18.772859 17.385600
0.621135 0.020117 0.614475 0.411790 0.594720 5.639112 12.996413 5.639112
0.435434 0.542479 0.102844 0.788035 0.687850 5.639112 5.639112 5.639112
1.000000 0.603698 0.826831 0.567778 0.022655 17.385600 18.939299 17.385600
0.991780 0.340516 0.560487 0.283243 0.059110 17.385600 13.995768 13.995768
0.908721 0.051005 0.653881 1.000000 0.006343 17.385600 18.772859 17.385600
0.935094 0.151260 0.000000 0.434468 0.439208 11.894343 18.452312 11.894343
0.939279 0.713189 0.200950 0.368488 0.876797 11.990490 13.995768 11.990490
1.000000 0.125129 0.937745 0.758442 0.277506 17.436871 18.772859 17.436871
0.928896 0.012336 0.122997 0.055477 0.000000 11.894343 18.452312 11.894343
1.000000 0.000000 0.563508 0.567010 0.748071 17.385600 18.772859 17.385600
0.337937 0.957405 0.930945 0.021262 0.733392 5.639112 5.639112 5.639112
0.366158 0.358554 0.350432 0.330164 0.173109 5.639112 5.639112 5.639112
0.993447 0.013475 0.959128 0.207807 0.116158 17.385600 18.772859 17.385600
0.925934 0.320534 0.498059 0.897970 0.337612 17.385600 17.464050 17.385600
1.000000 0.078330 0.939637 1.000000 0.526234 17.385600 18.772859 17.385600
0.345172 0.582914 0.041055 0.854761 0.168677 15.343114 5.639112 5.639112
0.841334 0.108981 0.587586 0.000000 0.702436 17.385600 18.772859 17.385600
0.994494 0.277418 0.270330 0.243893 0.012705 11.894343 13.995768 11.894343
0.081274 0.154746 0.354910 0.672174 0.521366 5.639112 5.639112 5.639112
0.946297 0.000000 0.977346 0.180247 0.779178 17.385600 18.785926 17.385600
0.868680 0.122720 0.734541 0.000000 0.999318 17.385600 18.772859 17.385600
0.947490 0.458345 0.706030 0.831405 0.113248 20.726925 17.483843 17.483843
0.879971 0.339565 0.720756 0.656681 0.000000 18.197392 13.995768 13.995768
0.849180 0.594416 0.780702 0.295343 0.500000 17.385600 13.995768 13.995768
1.000000 0.000000 0.360583 0.383446 0.172016 11.894343 18.452312 11.894343
0.776824 0.143122 0.182910 0.323962 0.914342 5.639112 18.452312 5.639112
0.936284 0.106806 0.587414 0.403672 0.335285 17.385600 18.772859 17.385600
1.000000 0.322970 0.638500 0.929392 0.156533 18.618512 17.355771 17.355771
0.881194 0.032844 0.756782 0.063459 0.200897 17.385600 24.724587 17.385600
0.932970 0.153264 0.540658 0.860748 0.000000 18.795399 18.772859 18.772859
0.976366 0.680803 0.496268 0.621873 0.352230 16.162094 13.995768 13.995768
1.000000 0.017358 0.881957 0.972651 0.000000 17.385600 18.772859 17.385600
0.658469 0.157509 0.295242 0.561153 0.162630 5.639112 18.452312 5.639112
0.969815 0.000000 0.715648 0.000000 0.019644 17.385600 18.780244 17.385600
0.174512 0.099133 0.090274 0.754945 0.714738 5.639112 5.639112 5.639112
0.828886 0.092158 0.999241 0.487518 0.583579 17.385600 18.772859 17.385600
0.994186 0.111541 0.853929 0.782567 0.408361 17.385600 18.772859 17.385600
1.000000 0.133066 0.955206 0.446334 0.906424 17.385600 18.772859 17.385600
0.913273 0.321317 0.614528 0.689876 0.264401 23.724323 14.847891 14.847891
0.830986 0.079200 0.824425 0.000000 0.881977 17.385600 18.772859 17.385600
0.994571 0.335616 0.766957 0.475839 0.000000 18.234597 13.995768 13.995768
1.000000 0.033949 0.773375 0.495950 0.537956 17.385600 18.772859 17.385600
0.526363 0.713136 0.055260 0.496196 0.333731 15.343114 5.639112 5.639112
0.906715 0.128546 0.444555 0.177094 0.098617 11.894343 18.772859 11.894343
0.838899 0.075369 0.770302 1.000000 0.476185 17.385600 18.772859 17.385600
0.744241 0.698588 0.345719 0.497527 0.822215 5.639112 13.995768 5.639112
0.962098 0.194959 0.634538 1.000000 0.310038 18.283907 17.355771 17.355771
0.748659 0.714988 0.848182 0.409590 0.076557 5.639112 13.995768 5.639112
0.035637 0.730403 0.273194 0.193885 0.316179 5.639112 5.639112 5.639112
0.946980 0.000000 0.526677 0.203043 0.230565 17.385600 18.772859 17.385600
0.511550 0.141494 0.087892 0.108454 0.420980 5.639112 5.639112 5.639112
0.646582 0.849622 0.022784 0.312768 0.739512 15.343114 19.786133 15.343114
0.905603 0.536761 0.759458 0.822114 0.048052 17.385600 17.461169 17.385600
0.971261 0.126589 0.807360 0.729599 0.990216 17.385600 18.772859 17.385600
0.894580 0.430618 0.645878 0.723328 0.172408 19.530000 21.442102 19.530000
0.912853 0.848739 0.890908 0.530437 0.448291 16.162094 13.995768 13.995768
0.946126 0.056726 0.643366 0.506150 0.000000 19.009917 19.104352 19.009917
0.179878 0.760048 0.868672 0.674181 0.726138 5.639112 5.639112 5.639112
1.000000 0.000000 0.610294 0.111659 0.672795 17.385600 18.772859 17.385600
0.924842 0.153582 0.510961 0.000000 0.029945 17.385600 18.772859 17.385600
0.378679 0.430022 0.781538 0.092938 0.935802 5.639112 5.639112 5.639112
0.933547 0.633502 0.899202 0.964378 0.987324 16.162094 17.355771 16.162094
0.919787 0.000000 0.934459 0.099446 0.994243 17.385600 18.772859 17.385600
0.930709 0.210280 0.717279 0.361835 0.156627 22.930844 13.995768 13.995768
0.956503 0.105941 0.514708 0.894373 0.301916 17.423001 18.772859 17.423001
1.000000 0.053471 0.861384 0.461039 0.000000 17.845178 18.772859 17.845178
0.935285 0.121699 0.716946 0.636841 0.533330 17.385600 18.772859 17.385600
0.615440 0.282172 0.417328 0.606632 0.344327 5.639112 5.639112 5.639112
0.851700 0.143801 0.552959 0.743539 0.502501 17.385600 18.772859 17.385600
0.956452 0.040296 0.489579 1.000000 0.279722 17.385600 18.772859 17.385600
0.905098 0.156831 0.654576 0.395754 0.000000 18.871113 18.772859 18.772859
0.938816 0.374795 0.692997 0.937438 0.008218 24.405480 19.468508 19.468508
0.896749 0.082647 0.809233 0.149330 0.380927 17.385600 20.105543 17.385600
0.839970 0.427678 0.944672 0.777879 0.277396 17.385600 17.564692 17.385600
0.520713 0.624253 0.099125 0.389300 0.178605 5.639112 5.639112 5.639112
0.182002 0.468058 0.365249 0.148042 0.664758 5.639112 5.639112 5.639112
0.948199 0.135710 0.926518 0.442467 0.354693 17.385600 18.772859 17.385600
0.978251 0.402392 0.158417 1.000000 0.547523 11.894343 17.355771 11.894343
0.876625 0.000000 0.770756 0.868496 0.112653 17.385600 18.772859 17.385600
0.976853 0.022430 0.765486 0.619666 0.022156 17.699026 18.772859 17.699026
0.868245 0.101293 0.749244 0.514245 0.000000 17.385600 18.934595 17.385600
1.000000 0.000000 1.000000 0.000000 0.000000 17.385600 18.772859 17.385600
0.922337 0.157954 0.614378 0.148154 0.768627 17.385600 18.772859 17.385600
0.966876 0.000000 0.599016 0.376410 0.409941 17.385600 18.772859 17.385600
0.021186 0.095648 0.195851 0.084829 0.245230 5.639112 5.639112 5.639112
0.911627 0.504940 0.572298 0.662776 0.120172 17.541215 20.726843 17.541215
0.905990 0.265491 0.618843 0.297904 0.472924 17.385600 13.995768 13.995768
0.239325 0.028432 0.232954 0.663666 0.369144 5.639112 12.996413 5.639112
0.988871 0.000000 0.547719 0.414336 0.130393 17.385600 18.772859 17.385600
0.998048 0.000000 0.584693 0.000000 0.065907 17.385600 18.772859 17.385600
0.313777 0.282316 0.126654 0.324886 0.545192 7.072118 5.639687 5.639687
0.986602 0.399642 0.629702 0.574207 0.160822 17.519790 14.600580 14.600580
0.847290 0.158143 0.698248 0.817512 0.512741 17.385600 18.772859 17.385600
0.931185 0.000000 0.517621 0.566810 0.000000 17.463148 18.772859 17.463148
0.947490 0.458345 0.773665 0.689818 0.113248 22.879180 22.637666 22.637666
0.999191 0.000000 0.869646 0.000000 0.000000 17.385600 18.772859 17.385600
0.958244 0.449896 0.786489 0.927767 0.001073 18.406179 19.349288 18.406179
1.000000 0.209620 0.792942 1.000000 0.180191 19.685850 17.355771 17.355771
0.532950 0.901871 0.631182 0.196150 0.650238 5.639112 5.639112 5.639112
0.949882 0.244525 0.757189 0.089051 0.464943 17.385600 13.995768 13.995768
0.935589 0.548895 1.000000 0.642694 0.055028 17.385600 23.143549 17.385600
0.940165 0.000000 0.543899 0.329536 0.000000 17.410013 18.772859 17.410013
0.441011 0.989631 0.441882 0.386782 0.233284 5.639112 5.639112 5.639112
0.968443 0.429769 0.685653 0.938030 0.466852 19.656099 19.558115 19.558115
0.929371 0.136385 0.506162 0.377549 0.000000 18.029557 18.772859 18.029557
0.942214 0.169215 0.775750 0.101336 0.595071 17.385600 18.772859 17.385600
0.254723 0.042862 0.227841 0.207660 0.358858 5.639112 13.991075 5.639112
0.865042 0.135241 0.865264 0.905108 0.211245 17.385600 18.772859 17.385600
0.845733 0.414971 0.394012 0.866672 0.531775 11.894343 13.995768 11.894343
0.923626 0.061182 0.542710 0.739726 0.085246 17.526636 18.772859 17.526636
1.000000 0.009209 0.943434 0.275633 0.466030 17.385600 18.930495 17.385600
0.965161 0.580762 0.677648 0.307305 0.325984 17.385600 13.995768 13.995768
0.938036 0.399403 0.749192 0.911084 0.276617 23.900231 24.314029 23.900231
0.846220 0.044833 0.807819 0.869893 0.964999 17.385600 18.772859 17.385600
1.000000 0.000000 0.883866 0.369620 0.537912 17.385600 18.772859 17.385600
0.882536 0.097923 0.525769 0.570261 0.194662 17.385600 18.966778 17.385600
0.934498 0.067169 0.670045 0.287289 1.000000 17.385600 18.772859 17.385600
0.280158 0.714066 0.412521 0.387946 0.678147 5.639112 5.639112 5.639112
0.903557 0.750113 0.187628 0.289867 0.072066 11.990490 13.995768 11.990490
1.000000 0.000000 1.000000 0.781616 0.580364 17.385600 18.772859 17.385600
1.000000 0.053974 0.753651 0.302851 0.000000 17.766421 18.772859 17.766421
0.880395 0.000000 0.582794 0.000000 0.942814 17.385600 18.772859 17.385600
0.458426 0.014721 0.072674 0.425495 0.140649 5.639112 12.996413 5.639112
0.568808 0.009281 0.119437 0.383148 0.885061 5.639112 12.996413 5.639112
1.000000 0.150083 0.915079 0.674268 0.000000 20.106280 18.772859 18.772859
0.460935 0.123061 0.698243 0.492576 0.324157 5.639112 5.639112 5.639112
0.371706 0.488891 0.771093 0.407889 0.958762 5.639112 5.639112 5.639112
0.978910 0.128855 0.900053 0.000000 0.513020 17.385600 18.772859 17.385600
1.000000 0.012085 1.000000 0.670720 0.000000 17.385600 18.772859 17.385600
0.437709 0.029408 0.459453 0.018208 0.717444 5.639112 12.996413 5.639112
0.838442 0.107055 0.989303 0.255284 0.019967 17.385600 18.772859 17.385600
0.882169 0.012768 0.827027 0.406199 0.246979 17.385600 24.057792 17.385600
0.997216 0.058172 0.821908 0.444233 0.000000 18.378613 18.772859 18.378613
0.852428 0.000000 0.664770 0.556721 0.000000 17.385600 18.772859 17.385600
0.006441 0.161526 0.886846 0.373598 0.911718 5.639112 5.639112 5.639112
0.941122 0.158345 0.724347 0.028346 0.090911 17.689082 18.772859 17.689082
0.886374 0.000000 0.983628 0.512898 0.247593 17.385600 18.772859 17.385600
0.968529 0.094132 0.666686 0.229902 0.188141 18.072169 18.797278 18.072169
0.920066 0.000000 0.694093 0.134748 0.000000 17.385600 19.284292 17.385600
0.325455 0.529061 0.915491 0.604668 0.732126 5.639112 5.639112 5.639112
1.000000 0.920250 0.813677 0.621985 0.769064 16.162094 13.995768 13.995768
0.972628 0.153264 0.370672 1.000000 0.000000 11.894343 18.452312 11.894343
0.917150 0.106514 0.762723 0.295179 0.707475 17.385600 18.772859 17.385600
1.000000 0.000000 0.703180 0.167490 0.221646 17.385600 18.925542 17.385600
0.642556 0.577479 0.641848 0.370286 0.256021 5.639112 13.995768 5.639112
