# gen=0 mediating population
# x0..x(D-1) f0 f1 consensus
0.946622 0.191785 0.642294 0.783672 0.014357 30.540798 13.995768 13.995768
0.879491 0.176335 0.561122 0.955032 0.384561 17.385600 17.355771 17.355771
0.912386 0.322038 0.925459 0.851958 0.318640 17.385600 14.296001 14.296001
0.858873 0.117210 0.564785 0.806228 0.635341 17.385600 18.772859 17.385600
0.938266 0.550936 0.518517 0.512347 0.451260 17.385600 13.995768 13.995768
0.839784 0.468608 0.580424 0.813999 0.182313 17.385600 18.404357 17.385600
0.848392 0.529576 0.671742 0.710627 0.778398 17.385600 13.995768 13.995768
0.989833 0.222335 0.995477 0.266303 0.519469 17.385600 13.995768 13.995768
0.739431 0.590507 0.065046 0.311937 0.957196 15.343114 19.786133 15.343114
0.801001 0.906364 0.036006 0.364348 0.508058 15.343114 19.786133 15.343114
0.844922 0.567756 0.049292 0.878853 0.780975 11.894343 19.786133 11.894343
0.900469 0.002143 0.416660 0.047343 0.342976 11.894343 18.772859 11.894343
0.927601 0.011328 0.835621 0.114363 0.738473 17.385600 18.772859 17.385600
0.882280 0.083980 0.631707 0.860221 0.658451 17.385600 18.772859 17.385600
0.836733 0.023648 0.526285 0.481180 0.808493 17.385600 18.772859 17.385600
0.744202 0.108244 0.990234 0.745049 0.461866 5.639112 18.772859 5.639112
0.843027 0.391146 0.353670 0.547805 0.485776 11.894343 13.995768 11.894343
0.873812 0.549075 0.339150 0.574010 0.261207 11.894343 14.042106 11.894343
0.895772 0.379770 0.345793 0.831262 0.397666 11.894343 13.995768 11.894343
0.923546 0.096964 0.529477 0.415508 0.178666 17.552061 18.772859 17.552061
0.937112 0.101556 0.738957 0.449018 0.376415 17.385600 18.772859 17.385600
0.914451 0.137882 0.637000 0.821946 0.336404 17.385600 18.772859 17.385600
0.891678 0.107716 0.584289 0.632426 0.411425 17.385600 18.772859 17.385600
0.845412 0.150014 0.816264 0.764360 0.238112 17.385600 18.772859 17.385600
0.809461 0.383421 0.313084 0.633484 0.670878 5.639112 13.995768 5.639112
0.840246 0.541350 0.298564 0.659690 0.446309 11.894343 13.995768 11.894343
0.862206 0.372046 0.305207 0.916942 0.582768 11.894343 17.355771 11.894343
0.889980 0.089239 0.488891 0.501187 0.363768 17.385600 19.135431 17.385600
0.903546 0.093832 0.698371 0.534697 0.561517 17.385600 18.772859 17.385600
0.880886 0.130158 0.596415 0.907626 0.521506 17.385600 18.772859 17.385600
0.858112 0.099992 0.543704 0.718106 0.596527 17.385600 18.772859 17.385600
0.811847 0.142289 0.775678 0.850040 0.423214 5.639112 18.772859 5.639112
0.825908 0.456272 0.495253 0.581948 0.637918 17.385600 13.995768 13.995768
0.856693 0.614201 0.480733 0.608153 0.413349 16.162094 13.995768 13.995768
0.878654 0.444897 0.487376 0.865405 0.549808 17.385600 13.995768 13.995768
0.906427 0.162091 0.671060 0.449651 0.330808 17.385600 18.772859 17.385600
0.919993 0.166683 0.880540 0.483161 0.528556 17.385600 18.772859 17.385600
0.897333 0.203009 0.778583 0.856089 0.488546 17.385600 13.995768 13.995768
0.874559 0.172843 0.725872 0.666569 0.563566 17.385600 13.995768 13.995768
0.828294 0.215141 0.957847 0.798503 0.390253 17.385600 13.995768 13.995768
0.799152 0.353858 0.314916 0.559082 0.796268 5.639112 13.995768 5.639112
0.829937 0.511787 0.300396 0.585288 0.571700 11.894343 13.995768 11.894343
0.851897 0.342483 0.307039 0.842540 0.708158 11.894343 13.995768 11.894343
0.879671 0.059677 0.490723 0.426785 0.489158 17.385600 19.632448 17.385600
0.893237 0.064269 0.700203 0.460295 0.686907 17.385600 19.610646 17.385600
0.847803 0.070429 0.545535 0.643704 0.721917 17.385600 18.772859 17.385600
0.801538 0.112727 0.777510 0.775638 0.548604 5.639112 18.772859 5.639112
0.838849 0.570721 0.291781 0.412142 0.704228 11.894343 13.995768 11.894343
0.869633 0.728650 0.277262 0.438348 0.479659 11.990490 13.995768 11.990490
0.891594 0.559346 0.283905 0.695600 0.616118 11.894343 13.995768 11.894343
0.919368 0.276539 0.467589 0.279845 0.397118 11.894343 13.995768 11.894343
0.932934 0.281132 0.677069 0.313355 0.594867 17.385600 13.995768 13.995768
0.910273 0.317458 0.575112 0.686284 0.554856 17.385600 13.995768 13.995768
0.887500 0.287292 0.522401 0.496763 0.629877 17.385600 13.995768 13.995768
0.841234 0.329590 0.754375 0.628698 0.456563 17.385600 13.995768 13.995768
0.820392 0.687486 0.308215 0.589174 0.345186 5.639112 13.995768 5.639112
0.842353 0.518182 0.314858 0.846426 0.481644 11.894343 13.995768 11.894343
0.870127 0.235375 0.498542 0.430671 0.262644 17.385600 13.995768 13.995768
0.883693 0.239968 0.708022 0.464181 0.460393 17.385600 13.995768 13.995768
0.861032 0.276294 0.606065 0.837110 0.420382 17.385600 13.995768 13.995768
0.838259 0.246128 0.553354 0.647589 0.495403 17.385600 13.995768 13.995768
0.791993 0.288426 0.785329 0.779524 0.322090 5.639112 13.995768 5.639112
0.793911 0.560041 0.368394 0.511282 0.867797 5.639112 13.995768 5.639112
0.824696 0.717970 0.353874 0.537488 0.643228 16.162094 13.995768 13.995768
0.846657 0.548666 0.360517 0.794740 0.779687 11.894343 13.995768 11.894343
0.874430 0.265859 0.544201 0.378985 0.560687 17.385600 13.995768 13.995768
0.887996 0.270452 0.753681 0.412495 0.758436 17.385600 13.995768 13.995768
0.865336 0.306778 0.651724 0.785424 0.718425 17.385600 13.995768 13.995768
0.842562 0.276612 0.599013 0.595903 0.793445 17.385600 13.995768 13.995768
0.796297 0.318910 0.830988 0.727838 0.620132 5.639112 13.995768 5.639112
0.864632 0.406421 0.530262 0.289120 0.738332 17.385600 13.995768 13.995768
0.895417 0.564350 0.515742 0.315326 0.513763 17.385600 13.995768 13.995768
0.917377 0.395046 0.522385 0.572578 0.650222 17.414897 13.995768 13.995768
0.945151 0.112239 0.706069 0.156823 0.431222 17.385600 18.772859 17.385600
0.958717 0.116831 0.915549 0.190333 0.628971 17.385600 18.772859 17.385600
0.936057 0.153158 0.813592 0.563262 0.588960 17.385600 18.772859 17.385600
0.913283 0.122992 0.760881 0.373741 0.663981 17.385600 18.772859 17.385600
0.867018 0.165289 0.992856 0.505676 0.490668 17.385600 18.772859 17.385600
0.599592 0.587151 0.178148 0.401345 0.089126 5.639112 5.639112 5.639112
0.332118 0.184355 0.487006 0.457096 0.288323 5.639112 5.639112 5.639112
0.958557 0.704370 0.503828 0.024103 0.980484 16.162094 13.995768 13.995768
0.919960 0.673455 0.097141 0.833228 0.046356 11.990490 13.995768 11.990490
0.723190 0.408153 0.080657 0.158367 0.651716 5.639112 19.786133 5.639112
0.631531 0.960261 0.913432 0.095244 0.901388 5.639112 13.995768 5.639112
0.489826 0.204982 0.870531 0.254961 0.201542 5.639112 5.639112 5.639112
0.049315 0.450561 0.927595 0.881894 0.767154 5.639112 5.639112 5.639112
0.303978 0.000434 0.981252 0.267264 0.576340 5.639112 10.932424 5.639112
0.489402 0.153246 0.333088 0.089431 0.749101 5.639112 5.639112 5.639112
0.278911 0.289668 0.298411 0.077699 0.804268 6.005844 5.639112 5.639112
0.212826 0.149342 0.985177 0.570921 0.863621 5.639112 5.639112 5.639112
0.486307 0.608825 0.771456 0.999460 0.141237 5.951707 5.639112 5.639112
0.582666 0.140939 0.327479 0.835413 0.287876 5.639112 5.639112 5.639112
0.080465 0.861828 0.496067 0.991049 0.494580 5.639112 5.639112 5.639112
0.392071 0.339376 0.241070 0.950800 0.580078 5.639112 5.639112 5.639112
0.480469 0.816902 0.986789 0.400753 0.302712 5.639112 5.639112 5.639112
0.197115 0.615877 0.617969 0.075300 0.186611 5.639112 5.639112 5.639112
0.045742 0.174247 0.134774 0.223418 0.411444 5.639112 5.639112 5.639112
0.286906 0.259822 0.540064 0.277023 0.756116 5.639112 5.639112 5.639112
0.045691 0.079855 0.746310 0.504525 0.227726 5.639112 5.639112 5.639112
0.361544 0.260467 0.124443 0.139312 0.811840 12.683076 14.155028 12.683076
0.498563 0.254570 0.177726 0.764565 0.523506 5.639112 5.639112 5.639112
0.600709 0.750211 0.556355 0.820466 0.668924 5.639112 5.639112 5.639112
0.791876 0.310261 0.755421 0.719982 0.792454 5.639112 13.995768 5.639112
0.682584 0.931457 0.877725 0.183079 0.310404 5.639112 13.995768 5.639112
0.474275 0.632446 0.339621 0.359407 0.146099 5.639112 5.639112 5.639112
0.855021 0.416036 0.447714 0.433952 0.360183 11.894343 13.995768 11.894343
0.458519 0.206942 0.624461 0.034002 0.451011 5.639112 5.639112 5.639112
0.650529 0.357291 0.038015 0.641527 0.886187 5.639112 19.786133 5.639112
0.584995 0.560517 0.385864 0.097256 0.702375 5.639112 5.639112 5.639112
0.469207 0.411359 0.191327 0.226985 0.848411 5.639112 5.639112 5.639112
0.433952 0.968739 0.147372 0.537856 0.183493 5.639112 5.639112 5.639112
0.678358 0.402005 0.890323 0.808694 0.215542 5.639112 13.995768 5.639112
0.795611 0.282706 0.884334 0.933783 0.311556 5.639112 17.355771 5.639112
0.890095 0.766308 0.098929 0.908519 0.005547 11.990490 17.355771 11.990490
0.845034 0.988799 0.640167 0.319732 0.989889 16.162094 13.995768 13.995768
0.709330 0.106539 0.271996 0.518902 0.462347 5.639112 18.452312 5.639112
0.198892 0.210735 0.766807 0.219543 0.738393 5.639112 5.639112 5.639112
0.628890 0.920800 0.000835 0.181686 0.432401 15.343114 19.786133 15.343114
0.136675 0.622544 0.923227 0.660936 0.387521 5.659293 5.721862 5.659293
0.326099 0.738943 0.505196 0.904866 0.482734 5.639112 5.639112 5.639112
0.407509 0.816387 0.071371 0.464577 0.961439 15.343114 5.639112 5.639112
0.731548 0.440517 0.823568 0.861567 0.827105 5.639112 13.995768 5.639112
0.415561 0.443883 0.826362 0.448575 0.525738 5.639112 6.193360 5.639112
0.029268 0.745051 0.179783 0.899182 0.433313 5.639112 5.639112 5.639112
0.813138 0.611639 0.800971 0.432524 0.285300 5.639112 15.180758 5.639112
0.619537 0.976405 0.338059 0.446500 0.544976 5.639112 5.639112 5.639112
0.718865 0.041526 0.587451 0.638486 0.369240 5.639112 18.772859 5.639112
0.577431 0.296741 0.363321 0.025578 0.392355 5.639112 5.639112 5.639112
0.871594 0.699633 0.234287 0.663116 0.429727 11.990490 13.995768 11.990490
0.512452 0.797024 0.883605 0.737825 0.939712 5.639112 5.639112 5.639112
0.292618 0.547990 0.770446 0.338453 0.080640 5.639112 7.074555 5.639112
0.533761 0.035916 0.089854 0.975456 0.047749 5.639112 12.996413 5.639112
0.100253 0.066655 0.051706 0.148571 0.561672 5.639112 12.996413 5.639112
0.097315 0.230935 0.328125 0.151413 0.952937 5.639112 5.639112 5.639112
0.162376 0.399059 0.737126 0.847270 0.714908 5.639112 5.639112 5.639112
0.481615 0.160713 0.833724 0.729596 0.539829 5.639112 5.639112 5.639112
0.983697 0.756297 0.465412 0.068489 0.121344 16.162094 13.995768 13.995768
0.698603 0.585929 0.614823 0.609026 0.956893 5.639112 13.995768 5.639112
0.415763 0.950702 0.240659 0.025193 0.533464 5.639112 5.639112 5.639112
0.329302 0.573107 0.297691 0.683717 0.252053 5.639112 5.639112 5.639112
0.315752 0.807525 0.273562 0.551767 0.844222 5.639112 5.639112 5.639112
0.320034 0.448853 0.957366 0.963514 0.927440 5.639112 5.639112 5.639112
0.752208 0.074547 0.487837 0.120409 0.459734 5.639112 18.772859 5.639112
0.818705 0.651809 0.764802 0.158919 0.704612 5.639112 13.995768 5.639112
0.215572 0.751224 0.304490 0.442732 0.879393 5.639112 5.639112 5.639112
0.219992 0.111426 0.583398 0.252593 0.383974 5.639112 5.639112 5.639112
0.361072 0.370002 0.223309 0.146907 0.685437 5.639112 5.722262 5.639112
0.785983 0.042569 0.032717 0.838228 0.910360 5.639112 18.452312 5.639112
0.831874 0.055612 0.934491 0.072238 0.546018 17.385600 18.772859 17.385600
0.191302 0.242285 0.011731 0.614885 0.648191 5.886274 5.639112 5.639112
0.710649 0.348409 0.627509 0.567167 0.061754 5.639112 13.995768 5.639112
0.363637 0.653599 0.556799 0.185501 0.790850 5.639112 5.639112 5.639112
0.628678 0.422500 0.095094 0.706467 0.243582 5.639112 13.995768 5.639112
0.188501 0.542448 0.178502 0.216245 0.563812 5.639112 5.639112 5.639112
0.243562 0.435519 0.237797 0.134088 0.600157 5.639112 5.639112 5.639112
0.493541 0.561784 0.885564 0.842740 0.438187 5.639112 6.833825 5.639112
0.369734 0.023631 0.314153 0.330778 0.833885 5.639112 12.996413 5.639112
0.537028 0.142027 0.670509 0.214249 0.502366 5.639112 5.639112 5.639112
0.613171 0.055287 0.998344 0.889288 0.444735 5.639112 10.932424 5.639112
0.681849 0.082872 0.100337 0.283304 0.785014 5.639112 21.869772 5.639112
0.236822 0.561795 0.977680 0.066820 0.138739 5.639112 5.639112 5.639112
0.243845 0.287767 0.390924 0.491288 0.780498 5.639112 5.639112 5.639112
0.466442 0.623825 0.204512 0.149606 0.078771 5.639112 5.639112 5.639112
0.504815 0.216010 0.327859 0.329851 0.789635 5.639112 5.639112 5.639112
0.403595 0.340707 0.677133 0.920976 0.862606 5.639112 5.639112 5.639112
0.072115 0.496970 0.065128 0.956438 0.674086 15.343114 5.639112 5.639112
0.481554 0.146307 0.048412 0.807599 0.807209 5.639112 5.639112 5.639112
0.959360 0.399570 0.372110 0.819924 0.099551 11.894343 13.995768 11.894343
0.312849 0.047391 0.735049 0.513422 0.731940 5.639112 11.913049 5.639112
0.916009 0.817388 0.355648 0.479585 0.254999 16.162094 13.995768 13.995768
0.037436 0.280411 0.942632 0.897762 0.483154 5.639112 5.639112 5.639112
0.930311 0.388926 0.884152 0.458367 0.387344 17.703110 14.006093 14.006093
0.633123 0.305227 0.991505 0.956907 0.888379 5.639112 17.355771 5.639112
0.900790 0.871787 0.220124 0.373957 0.282422 11.990490 13.995768 11.990490
0.309953 0.374848 0.012005 0.375077 0.134209 5.639112 5.639112 5.639112
0.996791 0.561936 0.434678 0.157932 0.865307 11.894343 13.995768 11.894343
0.927888 0.114047 0.081037 0.504347 0.442032 11.994940 18.452312 11.994940
0.497657 0.952274 0.314168 0.653561 0.577991 5.639112 5.639112 5.639112
0.052358 0.037169 0.529872 0.257130 0.638413 5.639112 12.996413 5.639112
0.107357 0.854027 0.407401 0.204763 0.741313 5.639112 5.639112 5.639112
0.600661 0.666615 0.738601 0.396486 0.410177 7.189205 5.677914 5.677914
0.673490 0.330443 0.357237 0.177570 0.597017 5.639112 13.995768 5.639112
0.110521 0.818606 0.397305 0.433016 0.408030 5.639112 5.639112 5.639112
0.979517 0.171795 0.357181 0.552773 0.378252 11.894343 13.995768 11.894343
0.238712 0.130091 0.523329 0.169571 0.145067 5.639112 5.639112 5.639112
0.791313 0.249377 0.778957 0.868832 0.487722 5.639112 13.995768 5.639112
0.786496 0.191056 0.779596 0.177822 0.304927 5.639112 13.995768 5.639112
0.808156 0.660675 0.157294 0.167868 0.350554 5.639112 13.995768 5.639112
0.743827 0.723561 0.693374 0.933931 0.782281 5.639112 17.355771 5.639112
0.975029 0.563479 0.398321 0.286809 0.917372 11.894343 13.995768 11.894343
0.262344 0.381243 0.397745 0.746639 0.958215 5.639112 5.639112 5.639112
0.448799 0.841068 0.680904 0.180111 0.193718 5.639112 5.639112 5.639112
0.657419 0.923118 0.428349 0.983978 0.059691 5.639112 17.355771 5.639112
0.244336 0.076210 0.289774 0.871437 0.244078 5.639112 5.639112 5.639112
0.345369 0.430910 0.346409 0.150621 0.082340 5.639112 5.639112 5.639112
0.677630 0.395615 0.861933 0.640760 0.373079 5.639112 13.995768 5.639112
0.240115 0.333500 0.558697 0.814410 0.613910 5.639112 5.639112 5.639112
0.627995 0.076830 0.762530 0.914351 0.034366 5.639112 18.772859 5.639112
0.218990 0.461171 0.259178 0.199629 0.172485 5.639112 5.639112 5.639112
0.043922 0.499153 0.369546 0.490706 0.418390 5.639112 5.639112 5.639112
0.372605 0.896452 0.310470 0.979642 0.211613 5.639112 5.639112 5.639112
0.131498 0.955446 0.450568 0.671528 0.311409 5.639112 5.639112 5.639112
0.750041 0.919546 0.482997 0.709773 0.506799 5.639112 13.995768 5.639112
0.422326 0.948348 0.894622 0.629686 0.955995 5.639112 5.639112 5.639112
0.101147 0.741682 0.935601 0.130054 0.210644 5.639112 5.639112 5.639112
0.974673 0.743547 0.310521 0.614443 0.793748 11.990490 13.995768 11.990490
0.112394 0.977925 0.800951 0.152354 0.174667 5.639112 5.639112 5.639112
0.555222 0.970440 0.066850 0.966649 0.351331 15.343114 5.639112 5.639112
0.738302 0.471053 0.794244 0.200523 0.543588 5.639112 13.995768 5.639112
0.497249 0.403311 0.089020 0.277199 0.163750 5.639112 5.639112 5.639112
0.339413 0.011698 0.885691 0.877954 0.829668 5.639112 10.932424 5.639112
0.890232 0.023030 0.980209 0.401944 0.392174 17.385600 20.422998 17.385600
0.423633 0.722897 0.618104 0.571303 0.637495 5.639112 5.639112 5.639112
0.874950 0.105274 0.245232 0.221529 0.483278 11.894343 18.452312 11.894343
0.385102 0.107104 0.728460 0.078545 0.705835 5.639112 5.639112 5.639112
0.338173 0.576985 0.062931 0.383328 0.048184 15.343114 5.639112 5.639112
0.656332 0.812854 0.990824 0.767846 0.040253 5.639112 13.995768 5.639112
0.101908 0.289741 0.071531 0.347638 0.717935 6.049394 5.639112 5.639112
0.505027 0.610991 0.359890 0.772044 0.256895 5.639112 5.639112 5.639112
0.021887 0.468471 0.907548 0.248617 0.949146 5.639112 5.639112 5.639112
0.103922 0.032350 0.194912 0.998511 0.651980 5.639112 12.996413 5.639112
0.320908 0.462407 0.970597 0.938215 0.000469 5.639112 5.639112 5.639112
0.463635 0.733227 0.925425 0.792367 0.396192 5.924008 7.416729 5.924008
0.415541 0.776803 0.972514 0.784894 0.911938 5.639112 5.639112 5.639112
0.476725 0.574187 0.737787 0.631908 0.624253 5.639112 5.639112 5.639112
0.346723 0.155565 0.369857 0.575569 0.309359 5.639112 5.639112 5.639112
0.084716 0.546575 0.837954 0.759214 0.547724 5.639112 5.639112 5.639112
0.258871 0.250774 0.723804 0.732893 0.124339 5.639112 5.639112 5.639112
0.959940 0.107661 0.147434 0.719867 0.033920 11.894343 18.452312 11.894343
0.872730 0.932665 0.239011 0.426708 0.484216 11.990490 13.995768 11.990490
0.200238 0.663683 0.232418 0.716608 0.108509 5.639112 5.639112 5.639112
0.902182 0.910629 0.767496 0.147827 0.703001 16.162094 13.995768 13.995768
0.642510 0.065986 0.203735 0.897265 0.551393 5.639112 18.452312 5.639112
0.045038 0.768256 0.764211 0.568764 0.798360 5.639112 5.639112 5.639112
0.418073 0.625003 0.881078 0.931307 0.332164 5.639112 5.652757 5.639112
0.613166 0.234149 0.288631 0.632414 0.981443 5.639112 5.639112 5.639112
0.067120 0.933416 0.748602 0.153567 0.875853 5.639112 5.639112 5.639112
0.814748 0.632540 0.762474 0.036774 0.201145 5.639112 13.995768 5.639112
0.709829 0.931979 0.249572 0.547737 0.412569 5.639112 13.995768 5.639112
0.049949 0.018278 0.737071 0.540193 0.453068 5.639112 10.932424 5.639112
0.708185 0.413301 0.365769 0.439426 0.685918 5.639112 13.995768 5.639112
0.291450 0.522557 0.481056 0.424834 0.793831 5.639112 5.639112 5.639112
0.349642 0.627026 0.689338 0.776148 0.348783 5.639112 5.639112 5.639112
0.199630 0.731691 0.209054 0.358885 0.278400 5.639112 5.639112 5.639112
0.708918 0.382884 0.182171 0.460559 0.136412 5.639112 13.995768 5.639112
0.748998 0.992291 0.371855 0.724470 0.451451 5.639112 13.995768 5.639112
0.975205 0.290300 0.480462 0.246528 0.349399 11.894343 13.995768 11.894343
0.636581 0.474798 0.610791 0.304259 0.217989 5.639112 13.995768 5.639112
0.418393 0.737296 0.445629 0.560403 0.838565 5.639112 5.639112 5.639112
0.956846 0.385429 0.291183 0.931571 0.629405 11.894343 17.355771 11.894343
0.687374 0.978554 0.343788 0.938833 0.777839 5.639112 17.355771 5.639112
0.190694 0.623050 0.105010 0.306956 0.718564 5.639112 5.639112 5.639112
0.551243 0.057029 0.176199 0.177815 0.181535 5.639112 12.996413 5.639112
0.862120 0.095398 0.553202 0.144652 0.412998 17.385600 18.772859 17.385600
0.233686 0.804998 0.453144 0.810078 0.665798 5.639112 5.639112 5.639112
0.668136 0.092067 0.177645 0.235395 0.500441 5.639112 24.432042 5.639112
0.688544 0.860410 0.130507 0.781005 0.206914 5.639112 13.995768 5.639112
0.882458 0.769391 0.644201 0.100609 0.324598 16.162094 13.995768 13.995768
0.435917 0.078360 0.119633 0.743896 0.829274 5.639112 5.639112 5.639112
0.265921 0.579678 0.798247 0.521111 0.875947 5.639112 5.639112 5.639112
0.722252 0.237245 0.747242 0.101499 0.240438 5.639112 13.995768 5.639112
0.267366 0.468502 0.620770 0.486782 0.247633 5.639112 5.639112 5.639112
0.643335 0.652148 0.594773 0.412029 0.783744 5.639112 13.995768 5.639112
0.988920 0.995023 0.305532 0.083905 0.672061 11.990490 13.995768 11.990490
0.634350 0.095710 0.611956 0.904961 0.729342 5.639112 18.772859 5.639112
0.674887 0.888081 0.182524 0.316249 0.922490 5.639112 13.995768 5.639112
0.156921 0.477169 0.888468 0.609658 0.123889 5.639112 5.639112 5.639112
0.100150 0.428852 0.606231 0.952212 0.895555 5.639112 5.639112 5.639112
0.303473 0.555906 0.456550 0.170361 0.054031 5.639112 5.639112 5.639112
0.149187 0.681808 0.273600 0.774471 0.384353 5.639112 5.639112 5.639112
0.500660 0.698993 0.052656 0.834958 0.453509 15.343114 5.639112 5.639112
0.220663 0.710852 0.693203 0.411765 0.953298 5.639112 5.639112 5.639112
0.208477 0.071967 0.156956 0.933789 0.094775 5.639112 12.996413 5.639112
0.970308 0.633023 0.351127 0.373844 0.270541 11.990490 13.995768 11.990490
0.144405 0.898260 0.848082 0.046352 0.557170 5.639112 5.639112 5.639112
0.173405 0.600983 0.206208 0.354124 0.508093 5.639112 5.639112 5.639112
0.571056 0.150531 0.810183 0.527148 0.426582 5.639112 5.639112 5.639112
0.561225 0.137884 0.890747 0.303880 0.019186 5.639112 5.639112 5.639112
0.370923 0.333660 0.233459 0.974737 0.396269 5.639112 5.639112 5.639112
0.700407 0.853958 0.839692 0.367732 0.174770 5.639112 13.995768 5.639112
0.240159 0.567894 0.852221 0.458115 0.171983 5.639112 12.799440 5.639112
0.102028 0.891613 0.208680 0.670701 0.301230 5.639112 5.639112 5.639112
0.784048 0.221040 0.589654 0.567892 0.146800 5.639112 13.995768 5.639112
0.509509 0.774441 0.201302 0.668542 0.915555 5.639112 5.639112 5.639112
0.334219 0.636787 0.747725 0.962181 0.607366 5.639112 5.639112 5.639112
0.817978 0.687778 0.298903 0.241092 0.740822 5.639112 13.995768 5.639112
0.554183 0.412810 0.566897 0.042222 0.796085 5.639112 5.639112 5.639112
0.810360 0.906320 0.990358 0.027082 0.079216 5.639112 13.995768 5.639112
0.494736 0.600261 0.991794 0.422091 0.454791 7.975933 5.639112 5.639112
0.969949 0.529579 0.595411 0.158550 0.321879 17.385600 13.995768 13.995768
0.508923 0.283847 0.975246 0.102897 0.607091 5.639112 5.639112 5.639112
0.414938 0.216766 0.046579 0.899676 0.450028 5.639112 5.639112 5.639112
0.922302 0.635745 0.363404 0.591302 0.026379 16.162094 13.995768 13.995768
0.952326 0.926587 0.080872 0.332969 0.444801 11.990490 19.786133 11.990490
0.143773 0.012944 0.679297 0.938167 0.509611 5.639112 10.932424 5.639112
0.421051 0.617359 0.516601 0.750732 0.937583 5.639112 5.639112 5.639112
0.843373 0.811146 0.230366 0.282509 0.658753 11.990490 13.995768 11.990490
0.515100 0.193940 0.617787 0.169635 0.532621 5.639112 5.639112 5.639112
0.930430 0.177054 0.365652 0.550369 0.228502 11.894343 13.995768 11.894343
0.957657 0.140935 0.060186 0.845400 0.339936 11.894343 18.452312 11.894343
