# gen=50 party=1
# sp x0..x(D-1) party_fit
0 0.422577 0.798157 0.948862 0.052992 0.845137 0.658355 0.534510 0.934605 0.468017 0.471363 54.278720
1 0.301413 0.820305 0.905400 0.424966 0.755864 0.479290 0.954805 0.639162 0.227376 0.017699 54.278720
2 0.258921 0.845828 0.909427 0.347918 0.143869 0.993576 0.912335 0.229723 0.527455 0.921174 54.278720
3 0.159311 0.953347 0.986111 0.430764 0.172168 0.458590 0.813236 0.867775 0.186290 0.778470 54.278720
4 0.287797 0.317938 0.568650 0.184374 0.770641 0.695404 0.509935 0.987290 0.174106 0.428749 47.324505
5 0.194200 0.923468 0.098581 0.200941 0.487999 0.121058 0.751216 0.326739 0.737254 0.409898 47.324505
6 0.056250 0.739257 0.437846 0.126467 0.375111 0.382123 0.639614 0.497734 0.069259 0.082982 47.324505
7 0.394684 0.640780 0.729996 0.047785 0.303150 0.328195 0.389714 0.022361 0.271917 0.369710 47.324505
