# Party-1 optima (Phase 1b)
# x0..x(D-1) party_fit f0 f1 consensus
0.146467 0.967838 0.796212 74.684539 42.323423 74.684539 42.323423
0.936237 0.326576 0.260606 73.566611 49.532973 73.566611 49.532973
0.590928 0.760762 0.163354 72.035713 55.639428 72.035713 55.639428
0.219445 0.848314 0.489686 71.863238 42.323423 71.863238 42.323423
0.176197 0.969175 0.734383 70.735238 42.323423 70.735238 42.323423
0.819625 0.244349 0.647856 69.336368 42.529026 69.336368 42.529026
0.218624 0.702989 0.480695 68.556939 56.805401 68.556939 56.805401
0.878781 0.233519 0.521123 65.895791 42.529026 65.895791 42.529026
