# gen=400 mediating population
# x0..x(D-1) f0 f1 consensus
0.796167 0.846465 0.135534 0.679038 0.455320 0.697469 0.367880 0.823886 0.326970 0.160753 51.635378 56.072748 51.635378
0.805251 0.829993 0.121887 0.573774 0.446968 0.814147 0.351028 0.604239 0.302235 0.123528 51.639563 52.238520 51.639563
0.790536 0.800633 0.093559 0.453931 0.431939 0.693451 0.178528 0.586498 0.300384 0.429390 51.626343 51.344299 51.344299
0.666281 0.739769 0.171123 0.476351 0.642419 0.194766 0.568150 0.686221 0.425933 0.483494 50.740949 51.344299 50.740949
0.804789 0.814356 0.140705 0.452184 0.474651 0.597827 0.279185 0.442174 0.487696 0.310870 51.259110 51.344415 51.259110
0.646728 0.716208 0.160697 0.350408 0.468063 0.490161 0.288481 0.719033 0.276119 0.309498 50.768600 51.408329 50.768600
0.821270 0.810216 0.107139 0.587323 0.442086 0.543991 0.257459 0.644660 0.573214 0.169581 51.040286 52.652609 51.040286
0.798620 0.749851 0.095547 0.439391 0.413922 0.633710 0.378791 0.545946 0.263600 0.447029 51.466005 51.344299 51.344299
0.830078 0.785712 0.074611 0.672697 0.362134 0.626066 0.318211 0.761614 0.418638 0.284496 51.571469 51.961830 51.571469
0.783355 0.803723 0.084807 0.562248 0.386810 0.722290 0.303391 0.640953 0.316818 0.165484 53.124658 52.923410 52.923410
0.643166 0.697312 0.086399 0.472731 0.366417 0.628085 0.426873 0.495431 0.297054 0.242325 51.371061 51.344299 51.344299
0.750887 0.611609 0.107117 0.423068 0.372752 0.569132 0.336872 0.519617 0.172957 0.282688 50.915759 51.344299 50.915759
0.413096 0.150437 0.778874 0.716459 0.228934 0.269473 0.280818 0.674305 0.397767 0.998735 37.037714 45.903376 37.037714
0.825008 0.833787 0.147924 0.586823 0.350655 0.706659 0.336135 0.580917 0.367765 0.086136 51.534621 55.101444 51.534621
0.864993 0.891082 0.075035 0.024337 0.093606 0.409488 0.043660 0.599237 0.430597 0.414173 50.740949 51.344613 50.740949
0.759376 0.743801 0.188529 0.478483 0.374517 0.652978 0.428798 0.353367 0.316051 0.214302 51.107775 51.344299 51.107775
0.745872 0.743601 0.144633 0.459523 0.295349 0.688602 0.259171 0.537349 0.278008 0.444013 51.375260 51.344299 51.344299
0.738213 0.800729 0.066792 0.392273 0.362489 0.631488 0.288624 0.306903 0.304310 0.242202 51.102671 51.344608 51.102671
0.821494 0.803216 0.107957 0.442333 0.352020 0.795152 0.280537 0.482505 0.296164 0.274220 51.400741 51.344299 51.344299
0.574201 0.806735 0.100659 0.325874 0.981388 0.063846 0.871854 0.778339 0.064530 0.117481 50.740949 51.344299 50.740949
0.958820 0.900153 0.187397 0.589552 0.288713 0.398079 0.767973 0.800437 0.776063 0.445485 50.740949 46.129821 46.129821
0.704129 0.798548 0.109528 0.425193 0.464164 0.628390 0.233428 0.484741 0.309524 0.287915 51.488783 51.344299 51.344299
0.777752 0.835052 0.069918 0.463885 0.512148 0.512237 0.292296 0.525299 0.224462 0.076467 51.400805 51.353709 51.353709
0.679920 0.747533 0.069238 0.401537 0.345177 0.579668 0.342138 0.480089 0.173953 0.256052 51.146394 51.344299 51.146394
0.786998 0.815796 0.101977 0.589103 0.399019 0.787420 0.317670 0.591769 0.427723 0.272104 52.355089 51.351654 51.351654
0.783072 0.833664 0.042919 0.620419 0.353340 0.629112 0.328601 0.738710 0.356125 0.195518 52.371490 52.369310 52.369310
0.124434 0.944896 0.959315 0.375696 0.446643 0.510947 0.750758 0.654992 0.044250 0.422511 46.332840 46.265346 46.265346
0.750103 0.782341 0.028748 0.330125 0.498007 0.705675 0.206640 0.202924 0.075494 0.096337 50.740949 51.344299 50.740949
0.829491 0.857379 0.124056 0.614855 0.563238 0.627308 0.409542 0.671005 0.361820 0.191931 51.982437 53.663599 51.982437
0.648989 0.757221 0.952860 0.302938 0.889672 0.165612 0.459507 0.574530 0.150764 0.801203 0.000463 0.010217 0.000463
0.785328 0.848642 0.086300 0.617077 0.493092 0.654124 0.259901 0.763911 0.318473 0.220800 52.726216 52.779456 52.726216
0.775984 0.837401 0.099624 0.346994 0.416018 0.500242 0.290834 0.499847 0.317828 0.209991 50.931580 51.508158 50.931580
0.848614 0.847403 0.236549 0.379686 0.239239 0.953405 0.145691 0.389946 0.911625 0.493579 50.740949 51.344299 50.740949
0.812789 0.877768 0.112964 0.692242 0.505069 0.634628 0.349587 0.669775 0.529983 0.306134 51.663201 50.747653 50.747653
0.788964 0.827163 0.101345 0.700419 0.471439 0.644972 0.403017 0.714074 0.446714 0.223524 52.722134 53.047827 52.722134
0.758766 0.778280 0.136475 0.471205 0.453556 0.697727 0.388454 0.514460 0.329647 0.263483 51.858051 51.344582 51.344582
0.713552 0.791048 0.104798 0.433214 0.306262 0.632681 0.264601 0.465982 0.354778 0.286745 51.558200 51.344332 51.344332
0.822527 0.814848 0.093340 0.472345 0.346205 0.704876 0.159174 0.632367 0.387049 0.351644 51.232130 51.344299 51.232130
0.725026 0.727608 0.105035 0.453695 0.311687 0.681736 0.360181 0.401346 0.153137 0.206189 51.340295 51.344317 51.340295
0.889813 0.873461 0.112596 0.783974 0.455902 0.686272 0.368294 0.744663 0.457425 0.096339 51.087556 48.771517 48.771517
0.536222 0.837320 0.018394 0.011260 0.826702 0.580287 0.689659 0.188132 0.702962 0.422848 50.740949 51.344299 50.740949
0.767082 0.830758 0.127160 0.595891 0.553300 0.610832 0.327965 0.769632 0.390111 0.232180 51.515162 52.966582 51.515162
0.735745 0.804554 0.024055 0.448945 0.491766 0.705700 0.377781 0.412112 0.329951 0.055180 51.196007 51.344299 51.196007
0.830752 0.809116 0.079149 0.448320 0.409597 0.734733 0.254223 0.442621 0.171522 0.171313 51.411959 51.344299 51.344299
0.778843 0.764561 0.045571 0.467431 0.460116 0.711980 0.433076 0.371875 0.225479 0.156281 51.663426 51.344299 51.344299
0.660898 0.724394 0.041144 0.419227 0.285499 0.309202 0.340561 0.443065 0.018238 0.192290 50.743080 51.344299 50.743080
0.823977 0.793893 0.111617 0.467105 0.578221 0.964940 0.263031 0.535275 0.153681 0.246358 50.748882 51.344299 50.748882
0.711578 0.642605 0.305984 0.291214 0.961506 0.291003 0.645837 0.340358 0.655975 0.777754 50.740949 51.344299 50.740949
0.789461 0.773868 0.147206 0.396336 0.328406 0.630090 0.323740 0.432204 0.449710 0.494220 50.821175 51.344299 50.821175
0.678983 0.754581 0.076307 0.446535 0.409913 0.536463 0.262390 0.433751 0.276054 0.118699 51.504927 51.344349 51.344349
0.693151 0.726140 0.099826 0.460964 0.351531 0.559235 0.280829 0.452675 0.218674 0.331661 51.702595 51.344299 51.344299
0.796687 0.811831 0.100792 0.580253 0.505582 0.656908 0.288555 0.645700 0.489810 0.133540 51.852297 53.140157 51.852297
0.771541 0.765306 0.071880 0.386407 0.649674 0.621420 0.481785 0.342408 0.106884 0.196507 50.785530 51.344299 50.785530
0.853341 0.693449 0.282189 0.296396 0.452038 0.858210 0.655493 0.877044 0.418956 0.149624 50.740949 51.364138 50.740949
0.767177 0.748865 0.082547 0.455138 0.398391 0.579702 0.269331 0.519177 0.286223 0.214341 51.995691 51.349034 51.349034
0.817181 0.834034 0.092975 0.677357 0.490329 0.612684 0.280246 0.657046 0.452793 0.221020 53.222055 52.693095 52.693095
0.755595 0.832418 0.153894 0.473511 0.580432 0.541644 0.391238 0.477003 0.349977 0.284965 51.340170 51.344299 51.340170
0.805662 0.816278 0.097851 0.617718 0.277039 0.667701 0.312847 0.719330 0.279677 0.222717 52.187570 53.641046 52.187570
0.662845 0.808399 0.069948 0.482690 0.301947 0.593696 0.480662 0.681836 0.197723 0.335863 51.125025 51.344299 51.125025
0.608265 0.929239 0.022667 0.419230 0.402163 0.886574 0.115014 0.225912 0.451986 0.463843 50.740949 51.344299 50.740949
0.800841 0.891611 0.111576 0.616400 0.415866 0.494657 0.311495 0.711767 0.372407 0.089627 51.484750 52.054501 51.484750
0.794394 0.739667 0.247896 0.577714 0.407441 0.350381 0.199722 0.869793 0.698783 0.272686 50.740949 46.688444 46.688444
0.651035 0.781829 0.131107 0.466255 0.625402 0.260807 0.317919 0.520715 0.420166 0.259592 50.784674 51.344299 50.784674
0.719708 0.683112 0.053039 0.469388 0.417460 0.603682 0.219073 0.299051 0.229078 0.339813 51.339429 51.344299 51.339429
0.657021 0.754360 0.066863 0.449718 0.372843 0.520018 0.305137 0.451379 0.458003 0.281345 51.404184 51.344299 51.344299
0.362774 0.951167 0.326939 0.964318 0.904698 0.938137 0.602960 0.888164 0.099430 0.889446 45.559390 37.490970 37.490970
0.768254 0.790707 0.122590 0.424414 0.131807 0.764551 0.321178 0.346402 0.408378 0.325710 50.865959 51.344299 50.865959
0.770279 0.801180 0.143729 0.658773 0.530746 0.659333 0.190292 0.695650 0.457690 0.298538 51.857836 51.591755 51.591755
0.560078 0.848552 0.014442 0.031476 0.770290 0.542826 0.753874 0.351316 0.651035 0.481450 50.740949 51.344299 50.740949
0.336932 0.646679 0.025997 0.276219 0.631103 0.634651 0.654631 0.509559 0.415398 0.199669 46.254762 42.631679 42.631679
0.797781 0.887682 0.106254 0.580650 0.377858 0.537236 0.370567 0.662089 0.444862 0.106874 51.257782 52.672282 51.257782
0.830752 0.794977 0.036443 0.014243 0.249665 0.627680 0.586632 0.078223 0.091800 0.816783 50.740949 51.344299 50.740949
0.524148 0.793893 0.227751 0.038795 0.298431 0.482111 0.157800 0.831197 0.954896 0.803349 50.740949 51.344299 50.740949
0.895637 0.690747 0.342895 0.131939 0.492795 0.508306 0.439829 0.230751 0.313510 0.714668 50.740949 51.344299 50.740949
0.798632 0.769325 0.103176 0.462536 0.381336 0.773800 0.225770 0.363450 0.340980 0.253068 51.454450 51.344299 51.344299
0.552626 0.566732 0.017422 0.126713 0.120319 0.953655 0.343042 0.841446 0.728948 0.047880 50.740949 51.344299 50.740949
0.670200 0.842048 0.116284 0.476306 0.439393 0.580350 0.401073 0.459209 0.430434 0.288927 51.616458 51.344299 51.344299
0.742550 0.797321 0.107942 0.481413 0.464622 0.717091 0.451993 0.398103 0.439119 0.332056 51.737221 51.344299 51.344299
0.958820 0.815774 0.102683 0.609438 0.763007 0.567199 0.346842 0.854035 0.304641 0.100059 50.740949 46.656868 46.656868
0.722046 0.856037 0.124955 0.444932 0.514459 0.694400 0.427635 0.772145 0.339490 0.209828 50.740949 51.347721 50.740949
0.803904 0.757006 0.165323 0.711434 0.480384 0.725835 0.183343 0.727685 0.460546 0.158171 51.011824 52.076337 51.011824
0.270237 0.720221 0.122549 0.766817 0.182422 0.374106 0.078468 0.553968 0.520283 0.762246 46.254762 37.490970 37.490970
0.207289 0.333732 0.850122 0.060808 0.591371 0.248264 0.671418 0.816703 0.101040 0.821412 41.057098 45.113570 41.057098
0.775151 0.800414 0.145064 0.590059 0.464611 0.617300 0.445355 0.818319 0.372758 0.178618 51.033349 55.777994 51.033349
0.741831 0.710390 0.112361 0.474963 0.428898 0.598777 0.378576 0.481058 0.188321 0.290025 51.782487 51.344299 51.344299
0.643992 0.823420 0.096055 0.467650 0.336101 0.585149 0.412533 0.657695 0.214342 0.482052 51.068857 51.344299 51.068857
0.807946 0.841862 0.096339 0.529401 0.326893 0.711664 0.329074 0.637229 0.408812 0.185515 51.436680 53.007116 51.436680
0.840325 0.807204 0.117496 0.704548 0.457190 0.634335 0.241977 0.767365 0.609781 0.311291 50.862984 52.006312 50.862984
0.744728 0.880603 0.033744 0.895339 0.482551 0.777999 0.163315 0.958406 0.488620 0.049515 50.765883 46.154464 46.154464
0.833154 0.855734 0.134102 0.594830 0.505888 0.630498 0.301792 0.674528 0.339407 0.302738 52.333927 52.381222 52.333927
0.825282 0.801241 0.079896 0.608049 0.426488 0.760260 0.275301 0.728264 0.390939 0.185890 51.467618 57.667502 51.467618
0.771275 0.738972 0.086626 0.468658 0.324048 0.735298 0.245527 0.292374 0.319458 0.308104 51.506146 51.344299 51.344299
0.727097 0.850224 0.154226 0.437781 0.467169 0.659980 0.351606 0.647965 0.391721 0.341504 51.078822 51.344299 51.078822
0.882938 0.848034 0.079648 0.709654 0.419306 0.725755 0.293068 0.726059 0.378746 0.195396 51.913944 52.146502 51.913944
0.728186 0.755598 0.069100 0.450335 0.316892 0.651661 0.369277 0.452668 0.424648 0.240945 51.631052 51.344299 51.344299
0.762008 0.818206 0.062610 0.480905 0.380551 0.557023 0.229924 0.713795 0.319220 0.409582 51.438253 51.344299 51.344299
0.864599 0.835085 0.101145 0.436374 0.431087 0.781010 0.295472 0.598539 0.254911 0.309320 51.183053 51.344299 51.183053
0.781711 0.876029 0.109239 0.618760 0.545953 0.788030 0.332255 0.687056 0.390496 0.210092 51.727052 52.574831 51.727052
0.803576 0.995581 0.232884 0.788433 0.129609 0.109101 0.247353 0.584836 0.218756 0.174821 50.740949 46.127878 46.127878
0.684412 0.681385 0.082641 0.466586 0.231362 0.631748 0.378014 0.411066 0.364868 0.243734 51.204952 51.344299 51.204952
0.774588 0.772065 0.071953 0.431247 0.495346 0.545275 0.159724 0.477579 0.266715 0.349844 51.242830 51.344299 51.242830
0.795273 0.825535 0.100736 0.386939 0.485219 0.606340 0.468046 0.442593 0.364291 0.121615 50.892840 51.393531 50.892840
0.734409 0.875126 0.116820 0.857985 0.522288 0.673713 0.342186 0.676820 0.421133 0.221338 55.121033 46.342491 46.342491
0.996198 0.457886 0.478489 0.486843 0.220588 0.662188 0.963206 0.602766 0.972299 0.730854 40.114268 38.530522 38.530522
0.850189 0.750065 0.037968 0.000000 0.078146 0.331083 0.034962 0.483173 0.421530 0.377867 50.740949 51.344299 50.740949
0.821210 0.768834 0.035292 0.464120 0.513507 0.623853 0.173615 0.465913 0.354885 0.200040 51.589953 51.344299 51.344299
0.882258 0.812069 0.125027 0.715639 0.404765 0.694023 0.512621 0.815059 0.432173 0.233181 50.822209 52.746869 50.822209
0.718117 0.817391 0.000000 0.481093 0.306341 0.615584 0.194867 0.473239 0.063216 0.338026 50.911375 51.344299 50.911375
0.660387 0.716420 0.057859 0.329297 0.345011 0.614753 0.313520 0.280932 0.151286 0.246772 50.773548 51.344299 50.773548
0.699577 0.706637 0.095396 0.473318 0.307758 0.723088 0.446795 0.501601 0.377598 0.253938 51.252646 51.344299 51.252646
0.675813 0.694904 0.046728 0.446485 0.396399 0.611150 0.380210 0.398394 0.354081 0.142273 51.283507 51.344299 51.283507
0.866542 0.841789 0.171123 0.543698 0.251636 0.874621 0.317849 0.626033 0.329038 0.097946 50.782767 51.100910 50.782767
0.501004 0.502343 0.024575 0.443538 0.116204 0.472650 0.615284 0.015855 0.551215 0.981975 50.740949 51.344299 50.740949
0.784071 0.772409 0.038768 0.474653 0.412799 0.646156 0.383246 0.626019 0.245487 0.094998 51.461328 51.345831 51.345831
0.741541 0.797304 0.126406 0.465790 0.190282 0.765298 0.289604 0.520277 0.469549 0.333341 50.944141 51.344299 50.944141
0.728635 0.780187 0.081057 0.459546 0.266202 0.641699 0.325357 0.534036 0.153845 0.156571 51.376512 51.344347 51.344347
0.736937 0.750793 0.092141 0.475934 0.331897 0.534318 0.255197 0.512347 0.326163 0.015442 51.132563 51.344299 51.132563
0.748248 0.707523 0.125484 0.462576 0.381188 0.613454 0.453410 0.415866 0.254161 0.290677 51.517524 51.344299 51.344299
0.784919 0.824366 0.068290 0.461565 0.470486 0.607656 0.266109 0.623032 0.331834 0.397211 51.606903 51.344299 51.344299
0.730183 0.756693 0.079811 0.476977 0.345220 0.663460 0.304636 0.475873 0.295608 0.114433 52.059348 51.344299 51.344299
0.790875 0.820105 0.108845 0.452633 0.444307 0.661706 0.311907 0.647159 0.181091 0.234513 51.467132 51.349223 51.349223
0.893115 0.845905 0.130200 0.680830 0.334944 0.668414 0.407300 0.770990 0.358474 0.230201 51.056696 55.669798 51.056696
0.657310 0.692071 0.078154 0.455918 0.562394 0.661875 0.449659 0.388867 0.407258 0.222929 50.779171 51.344299 50.779171
0.769925 0.824869 0.072232 0.453520 0.334374 0.621994 0.466312 0.560475 0.134477 0.238560 51.272704 51.344299 51.272704
0.808442 0.753659 0.128413 0.643798 0.295455 0.577250 0.292592 0.673700 0.421858 0.298462 51.850632 51.839699 51.839699
0.785025 0.778694 0.105179 0.436042 0.493543 0.714058 0.218906 0.540632 0.255077 0.324705 51.375979 51.345143 51.345143
0.673393 0.721235 0.066015 0.439252 0.257741 0.648147 0.239692 0.532393 0.289208 0.333707 51.293426 51.344299 51.293426
0.779094 0.856247 0.112070 0.598817 0.393158 0.563435 0.180448 0.695511 0.474541 0.039418 51.178814 51.489087 51.178814
0.703807 0.786722 0.069968 0.479090 0.291027 0.427352 0.398706 0.391765 0.231485 0.127490 51.047593 51.344299 51.047593
0.780965 0.791125 0.096736 0.623009 0.325119 0.668254 0.410879 0.722843 0.359703 0.216045 52.330940 54.180456 52.330940
0.854834 0.774911 0.155139 0.576336 0.435526 0.690078 0.236918 0.617205 0.384849 0.246915 51.630030 51.478176 51.478176
0.753476 0.877872 0.121525 0.582460 0.409185 0.735036 0.346922 0.673382 0.408221 0.286142 51.839179 53.471535 51.839179
0.770077 0.789782 0.110080 0.479284 0.449482 0.644424 0.281579 0.580455 0.438431 0.148974 51.731701 51.345092 51.345092
0.685097 0.811399 0.045955 0.442423 0.504798 0.594526 0.213781 0.432109 0.421643 0.265870 51.411921 51.344299 51.344299
0.810341 0.801198 0.109385 0.613137 0.324382 0.665128 0.302763 0.690688 0.364791 0.326665 52.479208 53.303917 52.479208
0.853362 0.843899 0.152679 0.674638 0.500892 0.652065 0.220017 0.739634 0.454563 0.346790 51.168942 51.573511 51.168942
0.757227 0.769420 0.064458 0.475655 0.333160 0.745702 0.429298 0.659753 0.227916 0.267027 51.355320 51.344299 51.344299
0.747636 0.838793 0.145496 0.382084 0.253813 0.802882 0.404194 0.491442 0.357023 0.271384 50.838883 51.344801 50.838883
0.856715 0.867148 0.066037 0.443538 0.480856 0.695964 0.324787 0.606381 0.551215 0.104119 50.830728 51.344299 50.830728
0.682769 0.847185 0.023718 0.482840 0.414234 0.586196 0.237636 0.512235 0.237836 0.076995 51.414887 51.344299 51.344299
0.774920 0.760107 0.143880 0.626321 0.457952 0.745757 0.367239 0.680467 0.383379 0.248667 52.035975 52.855542 52.035975
0.765629 0.826330 0.179968 0.087493 0.430820 0.441975 0.330709 0.340102 0.155384 0.319047 50.740949 51.706033 50.740949
0.757583 0.831420 0.142875 0.452001 0.381843 0.606187 0.358854 0.632459 0.278131 0.309790 51.409916 51.345498 51.345498
0.596816 0.468804 0.226307 0.385590 0.310393 0.764433 0.279366 0.664959 0.601041 0.132582 48.197223 51.344299 48.197223
0.796996 0.750191 0.118473 0.593147 0.330867 0.638501 0.343962 0.748006 0.468194 0.365344 51.020830 52.637626 51.020830
0.830752 0.894023 0.151187 0.684931 0.249665 0.727588 0.343080 0.621403 0.333910 0.110019 51.261889 50.973076 50.973076
0.798506 0.856759 0.148486 0.638176 0.521875 0.631130 0.232426 0.716434 0.320341 0.111839 51.687970 52.251425 51.687970
0.758738 0.785815 0.114461 0.479097 0.513699 0.585902 0.292679 0.392854 0.558595 0.396766 51.190535 51.344299 51.190535
0.785097 0.544130 0.128530 0.428426 0.315293 0.647043 0.256317 0.498977 0.258153 0.354565 50.755679 51.344299 50.755679
0.825284 0.865748 0.079925 0.538018 0.340297 0.772257 0.428339 0.597800 0.609708 0.141544 50.791408 49.462022 49.462022
0.814929 0.786862 0.048792 0.477346 0.365484 0.588828 0.368478 0.524135 0.357236 0.144011 51.606540 51.345355 51.345355
0.755141 0.783744 0.024878 0.450141 0.435130 0.615535 0.227862 0.569358 0.331486 0.520980 51.166271 51.344299 51.166271
0.898365 0.585907 0.483308 0.671757 0.506872 0.600542 0.387800 0.786151 0.616063 0.536291 50.652966 38.530522 38.530522
0.751483 0.831004 0.049993 0.450383 0.559688 0.558473 0.232682 0.402257 0.295584 0.250558 51.407084 51.344299 51.344299
0.584096 0.748979 0.143122 0.216666 0.304998 0.760875 0.706721 0.669536 0.382382 0.472294 50.740949 51.344299 50.740949
0.817124 0.820976 0.104011 0.469942 0.340379 0.588227 0.382407 0.596347 0.211988 0.245804 51.525790 51.345668 51.345668
0.795018 0.896554 0.109510 0.479006 0.430055 0.481126 0.280154 0.688401 0.390088 0.253993 51.073863 51.344299 51.073863
0.807112 0.823360 0.145918 0.729776 0.283137 0.699063 0.300482 0.721123 0.392448 0.172795 51.613899 51.772520 51.613899
0.740683 0.662434 0.134975 0.398230 0.297929 0.685991 0.373136 0.411935 0.292705 0.310901 51.061816 51.347205 51.061816
0.799909 0.773653 0.138701 0.644858 0.448012 0.600667 0.357433 0.678225 0.402451 0.110072 51.918263 55.538711 51.918263
0.700945 0.784695 0.071078 0.443471 0.324915 0.566157 0.270193 0.536124 0.450972 0.301443 51.379699 51.344299 51.344299
0.779522 0.788616 0.090712 0.598820 0.413979 0.665773 0.299918 0.701054 0.404449 0.140774 52.360064 55.794310 52.360064
0.692530 0.784264 0.083266 0.465859 0.645147 0.578775 0.297614 0.430753 0.438520 0.334464 51.281220 51.344299 51.281220
0.783243 0.776339 0.130441 0.530940 0.492234 0.698821 0.191875 0.667614 0.463245 0.105007 51.040817 51.723131 51.040817
0.758100 0.728160 0.075560 0.415013 0.448277 0.735701 0.389241 0.446779 0.182450 0.072747 51.012128 51.350767 51.012128
0.834541 0.850756 0.064976 0.630696 0.344726 0.658744 0.289740 0.649455 0.353066 0.223777 53.226378 54.035560 53.226378
0.747707 0.809923 0.143122 0.652992 0.468699 0.592835 0.409007 0.778771 0.528430 0.339951 51.033036 52.057415 51.033036
0.773299 0.797879 0.049413 0.449442 0.492370 0.591322 0.241382 0.378430 0.422000 0.323534 51.677018 51.344299 51.344299
0.359344 0.158237 0.985757 0.713434 0.634892 0.280867 0.051080 0.745456 0.801143 0.513783 37.037714 45.903376 37.037714
0.746831 0.822228 0.114625 0.432606 0.421169 0.615934 0.382024 0.597036 0.357762 0.226534 51.565278 51.355843 51.355843
0.791657 0.827003 0.131698 0.645762 0.432940 0.694965 0.357278 0.683278 0.264946 0.023075 51.978014 52.372612 51.978014
0.714916 0.813298 0.108082 0.433923 0.432475 0.628026 0.358971 0.537615 0.300195 0.340666 51.622688 51.344299 51.344299
0.871532 0.777048 0.129801 0.681693 0.313003 0.666882 0.397763 0.620009 0.458066 0.250356 51.353743 52.056124 51.353743
0.751878 0.813594 0.111078 0.468167 0.587209 0.631386 0.365827 0.627303 0.312025 0.109972 51.288761 51.358296 51.288761
0.718415 0.757186 0.117362 0.202244 0.469074 0.535051 0.272462 0.194754 0.276214 0.424924 50.741476 51.344473 50.741476
0.757329 0.760394 0.064074 0.333935 0.444976 0.705681 0.093990 0.492489 0.268243 0.519201 50.771123 51.344299 50.771123
0.844244 0.811307 0.111082 0.656636 0.437173 0.780709 0.325206 0.576033 0.340885 0.162368 53.098956 51.519143 51.519143
0.777948 0.798425 0.114261 0.473188 0.438472 0.590715 0.306497 0.540304 0.324356 0.117921 51.801423 51.347623 51.347623
0.829658 0.785227 0.101908 0.631773 0.436854 0.737271 0.417680 0.661778 0.286353 0.128315 52.582143 52.933893 52.582143
0.766700 0.804056 0.052813 0.458727 0.518412 0.628106 0.358007 0.395855 0.238640 0.258145 51.738398 51.344299 51.344299
0.757015 0.768381 0.058896 0.475568 0.462729 0.540207 0.193617 0.678381 0.280578 0.474099 51.298035 51.344299 51.298035
0.803228 0.853998 0.137336 0.466288 0.233952 0.741961 0.333722 0.505592 0.418656 0.294626 51.028717 51.344299 51.028717
0.754360 0.807968 0.112133 0.550334 0.435651 0.586567 0.403102 0.729447 0.385426 0.181567 51.623104 53.681944 51.623104
0.764165 0.823086 0.152403 0.461448 0.511953 0.496466 0.402710 0.450524 0.284200 0.468020 50.941708 51.344299 50.941708
0.820987 0.802774 0.086121 0.606724 0.514279 0.725981 0.341630 0.731919 0.343386 0.282167 51.996259 52.069407 51.996259
0.766652 0.789474 0.169286 0.658609 0.488000 0.623160 0.226019 0.781913 0.357775 0.205014 51.372554 51.802124 51.372554
0.848814 0.871538 0.124559 0.720368 0.663722 0.581548 0.358360 0.793841 0.478257 0.085750 50.931277 49.238461 49.238461
0.758085 0.818720 0.102630 0.643176 0.471492 0.632858 0.201057 0.704654 0.465002 0.177523 52.286480 52.242946 52.242946
0.719537 0.811710 0.106264 0.339029 0.297134 0.603655 0.397925 0.480416 0.320991 0.111181 50.808998 51.395574 50.808998
0.848867 0.831357 0.094172 0.608598 0.467536 0.689593 0.207347 0.697841 0.337817 0.284141 52.415586 52.459028 52.415586
0.818484 0.730637 0.131217 0.639052 0.383755 0.688320 0.432260 0.686553 0.407750 0.317705 51.593631 51.483709 51.483709
0.813617 0.850211 0.104209 0.357743 0.351155 0.882783 0.267633 0.415391 0.267262 0.350798 50.841035 51.344299 50.841035
0.852592 0.800171 0.101810 0.592347 0.343734 0.673923 0.380696 0.767770 0.223398 0.249536 51.391694 52.580029 51.391694
0.686530 0.107488 0.877659 0.639153 0.264143 0.808519 0.301593 0.288125 0.738323 0.561240 43.716101 45.159277 43.716101
0.663154 0.707770 0.105532 0.411716 0.592833 0.553669 0.286726 0.440401 0.416532 0.280991 50.903306 51.344299 50.903306
0.801797 0.755551 0.049709 0.441987 0.449888 0.601935 0.294724 0.399485 0.436031 0.194801 51.552961 51.345446 51.345446
0.847960 0.850954 0.079454 0.691873 0.541865 0.715011 0.300937 0.658577 0.455422 0.134814 51.993162 52.908439 51.993162
0.755573 0.773275 0.098943 0.680379 0.468905 0.566191 0.178207 0.718549 0.386269 0.165133 53.087706 48.574072 48.574072
0.794983 0.737456 0.134737 0.614538 0.410047 0.616084 0.219150 0.740636 0.344622 0.216256 51.556260 51.754530 51.556260
0.835730 0.805104 0.118278 0.659606 0.326610 0.623288 0.346566 0.731085 0.320167 0.151874 51.840114 55.756011 51.840114
0.738161 0.828796 0.088120 0.470819 0.431646 0.606740 0.295225 0.487743 0.486898 0.385226 51.644767 51.344299 51.344299
0.774317 0.797186 0.090037 0.453505 0.413888 0.731189 0.363461 0.389245 0.279287 0.235198 51.682013 51.344299 51.344299
0.734104 0.797833 0.091571 0.380005 0.427365 0.596731 0.281348 0.610948 0.342712 0.283213 51.171648 51.384439 51.171648
0.784155 0.867643 0.131204 0.475678 0.446282 0.775929 0.331626 0.543996 0.344648 0.263228 51.415926 51.344299 51.344299
0.403759 0.168261 0.003310 0.945915 0.536052 0.950667 0.372635 0.534333 0.553890 0.993618 44.439320 39.050585 39.050585
0.749374 0.814585 0.169432 0.482583 0.434714 0.481128 0.411718 0.469535 0.249746 0.336905 51.160385 51.344299 51.160385
0.030721 0.146508 0.963776 0.589202 0.328882 0.181102 0.368686 0.101114 0.903427 0.775366 37.037714 45.903376 37.037714
0.733665 0.783860 0.071936 0.410135 0.414085 0.609856 0.129487 0.458426 0.326192 0.438613 51.177831 51.344299 51.177831
0.717261 0.760461 0.095440 0.416062 0.573220 0.592072 0.225603 0.479068 0.432614 0.205154 51.024925 51.344299 51.024925
0.785927 0.823193 0.058887 0.432704 0.249665 0.556567 0.417056 0.633270 0.200457 0.359406 50.764290 51.344299 50.764290
0.858013 0.816950 0.048899 0.463704 0.900117 0.719535 0.431452 0.467360 0.005143 0.102324 50.740949 51.344299 50.740949
0.803057 0.810328 0.109022 0.655733 0.505985 0.635321 0.318211 0.663885 0.351764 0.174065 54.572484 55.213782 54.572484
0.817723 0.879488 0.063173 0.552508 0.443455 0.840628 0.370295 0.751456 0.369852 0.074078 50.887204 53.408645 50.887204
0.701311 0.760473 0.066591 0.446614 0.351684 0.556157 0.253838 0.587799 0.083527 0.236685 51.198148 51.344337 51.198148
0.785195 0.811913 0.091319 0.481391 0.447865 0.576461 0.215394 0.521162 0.495958 0.213650 51.533732 51.344443 51.344443
0.824628 0.707267 0.103779 0.465286 0.361513 0.710956 0.300352 0.469234 0.317134 0.281715 51.862729 51.344753 51.344753
0.842919 0.856564 0.108990 0.729347 0.446100 0.729004 0.464122 0.743826 0.437534 0.188664 51.358696 52.002030 51.358696
0.852764 0.779561 0.107087 0.677080 0.502965 0.590773 0.325349 0.762717 0.414255 0.166358 51.405700 54.233959 51.405700
0.793135 0.875030 0.149263 0.632034 0.484346 0.674751 0.325740 0.667653 0.283036 0.125551 52.474520 52.278042 52.278042
0.795434 0.824863 0.087870 0.603789 0.440395 0.584706 0.336859 0.678562 0.332459 0.254590 53.924983 53.637232 53.637232
0.803071 0.810775 0.143668 0.654402 0.568248 0.681190 0.401566 0.671975 0.319242 0.111366 52.087553 51.620205 51.620205
0.860622 0.820642 0.060930 0.593848 0.447359 0.668389 0.381833 0.681882 0.298878 0.240133 52.386676 51.463472 51.463472
0.772086 0.792560 0.122410 0.471739 0.406982 0.590922 0.457034 0.484747 0.271079 0.232888 51.627265 51.344323 51.344323
0.798115 0.306948 0.664921 0.808704 0.352570 0.730861 0.304994 0.767556 0.083857 0.526544 43.716101 45.159277 43.716101
0.728122 0.727294 0.129369 0.418835 0.325908 0.634128 0.350240 0.522536 0.356749 0.270907 51.386523 51.349245 51.349245
0.323736 0.987844 0.321295 0.584889 0.621920 0.230285 0.677570 0.935454 0.308206 0.936449 46.332840 37.490970 37.490970
0.802621 0.822208 0.136830 0.677989 0.429905 0.679847 0.433849 0.673159 0.362656 0.255946 53.222444 53.301377 53.222444
0.743438 0.819523 0.067985 0.457490 0.344619 0.688646 0.262234 0.547472 0.261910 0.418456 51.665659 51.344299 51.344299
0.871856 0.814906 0.134877 0.464040 0.317763 0.701515 0.479221 0.509786 0.337938 0.239427 51.027458 51.344299 51.027458
0.740709 0.746918 0.060375 0.314240 0.321882 0.241955 0.251307 0.225150 0.253934 0.189231 50.740949 51.344299 50.740949
0.789505 0.862288 0.130134 0.650076 0.397724 0.781306 0.274667 0.820170 0.244769 0.168719 51.263689 52.802389 51.263689
0.669734 0.770749 0.134445 0.464495 0.477698 0.513910 0.428743 0.462970 0.292192 0.269595 51.358616 51.344299 51.344299
0.748792 0.814808 0.023514 0.478440 0.371357 0.570175 0.270512 0.420590 0.176109 0.284233 51.663037 51.344299 51.344299
0.701387 0.544130 0.188529 0.011354 0.661338 0.207661 0.682852 0.781913 0.120510 0.205014 50.740949 51.344299 50.740949
0.770544 0.826407 0.132812 0.633802 0.359276 0.605087 0.353177 0.644255 0.367191 0.192191 53.441449 53.605271 53.441449
0.764302 0.787038 0.092863 0.467199 0.480733 0.607550 0.460266 0.435055 0.236461 0.549223 51.147506 51.344299 51.147506
0.832532 0.807457 0.139804 0.687534 0.480987 0.724044 0.414533 0.629422 0.386236 0.128352 52.208362 53.684359 52.208362
0.798162 0.842907 0.112546 0.592302 0.397672 0.683479 0.409568 0.633527 0.450154 0.222103 51.812227 55.739378 51.812227
0.758580 0.834143 0.026176 0.495259 0.327532 0.626830 0.276629 0.706290 0.420044 0.040906 50.740949 48.013867 48.013867
0.767736 0.857105 0.095326 0.611530 0.432509 0.584097 0.294622 0.736242 0.338575 0.141591 53.178505 53.111444 53.111444
0.816506 0.748189 0.047930 0.065103 0.416131 0.607771 0.427583 0.200974 0.452282 0.494034 50.740949 51.344299 50.740949
0.858120 0.867747 0.093835 0.560349 0.424893 0.545553 0.300000 0.640643 0.329288 0.044436 51.342831 51.368693 51.342831
0.773270 0.838263 0.088442 0.443538 0.595191 0.408380 0.225194 0.426818 0.140338 0.233647 50.881155 51.344299 50.881155
0.844536 0.849594 0.122926 0.605071 0.396405 0.745638 0.385875 0.756262 0.375370 0.216622 51.310513 66.716717 51.310513
0.584110 0.819898 0.846055 0.624318 0.950341 0.308370 0.132129 0.018442 0.774843 0.337014 50.652966 38.530522 38.530522
0.793182 0.868986 0.139940 0.622565 0.550871 0.589975 0.289692 0.803839 0.418025 0.322251 51.145692 51.126124 51.126124
0.804601 0.785589 0.089079 0.570493 0.465516 0.722571 0.416338 0.595431 0.356737 0.138407 53.207032 51.743053 51.743053
0.823368 0.852617 0.109150 0.443182 0.461882 0.505046 0.308225 0.514033 0.280331 0.314390 51.341299 51.347178 51.341299
0.727578 0.768479 0.124287 0.470805 0.508605 0.582597 0.369696 0.473022 0.407979 0.285098 51.739219 51.344299 51.344299
0.752406 0.742028 0.124724 0.482131 0.497494 0.563160 0.218181 0.298314 0.263409 0.179838 51.402090 51.344299 51.344299
0.605076 0.886268 0.058654 0.557045 0.800414 0.365760 0.444716 0.474811 0.283398 0.383532 50.794406 46.127878 46.127878
0.677681 0.837119 0.065992 0.113294 0.431766 0.605522 0.255736 0.346074 0.235860 0.347997 50.741597 51.358150 50.741597
0.757686 0.685998 0.135187 0.467631 0.438971 0.537531 0.326257 0.418076 0.361300 0.310206 51.393117 51.344299 51.344299
0.768054 0.791914 0.131122 0.461086 0.314137 0.630490 0.349394 0.551486 0.220202 0.326633 51.811746 51.344513 51.344513
0.843271 0.784063 0.109708 0.621337 0.414506 0.604013 0.319499 0.602848 0.397349 0.205968 52.901086 53.128737 52.901086
0.778798 0.769528 0.119413 0.638495 0.473569 0.636855 0.348767 0.638526 0.506137 0.275114 52.097053 52.158235 52.097053
0.794178 0.825865 0.104982 0.624385 0.380609 0.661890 0.383075 0.708497 0.267437 0.196541 53.511962 53.604111 53.511962
0.780381 0.815968 0.059299 0.480688 0.539759 0.718776 0.289147 0.622725 0.436459 0.181021 51.531866 51.344299 51.344299
0.871242 0.785077 0.082761 0.554594 0.410457 0.684995 0.320933 0.540647 0.438530 0.255705 52.039212 49.540287 49.540287
0.797739 0.779252 0.100422 0.601386 0.474076 0.700179 0.276848 0.689330 0.502332 0.244680 51.441187 53.321219 51.441187
0.653046 0.699073 0.027814 0.443108 0.355415 0.663077 0.331779 0.379568 0.225811 0.214149 51.084572 51.344299 51.084572
0.810278 0.873828 0.136502 0.440811 0.420725 0.953655 0.279470 0.642206 0.357389 0.375643 50.800156 51.344299 50.800156
0.696960 0.883127 0.118662 0.471234 0.419081 0.491842 0.342905 0.481816 0.416709 0.241941 51.365191 51.344299 51.344299
0.797792 0.873783 0.073767 0.607720 0.465575 0.610256 0.298854 0.691488 0.417226 0.070147 52.301727 54.230425 52.301727
0.768071 0.918369 0.110058 0.653851 0.307136 0.666489 0.215611 0.775481 0.542286 0.048489 50.792150 51.869074 50.792150
0.851136 0.820324 0.101255 0.587501 0.524688 0.607151 0.254638 0.675585 0.376547 0.215813 51.958476 52.844488 51.958476
0.731587 0.735795 0.039891 0.252009 0.322732 0.215192 0.290070 0.137541 0.230452 0.046775 50.740949 51.344299 50.740949
0.857297 0.842152 0.156246 0.570889 0.372150 0.645829 0.325381 0.550937 0.379308 0.238084 51.843142 51.188039 51.188039
0.800627 0.851722 0.143756 0.541653 0.395219 0.785324 0.328455 0.578905 0.393981 0.161638 51.460737 52.339718 51.460737
0.728947 0.774238 0.023619 0.438628 0.377304 0.654090 0.439829 0.403611 0.124520 0.235220 51.090517 51.344299 51.090517
0.728234 0.749949 0.090038 0.464196 0.246703 0.566444 0.169946 0.445780 0.260310 0.252672 51.413900 51.344299 51.344299
0.788562 0.720685 0.125182 0.411903 0.306816 0.695914 0.411649 0.412733 0.331444 0.483125 51.073153 51.344299 51.073153
0.827729 0.793606 0.102721 0.449976 0.476013 0.773485 0.232403 0.421433 0.021221 0.187624 50.853928 51.344299 50.853928
0.820269 0.798691 0.140632 0.643967 0.496283 0.675136 0.391430 0.774191 0.386817 0.226907 51.409444 59.548304 51.409444
0.796146 0.806561 0.127200 0.673078 0.504435 0.510497 0.368251 0.761688 0.407468 0.273870 51.686893 52.233041 51.686893
0.746254 0.776568 0.057188 0.334051 0.393667 0.673827 0.349526 0.686104 0.149704 0.326736 50.818822 51.359326 50.818822
0.718953 0.737582 0.129972 0.463752 0.318902 0.674889 0.298807 0.473040 0.078956 0.171139 51.034758 51.344299 51.034758
0.813504 0.843622 0.125971 0.694906 0.469208 0.765639 0.366600 0.678447 0.415123 0.242513 52.364322 54.342741 52.364322
0.800418 0.777862 0.097936 0.608854 0.399199 0.658812 0.206497 0.727963 0.399565 0.338949 51.866252 52.225812 51.866252
0.698308 0.791635 0.080840 0.410853 0.482559 0.541818 0.351193 0.547168 0.376734 0.244844 51.265456 51.344299 51.265456
0.642257 0.068349 0.129494 0.371645 0.713778 0.119244 0.960294 0.445648 0.533269 0.966350 48.197223 45.428363 45.428363
0.752666 0.838063 0.095302 0.378136 0.420092 0.502238 0.270632 0.571870 0.386064 0.346487 51.031246 51.349282 51.031246
0.356172 0.646708 0.216479 0.512359 0.683563 0.955404 0.459636 0.194258 0.795947 0.848410 46.254762 37.490970 37.490970
0.844020 0.871229 0.024575 0.456139 0.431715 0.659074 0.472824 0.618735 0.133676 0.220549 50.952087 51.344299 50.952087
0.730034 0.738783 0.075417 0.470354 0.421284 0.694206 0.456597 0.545444 0.307816 0.129438 51.481133 51.345497 51.345497
0.927582 0.784657 0.858214 0.283251 0.652404 0.774114 0.320699 0.919847 0.410615 0.727298 0.000463 0.010217 0.000463
0.784523 0.778588 0.076507 0.402221 0.456548 0.607324 0.218385 0.504419 0.296443 0.454964 51.196534 51.344299 51.196534
0.847362 0.795067 0.105802 0.706957 0.483403 0.636177 0.283209 0.799865 0.393610 0.305883 51.525641 50.772179 50.772179
0.765628 0.798947 0.328955 0.384689 0.358665 0.714325 0.391097 0.432670 0.291630 0.239436 50.740949 51.344299 50.740949
0.755071 0.498892 0.250437 0.230135 0.242811 0.343764 0.033131 0.532209 0.690068 0.033111 50.740949 51.344299 50.740949
0.668303 0.748445 0.095191 0.434437 0.390931 0.664724 0.261828 0.564360 0.156605 0.169772 51.112030 51.345712 51.112030
0.830626 0.379163 0.223455 0.929355 0.982511 0.051700 0.493471 0.594900 0.580826 0.675739 48.197223 45.428363 45.428363
0.754941 0.761585 0.110565 0.444490 0.302071 0.576649 0.236401 0.542441 0.227537 0.192734 51.427531 51.346046 51.346046
0.730716 0.795733 0.077162 0.415190 0.511730 0.612334 0.176351 0.631818 0.320756 0.157713 51.136629 51.365110 51.136629
0.858763 0.818925 0.158837 0.756806 0.548248 0.674149 0.364751 0.834789 0.427458 0.215123 50.874610 51.985446 50.874610
0.799746 0.721789 0.143621 0.457964 0.294889 0.693785 0.211883 0.577896 0.168681 0.358511 51.081042 51.344299 51.081042
0.831633 0.894826 0.192818 0.085029 0.318504 0.729167 0.495870 0.680729 0.445607 0.001119 50.740949 51.392967 50.740949
0.847410 0.881986 0.247074 0.608349 0.338302 0.743735 0.371782 0.702570 0.414863 0.186948 50.754034 54.691241 50.754034
0.809708 0.777553 0.122887 0.462151 0.474510 0.670339 0.337013 0.607091 0.294517 0.105577 51.391917 51.346695 51.346695
0.896934 0.832401 0.099013 0.576858 0.423644 0.605202 0.426551 0.609809 0.368040 0.138808 51.351915 52.201374 51.351915
