# gen=10 party=0
# sp x0..x(D-1) party_fit
0 0.464656 0.007179 0.102502 0.366389 0.086156 0.355029 0.900721 0.209355 0.376464 0.950047 89.818464
1 0.258407 0.264781 0.003553 0.504142 0.481625 0.752885 0.287711 0.305077 0.139560 0.793345 89.818464
2 0.224959 0.358111 0.083099 0.108880 0.472490 0.635042 0.438756 0.482521 0.912249 0.154134 89.818464
3 0.042758 0.276108 0.126545 0.412636 0.302124 0.092455 0.214079 0.066196 0.678547 0.367002 89.818464
4 0.161210 0.034714 0.264601 0.995709 0.098928 0.876731 0.248914 0.853361 0.180462 0.468553 89.818464
5 0.034559 0.154774 0.054350 0.336535 0.264970 0.373326 0.145355 0.794100 0.981976 0.256373 89.818464
6 0.369601 0.031126 0.059595 0.459494 0.741884 0.651069 0.131126 0.388514 0.117155 0.750114 89.818464
7 0.338502 0.443257 0.158518 0.546486 0.255428 0.791478 0.823483 0.265663 0.686374 0.830174 89.818464
