# gen=10 mediating population
# x0..x(D-1) f0 f1 consensus
0.000000 0.000000 0.056660 6.471104 5.634874 5.634874
0.047376 0.183928 0.108694 6.471104 5.634874 5.634874
0.423741 0.407324 0.591566 6.471104 5.634874 5.634874
0.451662 0.202350 0.242015 6.471104 5.634874 5.634874
0.010668 0.333043 0.145965 6.471104 5.634874 5.634874
0.144013 0.297157 0.305822 6.471104 5.634874 5.634874
0.199361 0.211873 0.077288 6.471104 5.634874 5.634874
0.040748 0.213739 0.414508 6.471104 5.634874 5.634874
0.129444 0.081969 0.242739 6.471104 5.634874 5.634874
0.226067 0.255946 0.470951 6.471104 5.634874 5.634874
0.345407 0.250165 0.377169 6.471104 10.895343 6.471104
0.392732 0.281452 0.109388 6.471104 5.634874 5.634874
0.081191 0.020333 0.490634 6.471104 5.634874 5.634874
0.463282 0.100296 0.333313 6.471104 5.634874 5.634874
0.322481 0.433702 0.092332 6.471104 5.634874 5.634874
0.140492 0.052245 0.019909 6.471104 5.634874 5.634874
0.628599 0.940422 0.885728 0.240118 1.351854 0.240118
0.489039 0.384435 0.000000 6.471104 5.634874 5.634874
0.454481 0.054525 0.478478 6.471104 5.634874 5.634874
0.000000 0.398378 0.302191 6.471104 5.634874 5.634874
0.096824 0.261209 0.516531 6.471104 5.634874 5.634874
0.253826 0.405000 0.318272 6.471104 5.634874 5.634874
0.246609 0.212111 0.536462 6.471104 5.634874 5.634874
0.178082 0.433850 0.014188 6.471104 5.634874 5.634874
0.000000 0.000000 0.306880 6.471104 5.634874 5.634874
0.348751 0.000000 0.606114 6.471104 5.634874 5.634874
0.230719 0.000000 0.521352 6.471104 5.634874 5.634874
0.203389 0.212257 0.578771 6.471104 5.634874 5.634874
0.491368 0.222023 0.551942 6.471104 5.634874 5.634874
0.377340 0.415226 0.279207 6.471104 5.634874 5.634874
0.090600 0.341025 0.022895 6.471104 5.634874 5.634874
0.026675 0.931130 0.323986 0.051625 0.277849 0.051625
0.094904 0.265653 0.772292 10.781338 8.826266 8.826266
0.472888 0.207556 1.000000 0.701458 0.577959 0.577959
0.397999 0.000000 0.000000 6.471104 5.634874 5.634874
0.058544 0.797824 0.116393 0.051625 0.277849 0.051625
0.418367 0.145926 0.830260 0.701458 0.577959 0.577959
0.119987 0.225602 0.966170 5.605723 3.460757 3.460757
0.380488 0.284221 0.509011 6.471104 23.349494 6.471104
1.000000 0.188397 0.217029 1.548256 1.318543 1.318543
0.590600 0.812376 0.672129 0.240118 0.156858 0.156858
0.160638 0.151800 0.452069 6.471104 5.634874 5.634874
0.456681 0.760009 0.160348 0.696260 0.056208 0.056208
0.000000 0.252386 0.300412 6.471104 5.634874 5.634874
0.257445 0.160052 0.656627 5.605723 5.634874 5.605723
0.857450 0.329020 0.203284 0.659398 1.318543 0.659398
0.414212 0.128564 0.000000 6.471104 5.634874 5.634874
0.569605 0.168095 0.877713 3.702826 0.417324 0.417324
0.737499 0.437546 0.708996 0.240118 1.351854 0.240118
0.375611 0.000000 0.285640 6.471104 5.634874 5.634874
0.274897 0.919274 0.697374 0.836093 0.056208 0.056208
0.656640 0.764046 0.833221 27.281055 1.351854 1.351854
0.342142 0.115667 0.219611 6.471104 5.634874 5.634874
0.099681 0.000000 0.173778 6.471104 5.634874 5.634874
0.639405 0.745423 0.081690 0.659398 0.156858 0.156858
0.503645 0.424014 0.142769 6.471104 5.634874 5.634874
0.000000 0.096918 1.000000 5.605723 3.460757 3.460757
0.709788 0.408162 0.770966 0.240118 1.351854 0.240118
0.745171 0.783653 0.728464 0.240118 0.019079 0.019079
0.518022 0.374653 0.372565 6.471104 5.634874 5.634874
0.902999 0.405818 0.352113 0.005719 0.236421 0.005719
0.581240 0.272313 0.765606 3.702826 0.417324 0.417324
0.635098 0.833340 0.576015 0.659398 0.156858 0.156858
0.168104 0.155592 0.283328 6.471104 5.634874 5.634874
0.044079 0.089484 0.800152 5.605723 3.460757 3.460757
0.314916 0.086280 0.361817 6.471104 5.634874 5.634874
0.372885 0.957901 0.225385 0.051625 0.056208 0.051625
0.839376 0.083066 0.734654 3.326726 0.417324 0.417324
0.316691 0.902020 0.404699 0.051625 0.056208 0.051625
0.734279 0.996979 0.300410 0.659398 0.236421 0.236421
0.268778 0.046232 0.000000 6.471104 5.634874 5.634874
0.033589 0.567541 0.626212 0.198982 0.277849 0.198982
0.570753 0.268131 0.810548 3.702826 0.417324 0.417324
0.000000 0.000000 0.000000 6.471104 5.634874 5.634874
0.969171 0.827274 0.749349 0.012592 0.019079 0.012592
0.722043 0.000000 0.368676 1.548256 1.318543 1.318543
0.017431 0.000000 0.545450 6.471104 5.634874 5.634874
0.860850 0.082070 0.404612 1.548256 1.318543 1.318543
0.158992 0.106840 0.593981 6.471104 5.634874 5.634874
0.946887 0.510366 0.332894 0.005719 0.236421 0.005719
0.937858 0.782305 0.056177 0.005719 0.236421 0.005719
0.124188 0.026396 0.435946 6.471104 5.634874 5.634874
0.993371 0.112611 0.206813 1.548256 1.318543 1.318543
0.176479 0.053326 0.836395 5.605723 3.460757 3.460757
0.639050 0.611043 0.076294 0.659398 0.156858 0.156858
0.338690 0.510202 0.362543 0.051625 0.056208 0.051625
0.235585 0.292838 0.561802 6.471104 5.634874 5.634874
0.471426 0.843992 0.558352 0.696260 0.056208 0.056208
0.320616 0.188096 0.790138 5.605723 3.460757 3.460757
0.707942 0.537452 0.101027 0.659398 0.236421 0.236421
0.000000 0.244186 0.000000 6.471104 5.634874 5.634874
0.232827 0.441272 0.843364 5.605723 0.314489 0.314489
0.861438 0.599755 0.551995 0.659398 0.236421 0.236421
0.479342 0.758392 0.732766 0.836093 0.056208 0.056208
0.216061 0.239960 0.383093 6.471104 5.634874 5.634874
0.136190 0.434169 0.279101 6.471104 5.634874 5.634874
0.237976 0.363218 0.176208 6.471104 5.634874 5.634874
0.161091 0.231303 0.000000 6.471104 5.634874 5.634874
0.187143 0.697883 0.810456 0.198982 0.314489 0.198982
0.420885 0.133206 0.133880 6.471104 5.634874 5.634874
0.030111 0.922879 0.333718 0.051625 0.277849 0.051625
0.218498 0.629206 0.374227 0.051625 0.056208 0.051625
0.598881 0.063143 0.783103 3.702826 0.417324 0.417324
0.672010 0.419022 0.050100 0.659398 0.236421 0.236421
0.845975 0.728118 0.558948 0.659398 0.236421 0.236421
0.331760 0.255625 0.000000 6.471104 5.634874 5.634874
0.099590 0.138978 0.313024 6.471104 5.634874 5.634874
0.883749 0.088607 0.144283 1.548256 1.318543 1.318543
0.201018 0.056169 0.413212 6.471104 5.634874 5.634874
0.143079 0.301491 0.587677 6.471104 5.634874 5.634874
0.449272 0.964028 0.386083 0.696260 0.056208 0.056208
0.000000 0.000000 0.318955 6.471104 5.634874 5.634874
0.253995 0.238936 0.121695 6.471104 5.634874 5.634874
0.153238 0.000000 0.000000 6.471104 5.634874 5.634874
0.016654 0.033278 0.086914 6.471104 5.634874 5.634874
0.463282 0.100296 0.333313 6.471104 5.634874 5.634874
0.693623 0.004495 0.002930 1.548256 1.318543 1.318543
0.463913 0.000000 0.567838 6.471104 5.634874 5.634874
0.185557 0.900081 0.592932 0.051625 0.056208 0.051625
0.332138 0.508624 0.761451 0.836093 0.956242 0.836093
0.410953 0.562759 0.259501 0.051625 0.056208 0.051625
0.000000 0.321591 0.185564 6.471104 5.634874 5.634874
0.125321 0.178012 0.776135 5.605723 3.460757 3.460757
0.264403 0.457585 1.000000 5.605723 0.956242 0.956242
0.147729 0.170164 0.131631 6.471104 5.634874 5.634874
0.590903 0.019158 0.444515 3.702826 0.417324 0.417324
0.463735 0.898324 0.090087 0.696260 0.056208 0.056208
0.252917 0.254543 0.779216 5.605723 3.460757 3.460757
0.157546 0.120013 0.000000 6.471104 5.634874 5.634874
0.000000 0.334274 0.555711 6.471104 5.634874 5.634874
0.179023 0.429153 0.722075 5.605723 3.460757 3.460757
0.322481 0.433702 0.092332 6.471104 5.634874 5.634874
0.469089 0.318890 0.150702 6.471104 5.634874 5.634874
0.337799 0.344965 0.935239 5.605723 3.460757 3.460757
0.422843 0.157822 0.777587 0.701458 0.577959 0.577959
0.000000 0.107803 0.581438 6.471104 5.634874 5.634874
0.331044 0.167330 0.222337 6.471104 6.189125 6.189125
0.856970 0.786234 0.183397 0.659398 0.236421 0.236421
0.402650 0.976176 0.643806 0.836093 0.056208 0.056208
0.147423 0.391417 0.401516 6.471104 5.634874 5.634874
0.350985 0.993437 0.183519 0.051625 0.056208 0.051625
0.443241 0.032867 0.000000 6.471104 5.634874 5.634874
0.666237 0.180780 0.671507 3.702826 0.417324 0.417324
0.658583 0.683098 0.986083 0.240118 1.351854 0.240118
0.650002 0.296069 0.405216 1.548256 1.318543 1.318543
0.296441 0.000000 0.000000 6.471104 5.634874 5.634874
0.000000 0.000000 0.313823 6.471104 5.634874 5.634874
0.476339 0.167186 0.110702 6.471104 5.634874 5.634874
0.489932 0.000000 0.175845 6.471104 5.634874 5.634874
0.562267 0.930511 0.939995 0.240118 1.351854 0.240118
0.226087 0.000000 0.163452 6.471104 5.634874 5.634874
0.319497 0.110673 0.488663 6.471104 5.634874 5.634874
0.916621 0.267661 0.759235 3.326726 0.139778 0.139778
0.900064 0.956084 0.029588 0.005719 0.236421 0.005719
0.669549 0.584601 0.147411 0.659398 0.236421 0.236421
0.000000 0.000000 0.000000 6.471104 5.634874 5.634874
0.092975 0.804503 0.733840 0.198982 0.277849 0.198982
0.004997 0.213731 0.351893 6.471104 5.634874 5.634874
0.686497 0.328052 0.240977 0.659398 1.318543 0.659398
0.722977 0.383011 0.700745 0.240118 1.351854 0.240118
0.557529 0.432912 0.887029 0.240118 1.351854 0.240118
0.356040 0.223904 0.592991 6.471104 5.634874 5.634874
0.430061 0.626761 0.471668 0.696260 0.056208 0.056208
0.134352 0.298454 0.187205 6.471104 5.634874 5.634874
0.951500 0.922990 0.778806 0.012592 0.019079 0.012592
0.835121 0.764296 0.453509 0.659398 0.236421 0.236421
0.298251 0.537447 0.170256 0.051625 0.056208 0.051625
0.440350 0.017319 0.899260 0.701458 0.577959 0.577959
0.423741 0.407324 0.591566 6.471104 5.634874 5.634874
0.353677 0.356663 0.000000 6.471104 5.634874 5.634874
0.226067 0.255946 0.470951 6.471104 5.634874 5.634874
0.129444 0.081969 0.242739 6.471104 5.634874 5.634874
0.301408 0.445028 0.261904 6.471104 0.056208 0.056208
0.742096 0.289683 0.857232 3.326726 0.417324 0.417324
0.584204 0.936467 0.490344 0.659398 0.156858 0.156858
0.201865 0.204535 0.268669 6.471104 5.634874 5.634874
0.758651 0.500025 0.869453 0.240118 0.019079 0.019079
0.451662 0.202350 0.242015 6.471104 5.634874 5.634874
0.000000 0.251892 0.093905 6.471104 5.634874 5.634874
0.127351 0.037889 0.215843 6.471104 5.634874 5.634874
0.000000 0.328418 0.704547 5.605723 3.460757 3.460757
0.031978 0.647567 0.720254 0.198982 0.277849 0.198982
0.036546 0.403759 0.826350 5.605723 3.460757 3.460757
0.057329 0.251354 0.460385 6.471104 5.634874 5.634874
0.264495 0.218932 0.897121 5.605723 3.460757 3.460757
0.037930 0.247880 0.358438 6.471104 5.634874 5.634874
0.802647 0.492663 0.036961 0.659398 0.236421 0.236421
0.827423 0.118037 0.363379 1.548256 1.318543 1.318543
0.657522 0.076821 0.288437 1.548256 1.318543 1.318543
0.326248 0.505510 0.950399 0.836093 0.956242 0.836093
0.274691 0.794931 0.549757 0.051625 0.056208 0.051625
0.378800 0.000000 0.792024 0.701458 0.577959 0.577959
0.451512 0.389020 0.938148 0.701458 0.577959 0.577959
0.671657 0.658169 0.155772 0.659398 0.236421 0.236421
0.063762 0.147671 0.584905 6.471104 5.634874 5.634874
0.476021 0.928575 0.696280 0.836093 0.056208 0.056208
0.704516 0.402649 0.576819 0.659398 0.236421 0.236421
0.797110 0.674333 0.141521 0.659398 0.236421 0.236421
0.040465 0.994254 0.340186 0.051625 0.277849 0.051625
0.290449 0.157163 0.229637 6.471104 11.663603 6.471104
0.094206 0.778458 0.596948 0.051625 0.277849 0.051625
0.016345 0.000000 0.815887 5.605723 3.460757 3.460757
0.678875 0.000000 0.000000 1.548256 1.318543 1.318543
0.190250 0.000000 0.708431 5.605723 3.460757 3.460757
0.114791 0.184293 0.219611 6.471104 5.634874 5.634874
0.156813 0.999611 0.930110 0.198982 0.314489 0.198982
0.052988 0.000000 0.449781 6.471104 5.634874 5.634874
0.541961 0.358300 0.127089 0.659398 5.634874 0.659398
0.513164 0.261585 0.509595 6.471104 5.634874 5.634874
0.000000 0.196852 0.179321 6.471104 5.634874 5.634874
0.000000 0.000000 0.169247 6.471104 5.634874 5.634874
0.743221 0.569562 0.659760 0.659398 0.236421 0.236421
0.176478 0.000000 0.908660 5.605723 3.460757 3.460757
0.025667 0.142540 0.000000 6.471104 5.634874 5.634874
0.469095 0.523009 0.768662 0.836093 0.956242 0.836093
0.104559 0.375746 0.402706 6.471104 5.634874 5.634874
0.000000 0.338412 0.000000 6.471104 5.634874 5.634874
0.423741 0.407324 0.591566 6.471104 5.634874 5.634874
0.604870 0.542661 0.441806 0.659398 0.156858 0.156858
0.233177 0.000000 0.329575 6.471104 5.634874 5.634874
0.409121 0.396065 0.168613 6.471104 5.634874 5.634874
0.366251 0.220718 0.120773 6.471104 5.634874 5.634874
0.366083 0.074473 0.417688 6.471104 5.634874 5.634874
0.145551 0.114315 0.790226 5.605723 3.460757 3.460757
0.222853 0.274913 0.034088 6.471104 5.634874 5.634874
0.601728 0.474700 0.726758 0.240118 1.351854 0.240118
0.004794 0.756993 0.880945 0.198982 0.314489 0.198982
0.962860 0.659480 0.136426 0.005719 0.236421 0.005719
0.148937 0.122813 0.193857 6.471104 5.634874 5.634874
0.734817 0.314057 0.326406 0.659398 1.318543 0.659398
0.123876 0.269744 0.115933 6.471104 5.634874 5.634874
0.452308 0.900267 0.461323 0.696260 0.056208 0.056208
0.363500 0.081303 0.132111 6.471104 5.634874 5.634874
0.266051 0.315621 0.303150 6.471104 5.634874 5.634874
0.550685 0.465294 0.187920 0.659398 0.056208 0.056208
0.643228 0.669142 0.821442 81.629167 72.376414 72.376414
0.736654 0.385220 0.437018 0.659398 0.236421 0.236421
0.127712 0.381515 0.943558 5.605723 3.460757 3.460757
0.010668 0.333043 0.145965 6.471104 5.634874 5.634874
0.304601 0.757138 0.868591 0.836093 0.956242 0.836093
0.138146 0.152669 0.593905 6.471104 5.634874 5.634874
0.017955 0.173808 0.587258 6.471104 5.634874 5.634874
0.012843 0.000000 0.828394 5.605723 3.460757 3.460757
0.022855 0.125956 0.374931 6.471104 5.634874 5.634874
0.372375 0.336835 0.365612 6.471104 5.634874 5.634874
0.000000 0.274998 0.492180 6.471104 5.634874 5.634874
0.253770 0.003150 0.301365 6.471104 5.634874 5.634874
0.379280 0.256675 0.560255 6.471104 12.101212 6.471104
0.509751 0.000000 0.041004 6.471104 5.634874 5.634874
0.000000 0.000000 0.000000 6.471104 5.634874 5.634874
0.929100 0.667398 0.509488 0.005719 0.236421 0.005719
0.171176 0.176824 0.410283 6.471104 5.634874 5.634874
0.202419 0.042209 0.657877 5.605723 5.634874 5.605723
0.953645 0.011689 0.284132 1.548256 1.318543 1.318543
0.001784 0.181993 0.267727 6.471104 5.634874 5.634874
0.353428 0.241039 0.441669 15.263745 88.945703 15.263745
0.257350 0.283762 0.128262 6.471104 5.634874 5.634874
0.190074 0.206863 0.816290 5.605723 3.460757 3.460757
0.187813 0.996472 0.596199 0.051625 0.056208 0.051625
0.329676 0.000000 0.153892 6.471104 5.634874 5.634874
0.258457 0.588296 0.952693 0.836093 0.956242 0.836093
0.177333 0.821238 0.818912 0.198982 0.314489 0.198982
0.412583 0.902732 0.937536 0.836093 0.956242 0.836093
0.501272 0.150923 0.369250 6.471104 5.634874 5.634874
0.060849 0.000000 0.568452 6.471104 5.634874 5.634874
0.248207 0.042733 0.020502 6.471104 5.634874 5.634874
0.420190 0.245122 0.233713 6.471104 5.634874 5.634874
0.408686 0.229578 0.000000 6.471104 5.634874 5.634874
0.041245 0.182980 0.115933 6.471104 5.634874 5.634874
0.385997 0.597021 0.623602 0.836093 0.399573 0.399573
0.273498 0.973057 0.817899 0.836093 0.956242 0.836093
0.284967 0.677041 0.231485 0.051625 0.056208 0.051625
0.000000 0.321552 0.093479 6.471104 5.634874 5.634874
0.985898 0.710558 0.093675 0.010213 0.236421 0.010213
0.256711 0.354058 0.070173 6.471104 5.634874 5.634874
0.818206 0.435343 0.283711 0.659398 0.236421 0.236421
0.674418 0.072201 0.725235 3.326726 0.417324 0.417324
0.190341 0.249645 0.000000 6.471104 5.634874 5.634874
0.532219 0.179583 0.752823 3.702826 0.577959 0.577959
0.488012 0.328371 0.404491 6.471104 5.634874 5.634874
0.389347 0.385897 0.503366 6.471104 5.634874 5.634874
0.985422 0.419492 0.666966 0.012592 0.236421 0.012592
0.269873 0.176041 0.536675 6.471104 5.634874 5.634874
0.631082 0.717092 0.522826 0.659398 0.156858 0.156858
0.201612 0.629183 0.578406 0.051625 0.056208 0.051625
0.875203 0.001926 0.722624 3.326726 0.139778 0.139778
0.602658 0.364873 0.601235 0.659398 0.156858 0.156858
0.807938 0.892534 0.081602 0.659398 0.236421 0.236421
0.334425 0.914204 0.054886 0.051625 0.056208 0.051625
0.138517 0.000000 0.394947 6.471104 5.634874 5.634874
0.239176 0.426011 0.040167 6.471104 5.634874 5.634874
0.296885 0.159368 0.000000 6.471104 5.634874 5.634874
0.000000 0.166521 0.257860 6.471104 5.634874 5.634874
0.212744 0.125150 0.271535 6.471104 5.634874 5.634874
0.121358 0.793336 0.432561 0.051625 0.277849 0.051625
0.633526 0.279429 0.969873 3.702826 0.417324 0.417324
0.085904 0.131786 0.114977 6.471104 5.634874 5.634874
0.480155 0.894444 0.834940 0.836093 0.956242 0.836093
0.015118 0.058866 0.709336 5.605723 3.460757 3.460757
0.366158 0.096949 0.453854 6.471104 5.634874 5.634874
