# gen=0 mediating population
# x0..x(D-1) f0 f1 consensus
0.436760 0.908220 0.952545 0.044650 0.462175 0.614829 0.328753 0.328130 0.807309 0.010135 30.367742 10.648999 10.648999
0.727328 0.903687 0.710862 0.082948 0.175501 0.269341 0.706406 0.945323 0.205808 0.107212 30.367742 10.648999 10.648999
0.312612 0.801909 0.889336 0.002333 0.546905 0.514537 0.171670 0.642400 0.188110 0.206724 30.367742 5.328021 5.328021
0.204478 0.838510 0.484149 0.879855 0.640125 0.188238 0.534118 0.760173 0.428893 0.977458 24.014811 25.586318 24.014811
0.284825 0.199042 0.008920 0.360904 0.532280 0.560517 0.248014 0.303183 0.525328 0.348428 23.173044 8.013704 8.013704
0.025647 0.373533 0.040896 0.909356 0.742638 0.446590 0.854638 0.594842 0.663510 0.869328 23.173044 8.013704 8.013704
0.131022 0.592624 0.333549 0.653565 0.508157 0.803029 0.207337 0.262899 0.210424 0.096356 12.221343 25.586318 12.221343
0.175269 0.062340 0.192655 0.903041 0.578691 0.153313 0.320779 0.118174 0.657123 0.583746 12.221343 0.023760 0.023760
0.209647 0.366374 0.604962 0.003259 0.911499 0.179125 0.284012 0.246054 0.455790 0.252307 12.221343 37.778086 12.221343
0.348497 0.388837 0.347969 0.103671 0.593195 0.335076 0.402971 0.957540 0.304694 0.552466 0.000540 37.778086 0.000540
0.181600 0.193778 0.684478 0.042321 0.288057 0.221097 0.292781 0.705424 0.675791 0.916895 12.221343 37.778086 12.221343
0.386593 0.088701 0.921848 0.057773 0.794593 0.641562 0.638420 0.192512 0.669935 0.640223 10.705066 37.778086 10.705066
0.747428 0.648389 0.038445 0.934199 0.259519 0.519699 0.723713 0.027835 0.335615 0.632769 0.000540 27.213718 0.000540
0.390457 0.992142 0.399937 0.763872 0.482521 0.619010 0.584647 0.796057 0.544582 0.483005 0.000540 25.586318 0.000540
0.331071 0.680481 0.328609 0.249557 0.032398 0.291491 0.619004 0.436861 0.500615 0.834679 0.000540 25.586318 0.000540
0.043649 0.932820 0.234018 0.706593 0.837262 0.557703 0.548487 0.023165 0.056559 0.663355 0.000149 25.586318 0.000149
0.323204 0.637297 0.778753 0.023955 0.686837 0.396977 0.306383 0.287092 0.631549 0.131221 30.367742 5.328021 5.328021
0.392629 0.648529 0.650257 0.074161 0.527685 0.474953 0.365862 0.642835 0.556002 0.281301 30.367742 5.328021 5.328021
0.309180 0.550999 0.818512 0.043486 0.375116 0.417963 0.310767 0.516777 0.741550 0.463515 30.367742 5.328021 5.328021
0.411676 0.498461 0.937197 0.051212 0.628384 0.628196 0.483587 0.260321 0.738622 0.325179 30.367742 10.648999 10.648999
0.592094 0.778305 0.495495 0.489425 0.360847 0.567264 0.526233 0.177982 0.571462 0.321452 0.000540 10.648999 0.000540
0.413608 0.950181 0.676241 0.404261 0.472348 0.616920 0.456700 0.562093 0.675946 0.246570 0.003584 10.648999 0.003584
0.383916 0.794351 0.640577 0.147104 0.247287 0.453160 0.473878 0.382496 0.653962 0.422407 0.003584 25.586318 0.003584
0.240205 0.920520 0.593282 0.375622 0.649719 0.586266 0.438620 0.175647 0.431934 0.336745 0.045424 25.586318 0.045424
0.468488 0.635030 0.657912 0.043104 0.543500 0.224233 0.495209 0.595688 0.330799 0.179759 30.367742 10.648999 10.648999
0.537913 0.646262 0.529415 0.093310 0.384348 0.302208 0.554689 0.951432 0.255251 0.329839 30.367742 10.648999 10.648999
0.454464 0.548732 0.697670 0.062635 0.231779 0.245219 0.499594 0.825374 0.440799 0.512054 30.367742 10.648999 10.648999
0.556961 0.496194 0.816355 0.070361 0.485047 0.455451 0.672413 0.568918 0.437871 0.373717 30.367742 10.648999 10.648999
0.737378 0.776038 0.374653 0.508574 0.217510 0.394520 0.715060 0.486579 0.270711 0.369991 0.000540 10.648999 0.000540
0.558893 0.947914 0.555400 0.423410 0.329011 0.444175 0.645526 0.870690 0.375195 0.295109 0.003584 10.648999 0.003584
0.529200 0.792084 0.519736 0.166253 0.103950 0.280416 0.662705 0.691092 0.353211 0.470946 0.003584 10.648999 0.003584
0.385489 0.918254 0.472440 0.394771 0.506382 0.413522 0.627447 0.484244 0.131183 0.385284 0.000540 25.586318 0.000540
0.261130 0.584141 0.747149 0.002796 0.729202 0.346831 0.227841 0.444227 0.321950 0.229515 12.221343 5.328021 5.328021
0.330555 0.595373 0.618652 0.053002 0.570050 0.424807 0.287320 0.799970 0.246402 0.379595 30.367742 5.328021 5.328021
0.247106 0.497843 0.786907 0.022327 0.417481 0.367817 0.232226 0.673912 0.431950 0.561810 12.221343 37.778086 12.221343
0.349603 0.445305 0.905592 0.030053 0.670749 0.578050 0.405045 0.417456 0.429023 0.423473 30.367742 37.778086 30.367742
0.530020 0.725149 0.463890 0.468266 0.403212 0.517118 0.447691 0.335118 0.261862 0.419747 0.000540 10.648999 0.000540
0.351535 0.897025 0.644637 0.383102 0.514713 0.566774 0.378158 0.719229 0.366346 0.344864 0.003584 25.586318 0.003584
0.321842 0.741195 0.608973 0.125945 0.289652 0.403014 0.395337 0.539631 0.344362 0.520701 0.003584 25.586318 0.003584
0.178131 0.867364 0.561677 0.354463 0.692084 0.536120 0.360079 0.332783 0.122334 0.435040 0.045424 25.586318 0.045424
0.207062 0.602442 0.544555 0.441557 0.775812 0.183682 0.409065 0.503114 0.442341 0.614882 12.221343 25.586318 12.221343
0.276487 0.613673 0.416059 0.491763 0.616660 0.261657 0.468545 0.858857 0.366793 0.764962 12.221343 25.586318 12.221343
0.193039 0.516144 0.584314 0.461088 0.464091 0.204668 0.413450 0.732799 0.552342 0.947177 12.221343 25.586318 12.221343
0.295535 0.463605 0.702999 0.468814 0.717359 0.414900 0.586269 0.476343 0.549414 0.808840 0.003584 0.023760 0.003584
0.475953 0.743449 0.261297 0.907027 0.449822 0.353968 0.628916 0.394004 0.382254 0.805114 0.000540 12.750045 0.000540
0.297467 0.915326 0.442043 0.821864 0.561323 0.403624 0.559383 0.778115 0.486737 0.730232 0.000540 25.586318 0.000540
0.267774 0.759495 0.406379 0.564706 0.336262 0.239864 0.576561 0.598517 0.464754 0.906068 24.014811 25.586318 24.014811
0.124063 0.885665 0.359084 0.793224 0.738694 0.372970 0.541303 0.391669 0.242726 0.820407 0.000149 25.586318 0.000149
0.247236 0.282708 0.306941 0.182082 0.721890 0.369821 0.266013 0.274618 0.490559 0.300367 12.221343 0.023760 0.023760
0.316661 0.293940 0.178444 0.232288 0.562738 0.447796 0.325492 0.630361 0.415011 0.450447 10.705066 0.023760 0.023760
0.233212 0.196410 0.346699 0.201613 0.410169 0.390807 0.270397 0.504303 0.600559 0.632662 12.221343 0.023760 0.023760
0.335709 0.143872 0.465384 0.209338 0.663437 0.601039 0.443217 0.247847 0.597631 0.494326 10.705066 0.023760 0.023760
0.516126 0.423716 0.023682 0.647551 0.395900 0.540108 0.485863 0.165509 0.430471 0.490599 0.000540 27.213718 0.000540
0.337641 0.595592 0.204429 0.562388 0.507401 0.589764 0.416330 0.549620 0.534955 0.415717 0.000540 25.586318 0.000540
0.307948 0.439762 0.168764 0.305231 0.282339 0.426004 0.433509 0.370022 0.512971 0.591554 0.000540 0.023760 0.000540
0.164237 0.565931 0.121469 0.533749 0.684771 0.559110 0.398250 0.163174 0.290943 0.505892 12.221343 13.062602 12.221343
0.117647 0.369953 0.322929 0.456308 0.827069 0.312858 0.569325 0.420448 0.559650 0.560817 12.221343 0.023760 0.023760
0.187072 0.381185 0.194433 0.506514 0.667917 0.390833 0.628804 0.776191 0.484102 0.710897 12.269422 0.023760 0.023760
0.103623 0.283655 0.362687 0.475839 0.515348 0.333844 0.573710 0.650133 0.669651 0.893112 12.238685 0.023760 0.023760
0.206120 0.231117 0.481372 0.483565 0.768616 0.544076 0.746529 0.393677 0.666723 0.754776 12.221343 0.023760 0.023760
0.386538 0.510961 0.039671 0.921778 0.501079 0.483144 0.789175 0.311338 0.499562 0.751049 0.000540 0.000121 0.000121
0.208052 0.682837 0.220417 0.836614 0.612580 0.532800 0.719642 0.695449 0.604046 0.676167 12.221343 25.586318 12.221343
0.178359 0.527007 0.184753 0.579457 0.387518 0.369040 0.736821 0.515852 0.582062 0.852004 12.221343 25.586318 12.221343
0.034648 0.653177 0.137457 0.807975 0.789950 0.502146 0.701562 0.309004 0.360034 0.766342 12.221343 0.000121 0.000121
0.170335 0.479499 0.469256 0.328412 0.709828 0.491077 0.245674 0.254476 0.333107 0.174331 12.221343 0.023760 0.023760
0.239760 0.490730 0.340759 0.378618 0.550676 0.569052 0.305154 0.610220 0.257559 0.324411 12.221343 0.023760 0.023760
0.156311 0.393201 0.509014 0.347943 0.398107 0.512063 0.250059 0.484162 0.443107 0.506626 12.221343 0.023760 0.023760
0.258808 0.340662 0.627699 0.355669 0.651375 0.722295 0.422879 0.227706 0.440180 0.368290 12.221343 0.023760 0.023760
0.439225 0.620507 0.185997 0.793882 0.383838 0.661364 0.465525 0.145367 0.273019 0.364563 0.000540 12.750045 0.000540
0.260740 0.792383 0.366743 0.708718 0.495339 0.711020 0.395992 0.529478 0.377503 0.289681 0.000149 25.586318 0.000149
0.231047 0.636553 0.331079 0.451561 0.270277 0.547260 0.413170 0.349880 0.355519 0.465518 12.221343 25.586318 12.221343
0.087336 0.762722 0.283784 0.680079 0.672709 0.680366 0.377912 0.143032 0.133491 0.379856 0.000149 25.586318 0.000149
0.192458 0.214357 0.398808 0.453150 0.745095 0.166219 0.302396 0.182114 0.556456 0.418026 12.221343 0.023760 0.023760
0.261883 0.225588 0.270312 0.503356 0.585943 0.244195 0.361875 0.537857 0.480908 0.568106 12.221343 0.023760 0.023760
0.178435 0.128059 0.438566 0.472681 0.433374 0.187205 0.306780 0.411799 0.666457 0.750320 12.221343 0.023760 0.023760
0.280931 0.075520 0.557251 0.480407 0.686642 0.397438 0.479600 0.155343 0.663529 0.611984 12.221343 0.023760 0.023760
0.461349 0.355364 0.115550 0.918620 0.419105 0.336506 0.522246 0.073004 0.496369 0.608257 0.000540 0.139657 0.000540
0.282863 0.527241 0.296296 0.833456 0.530606 0.386162 0.452713 0.457115 0.600853 0.533375 12.221343 25.586318 12.221343
0.253170 0.371410 0.260632 0.576299 0.305545 0.222402 0.469892 0.277518 0.578869 0.709212 12.221343 0.023760 0.023760
0.109459 0.497580 0.213336 0.804817 0.707977 0.355508 0.434633 0.070670 0.356841 0.623550 12.221343 0.023760 0.023760
0.643805 0.613761 0.629609 0.256730 0.021699 0.306886 0.032831 0.333660 0.186115 0.961488 0.003584 10.648999 0.003584
0.082820 0.007066 0.606971 0.510716 0.593416 0.934436 0.075997 0.846509 0.274027 0.457122 12.221343 0.023760 0.023760
0.456555 0.961909 0.837619 0.333026 0.426496 0.918122 0.499531 0.288380 0.312682 0.429868 0.003584 10.648999 0.003584
0.714204 0.798405 0.369121 0.676518 0.821272 0.756811 0.213418 0.584373 0.317807 0.084756 0.000540 12.750045 0.000540
0.038482 0.561038 0.976905 0.499615 0.255110 0.683137 0.951935 0.715238 0.679705 0.306216 12.221343 25.586318 12.221343
0.563111 0.496034 0.319462 0.471618 0.156007 0.105618 0.444702 0.471014 0.505011 0.741054 0.000540 10.648999 0.000540
0.692387 0.596623 0.010841 0.739174 0.708592 0.764160 0.600153 0.439868 0.131742 0.191795 0.000540 27.213718 0.000540
0.192595 0.360189 0.745904 0.018421 0.116238 0.768665 0.636514 0.546672 0.481824 0.494306 12.221343 37.778086 12.221343
0.321579 0.004570 0.462902 0.246325 0.237935 0.839741 0.402930 0.614939 0.326849 0.164863 10.705066 0.023760 0.023760
0.350712 0.036561 0.367339 0.200635 0.122401 0.029314 0.835377 0.019992 0.644931 0.835578 10.705066 0.023760 0.023760
0.583016 0.084371 0.541261 0.233493 0.484653 0.200265 0.985966 0.082322 0.403637 0.308899 10.705066 0.139657 0.139657
0.015338 0.098746 0.618337 0.982401 0.716652 0.973755 0.561281 0.043175 0.363616 0.211676 0.000122 0.023760 0.000122
0.432056 0.820011 0.284886 0.890031 0.956729 0.337915 0.517442 0.982700 0.615852 0.019225 0.000540 12.750045 0.000540
0.126507 0.984648 0.432046 0.303799 0.881669 0.172765 0.514129 0.820490 0.721115 0.389775 0.045424 25.586318 0.045424
0.265986 0.059336 0.696466 0.859403 0.700810 0.982598 0.047672 0.566716 0.740628 0.883019 12.221343 0.023760 0.023760
0.193162 0.289315 0.211516 0.584484 0.982929 0.612987 0.674091 0.579328 0.445027 0.791750 12.221343 0.023760 0.023760
0.771695 0.098662 0.899510 0.592005 0.178729 0.235439 0.604870 0.213216 0.464056 0.634901 10.705066 0.139657 0.139657
0.435153 0.083980 0.209789 0.266799 0.239627 0.834414 0.470941 0.224420 0.012938 0.827587 10.705066 0.139657 0.139657
0.876074 0.422893 0.428753 0.879805 0.833574 0.505611 0.789368 0.769818 0.701386 0.362573 0.000540 12.750045 0.000540
0.271354 0.021933 0.104168 0.885055 0.196747 0.691942 0.011254 0.431930 0.587344 0.095523 12.221343 0.023760 0.023760
0.662473 0.922322 0.622843 0.524555 0.757452 0.650872 0.145121 0.538885 0.228328 0.183993 0.003584 10.648999 0.003584
0.160208 0.550203 0.642594 0.190339 0.458949 0.341770 0.067733 0.099379 0.968954 0.672703 12.221343 25.586318 12.221343
0.938190 0.283331 0.620099 0.196433 0.204414 0.481840 0.695628 0.941088 0.005222 0.141657 10.705066 0.139657 0.139657
0.404664 0.307073 0.756191 0.714477 0.140864 0.476575 0.752201 0.616661 0.541059 0.142108 10.705066 0.139657 0.139657
0.704098 0.204234 0.447794 0.897601 0.878814 0.067815 0.450805 0.012255 0.705056 0.422151 10.705066 0.139657 0.139657
0.497416 0.025130 0.933980 0.370063 0.893556 0.777018 0.039049 0.248304 0.632080 0.539383 10.705066 0.139657 0.139657
0.141605 0.464879 0.893514 0.733351 0.742340 0.952044 0.561437 0.330715 0.770038 0.073798 12.221343 0.023760 0.023760
0.884422 0.063447 0.947104 0.661070 0.968593 0.378963 0.929256 0.337669 0.681346 0.352698 10.705066 0.139657 0.139657
0.768139 0.430220 0.347399 0.423621 0.967119 0.916424 0.322776 0.207912 0.994784 0.139005 0.000540 10.648999 0.000540
0.384630 0.694980 0.440711 0.444355 0.480437 0.957818 0.136904 0.313971 0.019026 0.137062 0.000540 25.586318 0.000540
0.932415 0.817824 0.165995 0.137094 0.544601 0.418656 0.382369 0.961048 0.353009 0.407112 0.000540 10.648999 0.000540
0.964826 0.889258 0.669923 0.930606 0.303939 0.329861 0.234199 0.908760 0.346924 0.756097 0.003584 12.750045 0.003584
0.831665 0.282024 0.775096 0.400385 0.202290 0.325805 0.730744 0.061090 0.624202 0.227958 10.705066 0.139657 0.139657
0.840474 0.151284 0.915689 0.520797 0.763390 0.342462 0.549564 0.554656 0.435536 0.798802 10.705066 0.139657 0.139657
0.095052 0.342998 0.436271 0.844415 0.863887 0.106859 0.411887 0.936383 0.532719 0.986392 12.221343 0.023760 0.023760
0.316030 0.900195 0.414302 0.909210 0.064125 0.182556 0.652151 0.574334 0.480741 0.536381 0.000540 25.586318 0.000540
0.964374 0.673458 0.360795 0.500415 0.090387 0.466958 0.543275 0.284382 0.738038 0.531301 0.000540 10.648999 0.000540
0.309292 0.975540 0.746616 0.456679 0.566063 0.791561 0.421825 0.523352 0.546000 0.927242 0.003584 25.586318 0.003584
0.527509 0.165278 0.892065 0.739579 0.819771 0.791983 0.791641 0.622297 0.002125 0.840443 10.705066 0.139657 0.139657
0.608557 0.233603 0.365471 0.822056 0.554003 0.623874 0.418734 0.273578 0.926266 0.089380 10.705066 0.139657 0.139657
0.969413 0.788299 0.566333 0.961759 0.665987 0.826917 0.078287 0.646331 0.854125 0.502878 0.003584 12.750045 0.003584
0.834338 0.851846 0.782815 0.636266 0.671106 0.849235 0.703306 0.273127 0.470971 0.747844 0.003584 12.750045 0.003584
0.656166 0.104331 0.502861 0.332777 0.245261 0.050017 0.167995 0.772883 0.241653 0.575425 10.705066 0.139657 0.139657
0.880706 0.290279 0.220792 0.437533 0.120020 0.109097 0.378452 0.283725 0.014433 0.832864 10.705066 0.139657 0.139657
0.839896 0.026280 0.508490 0.991460 0.885639 0.858412 0.052607 0.476987 0.291724 0.777218 0.000279 0.000137 0.000137
0.453275 0.088249 0.970888 0.719916 0.513079 0.932739 0.099865 0.684192 0.077887 0.991466 10.705066 0.139657 0.139657
0.674691 0.724534 0.661791 0.289615 0.853738 0.139017 0.029100 0.104797 0.569471 0.065555 0.003584 10.648999 0.003584
0.796447 0.608179 0.935967 0.993991 0.492709 0.935190 0.567330 0.284855 0.091400 0.111828 0.003584 12.750045 0.003584
0.088496 0.517348 0.667741 0.607784 0.060758 0.781427 0.360559 0.903776 0.067934 0.924616 12.221343 25.586318 12.221343
0.178092 0.894246 0.229387 0.183469 0.135390 0.141065 0.912640 0.956880 0.329140 0.861352 0.000149 25.586318 0.000149
0.989165 0.496174 0.010155 0.673576 0.113142 0.536045 0.131714 0.689113 0.581177 0.071700 0.000540 27.213718 0.000540
0.201010 0.729212 0.781984 0.927932 0.294490 0.980199 0.366411 0.516000 0.801169 0.859075 0.000122 25.586318 0.000122
0.346950 0.994967 0.001718 0.443693 0.066087 0.338694 0.352426 0.328172 0.295730 0.966492 0.000540 13.062602 0.000540
0.235964 0.665124 0.323305 0.898293 0.238172 0.914216 0.401593 0.599618 0.848119 0.138270 12.221343 25.586318 12.221343
0.299144 0.897530 0.932431 0.474530 0.889162 0.706730 0.389377 0.322003 0.115065 0.083552 0.003584 25.586318 0.003584
0.065296 0.208215 0.899778 0.546602 0.774752 0.627909 0.857293 0.638758 0.342052 0.441738 12.221343 0.023760 0.023760
0.223659 0.308531 0.764056 0.309610 0.362139 0.840092 0.756212 0.017393 0.031476 0.290615 12.221343 0.023760 0.023760
0.665111 0.202235 0.969024 0.737175 0.267161 0.608200 0.028056 0.387740 0.866151 0.231851 10.705066 0.139657 0.139657
0.839048 0.524899 0.447018 0.034853 0.784037 0.955104 0.882829 0.467148 0.071559 0.149630 0.000540 10.648999 0.000540
0.461723 0.691572 0.853349 0.047846 0.904007 0.635669 0.212362 0.136433 0.383915 0.280568 30.367742 10.648999 10.648999
0.584253 0.405133 0.971606 0.747600 0.816347 0.825104 0.629346 0.186308 0.972494 0.044281 0.003584 12.750045 0.003584
0.679954 0.045261 0.066788 0.817771 0.715041 0.934244 0.959014 0.743387 0.444409 0.901898 0.018887 0.139657 0.018887
0.442810 0.448361 0.810456 0.738419 0.158496 0.838179 0.121445 0.579851 0.764973 0.093020 0.003584 12.750045 0.003584
0.222340 0.740773 0.742944 0.869480 0.446123 0.717112 0.709427 0.602100 0.098175 0.358964 12.221343 25.586318 12.221343
0.912863 0.689787 0.599434 0.579577 0.016927 0.147680 0.295876 0.009295 0.653726 0.436307 0.003584 12.750045 0.003584
0.119855 0.867812 0.541262 0.930517 0.807738 0.286538 0.092562 0.752850 0.421442 0.956680 24.014811 25.586318 24.014811
0.626565 0.833129 0.563893 0.307507 0.407252 0.183883 0.362282 0.441116 0.050667 0.546600 0.003584 10.648999 0.003584
0.583423 0.937639 0.287631 0.994428 0.324163 0.984560 0.344690 0.732113 0.638625 0.272115 0.000540 12.750045 0.000540
0.682547 0.755710 0.497428 0.038660 0.280724 0.626373 0.060115 0.386020 0.092463 0.048403 30.367742 10.648999 10.648999
0.004928 0.003984 0.692442 0.467830 0.637242 0.930748 0.209582 0.317798 0.479412 0.104669 12.221343 0.023760 0.023760
0.681593 0.721609 0.496563 0.558153 0.925457 0.265129 0.728994 0.062876 0.439726 0.824967 0.000540 12.750045 0.000540
0.061832 0.494188 0.225050 0.505736 0.131289 0.722654 0.457334 0.487130 0.447310 0.337538 12.221343 0.023760 0.023760
0.592876 0.250461 0.345815 0.310601 0.300326 0.915494 0.665947 0.797602 0.212088 0.931968 10.705066 0.139657 0.139657
0.059674 0.165711 0.295166 0.231037 0.068406 0.270165 0.945464 0.635931 0.145716 0.720492 12.221343 0.023760 0.023760
0.661271 0.891951 0.653379 0.179006 0.369273 0.099862 0.907998 0.448206 0.912545 0.674812 0.003584 10.648999 0.003584
0.189189 0.012871 0.762678 0.374637 0.643052 0.272789 0.138884 0.321330 0.304156 0.842884 12.221343 0.023760 0.023760
0.937949 0.350256 0.133540 0.372066 0.484102 0.161846 0.874853 0.234504 0.880721 0.312335 0.000540 0.139657 0.000540
0.515799 0.135098 0.518324 0.888966 0.982323 0.181157 0.214016 0.700902 0.826203 0.567433 10.705066 0.139657 0.139657
0.791183 0.905365 0.948097 0.531516 0.307971 0.711114 0.256320 0.513336 0.694589 0.369804 0.003584 10.648999 0.003584
0.409543 0.641875 0.476914 0.962570 0.906377 0.497478 0.165766 0.450749 0.877195 0.205001 0.000540 12.750045 0.000540
0.985870 0.425264 0.669844 0.490913 0.619792 0.335218 0.620709 0.742078 0.816717 0.557544 0.003584 10.648999 0.003584
0.289159 0.342110 0.958207 0.951847 0.521366 0.748701 0.455975 0.709169 0.940836 0.076321 0.003584 0.023760 0.003584
0.306826 0.876210 0.642399 0.006357 0.589256 0.834213 0.301904 0.479060 0.785458 0.478537 30.367742 5.328021 5.328021
0.503826 0.305486 0.077169 0.897062 0.548106 0.193287 0.380630 0.152111 0.940164 0.324645 0.018887 0.139657 0.018887
0.568201 0.252698 0.242110 0.109003 0.917701 0.840005 0.073729 0.642259 0.747666 0.612398 10.705066 0.139657 0.139657
0.111221 0.503968 0.257334 0.102117 0.656397 0.489425 0.979446 0.519277 0.309468 0.238162 12.221343 25.586318 12.221343
0.860789 0.419485 0.911890 0.162576 0.730730 0.623309 0.745013 0.605145 0.052477 0.805319 0.003584 10.648999 0.003584
0.948687 0.948839 0.041739 0.572664 0.886233 0.336498 0.195339 0.900421 0.986483 0.066559 0.000540 7.404990 0.000540
0.453919 0.502538 0.210520 0.627633 0.474856 0.427719 0.625952 0.309765 0.047043 0.009605 0.000540 12.750045 0.000540
0.743065 0.597295 0.931082 0.447730 0.750516 0.520275 0.331782 0.616566 0.956947 0.235107 0.003584 10.648999 0.003584
0.382407 0.419902 0.865248 0.204211 0.348483 0.049012 0.252309 0.684225 0.477348 0.853819 0.003584 0.023760 0.003584
0.245901 0.994414 0.930489 0.577165 0.436484 0.086738 0.280444 0.493886 0.667650 0.623771 24.014811 25.586318 24.014811
0.051554 0.041471 0.004892 0.334794 0.153771 0.156846 0.436409 0.481206 0.841728 0.813863 23.173044 8.013704 8.013704
0.689190 0.523265 0.590371 0.696212 0.759987 0.544886 0.427615 0.307491 0.072116 0.013634 0.003584 12.750045 0.003584
0.614610 0.281822 0.483323 0.961692 0.194507 0.456689 0.186570 0.265874 0.955547 0.089460 0.000279 0.000137 0.000137
0.205477 0.841292 0.675035 0.728803 0.093315 0.969294 0.842969 0.917196 0.807718 0.192384 24.014811 25.586318 24.014811
0.923490 0.696655 0.640803 0.919697 0.442893 0.480047 0.783497 0.385194 0.329564 0.340159 0.003584 12.750045 0.003584
0.942852 0.458864 0.092141 0.879429 0.260383 0.876891 0.135432 0.244430 0.404213 0.470586 0.000540 12.750045 0.000540
0.282442 0.829150 0.163595 0.416635 0.924955 0.214111 0.844233 0.503297 0.728419 0.562677 0.000149 13.062602 0.000149
0.731324 0.979849 0.571140 0.050715 0.575893 0.515751 0.143316 0.924765 0.225246 0.764174 30.367742 10.648999 10.648999
0.268355 0.001649 0.903375 0.003929 0.927928 0.601147 0.649674 0.522434 0.522093 0.566654 12.221343 37.778086 12.221343
0.795191 0.634430 0.563073 0.588834 0.076506 0.578116 0.608010 0.427232 0.438950 0.760513 0.003584 12.750045 0.003584
0.559911 0.554054 0.497029 0.978381 0.705216 0.341838 0.187509 0.214512 0.556484 0.869541 0.000540 12.750045 0.000540
0.793436 0.423964 0.089126 0.811113 0.296360 0.654279 0.024804 0.252151 0.678802 0.497095 0.000540 27.213718 0.000540
0.505443 0.962598 0.112121 0.791919 0.879548 0.528788 0.117019 0.434414 0.481229 0.466982 0.000540 12.750045 0.000540
0.126148 0.783640 0.364682 0.690033 0.570578 0.622092 0.026003 0.281821 0.638688 0.210810 0.000149 25.586318 0.000149
0.181910 0.227432 0.049901 0.148200 0.127799 0.157569 0.261409 0.554479 0.006759 0.803156 23.173044 8.013704 8.013704
0.936372 0.705929 0.849944 0.319551 0.094212 0.922234 0.744579 0.802514 0.553774 0.706061 0.003584 10.648999 0.003584
0.012720 0.441847 0.082639 0.459446 0.309740 0.672373 0.473549 0.897984 0.491647 0.148542 12.221343 0.023760 0.023760
0.255542 0.442018 0.544855 0.632844 0.763019 0.771993 0.735164 0.832211 0.654102 0.904081 12.221343 0.023760 0.023760
0.637204 0.361646 0.000515 0.001956 0.470053 0.073429 0.096006 0.962189 0.339382 0.482701 0.000540 8.420469 0.000540
0.977595 0.967812 0.955462 0.993029 0.265669 0.180661 0.370896 0.827994 0.121900 0.320798 0.003584 12.750045 0.003584
0.785920 0.681965 0.343784 0.808166 0.400795 0.418578 0.538302 0.265683 0.575761 0.848523 0.000540 12.750045 0.000540
0.785823 0.283125 0.937177 0.138214 0.695935 0.196531 0.330475 0.742019 0.810630 0.238276 10.705066 0.139657 0.139657
0.836596 0.905935 0.859612 0.220665 0.792834 0.191240 0.023181 0.276018 0.361785 0.528844 0.003584 10.648999 0.003584
0.110067 0.081339 0.447786 0.373717 0.013987 0.154763 0.915522 0.384081 0.188707 0.672594 12.221343 0.023760 0.023760
0.109946 0.055919 0.307715 0.701250 0.071093 0.430555 0.795294 0.945291 0.342375 0.835445 12.221343 0.023760 0.023760
0.999520 0.869490 0.529005 0.666187 0.797330 0.507428 0.490491 0.703458 0.826246 0.697116 0.003584 12.750045 0.003584
0.106515 0.936953 0.437591 0.081487 0.002365 0.135077 0.494602 0.527192 0.307240 0.056950 0.045424 5.328021 0.045424
0.297617 0.519088 0.843562 0.833334 0.294883 0.632923 0.760825 0.850258 0.992887 0.088202 0.003584 25.586318 0.003584
0.529727 0.664839 0.938966 0.229398 0.647678 0.959053 0.196523 0.922052 0.103659 0.521030 0.003584 10.648999 0.003584
0.880877 0.906904 0.111968 0.691299 0.358391 0.337076 0.557937 0.465678 0.438921 0.268285 0.000540 12.750045 0.000540
0.442855 0.856490 0.273634 0.488501 0.578572 0.822846 0.870640 0.212374 0.206636 0.503730 0.000540 10.648999 0.000540
0.768883 0.519061 0.791572 0.479971 0.738292 0.281660 0.562124 0.688831 0.015397 0.421907 0.003584 10.648999 0.003584
0.340532 0.828307 0.882443 0.880958 0.567335 0.135571 0.861773 0.584340 0.787568 0.777465 0.003584 25.586318 0.003584
0.630390 0.972150 0.829218 0.640434 0.240742 0.727104 0.249918 0.880847 0.775916 0.529908 0.003584 12.750045 0.003584
0.844407 0.014792 0.822203 0.399983 0.010555 0.985585 0.924460 0.416752 0.820261 0.402413 10.705066 0.139657 0.139657
0.982314 0.645376 0.145206 0.589923 0.577727 0.128080 0.106974 0.585947 0.685046 0.319424 0.000540 12.750045 0.000540
0.665796 0.647679 0.560000 0.788211 0.894323 0.691441 0.125809 0.236059 0.867378 0.791036 0.003584 12.750045 0.003584
0.689498 0.869793 0.191511 0.821495 0.700058 0.048529 0.500818 0.146979 0.318884 0.055965 0.000540 12.750045 0.000540
0.854643 0.209306 0.285454 0.912711 0.100547 0.971107 0.174116 0.350878 0.515842 0.250564 10.705066 0.139657 0.139657
0.380962 0.716105 0.824179 0.215348 0.018642 0.935223 0.218105 0.178813 0.577605 0.164135 0.003584 25.586318 0.003584
0.661455 0.389881 0.429476 0.031889 0.655081 0.673131 0.900182 0.616058 0.661083 0.826170 0.000540 10.648999 0.000540
0.616489 0.374517 0.177654 0.020568 0.736268 0.265583 0.592969 0.596660 0.837356 0.803669 0.000540 0.139657 0.000540
0.661641 0.965262 0.491682 0.293262 0.802284 0.286972 0.668500 0.463569 0.607536 0.749839 0.000540 10.648999 0.000540
0.232119 0.212081 0.705109 0.010168 0.834831 0.382464 0.721772 0.661739 0.053706 0.723419 12.221343 37.778086 12.221343
0.310288 0.457304 0.004272 0.921802 0.093592 0.770132 0.401622 0.404796 0.601382 0.519728 0.000540 8.013704 0.000540
0.694767 0.562757 0.138246 0.356514 0.669757 0.700359 0.789518 0.902397 0.327143 0.224826 0.000540 10.648999 0.000540
0.944728 0.143969 0.192657 0.345707 0.968233 0.817841 0.583760 0.354487 0.302374 0.482551 10.705066 0.139657 0.139657
0.552001 0.815092 0.426523 0.107324 0.524943 0.553568 0.703281 0.199807 0.539203 0.752777 0.000540 10.648999 0.000540
0.537059 0.778916 0.127562 0.347519 0.761233 0.111015 0.509570 0.804771 0.707307 0.523989 0.000540 10.648999 0.000540
0.649660 0.356428 0.549829 0.929831 0.648033 0.817058 0.632694 0.785310 0.807855 0.523446 0.003584 0.000137 0.000137
0.190591 0.655272 0.434288 0.256605 0.982727 0.818434 0.294386 0.860021 0.581634 0.933940 12.221343 25.586318 12.221343
0.050884 0.644186 0.037867 0.021523 0.282278 0.716897 0.188840 0.825853 0.015374 0.017102 23.173044 13.062602 13.062602
0.000649 0.035716 0.440009 0.304089 0.163543 0.928516 0.443995 0.142879 0.210937 0.886898 12.221343 0.023760 0.023760
0.404404 0.800346 0.518434 0.204018 0.340179 0.248926 0.870362 0.817345 0.126924 0.107314 0.003584 10.648999 0.003584
0.519893 0.591909 0.452773 0.937806 0.448164 0.777914 0.012114 0.474317 0.399432 0.083512 0.000540 12.750045 0.000540
0.886691 0.304480 0.221909 0.253173 0.305756 0.057561 0.693027 0.598860 0.665228 0.567278 10.705066 0.139657 0.139657
0.647807 0.220715 0.747386 0.416432 0.658549 0.180400 0.072614 0.516618 0.055575 0.551176 10.705066 0.139657 0.139657
0.582193 0.930881 0.277183 0.283947 0.190771 0.593164 0.629100 0.895273 0.689279 0.677317 0.000540 10.648999 0.000540
0.740899 0.602755 0.460191 0.592805 0.677165 0.103237 0.059187 0.761039 0.832435 0.761550 0.000540 12.750045 0.000540
0.882802 0.831451 0.272478 0.297156 0.820125 0.313104 0.483393 0.715334 0.945673 0.847093 0.000540 10.648999 0.000540
0.254477 0.746834 0.816434 0.583218 0.165079 0.166351 0.229178 0.303722 0.764594 0.573281 12.221343 25.586318 12.221343
0.483872 0.107635 0.471590 0.215141 0.559315 0.186619 0.681444 0.567685 0.543605 0.948592 10.705066 0.139657 0.139657
0.461332 0.215671 0.985474 0.273690 0.475747 0.531300 0.342553 0.850772 0.396925 0.364301 10.705066 0.139657 0.139657
0.417330 0.623710 0.929990 0.877940 0.566629 0.511430 0.884866 0.495452 0.859873 0.680692 0.003584 12.750045 0.003584
0.282983 0.459675 0.384574 0.451187 0.816455 0.628108 0.905682 0.675198 0.247028 0.061668 12.221343 0.023760 0.023760
0.536950 0.111206 0.789495 0.197482 0.175065 0.471090 0.856649 0.512025 0.171041 0.870078 10.705066 0.139657 0.139657
0.818395 0.329458 0.616449 0.516704 0.565027 0.217534 0.578925 0.980375 0.871505 0.104579 0.003584 0.139657 0.003584
0.677250 0.785264 0.923339 0.244139 0.752214 0.495863 0.271481 0.299374 0.633510 0.049880 0.003584 10.648999 0.003584
0.961167 0.212851 0.470296 0.326221 0.240990 0.846980 0.060539 0.554174 0.660960 0.488796 10.705066 0.139657 0.139657
0.114919 0.325764 0.986858 0.812581 0.114772 0.421434 0.461202 0.828564 0.485677 0.103601 12.221343 0.023760 0.023760
0.556781 0.841104 0.481859 0.861688 0.048306 0.633420 0.025831 0.921525 0.062519 0.316687 0.000540 12.750045 0.000540
0.492077 0.937280 0.567224 0.920109 0.090443 0.423474 0.211500 0.281485 0.348548 0.119363 0.003584 12.750045 0.003584
0.874991 0.016470 0.278490 0.217049 0.768339 0.789884 0.696240 0.611823 0.648225 0.410453 10.705066 0.139657 0.139657
0.645738 0.619049 0.378950 0.478967 0.599419 0.208732 0.297216 0.302817 0.041537 0.378583 0.000540 10.648999 0.000540
0.390834 0.505543 0.872073 0.108005 0.008113 0.771016 0.434427 0.014004 0.925310 0.751213 0.003584 25.586318 0.003584
0.557222 0.898196 0.846328 0.700109 0.421594 0.195572 0.771360 0.180524 0.193258 0.697705 0.003584 12.750045 0.003584
0.143807 0.022555 0.467174 0.816314 0.692966 0.783236 0.650762 0.187271 0.367830 0.982868 12.221343 0.023760 0.023760
0.272941 0.607044 0.184385 0.639363 0.966333 0.929537 0.270189 0.432169 0.775668 0.861717 12.221343 25.586318 12.221343
0.136797 0.681375 0.257585 0.900566 0.160046 0.829546 0.139818 0.967682 0.600388 0.020268 12.221343 25.586318 12.221343
0.207948 0.290138 0.780459 0.520789 0.048442 0.424199 0.093704 0.143587 0.815413 0.391252 12.221343 0.023760 0.023760
0.118057 0.224866 0.156579 0.056347 0.412211 0.638003 0.889553 0.322426 0.928843 0.372359 12.221343 37.778086 12.221343
0.313956 0.471535 0.078693 0.836460 0.806576 0.503440 0.069554 0.072202 0.758385 0.495043 0.000540 0.023760 0.000540
0.777445 0.706484 0.964882 0.042934 0.156490 0.117769 0.259298 0.597696 0.937903 0.208606 30.367742 10.648999 10.648999
0.392731 0.345289 0.474926 0.466138 0.161237 0.406706 0.056231 0.918951 0.649524 0.807084 0.000540 0.023760 0.000540
0.692958 0.658249 0.541833 0.848451 0.315059 0.865262 0.254607 0.220769 0.567049 0.126780 0.003584 12.750045 0.003584
0.312048 0.847376 0.714119 0.964258 0.020979 0.999811 0.125860 0.440610 0.677145 0.706970 0.003584 25.586318 0.003584
0.348187 0.176021 0.698694 0.280929 0.778022 0.233497 0.068561 0.662959 0.294042 0.582807 10.705066 0.023760 0.023760
0.687933 0.675099 0.569973 0.838584 0.702720 0.346181 0.566994 0.365590 0.136800 0.242368 0.003584 12.750045 0.003584
0.951007 0.441549 0.268491 0.714698 0.498038 0.941408 0.783606 0.398047 0.799623 0.328251 0.000540 12.750045 0.000540
0.577391 0.608334 0.057225 0.745316 0.201740 0.543878 0.584760 0.239851 0.052073 0.835612 0.000540 27.213718 0.000540
0.830748 0.375101 0.109137 0.858496 0.355821 0.064869 0.852385 0.321087 0.983218 0.035082 0.000540 0.139657 0.000540
0.790621 0.780844 0.711174 0.590786 0.628826 0.517301 0.435303 0.133727 0.235283 0.895302 0.003584 12.750045 0.003584
0.350655 0.956591 0.477724 0.643106 0.724623 0.229767 0.478951 0.553367 0.307754 0.946515 0.000540 25.586318 0.000540
0.753197 0.912131 0.123031 0.034761 0.226622 0.543353 0.523466 0.812049 0.981376 0.233535 0.000540 10.648999 0.000540
0.839882 0.888332 0.391638 0.712908 0.045118 0.756801 0.070360 0.862111 0.080200 0.392752 0.000540 12.750045 0.000540
0.432310 0.642545 0.493150 0.454170 0.607258 0.055813 0.959874 0.314394 0.072233 0.633584 0.000540 10.648999 0.000540
0.241911 0.578731 0.574426 0.498521 0.943161 0.828879 0.992198 0.105909 0.368656 0.352037 12.221343 25.586318 12.221343
0.472495 0.198979 0.182744 0.218841 0.865093 0.641178 0.747351 0.141499 0.750134 0.166525 10.705066 0.139657 0.139657
0.762473 0.313085 0.510172 0.065472 0.119299 0.708797 0.086898 0.106267 0.315375 0.557992 10.705066 0.139657 0.139657
0.551664 0.369459 0.436036 0.986736 0.610116 0.727462 0.945435 0.428661 0.253271 0.718499 0.000540 0.000137 0.000137
0.189807 0.451319 0.813542 0.801599 0.801200 0.300817 0.694611 0.665926 0.130378 0.489555 12.221343 0.023760 0.023760
0.916352 0.155323 0.706489 0.802354 0.368159 0.951752 0.744556 0.753309 0.908061 0.012633 10.705066 0.139657 0.139657
0.787023 0.858970 0.039583 0.330802 0.301444 0.850901 0.872949 0.963343 0.599307 0.203371 0.000540 7.404990 0.000540
0.112848 0.353364 0.065734 0.643336 0.628647 0.654389 0.213617 0.992982 0.831659 0.779487 12.221343 8.013704 8.013704
0.088458 0.146039 0.009420 0.007082 0.020185 0.484495 0.444412 0.454834 0.095443 0.660774 23.173044 8.013704 8.013704
0.178295 0.141925 0.533060 0.604605 0.098001 0.810047 0.905412 0.290331 0.715938 0.941835 12.221343 0.023760 0.023760
0.394694 0.995674 0.370790 0.780537 0.227334 0.124271 0.423476 0.922791 0.014080 0.948001 0.000540 25.586318 0.000540
0.246674 0.502987 0.098870 0.862040 0.922483 0.936578 0.374101 0.274155 0.863708 0.547373 12.221343 0.000121 0.000121
0.572810 0.095830 0.882752 0.214102 0.438409 0.058162 0.358140 0.987122 0.670472 0.439217 10.705066 0.139657 0.139657
0.211533 0.242604 0.119009 0.848452 0.399456 0.643288 0.329846 0.208416 0.051744 0.602226 12.221343 0.023760 0.023760
0.477541 0.555014 0.842970 0.850497 0.149544 0.826508 0.549046 0.801474 0.514675 0.411739 0.003584 12.750045 0.003584
0.135045 0.050029 0.687318 0.785762 0.097981 0.289372 0.461841 0.622302 0.303704 0.765350 12.221343 0.023760 0.023760
0.631761 0.906665 0.192528 0.794353 0.573746 0.178288 0.884838 0.455905 0.211161 0.235350 0.000540 12.750045 0.000540
0.668001 0.758813 0.416263 0.604783 0.617460 0.540789 0.354805 0.739462 0.296631 0.950517 0.000540 12.750045 0.000540
0.752834 0.498558 0.565173 0.342929 0.402796 0.503853 0.673862 0.911591 0.901193 0.485648 0.003584 10.648999 0.003584
0.125932 0.956227 0.523723 0.585438 0.111489 0.990865 0.532405 0.912295 0.329287 0.006496 24.014811 25.586318 24.014811
0.020973 0.765728 0.591927 0.842436 0.893539 0.684709 0.564172 0.427945 0.962981 0.707579 24.014811 25.586318 24.014811
0.285293 0.270622 0.242810 0.052254 0.661064 0.668073 0.420190 0.775354 0.909360 0.498761 12.221343 37.778086 12.221343
0.858852 0.393973 0.453042 0.527526 0.632476 0.854323 0.827657 0.593357 0.917177 0.432931 0.000540 10.648999 0.000540
0.379438 0.931162 0.699586 0.532761 0.629390 0.129318 0.559500 0.438281 0.950608 0.907190 0.003584 25.586318 0.003584
0.820957 0.130252 0.911844 0.205462 0.272444 0.222209 0.724283 0.244022 0.523499 0.052269 10.705066 0.139657 0.139657
0.418702 0.546459 0.000392 0.908936 0.939607 0.584852 0.134411 0.010786 0.029876 0.604737 0.000540 27.213718 0.000540
0.584342 0.238435 0.685381 0.462470 0.300301 0.966160 0.937656 0.307088 0.531867 0.102198 10.705066 0.139657 0.139657
0.041794 0.522144 0.255767 0.322844 0.799564 0.388922 0.271925 0.146061 0.442265 0.449373 12.221343 25.586318 12.221343
0.811098 0.051057 0.774302 0.741753 0.476832 0.441300 0.625880 0.802855 0.966700 0.745220 10.705066 0.139657 0.139657
0.917454 0.291006 0.313990 0.179434 0.922001 0.480388 0.025522 0.655244 0.640204 0.148034 10.705066 0.139657 0.139657
0.512735 0.361172 0.550049 0.663903 0.108954 0.828516 0.207831 0.764246 0.008174 0.722211 0.003584 0.139657 0.003584
0.623025 0.944824 0.745799 0.620447 0.540363 0.974237 0.028947 0.213031 0.445547 0.265205 0.003584 12.750045 0.003584
