# gen=200 mediating population
# x0..x(D-1) f0 f1 consensus
0.515516 0.415787 1.000000 0.132437 0.310463 1.000000 0.269483 0.794476 0.395144 0.091969 49.379224 50.965626 49.379224
0.517909 0.138687 0.951015 0.053253 1.000000 1.000000 0.570125 1.000000 0.365047 1.000000 49.379224 50.965626 49.379224
0.504860 0.442036 0.624693 0.000000 0.787570 0.571433 0.541740 0.000000 0.138742 0.000000 49.379224 50.965626 49.379224
0.514357 0.073141 0.555070 0.231696 0.716650 0.454628 0.212101 0.437387 0.545552 0.715303 49.379224 50.983043 49.379224
0.515436 0.343940 1.000000 0.221845 0.241038 0.408678 0.431375 0.233303 1.000000 1.000000 49.379224 50.965626 49.379224
0.515985 0.080579 0.837367 0.176545 0.519082 0.442325 0.326262 0.545478 0.228546 0.651873 49.379224 50.965626 49.379224
0.524149 0.240791 1.000000 0.156827 0.397563 0.678387 0.805101 0.287945 0.369858 0.292423 49.379224 50.965626 49.379224
0.507093 0.440776 0.909551 0.237807 0.337814 0.088188 0.929603 0.627880 0.000000 0.236548 49.379224 50.965626 49.379224
0.535313 0.381789 0.451842 0.184668 0.000000 0.000000 0.640984 0.420261 1.000000 0.095704 49.379224 50.965626 49.379224
0.131396 0.343454 0.535645 0.505458 0.746350 0.097021 0.573649 0.893413 0.129369 0.860888 49.379224 50.788621 49.379224
0.522756 0.084900 0.568517 0.000000 0.130537 0.436138 0.851870 0.321938 0.691875 0.387514 49.379224 50.965626 49.379224
0.515656 0.253809 0.789899 0.354291 1.000000 0.303581 0.575391 0.092438 0.946459 1.000000 49.379224 50.965626 49.379224
0.509329 0.139261 0.818117 0.265991 0.673342 0.407809 0.000000 0.380659 0.005493 0.519281 49.379224 50.965626 49.379224
0.511511 0.150887 0.613455 0.000000 0.251821 1.000000 0.434529 0.565255 0.895016 0.077035 49.379224 50.965626 49.379224
0.510928 0.113827 0.548275 0.124292 0.256043 0.461161 0.000000 1.000000 0.197572 0.128448 49.379224 50.965626 49.379224
0.513232 0.431101 0.956217 0.313229 0.280554 0.583618 0.575919 0.817185 0.000000 0.555242 49.379224 50.965626 49.379224
0.521278 0.040269 0.900177 0.309007 1.000000 0.565740 0.000000 0.000000 0.472235 0.353553 49.379224 50.965626 49.379224
0.505059 0.306811 0.647004 0.000000 0.305567 0.353741 0.000000 0.744422 0.003607 0.091893 49.379224 50.965626 49.379224
0.508215 0.000000 1.000000 0.020938 1.000000 0.993145 0.000000 0.047336 0.041478 0.000000 49.379224 50.965626 49.379224
0.503650 0.000000 0.462006 0.383093 0.561602 0.957826 0.340858 0.495703 0.000000 0.659767 49.379224 50.965626 49.379224
0.509730 0.046224 0.999550 0.000000 0.905143 0.849513 0.000000 0.388225 0.130028 0.000000 49.379224 50.965626 49.379224
0.512885 0.433668 0.847283 0.091243 1.000000 0.526060 0.011218 0.723802 0.006772 0.787671 49.379224 50.965626 49.379224
0.507942 0.080656 0.611243 0.167373 0.917756 0.113416 0.000000 0.303149 1.000000 1.000000 49.379224 50.965626 49.379224
0.519172 0.377840 0.498337 0.415947 0.795546 0.663560 0.689593 0.266187 0.420180 0.608147 49.379224 50.965626 49.379224
0.502977 0.327672 0.843508 0.165454 0.082620 1.000000 0.466963 0.139257 1.000000 0.165630 49.379224 50.965626 49.379224
0.514959 0.051124 0.983014 0.000000 1.000000 0.907787 0.000000 0.297877 0.000000 0.345020 49.379224 50.965626 49.379224
0.512847 0.125867 0.661321 0.409009 0.875754 1.000000 0.276110 0.265641 0.925417 0.412607 49.379224 50.965626 49.379224
0.505714 0.111593 0.644006 0.000000 0.874148 0.499189 0.106889 0.075791 0.685860 0.724989 49.379224 50.965626 49.379224
0.527130 0.218020 0.573129 0.000000 0.971211 0.198305 0.323523 0.675812 0.077252 0.000000 49.379224 50.965626 49.379224
0.509546 0.000000 0.470281 0.095681 1.000000 0.827612 0.000000 0.932040 0.325737 0.067587 49.379224 50.965626 49.379224
0.509897 0.245485 0.658457 0.320207 0.318967 0.272446 0.676533 0.668200 0.544004 0.670599 49.379224 50.965626 49.379224
0.526032 0.405145 0.482163 0.237807 0.309384 0.562094 0.000000 1.000000 0.000000 0.000000 49.379224 50.965626 49.379224
0.508539 0.311697 0.906772 0.192837 0.386386 0.712229 0.871344 0.000000 0.840419 0.388205 49.379224 50.965626 49.379224
0.516820 0.087626 0.834499 0.313683 0.933758 0.849293 0.456988 0.789870 0.000000 0.655562 49.379224 50.965626 49.379224
0.517781 0.068394 0.791441 0.213548 0.484394 0.491774 0.442874 0.346628 0.000000 0.583062 49.379224 50.978494 49.379224
0.507984 0.007085 1.000000 0.157230 0.810567 0.688098 0.000000 0.000000 0.000000 0.211728 49.379224 50.965626 49.379224
0.534062 0.362019 0.550965 0.218986 0.645762 0.245480 0.000000 0.440396 0.383049 0.918848 49.379224 50.965626 49.379224
0.511515 0.432421 1.000000 0.313229 0.426672 0.987242 0.724791 0.843266 0.044130 0.799071 49.379224 50.965626 49.379224
0.521150 0.000000 1.000000 0.000000 0.661362 1.000000 0.000000 0.840548 0.269639 0.631343 49.379224 50.965626 49.379224
0.517169 0.381528 0.402606 0.357100 0.675820 0.522269 0.475164 0.664966 0.340448 0.650972 49.379224 50.965626 49.379224
0.532517 0.424264 0.475413 0.203993 0.000000 0.065838 0.820152 0.791590 0.845890 0.139823 49.379224 50.965626 49.379224
0.511153 0.433939 0.781095 0.283996 0.122158 0.330504 0.640573 0.704772 0.503598 0.178745 49.379224 50.965626 49.379224
0.525920 0.377978 0.725630 0.248128 0.716014 0.330504 1.000000 0.200065 0.911598 0.335098 49.379224 50.965626 49.379224
0.519625 0.200038 0.676684 0.000000 0.000000 0.591741 0.000000 0.926032 0.284952 0.706968 49.379224 50.965626 49.379224
0.507373 0.000000 0.412127 0.078615 0.532599 0.844049 1.000000 0.000000 0.526746 0.456033 49.379224 50.965626 49.379224
0.531613 0.342083 0.913182 0.000000 0.380578 0.354044 0.324283 0.630498 0.337739 0.357890 49.379224 50.965626 49.379224
0.521259 0.208461 0.908781 0.009701 0.589719 0.921928 0.247318 0.534383 0.000000 0.238627 49.379224 50.965626 49.379224
0.504524 0.054135 1.000000 0.001191 0.668863 0.532863 0.208737 0.275967 0.201044 0.067894 49.379224 50.965626 49.379224
0.505208 0.434427 1.000000 0.246700 0.349929 0.545729 0.458091 0.000000 1.000000 0.638299 49.379224 50.965626 49.379224
0.517729 0.374802 0.698823 0.000000 0.435358 1.000000 0.000000 0.152971 0.236396 0.000000 49.379224 50.965626 49.379224
0.522467 0.404062 0.785483 0.156267 0.901815 0.000000 0.377055 0.501754 0.766070 1.000000 49.379224 50.965626 49.379224
0.507710 0.359216 0.650577 0.000000 0.552497 0.311833 0.000000 0.704359 0.000000 0.000000 49.379224 50.965626 49.379224
0.508599 0.272646 0.503429 0.000273 0.113872 0.577446 0.648461 1.000000 0.270010 0.484328 49.379224 50.965626 49.379224
0.506276 0.098552 0.843503 0.320207 0.729979 0.228947 0.656809 0.556426 0.436790 0.416060 49.379224 51.045319 49.379224
0.528119 0.202666 0.650188 0.407695 0.365931 0.139690 0.391112 0.294591 0.527903 0.714392 49.379224 50.965626 49.379224
0.502843 0.126340 0.640686 0.174330 0.100321 0.644714 0.000000 0.641812 0.103174 0.806944 49.379224 50.965626 49.379224
0.520310 0.229663 0.446849 0.317825 0.486636 0.905746 0.259059 0.892716 0.401972 0.534812 49.379224 50.965626 49.379224
0.516020 0.312623 0.551345 0.000000 0.705403 0.792297 0.250590 0.000000 0.551134 0.558285 49.379224 50.965626 49.379224
0.504610 0.183142 1.000000 0.142053 0.456652 1.000000 0.766650 0.396372 0.000000 0.099210 49.379224 50.965626 49.379224
0.380438 0.171224 0.470326 0.307297 0.450985 0.574073 0.419414 0.717214 0.395556 0.690603 49.379224 49.965657 49.379224
0.518449 0.382035 0.727800 0.145550 0.386564 0.447549 0.093466 0.640404 0.367939 0.809080 49.379224 50.965626 49.379224
0.528432 0.103594 1.000000 0.000000 1.000000 0.000000 0.000000 0.405815 0.288927 0.044214 49.379224 50.965626 49.379224
0.526590 0.308148 0.663230 0.162090 0.167853 0.658697 0.354995 0.415202 0.046368 0.000000 49.379224 50.965626 49.379224
0.518596 0.208878 0.426914 0.000000 0.524694 0.683675 0.649765 0.468719 0.149166 0.974333 49.379224 50.965626 49.379224
0.501147 0.000000 0.584287 0.000000 0.127316 1.000000 0.260915 0.000000 0.572227 0.638722 49.379224 50.965626 49.379224
0.516874 0.472227 0.804422 0.097903 0.553959 0.720518 0.719353 0.302199 0.106610 0.395852 49.379224 49.926021 49.379224
0.518440 0.305921 1.000000 0.144243 0.502566 0.867812 0.008423 0.192933 0.149848 0.481862 49.379224 50.965626 49.379224
0.531039 0.436163 0.488087 0.228536 0.382139 0.787671 0.190045 1.000000 0.000000 0.000000 49.379224 50.965626 49.379224
0.517215 0.000000 1.000000 0.110298 0.722441 0.707776 0.256946 0.692934 0.286868 0.659384 49.379224 50.965626 49.379224
0.524946 0.488566 0.831764 0.163233 0.511766 0.802697 0.375843 0.273164 0.334542 0.357489 49.379224 49.926021 49.379224
0.517559 0.115809 0.591259 0.409009 1.000000 0.366119 0.357413 0.000000 0.925643 0.898423 49.379224 50.965626 49.379224
0.527181 0.087874 1.000000 0.056589 0.930736 0.305228 0.283717 1.000000 0.326510 0.715574 49.379224 50.965626 49.379224
0.534268 0.363860 0.550283 0.355962 0.000000 0.402672 0.000000 1.000000 0.069999 0.000004 49.379224 50.965626 49.379224
0.509631 0.000000 0.541406 0.000000 0.686454 0.710774 0.148846 0.407642 0.357839 0.111311 49.379224 50.965626 49.379224
0.508731 0.390957 0.559694 0.169328 0.801337 0.451772 0.637048 0.661520 0.882439 0.434448 49.379224 50.965626 49.379224
0.519105 0.075720 0.783288 0.293947 0.295722 1.000000 0.186995 0.609413 0.067738 0.151524 49.379224 50.965626 49.379224
0.534631 0.400483 0.580934 0.188032 0.896610 0.900915 0.461692 0.161095 1.000000 0.736500 49.379224 50.965626 49.379224
0.505741 0.455533 0.395465 0.078751 0.837446 0.413439 0.035748 0.350143 0.329771 0.000000 49.379224 50.965626 49.379224
0.530937 0.040952 0.499492 0.293225 0.534658 0.254435 0.277992 0.490133 0.324044 0.582381 49.379224 50.965626 49.379224
0.508925 0.460483 1.000000 0.353557 0.102813 0.600202 0.470597 0.422250 0.000000 0.312228 49.379224 50.965626 49.379224
0.531334 0.000000 0.648434 0.371504 0.183358 0.902099 0.170429 0.325934 0.145475 0.626373 49.379224 50.965626 49.379224
0.525802 0.400695 0.541448 0.069654 0.826141 0.484772 1.000000 0.950706 0.485219 0.550772 49.379224 50.965626 49.379224
0.517268 0.063629 0.633983 0.399089 0.510761 0.853502 0.990056 0.543357 1.000000 0.548098 49.382130 50.965626 49.382130
0.512116 0.424264 0.401700 0.199771 0.264293 0.663560 0.258511 0.211806 0.547027 0.820497 49.379224 50.965626 49.379224
0.520207 0.243780 0.460613 0.168534 0.934972 0.163628 0.000000 0.678063 0.692710 0.207434 49.379224 50.965626 49.379224
0.525270 0.405169 0.879493 0.000000 0.866839 0.278821 0.587115 0.488460 0.346573 0.779286 49.379224 50.965626 49.379224
0.534276 0.215845 0.884252 0.000000 0.873308 0.274114 0.126071 0.736023 0.000000 0.282776 49.379224 50.965626 49.379224
0.515404 0.471952 0.745345 0.000000 0.368526 1.000000 0.118851 0.811457 0.000000 0.101702 49.379224 49.926021 49.379224
0.522716 0.134797 0.658260 0.000000 0.319931 1.000000 0.000000 0.666665 0.136920 0.371686 49.379224 50.965626 49.379224
0.530658 0.444659 1.000000 0.345602 1.000000 0.330889 0.917394 0.234579 0.314239 1.000000 49.379224 50.965626 49.379224
0.512385 0.344736 0.974433 0.052707 0.689945 1.000000 0.246881 0.132138 0.176571 0.000000 49.379224 50.965626 49.379224
0.519602 0.178891 0.568817 0.197493 0.299525 0.536790 0.247547 1.000000 0.210028 0.806944 49.379224 50.965626 49.379224
0.506810 0.000000 0.435980 0.236208 0.196626 1.000000 0.311112 0.752436 0.000000 0.000000 49.379224 50.965626 49.379224
0.505933 0.000000 0.515859 0.392448 0.688485 0.571237 0.594519 0.987554 0.281790 0.518651 49.379224 50.965626 49.379224
0.529295 0.312229 0.838899 0.044106 0.000000 0.616526 0.605393 0.662525 0.338533 0.464248 49.379224 50.965626 49.379224
0.506749 0.000000 0.779762 0.000000 0.789986 0.796311 0.170429 0.000000 0.298803 0.479667 49.379224 50.965626 49.379224
0.507106 0.000000 0.744808 0.000000 0.732670 0.246938 0.783090 0.250588 0.750710 0.730867 49.379224 50.965626 49.379224
0.502694 0.261222 1.000000 0.367498 0.729915 0.884284 0.290659 0.000000 0.126519 0.358858 49.379224 50.965626 49.379224
0.508206 0.146391 1.000000 0.394337 0.578276 0.882461 0.246344 0.000000 0.000000 0.169533 49.379224 50.965626 49.379224
0.510245 0.309977 0.574814 0.240931 0.445216 0.646408 0.129453 0.818221 0.254300 0.005480 49.379224 50.965626 49.379224
0.510111 0.464828 0.806691 0.256858 0.639387 0.454005 0.806361 0.679368 0.726337 0.481134 49.379224 49.926021 49.379224
0.525069 0.312229 0.750402 0.102567 0.000000 0.555607 0.612488 0.741493 0.444675 0.685330 49.379224 50.965626 49.379224
0.518950 0.458493 0.934308 0.132946 0.728714 0.815112 0.868244 0.368167 0.443039 0.782064 49.379224 50.965626 49.379224
0.448949 0.062307 0.457512 0.500372 0.424828 0.000000 0.545244 0.447097 0.590421 0.409085 49.379224 50.788621 49.379224
0.521459 0.278944 0.740785 0.278518 0.370928 0.983722 0.042602 1.000000 0.313592 0.453006 49.379224 50.965626 49.379224
0.513985 0.000000 1.000000 0.296635 0.846318 0.448764 0.000000 0.176099 0.047772 0.340695 49.379224 50.965626 49.379224
0.518419 0.295830 0.712798 0.000000 0.706938 0.766459 0.552326 0.318289 0.000000 0.591846 49.379224 50.965626 49.379224
0.504258 0.405160 0.589093 0.362836 0.447164 0.612041 0.894115 0.873125 0.000000 0.906045 49.379224 50.965626 49.379224
0.504247 0.298775 0.783827 0.390996 0.278109 0.003844 0.664488 0.207570 0.018932 0.611260 49.379224 50.965626 49.379224
0.515026 0.142216 0.964442 0.220673 0.766012 0.881513 0.212937 1.000000 0.254738 0.304472 49.379224 50.965626 49.379224
0.523627 0.300507 0.666742 0.000000 0.000000 0.535875 0.821357 1.000000 0.771330 0.444765 49.379224 50.965626 49.379224
0.525069 0.239372 0.826677 0.045876 0.000000 0.562752 0.532132 0.620027 0.226468 0.722850 49.379224 50.965626 49.379224
0.526620 0.113425 0.799756 0.209922 0.655049 0.639525 0.250399 0.302292 0.027558 0.720972 49.379224 50.965626 49.379224
0.501748 0.130025 0.713360 0.335668 1.000000 0.317546 0.000000 0.000000 0.966942 1.000000 49.379224 50.965626 49.379224
0.516221 0.465589 0.806000 0.276698 0.000000 0.597568 0.401804 0.644104 0.232896 0.143694 49.379224 49.926021 49.379224
0.508198 0.444380 0.755571 0.000000 0.695809 0.358628 0.000000 0.800401 0.000000 0.040526 49.379224 50.965626 49.379224
0.526253 0.344620 0.787261 0.000000 0.000000 0.807249 0.457276 0.618945 0.193275 0.487658 49.379224 50.965626 49.379224
0.508022 0.497272 0.935193 0.088379 0.000000 0.946123 0.299224 0.065537 0.017812 0.220222 49.379224 49.926021 49.379224
0.516943 0.147105 1.000000 0.000000 1.000000 0.000000 0.398160 0.020815 0.213348 0.720669 49.379224 50.965626 49.379224
0.517453 0.003943 0.976786 0.152027 1.000000 0.443356 0.395880 0.350774 0.661447 0.313751 49.379224 50.965626 49.379224
0.529665 0.000000 0.782940 0.400831 0.883929 0.536305 0.000000 0.000000 0.263954 0.693343 49.379224 50.965626 49.379224
0.509172 0.228994 0.567037 0.000000 0.276203 0.607810 0.487158 1.000000 0.148714 0.002701 49.379224 50.965626 49.379224
0.504451 0.176398 1.000000 0.325313 0.608061 1.000000 0.398286 1.000000 0.202231 0.168521 49.379224 50.965626 49.379224
0.530640 0.103166 0.542581 0.000000 0.000000 0.469472 0.307412 0.685617 0.033308 0.223706 49.379224 50.965626 49.379224
0.506122 0.234578 1.000000 0.168847 0.229520 0.918296 0.394442 0.000000 1.000000 0.000000 49.379224 50.965626 49.379224
0.514757 0.090066 0.625250 0.423274 0.243084 0.686886 0.759972 0.000000 0.309741 0.228017 49.379224 50.965626 49.379224
0.519056 0.449114 0.572515 0.000000 1.000000 0.300986 0.086147 0.239144 0.329771 0.000000 49.379224 50.965626 49.379224
0.512479 0.414104 0.559834 0.087915 0.279012 0.980830 0.478623 0.505167 0.756667 0.165630 49.379224 50.965626 49.379224
0.512484 0.362162 0.861059 0.175055 0.267329 0.627119 0.693369 0.584546 0.698022 0.246272 49.379224 50.965626 49.379224
0.305318 0.013512 0.457741 0.497471 1.000000 0.273414 0.334645 0.726407 0.000000 0.859142 49.379224 50.788621 49.379224
0.506719 0.119352 0.699790 0.287208 0.963319 0.442015 0.357413 0.000000 0.793666 0.657616 49.379224 50.965626 49.379224
0.509095 0.294341 0.472062 0.342079 0.538636 0.271229 0.935508 0.796106 0.537462 0.816991 49.379224 50.965626 49.379224
0.517711 0.108667 0.748157 0.000000 0.238845 0.906410 0.265986 0.382710 0.000000 0.303750 49.379224 50.965626 49.379224
0.528410 0.230367 0.773754 0.209469 0.000000 0.725898 0.432224 0.747415 0.139997 0.786927 49.379224 50.965626 49.379224
0.508169 0.288159 1.000000 0.064947 0.000000 0.392450 0.354721 0.882851 0.798908 0.839643 49.379224 50.965626 49.379224
0.507954 0.353443 0.819535 0.259178 0.217782 1.000000 0.485656 0.134286 0.332788 0.063526 49.379224 50.965626 49.379224
0.508455 0.407885 0.984486 0.366329 0.303062 0.198287 0.696923 0.604584 0.000000 0.333806 49.379224 50.965626 49.379224
0.525473 0.000000 0.917506 0.307277 0.793378 0.388347 0.269830 1.000000 0.331509 1.000000 49.379224 50.965626 49.379224
0.501970 0.304999 0.576391 0.011016 0.439985 0.489396 0.000000 0.219815 0.000000 0.000000 49.379224 50.965626 49.379224
0.534750 0.175749 0.836593 0.115477 0.458074 0.735861 0.198204 0.433768 0.135477 0.057521 49.379224 50.965626 49.379224
0.502293 0.233604 0.975426 0.348728 0.363053 0.376259 0.394697 0.336064 0.000000 0.932262 49.379224 50.965626 49.379224
0.504494 0.000000 0.692499 0.213548 0.294105 0.515347 0.828679 0.281768 1.000000 0.460633 49.379267 50.965626 49.379267
0.515289 0.446750 0.478190 0.048083 0.855962 0.570420 0.380090 0.887042 0.180123 0.030683 49.379224 50.965626 49.379224
0.508799 0.410058 0.908149 0.320707 0.280554 0.644626 0.691314 0.676248 0.000000 0.500679 49.379224 50.965626 49.379224
0.501087 0.491723 0.592030 0.000000 0.053281 0.378478 0.420787 0.719815 0.120421 0.000000 49.379224 49.926021 49.379224
0.516045 0.077663 0.689532 0.385015 0.612678 0.640539 0.950517 0.432030 0.995792 0.612418 49.379947 50.965626 49.379947
0.530580 0.171042 0.715298 0.000000 0.000000 0.401192 0.760494 0.500778 0.123514 0.113030 49.379224 50.965626 49.379224
0.524815 0.405975 1.000000 0.249528 0.466791 0.958244 0.292267 0.329643 0.371850 0.494384 49.379224 50.965626 49.379224
0.519511 0.413716 0.931454 0.209281 0.226592 0.697937 0.841574 1.000000 0.713077 0.000000 49.379224 50.965626 49.379224
0.535203 0.447559 0.959703 0.302148 0.094689 0.921285 0.709989 0.606471 0.092735 0.000000 49.379224 50.965626 49.379224
0.519311 0.454714 0.786041 0.177626 1.000000 0.707800 1.000000 0.561965 0.914984 0.519484 49.379224 50.965626 49.379224
0.503573 0.390149 0.638478 0.418107 0.767673 0.460258 0.770807 0.623907 0.009280 0.663844 49.379224 50.965626 49.379224
0.521112 0.317858 0.680007 0.226230 0.107554 1.000000 0.307649 0.127258 0.000000 0.085510 49.379224 50.965626 49.379224
0.526434 0.230386 0.589122 0.177126 0.194413 0.605997 0.790449 0.604399 0.000000 0.024146 49.379224 50.965626 49.379224
0.502153 0.329488 1.000000 0.101323 0.301434 0.875574 0.000000 0.298539 0.000000 0.680933 49.379224 50.965626 49.379224
0.530228 0.365291 0.588156 0.148277 0.740841 0.577546 0.991785 0.853395 0.882843 0.410638 49.379224 50.965626 49.379224
0.521951 0.374972 0.649361 0.184973 0.714994 0.533722 1.000000 0.503202 0.000000 0.786918 49.379224 50.965626 49.379224
0.517402 0.193012 0.512979 0.315091 0.352017 0.234851 0.000000 0.267158 0.145475 0.775597 49.379224 50.965626 49.379224
0.514475 0.093420 0.548275 0.109523 0.501192 0.251882 0.324803 1.000000 0.000000 0.429491 49.379224 50.965626 49.379224
0.535731 0.410760 0.631939 0.190445 0.341828 0.984062 0.169232 1.000000 0.574530 0.021915 49.379224 50.965626 49.379224
0.508176 0.225932 0.855325 0.326506 0.325252 0.039064 0.349668 0.344648 0.493617 0.111567 49.379224 50.965626 49.379224
0.506152 0.000000 1.000000 0.000000 0.873535 0.560013 0.000000 0.449181 0.000000 0.155168 49.379224 50.965626 49.379224
0.516859 0.066810 0.603656 0.260740 0.695024 1.000000 0.848580 0.627034 0.883552 0.527102 49.379262 50.965626 49.379262
0.520986 0.368038 0.817573 0.000000 0.000000 0.365224 0.865908 0.598896 0.838533 0.421493 49.379224 50.965626 49.379224
0.505533 0.000000 0.823006 0.413558 1.000000 0.326927 0.014189 0.334035 0.260055 0.782858 49.379224 50.965626 49.379224
0.517623 0.410899 1.000000 0.087716 0.000000 1.000000 0.000000 0.961421 0.410229 0.530781 49.379224 50.965626 49.379224
0.517741 0.000000 0.516636 0.000000 0.142686 1.000000 0.000000 0.679306 0.095539 0.193411 49.379224 50.965626 49.379224
0.509174 0.201838 0.948866 0.062384 1.000000 0.771339 0.386171 0.000000 0.562854 0.293888 49.379224 50.965626 49.379224
0.510160 0.024310 0.511782 0.000000 0.259881 0.601983 0.446439 0.719815 0.000000 0.000000 49.379224 50.965626 49.379224
0.535075 0.482798 0.884867 0.000000 0.576580 1.000000 0.000000 0.670102 0.000000 0.025521 49.379224 49.926021 49.379224
0.511354 0.149202 0.787442 0.378680 0.569825 0.930935 0.634341 0.382647 0.776209 0.355797 49.379597 50.980214 49.379597
0.403121 0.121606 0.978411 0.501245 0.685208 1.000000 1.000000 0.280807 0.596326 0.112287 49.379224 50.788621 49.379224
0.512983 0.000000 0.920764 0.358232 1.000000 0.398218 0.000000 0.236596 0.091090 0.377644 49.379224 50.965626 49.379224
0.534135 0.278467 0.471312 0.124628 0.896610 0.941414 0.611516 0.209526 0.919252 0.627649 49.379224 50.965626 49.379224
0.509788 0.381033 1.000000 0.055564 0.282274 1.000000 0.502882 0.140858 0.417388 0.947914 49.379224 50.965626 49.379224
0.519660 0.234347 0.690921 0.195856 0.502556 0.307381 0.000000 1.000000 0.000000 0.466820 49.379224 50.965626 49.379224
0.512771 0.025211 0.703127 0.000000 0.624125 0.488655 0.904654 0.684520 0.437992 0.801555 49.379224 50.965626 49.379224
0.514623 0.000000 0.663452 0.020180 0.358074 0.298934 0.217471 0.204090 0.318559 0.715303 49.379224 50.965626 49.379224
0.516972 0.340090 0.629458 0.000000 0.083119 0.533707 0.039448 0.611773 0.344455 0.509078 49.379224 50.965626 49.379224
0.507237 0.298775 0.880917 0.000000 0.164487 1.000000 0.444900 0.319734 0.000000 0.303750 49.379224 50.965626 49.379224
0.502248 0.470015 0.540870 0.196410 0.669586 0.355823 0.000000 0.000000 0.821547 0.765235 49.379224 49.926021 49.379224
0.404549 0.341926 0.973363 0.501245 0.519144 0.342953 1.000000 0.381461 0.531312 0.180111 49.379224 50.788621 49.379224
0.517300 0.162155 0.850479 0.033594 0.832505 0.517304 0.970744 0.265651 1.000000 1.000000 49.379224 50.965626 49.379224
0.510954 0.041268 0.914170 0.026353 0.616396 0.592507 0.902799 0.750588 0.250710 0.522412 49.379224 50.965626 49.379224
0.504295 0.487946 0.657209 0.291062 0.416875 1.000000 0.697645 0.273818 0.012431 0.567599 49.379224 49.926021 49.379224
0.234837 0.247590 0.691986 0.495937 0.304638 0.081652 0.840819 0.695453 0.024458 0.406490 49.379224 50.788621 49.379224
0.518688 0.278995 0.958143 0.261694 0.525468 1.000000 0.789375 0.574794 0.000000 1.000000 49.379224 50.965626 49.379224
0.511458 0.037120 0.672979 0.365005 0.635622 0.683768 0.456988 1.000000 0.000000 0.604843 49.379224 50.965626 49.379224
0.505296 0.423121 0.855614 0.415938 0.007278 0.804671 0.171096 1.000000 0.241607 0.057024 49.379224 50.965626 49.379224
0.511371 0.119810 0.807313 0.171040 0.104791 0.937907 0.928563 0.671400 0.247136 0.601683 49.379224 50.965626 49.379224
0.503129 0.000000 0.779917 0.000000 0.168551 1.000000 0.381300 0.000000 1.000000 0.001405 49.379224 50.965626 49.379224
0.514891 0.000000 0.395297 0.401805 0.697206 0.323248 0.133230 0.833391 0.281790 0.691031 49.379224 50.965626 49.379224
0.509629 0.257789 0.997010 0.423031 0.276091 0.913372 0.435698 0.741125 0.453987 0.000000 49.379224 50.965626 49.379224
0.510900 0.187461 0.480946 0.360735 0.245120 0.000000 0.553085 0.380025 0.771515 0.014322 49.379224 50.965626 49.379224
0.512969 0.473233 0.805067 0.380699 0.477906 0.810404 0.239419 1.000000 0.000000 0.402788 49.379224 49.926021 49.379224
0.507822 0.313731 1.000000 0.082956 0.489362 0.782870 0.080826 0.000000 0.569406 0.327301 49.379224 50.965626 49.379224
0.530097 0.087354 0.448819 0.384741 0.917219 0.496653 0.856009 0.696103 0.000000 0.653233 49.379224 50.965626 49.379224
0.508710 0.333670 0.743123 0.332238 0.631243 0.495318 0.332120 0.166904 0.777192 0.893270 49.379224 50.965626 49.379224
0.277721 0.000000 0.749386 0.499487 0.873489 0.309727 0.405024 0.860988 0.341632 0.782331 49.379224 50.809290 49.379224
0.527469 0.331909 0.729211 0.203753 0.238953 0.771729 0.474481 0.678601 0.000000 0.504423 49.379224 50.965626 49.379224
0.517452 0.000000 0.891684 0.257558 1.000000 0.728913 0.000000 0.000000 0.472235 0.179035 49.379224 50.965626 49.379224
0.394102 0.008713 0.646734 0.499487 0.758771 0.059321 0.454501 0.737407 0.580916 0.731232 49.379224 50.812252 49.379224
0.515689 0.256622 0.762718 0.210388 0.495982 1.000000 0.634341 0.357408 0.904563 0.344461 49.379226 50.965626 49.379226
0.510976 0.254558 0.630197 0.240827 0.418099 0.557781 0.785186 0.248594 0.541405 0.155611 49.379224 51.081947 49.379224
0.529358 0.409369 0.758944 0.000000 0.216001 0.913752 0.251867 0.963380 0.442902 0.631775 49.379224 50.965626 49.379224
0.519824 0.390936 0.578307 0.338112 0.000000 0.596112 0.483850 0.943839 0.704584 0.008509 49.379224 50.965626 49.379224
0.530889 0.392321 0.943191 0.179483 0.955519 0.387135 0.994913 0.651127 0.000000 0.691528 49.379224 50.965626 49.379224
0.519580 0.218728 0.559300 0.000000 0.000000 0.435345 0.859632 1.000000 0.231187 0.363816 49.379224 50.965626 49.379224
0.510024 0.230306 0.435238 0.207782 0.960683 0.460261 0.600992 0.016543 1.000000 0.601752 49.379224 50.965626 49.379224
0.515544 0.292097 0.784317 0.249960 0.014264 0.375669 0.858268 0.702192 0.483215 0.000000 49.379224 50.965626 49.379224
0.520254 0.373021 0.695687 0.216753 0.513740 0.571953 0.706398 1.000000 0.928397 0.106773 49.379224 50.965626 49.379224
0.518096 0.030826 0.936560 0.200415 0.979602 0.564064 0.000000 0.194621 0.805766 0.905486 49.379224 50.965626 49.379224
0.513535 0.286454 0.670120 0.196496 0.613359 0.666901 0.412299 0.689528 0.605999 0.000000 49.379224 50.965626 49.379224
0.513077 0.206603 0.433458 0.068402 0.035199 0.520982 0.552480 0.122922 0.424705 0.447412 49.379224 50.965626 49.379224
0.366003 0.051262 0.440568 0.497471 0.745695 0.295615 0.671409 0.696953 0.000000 1.000000 49.379224 50.788621 49.379224
0.514588 0.296529 1.000000 0.188028 0.781845 1.000000 0.667322 0.623706 0.292331 1.000000 49.379224 50.965626 49.379224
0.509670 0.098561 1.000000 0.000000 0.301184 1.000000 0.567086 0.370657 0.349985 0.292423 49.379224 50.965626 49.379224
0.522611 0.374972 1.000000 0.102899 0.800762 0.581442 0.974368 0.620944 0.000000 0.694055 49.379224 50.965626 49.379224
0.513733 0.000000 0.920764 0.325759 1.000000 0.701993 0.106183 0.000000 0.000000 0.104034 49.379224 50.965626 49.379224
0.504037 0.241322 0.890485 0.166258 0.697552 0.471954 0.000000 0.811526 0.000000 0.442156 49.379224 50.965626 49.379224
0.521653 0.214840 0.871316 0.021647 0.852315 0.792212 0.000000 0.186118 0.347799 0.229886 49.379224 50.965626 49.379224
0.502968 0.315669 0.852424 0.209593 0.830193 0.374530 0.572504 0.414582 0.000000 0.875282 49.379224 50.965626 49.379224
0.533857 0.106865 0.847741 0.106211 0.424184 0.851481 0.970744 0.463055 0.535300 0.883088 49.379224 50.965626 49.379224
0.535151 0.000000 0.941558 0.233950 0.666933 0.552121 0.420787 0.368962 0.333228 0.419235 49.379224 50.997486 49.379224
0.519981 0.313450 1.000000 0.000000 1.000000 0.250704 0.457585 0.236214 0.210601 0.511880 49.379224 50.965626 49.379224
0.514285 0.000000 0.488148 0.375050 0.775609 0.855588 0.422924 0.892716 0.000000 0.449646 49.379224 50.965626 49.379224
0.510446 0.068949 0.663684 0.000000 0.000000 0.886649 0.399418 0.140937 1.000000 0.099681 49.379224 50.965626 49.379224
0.515395 0.384195 1.000000 0.032670 0.218738 1.000000 0.679868 0.163952 0.109369 0.000000 49.379224 50.965626 49.379224
0.523862 0.400123 0.931552 0.261521 0.814022 0.662474 1.000000 0.354662 0.382222 0.947679 49.379224 50.965626 49.379224
0.534722 0.475655 0.788758 0.242327 0.520982 0.435182 0.532579 0.878143 0.000000 0.774207 49.379224 49.926021 49.379224
0.505755 0.249781 0.546440 0.041139 0.024352 0.667635 0.224085 0.732356 0.730225 0.293267 49.379224 50.965626 49.379224
0.506600 0.131384 0.549663 0.252728 0.599702 0.049541 0.367887 0.178653 0.368679 0.608042 49.379224 50.965626 49.379224
0.504514 0.269197 1.000000 0.340995 1.000000 0.353533 0.000000 0.000000 0.190114 0.264219 49.379224 50.965626 49.379224
0.505274 0.384714 0.466343 0.066625 0.710453 0.119266 0.000000 0.000000 1.000000 0.819698 49.379224 50.965626 49.379224
0.523762 0.393306 0.694869 0.000000 0.000000 0.525697 0.488942 1.000000 0.703646 0.283101 49.379224 50.965626 49.379224
0.512952 0.213103 0.817370 0.016944 0.152767 0.437409 0.022435 1.000000 0.384984 0.685005 49.379224 50.965626 49.379224
0.528471 0.360962 0.802908 0.248508 0.065520 1.000000 0.289852 0.844572 0.085508 0.000000 49.379224 50.965626 49.379224
0.519024 0.319507 0.935166 0.000000 0.000000 1.000000 0.051204 1.000000 0.469141 0.122664 49.379224 50.965626 49.379224
0.518835 0.045832 1.000000 0.390969 0.124255 0.253171 0.000000 1.000000 0.084498 0.717406 49.379224 50.965626 49.379224
0.517870 0.449114 0.578904 0.000000 0.538965 0.411067 0.011724 0.035323 0.370413 0.197209 49.379224 50.965626 49.379224
0.203934 0.000000 0.445950 0.505438 1.000000 0.000000 0.230846 0.632212 0.534973 0.964755 49.379224 50.788621 49.379224
0.530505 0.151993 0.935139 0.000000 0.925314 0.361213 0.282071 0.129589 0.198024 0.313461 49.379224 50.965626 49.379224
0.505693 0.251844 0.857437 0.000000 0.931423 0.581628 0.212555 0.194621 0.743160 0.558815 49.379224 50.965626 49.379224
0.508536 0.410343 0.892133 0.209279 0.458074 0.813402 0.530230 0.655603 0.000000 0.057521 49.379224 50.965626 49.379224
0.513077 0.233624 0.549850 0.164076 0.688217 0.748983 0.333697 0.082880 0.845890 0.512301 49.379224 50.965626 49.379224
0.520963 0.369840 0.415990 0.238050 0.000000 0.144476 0.104910 0.009208 0.224789 0.275513 49.379224 50.965626 49.379224
0.535489 0.410103 0.432654 0.057342 0.838392 0.273548 0.665277 0.936191 0.213707 0.000000 49.379224 50.965626 49.379224
0.508806 0.282013 0.938351 0.058697 1.000000 0.729982 0.669090 0.261429 0.097591 0.441398 49.379224 50.965626 49.379224
0.505413 0.287600 0.741327 0.237740 0.626360 0.800456 0.651582 0.637236 0.008415 0.746642 49.379224 50.965626 49.379224
0.505500 0.100778 0.711313 0.379466 0.516806 0.856675 0.703612 0.496453 0.940104 0.797340 49.382192 50.966378 49.382192
0.525287 0.243913 0.815986 0.095891 0.000000 0.168983 0.230280 0.612114 0.489359 0.400568 49.379224 50.965626 49.379224
0.507183 0.343958 0.716753 0.000000 0.099660 0.338079 0.566933 0.587247 0.917239 0.000000 49.379224 50.965626 49.379224
0.502900 0.418667 0.836544 0.313484 1.000000 0.303669 0.649780 0.062946 0.500000 0.378810 49.379224 50.965626 49.379224
0.518984 0.196494 0.432409 0.087915 0.570177 0.725158 0.882622 0.584129 0.629911 0.596915 49.379224 50.965626 49.379224
0.519536 0.431033 0.910006 0.359441 0.000000 1.000000 0.000000 0.961421 0.410229 0.618040 49.379224 50.965626 49.379224
0.503478 0.182157 0.412127 0.000000 0.127316 1.000000 0.432603 0.071776 0.526746 0.552176 49.379224 50.965626 49.379224
0.526103 0.280195 0.726460 0.232247 0.432029 0.499784 0.325013 0.000000 0.000000 0.418898 49.379224 50.965626 49.379224
0.522607 0.161737 0.661859 0.000000 1.000000 0.244288 0.587115 0.193693 0.566135 0.983571 49.379224 50.965626 49.379224
0.519013 0.057539 1.000000 0.219594 1.000000 0.234935 0.358003 0.763608 0.711385 0.150896 49.379224 50.965626 49.379224
0.516331 0.096451 0.804041 0.116068 0.553320 0.224378 0.741474 0.599060 0.408406 0.571202 49.379224 50.965626 49.379224
0.516196 0.313794 0.549825 0.203536 0.584545 0.104140 0.476727 0.948589 0.524581 0.121703 49.379224 50.965626 49.379224
0.524177 0.205097 0.614035 0.360735 0.282625 0.000000 0.715226 0.323063 0.938581 0.147320 49.379224 50.965626 49.379224
0.528041 0.353384 0.423747 0.106335 0.236444 0.336053 0.243632 0.561955 1.000000 0.455637 49.379224 50.965626 49.379224
0.452785 0.000000 0.580749 0.498931 0.491439 0.000000 0.423872 0.486884 0.876126 0.661301 49.379224 50.788621 49.379224
0.514627 0.404844 0.644517 0.153495 0.299733 0.697053 0.000000 0.728497 0.000000 1.000000 49.379224 50.965626 49.379224
0.513799 0.458622 0.664345 0.269118 0.848681 0.634611 0.685799 0.594010 0.706469 0.091783 49.379224 50.965626 49.379224
0.524243 0.000000 0.879079 0.402453 0.409343 0.419525 0.000000 0.945324 0.000000 0.596043 49.379224 50.965626 49.379224
0.512586 0.486864 0.989454 0.000000 0.573016 1.000000 0.000000 0.589533 0.000000 0.135649 49.379224 49.926021 49.379224
0.522898 0.450674 0.983581 0.116485 0.000000 1.000000 0.076549 0.180916 0.510492 0.417389 49.379224 50.965626 49.379224
0.514545 0.181036 0.950853 0.157246 0.760822 0.767176 0.196126 0.000000 0.472792 0.278547 49.379224 50.965626 49.379224
0.502778 0.350979 1.000000 0.336324 0.137873 0.492671 0.431375 0.733303 0.757621 0.838973 49.379224 50.965626 49.379224
0.522044 0.115085 0.606556 0.000000 0.177844 0.792142 0.076869 0.512613 0.085838 0.163116 49.379224 50.965626 49.379224
0.529665 0.200627 0.780758 0.218794 1.000000 0.411886 0.000000 0.331440 0.000000 0.782298 49.379224 50.965626 49.379224
0.519935 0.296089 0.847741 0.278347 1.000000 0.738747 0.216534 0.285236 0.041381 0.523295 49.379224 50.965626 49.379224
0.527856 0.000000 0.819733 0.000000 0.000000 0.680396 0.476776 0.349720 0.936852 0.312916 49.379224 50.965626 49.379224
0.511418 0.474078 1.000000 0.052707 0.634087 1.000000 0.225751 0.000000 0.102214 0.150525 49.379224 49.926021 49.379224
0.492776 0.144701 0.683215 0.501498 0.474983 0.153409 0.657419 0.247820 0.000000 0.941143 49.379224 50.788621 49.379224
0.510548 0.473564 0.913061 0.238402 0.573811 0.719773 0.855894 0.521408 0.659541 0.600651 49.379224 49.926021 49.379224
0.473472 0.368590 0.601932 0.496454 0.334559 0.384727 1.000000 0.897873 0.000000 0.879044 49.379224 50.788621 49.379224
0.511240 0.432040 0.847216 0.053253 0.365282 0.939272 0.569486 0.518310 0.419163 0.963255 49.379224 50.965626 49.379224
0.511920 0.285939 0.837807 0.071027 0.163684 1.000000 0.195756 0.212131 0.236396 0.000000 49.379224 50.965626 49.379224
0.516485 0.237237 1.000000 0.212422 0.445608 0.918296 0.641958 0.204372 0.772267 0.000000 49.379224 50.965626 49.379224
0.319991 0.000000 0.539412 0.495462 0.906792 0.524004 0.097712 0.207069 0.680221 0.756051 49.379224 50.788621 49.379224
0.512149 0.151937 0.694931 0.313154 0.285228 0.127741 0.593153 0.374390 0.966686 0.293532 49.379224 50.965626 49.379224
0.501614 0.325972 0.670303 0.210912 0.397132 0.575779 0.527626 0.624771 0.433006 0.229020 49.379224 50.965626 49.379224
0.517412 0.484093 1.000000 0.106242 0.936342 0.771339 0.255713 0.480711 0.481855 0.239918 49.379224 49.926021 49.379224
0.504126 0.203714 1.000000 0.104640 0.530221 1.000000 0.832201 0.235443 0.207510 0.000000 49.379224 50.965626 49.379224
0.516228 0.360868 0.722032 0.000000 1.000000 0.865699 0.375137 0.278052 0.000000 0.562373 49.379224 50.965626 49.379224
0.505724 0.374972 0.707428 0.325621 0.410176 0.597021 0.499445 0.681779 0.105917 0.514214 49.379224 50.965626 49.379224
0.508918 0.000000 0.465688 0.000000 1.000000 0.922409 0.000000 0.000000 0.263759 0.114379 49.379224 50.965626 49.379224
0.292306 0.000000 0.675910 0.499487 1.000000 0.639446 0.000000 0.737407 0.539535 0.770460 49.379224 50.788695 49.379224
0.513276 0.000000 0.690560 0.237579 0.502805 1.000000 0.735094 1.000000 0.339350 0.656121 49.379224 50.967895 49.379224
0.331582 0.160034 0.589481 0.501484 0.959491 0.430524 0.606502 0.948144 0.000000 0.548946 49.379224 50.788621 49.379224
0.519150 0.425942 0.972745 0.100309 0.398601 0.807836 0.000000 0.172442 0.058781 0.570396 49.379224 50.965626 49.379224
0.259875 0.254175 0.880311 0.500383 1.000000 0.353533 0.033559 0.191195 0.045832 0.266617 49.379224 50.788621 49.379224
0.510077 0.121768 0.838968 0.148317 0.174914 0.383147 0.566933 0.275097 0.941125 0.150085 49.379224 50.965626 49.379224
0.533727 0.204881 0.838209 0.095161 0.295979 0.744519 0.811233 0.268003 0.293775 0.000000 49.379224 50.965626 49.379224
0.519591 0.196060 0.470205 0.366996 0.637988 0.266506 0.462910 0.306442 0.366875 0.562095 49.379224 50.965626 49.379224
0.529687 0.341980 0.688592 0.000000 0.773976 0.000000 0.159532 0.566783 0.105014 0.000000 49.379224 50.965626 49.379224
0.504166 0.094677 0.631325 0.000000 0.571086 0.724782 0.204621 0.000000 0.656537 0.724989 49.379224 50.965626 49.379224
