# gen=10 party=1
# sp x0..x(D-1) party_fit
0 0.462391 0.187408 0.551038 0.824781 0.224397 0.717240 0.644238 0.750927 0.921379 0.418747 5.840595
1 0.371439 0.147714 0.661782 0.869130 0.146991 0.391115 0.145145 0.050346 0.148586 0.749545 5.840595
2 0.158451 0.239575 0.281278 0.785265 0.866557 0.845382 0.925189 0.069081 0.113080 0.707298 5.840595
3 0.405258 0.134875 0.774529 0.892952 0.513742 0.223069 0.870464 0.963326 0.533257 0.475239 5.840595
4 0.464563 0.060443 0.461119 0.664472 0.539384 0.699613 0.839230 0.902178 0.130255 0.875548 5.840595
5 0.321905 0.103002 0.473713 0.674110 0.335822 0.517898 0.721413 0.985703 0.577292 0.202266 5.840595
6 0.260641 0.244216 0.735734 0.837519 0.849996 0.800863 0.301243 0.544905 0.292728 0.071377 5.840595
7 0.934172 0.972984 0.037485 0.217512 0.028329 0.630475 0.012783 0.885678 0.161896 0.685342 5.653531
