# gen=130 x0..xd f
0.778684 0.466827 0.757319 0.871815 0.466887 0.762117 0.477063 0.684128 0.642098 0.699641 50.025988
0.861028 0.461170 0.783076 0.853012 0.198462 0.920087 0.635853 0.649879 0.477595 0.972582 40.450452
0.748011 0.472574 0.745340 0.944077 0.558439 0.691857 0.442591 0.783970 0.295308 0.626457 46.508205
0.809950 0.417695 0.727196 0.859381 0.486569 0.805975 0.437182 0.830892 0.473487 0.705347 48.920278
0.785309 0.453005 0.735171 0.760280 0.450631 0.790183 0.462543 0.651893 0.465152 0.787521 49.816185
0.787393 0.450457 0.731278 0.726884 0.576735 0.756643 0.478980 0.697620 0.433039 0.652905 51.025131
0.822754 0.407664 0.761195 0.838933 0.601523 0.648844 0.600881 0.783670 0.443815 0.490584 47.241066
0.666537 0.456967 0.786281 0.707382 0.549440 0.759074 0.505958 0.792019 0.480196 0.531458 44.890436
0.793747 0.443340 0.774376 0.691797 0.504008 0.643335 0.666500 0.614259 0.472921 0.744357 47.799672
0.782060 0.490499 0.780471 0.765942 0.382302 0.661429 0.627004 0.755477 0.527431 0.672753 48.970241
0.769730 0.502185 0.735867 0.748157 0.555797 0.660220 0.580767 0.837183 0.543964 0.628442 48.670539
0.804168 0.422980 0.784294 0.941843 0.616637 0.666621 0.402523 0.705428 0.551240 0.692351 48.065283
0.774726 0.585570 0.568935 0.853735 0.700649 0.692549 0.187268 0.841984 0.031923 0.715966 0.000000
0.745867 0.414054 0.728548 0.838547 0.535205 0.815798 0.534397 0.721213 0.535323 0.611810 49.497921
0.817758 0.446465 0.769740 0.873186 0.383710 0.683213 0.495727 0.752462 0.500997 0.700284 49.911889
0.818287 0.388341 0.761669 0.634575 0.569060 0.946925 0.407351 0.657468 0.555869 0.579545 45.878247
0.747190 0.465815 0.707381 0.799307 0.514738 0.781041 0.782568 0.683166 0.463594 0.850479 44.279178
0.320733 0.563052 0.371999 0.239284 0.800857 0.461122 0.810903 0.291840 0.572116 0.652030 0.000000
0.774396 0.417412 0.770066 0.797432 0.419365 0.844607 0.366115 0.720209 0.471716 0.724445 48.653717
0.826741 0.473374 0.737852 0.795793 0.601064 0.743243 0.395682 0.726153 0.641786 0.642445 48.859911
0.796094 0.464920 0.500000 0.500000 0.500000 0.743698 0.500673 0.500000 0.500000 0.500000 0.000000
0.809955 0.430677 0.106803 0.974789 0.485994 0.816504 0.130516 0.822847 0.266412 0.428250 0.000000
0.827985 0.532868 0.785499 0.816196 0.469318 0.859212 0.479521 0.666393 0.367503 0.582402 48.295934
0.765314 0.475868 0.718830 0.812442 0.587826 0.660236 0.435076 0.743272 0.509534 0.635484 49.829336
0.756789 0.662660 0.667039 0.543300 0.007620 0.041737 0.089913 0.843799 0.460855 0.900741 0.000000
0.760522 0.459108 0.752884 0.826976 0.479266 0.751731 0.534661 0.719381 0.433877 0.796535 49.523766
0.784306 0.484915 0.777918 0.785608 0.383794 0.771003 0.612771 0.741861 0.573869 0.609507 49.588625
0.303109 0.329674 0.424856 0.023129 0.967655 0.067982 0.568191 0.821041 0.544927 0.733277 0.000000
0.803692 0.514542 0.845866 0.851076 0.473980 0.848273 0.525700 0.617710 0.462087 0.795343 46.988359
0.763433 0.441818 0.807518 0.799308 0.389337 0.631313 0.356133 0.619353 0.425415 0.548202 47.128198
0.807580 0.491890 0.822720 0.767089 0.473512 0.754294 0.319657 0.752374 0.510838 0.661206 48.407274
0.146148 0.052773 0.570504 0.777114 0.780259 0.700666 0.440738 0.052453 0.666980 0.599301 0.000000
0.766076 0.441151 0.732179 0.820587 0.403710 0.795053 0.395559 0.786987 0.420790 0.812246 47.316743
0.799885 0.432508 0.824804 0.818715 0.501726 0.725086 0.314716 0.651769 0.491316 0.659603 48.370655
0.801569 0.461256 0.764727 0.911011 0.515591 0.699407 0.460128 0.737453 0.370493 0.703798 49.538408
0.878602 0.989143 0.273546 0.679407 0.803219 0.509888 0.782042 0.663896 0.740720 0.000376 0.000000
0.780558 0.528182 0.750105 0.874496 0.412567 0.598289 0.485825 0.671792 0.509811 0.769959 47.886829
0.812902 0.458052 0.803564 0.832225 0.551841 0.859924 0.470261 0.608807 0.482923 0.564529 49.479831
0.151017 0.035972 0.537930 0.806109 0.486822 0.289361 0.720990 0.050566 0.896159 0.890412 0.000000
0.783328 0.448271 0.771666 0.712686 0.691191 0.633123 0.515727 0.755848 0.527345 0.640185 48.101745
0.786454 0.464240 0.745909 0.858403 0.477832 0.805226 0.577926 0.735162 0.437691 0.674398 50.917328
0.632051 0.296919 0.689920 0.399219 0.383717 0.544519 0.420236 0.506098 0.671853 0.012075 28.288444
0.791121 0.120018 0.217030 0.685873 0.559120 0.992948 0.986648 0.795211 0.803864 0.432622 0.000000
0.834337 0.500000 0.774713 0.736455 0.329056 0.767436 0.539739 0.669391 0.564162 0.538167 48.107322
0.778696 0.319229 0.730839 0.914811 0.670729 0.637072 0.588496 0.807408 0.553507 0.744448 43.853441
0.884539 0.868603 0.214858 0.820326 0.389784 0.390378 0.773089 0.657238 0.699624 0.541165 0.000000
0.800503 0.457459 0.742478 0.857381 0.373989 0.645792 0.504871 0.721109 0.457804 0.831786 47.744826
0.826208 0.413960 0.758188 0.489513 0.449909 0.658614 0.369777 0.702076 0.512224 0.672230 44.873177
0.913387 0.611494 0.070209 0.460337 0.569806 0.759736 0.631992 0.204587 0.724197 0.579027 0.000000
0.801053 0.443194 0.724470 1.000000 0.491868 0.833620 0.500030 0.707984 0.602727 0.780072 46.944662
0.797079 0.458665 0.759647 0.769366 0.529045 0.771016 0.606408 0.743414 0.609281 0.523519 49.407336
0.794554 0.308389 0.852664 0.859807 0.591994 0.659397 0.400433 0.234926 0.543662 0.556622 38.449936
0.726016 0.494049 0.802983 0.924179 0.620047 0.719446 0.484619 0.909883 0.601832 0.680390 45.125366
0.814464 0.482408 0.772719 0.721815 0.408415 0.762337 0.398091 0.912801 0.572517 0.619211 47.147049
0.803444 0.438927 0.766202 0.843558 0.480278 0.853034 0.345591 0.852247 0.452867 0.645011 47.844947
0.785775 0.482643 0.763364 0.858297 0.543405 0.542748 0.571193 0.621657 0.555672 0.658348 48.215763
0.799314 0.425534 0.785772 0.888337 0.480638 0.880517 0.510261 0.817517 0.370232 0.548632 47.467926
0.909949 0.733371 0.499128 0.857905 0.513473 0.435121 0.486802 0.886789 0.176402 0.239893 0.000000
1.000000 0.295264 0.736861 0.644934 0.519305 0.704388 0.444420 0.889823 0.377860 0.656612 37.050330
0.658530 0.532441 0.994133 0.843050 0.291504 0.668930 0.491991 0.204561 0.850869 0.852566 30.192929
0.714321 0.126187 0.760366 0.759083 0.458925 0.658950 0.507428 0.566388 0.549016 0.485479 36.132625
0.808511 0.490988 0.708251 0.782422 0.576661 0.727254 0.469150 0.735425 0.589802 0.763816 49.026377
0.788628 0.371305 0.769816 0.930785 0.428536 0.686943 0.466081 0.876534 0.531556 0.658533 46.674597
0.811523 0.462739 0.749982 0.715917 0.471833 0.748111 0.524994 0.821640 0.478436 0.538363 49.707514
0.788658 0.485587 0.775608 0.757170 0.407263 0.748360 0.568504 0.645415 0.554249 0.673525 50.780968
0.789161 0.469973 0.869691 0.784988 0.590048 0.749001 0.499810 0.576589 0.479590 0.625262 47.543869
0.788917 0.509016 0.764372 0.810844 0.438765 0.603635 0.529801 0.591139 0.443723 0.556488 48.775796
0.647333 0.338786 0.230595 0.936833 0.173851 0.745910 0.084469 0.721177 0.659009 0.304671 0.000000
0.805486 0.445879 0.691237 0.769885 0.526969 0.843066 0.500000 0.757670 0.638745 0.615827 48.409255
0.825158 0.467159 0.784445 0.661381 0.391343 0.663963 0.287193 0.746444 0.536881 0.679470 46.555832
0.820641 0.459581 0.745163 0.805114 0.580785 0.635179 0.584520 0.716203 0.510088 0.726414 49.623233
0.786060 0.485743 0.805196 0.606895 0.535549 0.611094 0.499628 0.750772 0.524206 0.699418 47.587839
0.804237 0.425756 0.769041 0.708305 0.549787 0.743880 0.416094 0.691081 0.555203 0.497431 49.089596
0.775334 0.498315 0.726242 0.814769 0.585120 0.612599 0.597848 0.557264 0.546756 0.683221 47.853323
0.796688 0.440638 0.783797 0.965035 0.428618 0.593851 0.410914 0.653728 0.516686 0.663784 47.738135
0.789399 0.433323 0.749183 0.841153 0.669349 0.794043 0.474895 0.616630 0.441746 0.798563 47.657506
0.779695 0.500527 0.704981 0.745515 0.498395 0.760550 0.576427 0.699104 0.356771 0.690608 48.813101
0.818481 0.475522 0.755372 0.837711 0.357679 0.754596 0.536353 0.736637 0.411921 0.522414 48.872914
0.811784 0.455909 0.761437 0.849567 0.412845 0.861511 0.548288 0.646065 0.523760 0.494638 48.779102
0.458678 0.675664 0.230390 0.715749 0.490997 0.892942 0.805691 0.437561 0.150073 0.202951 0.000000
0.765556 0.501077 0.739864 0.753634 0.534839 0.665014 0.396526 0.744722 0.477607 0.643573 49.870089
0.058852 0.117382 0.396650 0.969026 0.176836 0.261304 0.360437 0.552352 0.921487 0.936713 0.000000
0.804455 0.426547 0.789480 0.777787 0.472334 0.666556 0.418001 0.665792 0.511781 0.528805 49.794858
0.379441 0.747942 0.953205 0.235954 0.296874 0.287215 0.832101 0.921802 0.005952 0.114250 0.000000
0.803897 0.399873 0.813617 1.000000 0.455616 0.846008 0.526597 0.683515 0.449102 0.588270 46.982767
0.754474 0.397916 0.726235 0.752827 0.447681 0.868243 0.524777 0.637334 0.367259 0.960593 43.575104
0.816888 0.473740 0.738950 0.883860 0.488630 0.791767 0.518532 0.535873 0.545718 0.537561 48.760543
0.767763 0.256567 0.818077 0.817467 0.522485 0.803401 0.673135 0.783557 0.496381 0.662539 42.546542
0.507738 0.554832 0.701441 0.734947 0.461149 0.447238 0.357033 0.664773 0.127180 0.741431 0.000000
0.820983 0.493383 0.762857 0.804295 0.512230 0.749005 0.517849 0.648473 0.381646 0.759323 49.741396
0.766920 0.483167 0.777757 0.865969 0.587763 0.617188 0.555390 0.662537 0.500000 0.591604 49.370931
0.572576 0.331477 0.625917 0.503240 0.512756 0.437856 0.417296 0.535476 0.295892 0.717129 0.000000
0.815219 0.212484 0.120613 0.891792 0.502764 0.688799 0.214628 0.242636 0.929176 0.636838 0.000000
0.780472 0.461482 0.738053 0.771547 0.566625 0.714199 0.449576 0.807196 0.620940 0.549545 48.991398
0.797374 0.489810 0.746076 0.495970 0.388197 0.765088 0.495064 0.772483 0.433446 0.554657 45.344574
0.804564 0.447216 0.742507 1.000000 0.545870 0.728463 0.549024 0.678138 0.500320 0.651402 48.943758
0.753307 0.505453 0.732391 0.707604 0.432527 0.617495 0.418871 0.622379 0.544854 0.584391 48.013635
0.428388 0.134510 0.514288 0.683381 0.326956 0.687271 0.537569 0.598481 0.472361 0.082794 0.000000
0.787875 0.443878 0.823401 0.875826 0.460148 0.646262 0.460894 0.582534 0.447969 0.500000 47.645720
0.800989 0.459359 0.764818 0.834329 0.434543 0.693202 0.474138 0.628678 0.402095 0.813365 48.707781
0.785547 0.394914 0.744946 0.675347 0.576536 0.622252 0.422332 0.776391 0.464156 0.487012 46.713699
0.978463 0.038770 0.014218 0.146259 0.907204 0.248299 0.237665 0.516365 0.240475 0.721941 0.000000
0.789944 0.447927 0.752971 0.758731 0.466931 0.750560 0.531070 0.570325 0.460658 0.647162 50.980298
0.797182 0.485023 0.798056 0.863784 0.500000 0.754336 0.620881 0.626922 0.544999 0.662002 50.019798
0.828307 0.449617 0.753635 0.805201 0.580233 0.865543 0.527932 0.736025 0.626420 0.513244 48.139821
0.725812 0.030140 0.811102 0.825226 0.793803 0.009796 0.730265 0.642779 0.538396 0.380416 22.389982
0.822386 0.478536 0.806388 0.752517 0.528343 0.758632 0.545613 0.753151 0.515290 0.538974 50.037773
0.792186 0.439911 0.826729 0.872076 0.553330 0.876699 0.653503 0.693314 0.444557 0.732719 47.166067
0.798626 0.467527 0.788646 0.806100 0.489156 0.836083 0.512912 0.697221 0.485118 0.724770 51.183996
0.784585 0.468134 0.757851 0.841817 0.444871 0.725868 0.467607 0.802659 0.525061 0.580947 50.808984
0.778596 0.378101 0.765213 0.818729 0.564932 0.831628 0.523354 0.633941 0.415272 0.500000 47.755604
0.783863 0.510982 0.707803 0.715420 0.489575 0.675684 0.443327 0.802155 0.574466 0.568143 48.436499
0.138440 0.394721 0.807071 0.780030 0.465739 0.052054 0.134760 0.099915 0.479162 0.672566 0.000000
0.756235 0.296585 0.612016 0.594913 0.337158 0.505303 0.491759 0.555625 0.707677 0.493451 37.506762
0.354185 0.489593 0.828962 0.880457 0.537606 0.757258 0.496391 0.663456 0.390056 0.811706 0.000000
0.782658 0.476936 0.790747 0.733172 0.515495 0.616107 0.481812 0.780182 0.518919 0.612008 49.846478
0.805520 0.438013 0.747615 0.860948 0.727787 0.599084 0.548021 0.806475 0.503452 0.677605 46.458584
0.818144 0.443350 0.739877 0.841246 0.505185 0.588058 0.432788 0.793783 0.500000 0.607145 48.958257
0.471618 0.466683 0.255021 0.834533 0.032608 0.693903 0.353503 0.329733 0.184137 0.672664 0.000000
0.860659 0.318818 0.680279 0.270893 0.621161 0.918763 0.053069 0.140694 0.770739 0.619357 27.335598
0.780210 0.464860 0.782635 0.915893 0.401144 0.541072 0.540261 0.639239 0.574872 0.620851 47.301561
0.821992 0.479939 0.778975 0.722072 0.409487 0.609466 0.539888 0.917252 0.586996 0.714961 46.202038
0.880736 0.502518 0.737147 0.711998 0.468835 0.816443 0.484078 0.738107 0.527645 0.819233 46.416414
0.786609 0.468009 0.763291 0.860035 0.624018 0.694246 0.387644 0.769511 0.525331 0.696255 49.216116
0.814067 0.484897 0.743708 0.976108 0.603399 0.787013 0.456778 0.795602 0.550845 0.707564 47.850095
0.795760 0.441708 0.798392 0.825064 0.387854 0.740512 0.518623 0.670195 0.383118 0.704806 49.528893
0.849765 0.405692 0.768854 0.876673 0.414309 0.695332 0.505978 0.816856 0.535928 0.622265 48.159421
0.784446 0.433325 0.811340 0.739512 0.608412 0.639688 0.341911 0.637435 0.476617 0.608826 47.712415
0.777738 0.447653 0.743833 1.000000 0.461275 0.813754 0.566457 0.729266 0.508740 0.774218 47.495425
0.825130 0.471196 0.753048 0.670276 0.362854 0.749953 0.521657 0.754214 0.500558 0.614253 49.178722
1.000000 0.495114 0.855017 0.841906 0.551893 0.808345 0.188661 0.938537 0.621490 0.583516 36.155195
0.536019 0.229716 0.372095 0.344746 0.650862 0.625153 0.632563 0.559503 0.636968 0.317176 0.000000
0.777679 0.495089 0.667150 0.728523 0.488168 0.705648 0.473009 0.774035 0.344350 0.831966 45.604347
0.895538 0.462775 0.759092 0.771405 0.540042 0.806337 0.367838 0.717274 0.500000 0.752714 46.521021
0.393920 0.442626 0.861169 0.068044 0.719894 0.633830 0.611869 0.294990 0.603871 0.726511 0.000000
0.186750 0.261215 0.458893 0.212476 0.431844 0.424873 0.306297 0.882002 0.610181 0.768370 0.000000
0.349320 0.717761 0.337169 0.629608 0.770113 0.087015 0.925443 0.486548 0.907055 0.222957 0.000000
0.760520 0.533515 0.761702 0.913275 0.412821 0.670940 0.379259 0.688986 0.536790 0.678665 47.928832
0.838654 0.485677 0.785372 0.814562 0.428119 0.979078 0.415833 0.763040 0.561782 0.670146 46.717549
0.807063 0.415467 0.784386 0.711902 0.630721 0.811187 0.548950 0.592707 0.560467 0.563024 48.185698
0.754725 0.466657 0.775470 0.818445 0.465502 0.652042 0.670252 0.797332 0.525483 0.589794 48.053052
0.170734 0.123051 0.424898 0.027179 0.158170 0.825361 0.449525 0.281070 0.637191 0.906268 0.000000
0.477602 0.284907 0.715722 0.872201 0.664814 0.709577 0.609978 0.327202 0.645913 0.567892 0.000000
0.793069 0.408878 0.751302 0.934960 0.394020 0.791430 0.526832 0.734719 0.646588 0.628209 47.899264
0.844417 0.416777 0.772981 0.626816 0.441103 0.727263 0.513785 0.691372 0.515156 0.468007 47.011375
0.786760 0.478804 0.757485 0.640032 0.488413 0.806222 0.480504 0.579759 0.670759 0.602412 47.592636
0.817680 0.486256 0.732932 0.792636 0.374607 0.705346 0.598900 0.687976 0.492383 0.797036 48.336425
0.014222 0.872720 0.530426 0.120907 0.717732 0.639494 0.813130 0.999764 0.707863 0.398310 0.000000
0.801128 0.454508 0.761710 0.920187 0.627959 0.561008 0.358652 0.821343 0.608144 0.652842 45.764405
0.780111 0.482292 0.776578 0.673817 0.539880 0.703512 0.528536 0.768717 0.453812 0.630739 50.188612
0.818839 0.457315 0.787798 0.900811 0.453564 0.796943 0.492135 0.663643 0.472181 0.611636 50.723803
0.761348 0.433302 0.731264 0.839395 0.482792 0.746045 0.400859 0.616355 0.526684 0.756338 49.109851
0.776055 0.482691 0.762003 0.618648 0.437455 0.665053 0.488277 0.893630 0.545477 0.655592 46.867447
0.823695 0.481325 0.783512 0.942479 0.632309 0.743698 0.506555 0.503719 0.526704 0.689855 47.031959
0.590241 0.616567 0.801037 0.495754 0.675250 0.672823 0.543470 0.458576 0.545907 0.372337 0.000000
0.799419 0.460007 0.797909 0.848082 0.574082 0.764393 0.550580 0.805443 0.541288 0.816220 48.161178
0.554596 0.649694 0.455302 0.576144 0.356217 0.347361 0.822891 0.251238 0.759286 0.748168 0.000000
0.804454 0.416161 0.749434 1.000000 0.472823 0.677347 0.499845 0.636295 0.448517 0.820701 46.628826
0.776981 0.424631 0.738017 0.919886 0.476049 0.709314 0.565415 0.658960 0.639878 0.624297 48.764487
0.890652 0.532447 0.522093 0.308102 0.870442 0.461493 0.574875 0.179947 0.713070 0.425851 25.897994
0.786267 0.880781 0.194348 0.123714 0.920628 0.133977 0.850090 0.705785 0.247033 0.171571 0.000000
0.818754 0.467856 0.759411 0.712190 0.460284 0.709028 0.418599 0.629781 0.415789 0.762518 49.145377
0.783150 0.474294 0.709386 0.631370 0.448693 0.857519 0.501626 0.766376 0.416895 0.647359 47.866664
0.338738 0.864811 0.230451 0.301732 0.489520 0.065323 0.807894 0.083163 0.023578 0.329090 0.000000
0.801799 0.468716 0.736129 0.698421 0.391493 0.814853 0.469285 0.718581 0.429660 0.612864 49.767341
0.798451 0.466875 0.764413 0.936338 0.504118 0.745060 0.397450 0.641572 0.587282 0.750988 48.744002
0.812534 0.472789 0.753553 0.657150 0.570497 0.687259 0.430195 0.603598 0.450737 0.612241 49.139778
0.805842 0.430080 0.778455 0.723468 0.602306 0.700868 0.530202 0.521568 0.617694 0.631991 47.873575
0.781310 0.416116 0.764294 0.752644 0.641276 0.787791 0.523449 0.693860 0.502054 0.601631 49.865150
0.491840 0.083819 0.411103 0.425627 0.545879 0.218660 0.315982 0.351985 0.313521 0.166291 0.000000
0.847500 0.462207 0.737106 0.909092 0.457825 0.850069 0.480316 0.771226 0.736761 0.570410 45.892005
0.829803 0.458126 0.732001 0.778695 0.652493 0.719959 0.610812 0.575123 0.496722 0.750796 47.606912
0.812537 0.487588 0.819926 0.868109 0.521845 0.791351 0.614412 0.521827 0.566936 0.558183 47.296502
0.785472 0.422104 0.849862 0.944931 0.394502 0.771407 0.549306 0.449427 0.484841 0.630636 44.888629
0.780221 0.539898 0.744049 0.833681 0.513996 0.724123 0.619536 0.652281 0.425420 0.757239 48.398792
0.800696 0.488493 0.732967 0.758466 0.485155 0.741881 0.570916 0.576993 0.432133 0.787100 48.789997
0.804334 0.469347 0.765893 0.809873 0.444096 0.647715 0.480595 0.730665 0.483229 0.468866 49.223085
0.787684 0.429567 0.745882 0.860792 0.485289 0.635523 0.434575 0.728483 0.435419 0.772354 48.941190
0.795654 0.455434 0.759228 0.801085 0.685479 0.647368 0.499509 0.610442 0.520454 0.726068 48.371909
0.188081 0.417959 0.729952 0.764692 0.582210 0.797778 0.462992 0.601325 0.382638 0.720895 0.000000
0.784813 0.459423 0.732157 0.705516 0.347007 0.817200 0.394103 0.700520 0.562232 0.685558 48.374942
0.814199 0.520211 0.791890 0.871304 0.392721 0.682147 0.495008 0.709694 0.374882 0.692759 48.544680
0.783832 0.498769 0.781733 0.787949 0.653095 0.727465 0.465024 0.701497 0.555034 0.626929 49.899934
0.746924 0.467692 0.765822 0.876155 0.532319 0.672754 0.594991 0.655864 0.430715 0.644864 49.379826
0.722495 0.410061 0.416770 0.238104 0.769188 0.602527 0.834678 0.400415 0.579042 0.742974 0.000000
0.447373 0.915823 0.614887 0.279828 0.440915 0.637759 0.094148 0.601790 0.380397 0.317318 0.000000
0.390920 0.703395 0.302127 0.465228 0.425385 0.858051 0.546835 0.155323 0.757438 0.482520 0.000000
0.334412 0.854420 0.591413 0.709210 0.403969 0.376601 0.782816 0.108947 0.935845 0.964363 0.000000
0.819640 0.480421 0.716813 0.828474 0.525299 0.576502 0.475458 0.811462 0.381283 0.654112 47.689656
0.828551 0.504432 0.782146 0.691779 0.522357 0.713103 0.379750 0.743812 0.437854 0.488692 47.776282
0.782271 0.477467 0.734833 0.799997 0.555169 0.821561 0.513575 0.557678 0.565676 0.647175 49.799466
0.753997 0.437950 0.774373 0.924639 0.513565 0.729042 0.393701 0.836832 0.488047 0.640289 48.149636
0.856414 0.042992 0.576893 0.829982 0.736957 0.058881 0.461429 0.317733 0.748013 0.953127 20.501195
0.785560 0.536956 0.809923 0.734775 0.669254 0.610317 0.417126 0.722123 0.545952 0.665279 46.829126
0.772752 0.474413 0.793264 0.520339 0.483917 0.277551 0.549554 0.870619 0.565495 0.616250 39.004962
0.792639 0.469368 0.754994 0.809340 0.479797 0.856319 0.468333 0.754454 0.550610 0.617693 51.030087
0.765670 0.515971 0.786322 0.707817 0.434210 0.730524 0.427319 0.668243 0.601490 0.638903 49.161910
0.811053 0.490947 0.740293 0.875561 0.605111 0.683463 0.500279 0.629254 0.429883 0.679144 49.763736
0.791881 0.423643 0.762387 0.702229 0.434923 0.650121 0.561442 0.673040 0.532819 0.526152 49.111180
0.387825 0.849848 0.574889 0.852550 0.678726 0.562796 0.120674 0.370704 0.565558 0.158291 0.000000
0.798248 0.485948 0.719234 0.618207 0.443431 0.809814 0.495520 0.692792 0.572186 0.596145 48.551803
0.761619 0.461696 0.807123 0.697660 0.431628 0.688230 0.752594 0.767363 0.487170 0.701415 46.031151
0.804925 0.428093 0.767590 0.718758 0.186686 0.621379 0.487934 0.698104 0.578546 0.476012 44.133010
0.773160 0.439632 0.727586 0.902100 0.466443 0.773784 0.391927 0.737737 0.490133 0.656851 49.727526
0.783913 0.469629 0.713404 0.700836 0.499387 0.661999 0.497546 0.784293 0.388373 0.462753 47.304225
0.642094 0.364575 0.554368 0.315074 0.424437 0.885750 0.798746 0.318277 0.596533 0.784305 29.360121
0.788360 0.480223 0.753530 0.792389 0.489663 0.745996 0.528923 0.707912 0.460999 0.621164 53.186423
0.813995 0.399589 0.777770 0.700815 0.468092 0.774184 0.303555 0.756033 0.544209 0.541212 47.119257
0.725425 0.242465 0.989892 0.035069 0.299342 0.122749 0.212323 0.245909 0.557666 0.302610 18.007705
0.797818 0.441001 0.765034 0.743865 0.381953 0.714289 0.585952 0.799667 0.422244 0.539997 48.606451
0.859680 0.482637 0.757153 0.743152 0.470098 0.755760 0.595053 0.759920 0.495363 0.605767 49.264024
0.822898 0.471133 0.739048 0.653699 0.500057 0.759900 0.463793 0.500000 0.539355 0.541658 47.419310
0.795440 0.420394 0.799223 0.807839 0.487637 0.745060 0.535247 0.685628 0.516661 0.475249 49.388916
0.828211 0.499263 0.761490 0.883382 0.430820 0.746802 0.425758 0.730180 0.462778 0.741540 49.481785
0.772048 0.488305 0.803749 0.811880 0.536066 0.800465 0.467705 0.605236 0.434131 0.710481 49.830098
0.798218 0.401197 0.745314 0.917050 0.626384 0.617615 0.593988 0.662505 0.500000 0.561090 47.403327
0.793643 0.467227 0.710216 0.717331 0.386431 0.674985 0.519302 0.766677 0.423909 0.812183 47.428519
0.821187 0.437549 0.712819 0.811938 0.662123 0.660161 0.614668 0.561449 0.484890 0.855328 45.260549
0.555643 0.533482 0.833222 0.831908 0.096609 0.279533 0.874531 0.949844 0.115570 0.082309 0.000000
0.781630 0.459276 0.762701 0.131373 0.520731 0.663794 0.505148 0.801449 0.612637 0.669997 36.118347
0.779598 0.491879 0.761904 0.726285 0.319305 0.659308 0.591805 0.621153 0.496860 0.526675 47.497689
0.795596 0.469597 0.725312 0.717046 0.542708 0.681759 0.530685 0.688651 0.644099 0.599728 49.452830
0.797446 0.452124 0.095221 0.957241 0.528478 0.515759 0.339107 0.650249 0.516825 0.629098 0.000000
0.815525 0.513385 0.773363 0.917798 0.502074 0.802109 0.591901 0.628254 0.470619 0.567204 49.072307
0.795404 0.529989 0.779842 0.800412 0.564455 0.778185 0.559750 0.608294 0.481492 0.475978 48.384927
0.783535 0.475159 0.779234 0.837258 0.569278 0.751452 0.377710 0.609257 0.465047 0.672364 50.013401
0.765228 0.460473 0.714502 0.673699 0.494632 0.639911 0.473805 0.794753 0.382503 0.716810 47.645358
0.796958 0.485185 0.757882 0.704779 0.464835 0.756217 0.516262 0.667225 0.524245 0.601669 51.737653
0.799326 0.492469 0.811826 0.849639 0.505612 0.731209 0.601136 0.674834 0.483355 0.524212 49.467454
0.181114 0.122248 0.715842 0.531398 0.612227 0.926681 0.556484 0.125620 0.619416 0.946349 0.000000
0.778438 0.481295 0.745842 0.896749 0.404197 0.716322 0.461813 0.661098 0.727251 0.721729 47.066699
0.814201 0.495011 0.768945 0.830471 0.491331 0.930416 0.415050 0.679001 0.514327 0.682327 48.884949
0.779294 0.521345 0.768301 0.933810 0.436815 0.782703 0.674776 0.600439 0.465138 0.747380 46.890158
0.825882 0.506526 0.766292 0.907639 0.526279 0.758196 0.467065 0.723193 0.530717 0.648930 50.500682
0.800747 0.543673 0.809198 0.860211 0.516554 0.740238 0.445704 0.611839 0.539731 0.509205 48.137158
0.769522 0.410868 0.752931 0.957892 0.497648 0.768392 0.482632 0.692509 0.355175 0.661861 48.169555
0.718761 0.479797 0.736398 0.753315 0.446615 0.611350 0.813806 0.144591 0.418715 0.722833 36.188356
0.822209 0.495051 0.757446 0.805847 0.574122 0.769995 0.599927 0.611152 0.462285 0.780076 48.836337
0.794064 0.471404 0.793743 0.787624 0.371261 0.744246 0.622242 0.733630 0.431321 0.744758 48.659214
0.832488 0.444966 0.722099 0.730462 0.554738 0.692215 0.468452 0.798469 0.406770 0.625605 49.056216
0.818531 0.491192 0.750953 0.795480 0.524771 0.828245 0.585287 0.652034 0.455390 0.636396 50.757061
0.828852 0.187545 0.258028 0.392709 0.740549 0.459334 0.335770 0.829578 0.083983 0.137934 0.000000
0.776995 0.451464 0.826197 0.948126 0.578982 0.707700 0.582586 0.733931 0.570059 0.679240 47.938045
0.151742 0.239843 0.580143 0.707069 0.991036 0.256578 0.869351 0.169258 0.403405 0.047275 0.000000
0.784893 0.404180 0.753798 0.673889 0.444958 0.636242 0.578246 0.743321 0.489481 0.683986 48.628178
0.813815 0.429041 0.750655 0.871669 0.495869 0.734524 0.473878 0.744661 0.441480 0.683872 51.027034
0.800737 0.449787 0.738616 0.697932 0.445578 0.703557 0.511652 0.744613 0.488396 0.732018 50.334581
0.782478 0.538299 0.681850 0.675513 0.575746 0.801265 0.359355 0.871069 0.653987 0.600429 44.531102
0.845923 0.515313 0.772852 0.744036 0.400674 0.724289 0.469525 0.773475 0.598854 0.597277 48.530996
0.791282 0.453631 0.782642 0.806319 0.378773 0.642268 0.562623 0.674524 0.462255 0.577721 49.705389
0.815870 0.504865 0.759855 0.714731 0.532080 0.785598 0.384108 0.576751 0.435020 0.789026 47.755493
0.811333 0.454325 0.726586 0.872382 0.617655 0.769020 0.500000 0.653856 0.500000 0.606792 50.302069
0.800096 0.458196 0.730326 0.823509 0.474775 0.650063 0.522861 0.800281 0.573437 0.629281 50.088076
0.779101 0.518803 0.771389 0.785230 0.521216 0.818730 0.436456 0.721141 0.507015 0.781758 49.351346
0.764335 0.051843 0.707055 0.921307 0.460985 0.713232 0.370680 0.884069 0.598864 0.658740 32.625963
0.813097 0.457833 0.744242 0.766269 0.571080 0.764630 0.590800 0.664378 0.535503 0.594279 50.953480
0.626927 0.741275 0.711786 0.456939 0.104972 0.718727 0.751409 0.388170 0.524167 0.686756 0.000000
0.812036 0.472186 0.745748 0.794824 0.471852 0.716383 0.502007 0.649937 0.549014 0.731299 51.453972
0.810445 0.410657 0.760159 0.900976 0.388466 0.752270 0.411257 0.933297 0.445998 0.746367 45.753403
0.820527 0.458896 0.747218 0.697315 0.500533 0.841917 0.448600 0.628642 0.597818 0.611879 49.464471
0.799893 0.483918 0.755032 0.872774 0.416268 0.669309 0.422492 0.700550 0.493623 0.593217 50.422108
0.794843 0.491187 0.780085 0.836363 0.630064 0.709427 0.501456 0.558748 0.491711 0.629289 49.427945
0.792591 0.459251 0.751097 0.830600 0.510184 0.715500 0.421362 0.683454 0.504896 0.636559 52.409187
0.817195 0.461266 0.789043 0.818017 0.518477 0.827386 0.535720 0.605962 0.614156 0.710100 49.504438
0.811623 0.418662 0.747272 0.842657 0.603837 0.771619 0.519909 0.714494 0.488345 0.730073 50.095841
0.756669 0.452233 0.723000 0.827695 0.470511 0.777882 0.807074 0.637898 0.463865 0.747088 45.182571
0.801920 0.957819 0.467290 0.683755 0.137457 0.179833 0.251394 0.885159 0.222099 0.114078 0.000000
0.373264 0.570293 0.695503 0.345945 0.193738 0.448466 0.381593 0.712745 0.800901 0.390261 0.000000
0.793562 0.447003 0.757233 0.791332 0.490436 0.869739 0.382463 0.651292 0.635680 0.661748 48.810834
0.764459 0.443889 0.712462 0.853897 0.528231 0.778316 0.446936 0.637066 0.581007 0.631966 49.857535
0.771506 0.518077 0.734895 0.688844 0.466206 0.629064 0.488321 0.664904 0.572370 0.673579 48.923310
0.805999 0.438082 0.755988 0.876423 0.394316 0.826736 0.517436 0.728055 0.506581 0.563879 49.912299
0.763476 0.438476 0.746347 0.749389 0.551478 0.676409 0.500782 0.651505 0.654747 0.776437 48.106045
0.769002 0.263673 0.129361 0.402500 0.051505 0.680733 0.455600 0.666778 0.932911 0.827579 0.000000
0.807135 0.492503 0.785525 0.929568 0.483185 0.678948 0.462693 0.740476 0.677130 0.720479 47.799751
0.809511 0.154779 0.622543 0.722732 0.805914 0.136402 0.428241 0.867518 0.876458 0.592670 26.925619
0.775635 0.455630 0.711695 0.923990 0.511788 0.781459 0.508940 0.611003 0.498512 0.690196 49.527017
0.833758 0.462967 0.768857 0.830879 0.441945 0.822651 0.498476 0.783571 0.615462 0.776724 48.326994
0.914734 0.023656 0.743420 0.799467 0.283122 0.808374 0.428906 0.857959 0.482128 0.731011 30.125155
0.510579 0.102889 0.121277 0.245861 0.032937 0.196426 0.004356 0.552861 0.836832 0.308700 0.000000
0.180285 0.571384 0.746790 0.088671 0.352687 0.188003 0.118802 0.429535 0.023281 0.778059 0.000000
0.792411 0.487411 0.730505 0.807875 0.541626 0.662391 0.481835 0.753660 0.453045 0.532121 50.090219
0.809841 0.471049 0.744370 0.942386 0.501961 0.725553 0.489586 0.636230 0.413754 0.640921 49.924340
0.840466 0.441596 0.734176 0.829129 0.667270 0.693770 0.522016 0.761508 0.546174 0.646273 48.542384
0.773553 0.453821 0.770908 0.789763 0.542014 0.772539 0.486865 0.748523 0.541509 0.667241 51.968147
0.775922 0.469999 0.777599 0.887005 0.410753 0.857437 0.558830 0.630274 0.336599 0.864361 45.665552
0.763656 0.505524 0.802780 0.672688 0.445352 0.833284 0.523983 0.546633 0.566431 0.749172 47.086134
0.800026 0.443453 0.795333 0.688979 0.434814 0.771918 0.606512 0.601649 0.599777 0.646653 48.695435
0.796094 0.500000 0.759855 0.500000 0.500000 0.743698 0.500000 0.692479 0.500000 0.500000 45.853212
0.820504 0.452237 0.742963 0.893083 0.508110 0.812312 0.443522 0.661683 0.409942 0.703734 49.844582
0.799521 0.448916 0.757832 0.797912 0.495679 0.674876 0.509353 0.625108 0.519411 0.597512 51.912409
0.797986 0.494048 0.799827 0.798847 0.651146 0.753893 0.511617 0.748235 0.615684 0.659230 48.933931
0.820279 0.507603 0.769115 0.774400 0.439360 0.863129 0.552971 0.677320 0.631018 0.657014 48.990501
0.796871 0.454759 0.773909 0.911470 0.423808 0.799135 0.472763 0.675240 0.484686 0.686566 50.569550
0.811240 0.467177 0.771049 0.733363 0.529358 0.852508 0.510799 0.605848 0.478927 0.786947 49.012198
0.820193 0.435929 0.476486 0.338904 0.226316 0.760477 0.694842 0.805930 0.743889 0.827641 0.000000
0.792502 0.523454 0.696937 0.781304 0.545781 0.772663 0.426426 0.625557 0.489817 0.647822 49.378306
0.809004 0.462052 0.731204 0.732556 0.394301 0.818844 0.499651 0.781485 0.419496 0.719640 49.110493
0.787152 0.464036 0.795293 0.692982 0.523655 0.737297 0.462120 0.662926 0.522008 0.699084 50.811968
0.157894 0.496900 0.779915 0.875190 0.143391 0.677915 0.290948 0.350676 0.127021 0.697117 0.000000
# OSA solutions
0.801570 0.438722 0.750268 0.838572 0.451664 0.765247 0.515183 0.653806 0.561989 0.578361 51.452511
0.816358 0.506519 0.766653 0.771861 0.523042 0.706543 0.498650 0.644859 0.464460 0.683024 51.514038
0.828126 0.489635 0.771297 0.786919 0.554090 0.766324 0.478786 0.729223 0.522223 0.692237 51.427653
0.781556 0.458944 0.746341 0.789556 0.455011 0.713630 0.474816 0.640324 0.415380 0.634385 51.548498
0.804505 0.466425 0.781524 0.775275 0.472111 0.742443 0.528237 0.686104 0.484452 0.567114 52.273155
0.812036 0.472186 0.745748 0.794824 0.471852 0.716383 0.502007 0.649937 0.549014 0.731299 51.453972
0.787939 0.442876 0.756174 0.782498 0.492020 0.730257 0.557239 0.648253 0.505390 0.668361 52.440700
0.803481 0.475679 0.770822 0.852449 0.513746 0.774100 0.490263 0.773913 0.460192 0.653901 51.806601
0.809118 0.446044 0.718530 0.746922 0.511437 0.786667 0.523175 0.703523 0.519518 0.644753 51.587608
0.787413 0.482918 0.781994 0.721296 0.515784 0.727685 0.445941 0.689801 0.486260 0.626809 51.876648
0.803851 0.463540 0.726328 0.746383 0.509493 0.701144 0.469581 0.643402 0.525228 0.683943 51.531412
0.784567 0.467615 0.748889 0.730149 0.453822 0.789467 0.491435 0.722919 0.436316 0.670168 51.538195
0.793968 0.488781 0.756311 0.795899 0.477570 0.690454 0.485088 0.659076 0.432853 0.683154 51.870476
0.785666 0.483425 0.808287 0.809426 0.522804 0.734244 0.517580 0.702813 0.564219 0.642609 51.449901
0.809911 0.453082 0.731016 0.829338 0.539654 0.722818 0.480246 0.689587 0.526733 0.649137 52.291530
0.800889 0.488847 0.761223 0.832822 0.524782 0.697331 0.563969 0.761542 0.478828 0.648696 51.601276
0.797600 0.470173 0.768130 0.737080 0.499541 0.732857 0.608428 0.660070 0.504062 0.626860 51.426009
0.780243 0.490976 0.790308 0.830661 0.494052 0.745417 0.522900 0.713200 0.543018 0.608434 51.956811
0.797355 0.486991 0.791587 0.747459 0.524787 0.725691 0.427133 0.674314 0.536189 0.623924 51.503640
0.796072 0.472591 0.751583 0.788317 0.578585 0.780701 0.523414 0.728168 0.432428 0.663249 51.653101
0.791774 0.458776 0.718574 0.752442 0.510004 0.768590 0.566971 0.724542 0.485495 0.642063 51.490883
0.803505 0.482040 0.778976 0.719280 0.473046 0.734167 0.512369 0.728794 0.513215 0.669015 51.991574
0.829264 0.501933 0.755572 0.816622 0.512532 0.743753 0.544630 0.691142 0.487880 0.630478 51.776793
0.795368 0.426347 0.751797 0.789200 0.525477 0.669511 0.490901 0.692339 0.446715 0.648601 51.667152
0.810201 0.460000 0.737049 0.774345 0.525420 0.728213 0.547411 0.649302 0.446545 0.591575 51.703986
0.802878 0.464020 0.761459 0.813982 0.478208 0.766156 0.541070 0.741212 0.523986 0.644035 52.861133
0.786128 0.454895 0.797237 0.797020 0.528943 0.735680 0.560735 0.722067 0.521035 0.677461 51.757097
0.796473 0.479219 0.756367 0.874030 0.495343 0.689311 0.516924 0.640535 0.506302 0.691134 51.616191
0.781326 0.452405 0.737822 0.810991 0.514953 0.706819 0.561081 0.647852 0.513693 0.704853 51.523834
0.816258 0.478276 0.758642 0.735965 0.523393 0.790134 0.538636 0.689775 0.501685 0.710488 51.560375
0.824106 0.476014 0.749585 0.799203 0.465177 0.788703 0.521562 0.711684 0.502263 0.660528 52.264718
0.803133 0.466782 0.778989 0.799461 0.432412 0.743297 0.468874 0.693799 0.434869 0.677304 51.895041
0.785592 0.471269 0.766032 0.842713 0.442412 0.773915 0.509383 0.706631 0.562226 0.652926 52.080636
0.813345 0.479131 0.764984 0.802999 0.545915 0.807953 0.453514 0.711151 0.490238 0.644019 52.108307
0.796132 0.467509 0.795031 0.864198 0.467423 0.764748 0.565233 0.671738 0.484916 0.630961 51.542965
0.813165 0.490996 0.765357 0.775120 0.523079 0.741641 0.500025 0.665711 0.513956 0.622782 52.838133
0.781812 0.454992 0.759198 0.782054 0.503376 0.725676 0.569850 0.648569 0.455909 0.663416 52.065852
0.792560 0.492238 0.753781 0.813530 0.462472 0.814538 0.479709 0.682574 0.424067 0.633457 51.598196
0.797637 0.483276 0.739178 0.802269 0.401957 0.745996 0.500000 0.715067 0.514814 0.623377 51.794195
0.792591 0.459251 0.751097 0.830600 0.510184 0.715500 0.421362 0.683454 0.504896 0.636559 52.409187
0.775307 0.469939 0.766504 0.800685 0.531065 0.769043 0.503427 0.675434 0.502051 0.629265 53.110091
0.791067 0.471505 0.770707 0.797127 0.499978 0.685674 0.447083 0.683438 0.460908 0.558893 51.630999
0.778721 0.474121 0.736892 0.789902 0.528290 0.734023 0.530179 0.723790 0.524967 0.708554 51.912169
0.787051 0.474406 0.748744 0.875320 0.500134 0.732151 0.553508 0.704479 0.567263 0.647762 51.630006
0.786086 0.467792 0.742559 0.779807 0.584072 0.760328 0.498767 0.771459 0.469824 0.647804 51.447016
0.788500 0.485651 0.752907 0.837339 0.490555 0.751749 0.472328 0.757920 0.497454 0.589611 52.096251
0.796958 0.485185 0.757882 0.704779 0.464835 0.756217 0.516262 0.667225 0.524245 0.601669 51.737653
0.778104 0.440556 0.746119 0.786441 0.473592 0.809252 0.458405 0.660025 0.526872 0.687693 51.576410
0.793841 0.444843 0.774044 0.720315 0.480895 0.777246 0.485151 0.633177 0.553906 0.619020 51.473874
0.806099 0.482184 0.766237 0.792815 0.454432 0.666825 0.451307 0.722224 0.466210 0.652300 51.719990
0.794635 0.444457 0.733816 0.837967 0.472607 0.719475 0.479431 0.660257 0.535985 0.568557 51.589017
0.787140 0.485360 0.785792 0.787003 0.536210 0.678006 0.530344 0.695837 0.517764 0.678332 51.867671
0.802751 0.496887 0.752197 0.850503 0.514765 0.752892 0.478198 0.677819 0.536418 0.717639 51.651885
0.799420 0.465562 0.764621 0.871471 0.504606 0.730221 0.549600 0.638909 0.565987 0.673273 51.476568
0.799521 0.448916 0.757832 0.797912 0.495679 0.674876 0.509353 0.625108 0.519411 0.597512 51.912409
0.790477 0.473934 0.732491 0.841314 0.570668 0.793259 0.537883 0.693408 0.477467 0.626839 51.619497
0.773553 0.453821 0.770908 0.789763 0.542014 0.772539 0.486865 0.748523 0.541509 0.667241 51.968147
0.817389 0.458924 0.747927 0.838278 0.513972 0.722446 0.513733 0.689253 0.456428 0.692523 52.158119
0.800802 0.465788 0.746154 0.774921 0.507330 0.698322 0.467231 0.716409 0.498759 0.628340 52.954693
0.799530 0.478161 0.751960 0.783860 0.454343 0.823303 0.484939 0.721676 0.515886 0.614094 52.088442
0.808337 0.496446 0.742347 0.779125 0.531078 0.797821 0.442524 0.661729 0.508149 0.650674 51.753490
0.789680 0.501899 0.745613 0.834841 0.525658 0.725796 0.540631 0.712336 0.538425 0.637115 52.052275
0.788840 0.424648 0.747341 0.758119 0.477405 0.729703 0.549291 0.653422 0.470797 0.618921 51.741329
0.783859 0.452378 0.751017 0.773254 0.562406 0.733759 0.512761 0.764582 0.474972 0.639264 51.946134
0.785836 0.474254 0.762288 0.765162 0.442305 0.684719 0.442080 0.724435 0.481291 0.657034 51.776117
0.812051 0.478155 0.774630 0.801517 0.436823 0.726611 0.430727 0.669153 0.458372 0.692601 51.429424
0.805218 0.457232 0.751719 0.817043 0.516402 0.764894 0.559643 0.636920 0.560405 0.619339 51.901802
0.777668 0.472943 0.758240 0.793280 0.488769 0.663783 0.457994 0.691591 0.541598 0.680776 51.748764
0.788360 0.448063 0.780798 0.716438 0.549395 0.727494 0.478914 0.717229 0.533490 0.613125 51.617693
0.800565 0.457253 0.749181 0.848647 0.547669 0.739379 0.489364 0.619558 0.540830 0.602545 51.725471
0.818417 0.468742 0.763958 0.866805 0.515958 0.742695 0.512800 0.732471 0.539703 0.613657 51.986907
0.812617 0.472218 0.739409 0.877882 0.490282 0.749895 0.562415 0.685560 0.518672 0.601427 51.526684
0.785561 0.465640 0.727115 0.804679 0.531815 0.720313 0.586525 0.698105 0.453602 0.638720 51.438150
0.787475 0.436257 0.770045 0.839946 0.514878 0.739949 0.464937 0.649515 0.542825 0.636236 52.182142
0.792247 0.432782 0.751894 0.793705 0.476417 0.770526 0.445223 0.723657 0.455675 0.593973 51.851202
0.798096 0.461541 0.748487 0.830659 0.480690 0.635142 0.475422 0.688806 0.476298 0.665489 51.531691
0.801074 0.464852 0.762233 0.809931 0.493392 0.719630 0.528016 0.656685 0.490712 0.685912 53.018375
0.798208 0.467064 0.759829 0.737428 0.541445 0.707123 0.546483 0.727551 0.543137 0.581274 51.598686
0.798170 0.508584 0.749864 0.783020 0.529097 0.739897 0.525146 0.653768 0.530198 0.653230 52.127663
0.791149 0.460462 0.758769 0.848267 0.498559 0.768597 0.491482 0.754945 0.554923 0.626641 52.193179
0.787686 0.451443 0.754651 0.839934 0.493072 0.783962 0.544891 0.722834 0.486601 0.663866 52.510324
0.780182 0.440103 0.788104 0.772657 0.454386 0.729222 0.546807 0.752447 0.505064 0.626575 51.560018
0.805630 0.481230 0.780942 0.807993 0.471777 0.722258 0.586477 0.690602 0.486846 0.649254 51.970291
0.784039 0.454937 0.743892 0.718076 0.484011 0.782489 0.531657 0.649150 0.466514 0.668392 51.622170
0.785302 0.479798 0.757438 0.754253 0.530816 0.720746 0.453019 0.737784 0.451514 0.713502 51.452699
0.800491 0.495814 0.738298 0.838958 0.483130 0.680750 0.523128 0.716754 0.512644 0.583900 51.547048
0.815461 0.445349 0.753545 0.867538 0.450534 0.731995 0.532169 0.662473 0.524963 0.610193 51.675691
0.796587 0.483217 0.747156 0.783184 0.484829 0.783711 0.441309 0.681360 0.426515 0.619687 51.862500
0.785913 0.445209 0.801479 0.747578 0.505690 0.800704 0.487729 0.676048 0.520698 0.641362 51.578390
0.787167 0.505626 0.777123 0.782989 0.552611 0.729469 0.509255 0.672517 0.497512 0.591851 51.880029
0.796364 0.425728 0.755603 0.793436 0.562084 0.757410 0.460779 0.724419 0.469728 0.627559 51.879775
0.763725 0.467009 0.734941 0.771284 0.490026 0.693666 0.506577 0.677818 0.503949 0.598475 51.690049
0.800509 0.419386 0.766911 0.728077 0.511443 0.786031 0.481069 0.699362 0.529362 0.659643 51.582522
0.797647 0.450204 0.779427 0.840836 0.480062 0.824507 0.505830 0.720703 0.517421 0.607291 51.873369
0.797889 0.438899 0.738905 0.868140 0.504995 0.766289 0.442594 0.673402 0.443349 0.654748 51.433755
0.806838 0.480529 0.743908 0.765011 0.581015 0.803326 0.516570 0.712005 0.484719 0.659886 51.652840
0.800695 0.458504 0.759577 0.758325 0.524892 0.793100 0.513592 0.712151 0.558449 0.663399 52.365554
0.800389 0.456552 0.786936 0.832069 0.470640 0.740871 0.513279 0.699374 0.581911 0.646836 51.957734
0.788360 0.480223 0.753530 0.792389 0.489663 0.745996 0.528923 0.707912 0.460999 0.621164 53.186423
0.815193 0.445859 0.726733 0.754692 0.481469 0.768166 0.529035 0.747432 0.461696 0.636596 51.478023
0.792913 0.434945 0.759326 0.757724 0.480837 0.793319 0.483151 0.678474 0.519057 0.554144 51.578942
0.786908 0.486255 0.745615 0.860615 0.486935 0.753481 0.530658 0.683082 0.516531 0.594935 52.197010
0.779792 0.486731 0.786064 0.823350 0.477859 0.681929 0.523390 0.723566 0.491816 0.636060 51.931437
0.792009 0.486499 0.769152 0.794878 0.551747 0.738015 0.503256 0.675031 0.502363 0.571328 52.316784
0.806288 0.455582 0.763007 0.853521 0.520006 0.791293 0.443530 0.727929 0.443868 0.595314 51.518134
0.794951 0.461862 0.803072 0.796177 0.546806 0.763847 0.539404 0.659516 0.553528 0.672659 51.442188
0.795144 0.456017 0.768308 0.851857 0.432831 0.757650 0.553636 0.675780 0.501390 0.591328 51.802253
0.795155 0.441979 0.760963 0.824051 0.437866 0.768502 0.493715 0.676444 0.469743 0.589469 52.169865
0.801876 0.467100 0.783943 0.776634 0.511419 0.783673 0.412322 0.740439 0.523615 0.660982 51.589780
0.783852 0.449915 0.787586 0.771963 0.447766 0.714814 0.565037 0.706389 0.475278 0.598246 51.554824
0.805130 0.493222 0.774555 0.773522 0.499484 0.732041 0.417430 0.675782 0.493727 0.651823 52.020417
0.822626 0.467982 0.745014 0.758565 0.496569 0.672508 0.484988 0.694997 0.550087 0.623123 51.636716
0.788088 0.450552 0.735599 0.789303 0.469190 0.754906 0.460463 0.683168 0.530836 0.561989 51.799426
0.826922 0.445905 0.781621 0.813469 0.459135 0.739255 0.542546 0.630706 0.518163 0.651818 51.445860
0.787976 0.477067 0.777920 0.825095 0.508764 0.671137 0.537472 0.644264 0.548951 0.649623 51.695291
0.833752 0.470879 0.758461 0.778939 0.455844 0.730602 0.434082 0.663754 0.492209 0.612471 51.423909
0.789997 0.447119 0.758847 0.784225 0.549394 0.769530 0.506599 0.599211 0.512548 0.589132 51.535993
0.828722 0.488492 0.762547 0.867672 0.476604 0.733074 0.536629 0.708117 0.506204 0.676937 51.461511
0.798583 0.432111 0.787612 0.766964 0.492942 0.785280 0.479650 0.708845 0.525292 0.657770 52.119414
0.799637 0.462739 0.755993 0.767543 0.510873 0.758694 0.435027 0.707489 0.493392 0.621075 52.839297
