# Party-1 optima (Phase 1b)
# x0..x(D-1) party_fit f0 f1 consensus
0.822873 0.335708 0.543700 82.712079 0.000385 82.712079 0.000385
0.748286 0.363591 0.496081 76.783650 0.000385 76.783650 0.000385
0.812469 0.327977 0.675868 72.848342 0.000385 72.848342 0.000385
0.171302 0.938199 0.411980 70.027244 42.323423 70.027244 42.323423
0.466269 0.709439 0.130565 69.411529 49.532973 69.411529 49.532973
0.415847 0.823892 0.083852 69.180627 42.323423 69.180627 42.323423
0.039333 0.284280 0.288805 68.698594 37.009569 68.698594 37.009569
0.081668 0.787592 0.526105 67.256882 42.323423 67.256882 42.323423
