# Party-1 optima (Phase 1b)
# x0..x(D-1) party_fit f0 f1 consensus
0.885440 0.874014 0.342393 0.832379 0.009890 0.991800 0.825737 0.460295 0.071629 0.737295 4.542835 3.136773 4.542835 3.136773
0.538164 0.546254 0.633619 0.822846 0.215436 0.058104 0.850659 0.471943 0.799009 0.821932 4.542835 3.136773 4.542835 3.136773
0.680931 0.465194 0.947158 0.847511 0.446548 0.745362 0.378177 0.210863 0.043792 0.514533 4.542835 1.653398 4.542835 1.653398
0.793067 0.531492 0.487586 0.995550 0.108876 0.512666 0.236774 0.386178 0.515568 0.482960 4.542835 3.136773 4.542835 3.136773
0.583964 0.978651 0.285219 0.922673 0.405641 0.446531 0.292195 0.931477 0.448813 0.869431 4.542835 1.613480 4.542835 1.613480
0.921476 0.854050 0.878129 0.811200 0.785076 0.536111 0.815462 0.076783 0.453620 0.752161 4.542835 3.136773 4.542835 3.136773
0.996458 0.580800 0.480644 0.893321 0.233063 0.795654 0.982413 0.976974 0.377462 0.757487 4.542835 3.136773 4.542835 3.136773
0.807120 0.757101 0.888257 0.916126 0.042726 0.403868 0.364972 0.368950 0.752066 0.633139 4.542835 3.136773 4.542835 3.136773
