# gen=10 mediating population
# x0..x(D-1) f0 f1 consensus
0.443395 0.324390 19.949341 43.266656 19.949341
0.566448 0.319980 19.949341 22.357928 19.949341
0.614161 0.857022 47.829286 22.357928 22.357928
0.630229 0.479290 19.949341 22.357928 19.949341
0.446285 0.482996 19.949341 53.307521 19.949341
0.588108 0.646589 19.949341 22.357928 19.949341
0.626552 0.130159 30.622311 22.357928 22.357928
0.036004 0.709370 0.073439 21.892516 0.073439
0.988331 0.740725 19.949341 0.073439 0.073439
0.207678 0.550479 1.587618 21.892516 1.587618
0.809754 0.771397 19.949341 0.073439 0.073439
0.458336 0.700138 19.949341 22.357928 19.949341
0.719505 0.000000 19.949341 0.153825 0.153825
0.268213 0.117343 23.881945 21.892516 21.892516
0.103306 0.434564 69.615269 61.252402 61.252402
0.080391 0.135003 23.881945 25.029135 23.881945
0.506415 0.383163 19.949341 22.357928 19.949341
0.392030 0.801164 0.073439 22.357928 0.073439
0.287702 0.891319 0.073439 21.892516 0.073439
0.958938 0.318114 19.949341 0.073439 0.073439
0.469945 0.523085 19.949341 38.166039 19.949341
0.640935 0.127683 22.465457 22.357928 22.357928
0.388211 0.114048 23.881945 38.728457 23.881945
0.243335 0.723320 0.073439 21.892516 0.073439
0.866045 0.608708 19.949341 0.073773 0.073773
0.420408 0.000000 23.881945 0.120384 0.120384
0.867676 0.799604 19.949341 0.073439 0.073439
0.536179 0.122209 19.949341 22.357928 19.949341
0.555961 0.653589 19.949341 22.357928 19.949341
0.090116 0.998274 0.073439 21.892516 0.073439
0.782050 0.629756 19.949341 0.073439 0.073439
0.394768 0.857692 0.073439 22.357928 0.073439
0.138500 0.446569 81.744224 82.852971 81.744224
0.624229 0.215451 19.949341 22.357928 19.949341
0.458452 0.386851 19.949341 39.720848 19.949341
0.614161 0.857022 47.829286 22.357928 22.357928
0.443680 0.234908 19.949341 22.357928 19.949341
0.783488 0.182580 87.395525 52.012887 52.012887
0.412090 0.863769 0.073439 22.357928 0.073439
0.653006 0.631137 19.949341 22.357928 19.949341
0.843438 0.268297 50.264126 0.073439 0.073439
0.816369 0.805807 19.949341 0.073439 0.073439
0.006285 0.146137 0.073439 21.892516 0.073439
0.419727 0.036693 23.881945 31.688815 23.881945
0.249028 0.255196 0.073439 21.892516 0.073439
0.310475 0.632770 0.073439 21.892516 0.073439
0.109021 0.326030 0.088701 62.730323 0.088701
0.612578 0.142098 25.473146 22.357928 22.357928
0.212956 0.978816 0.073439 21.892516 0.073439
0.793796 0.216161 62.062340 7.028559 7.028559
0.386392 0.172267 0.073439 36.895884 0.073439
0.607391 0.305379 19.949341 22.357928 19.949341
0.082787 0.584256 0.073439 21.892516 0.073439
0.455627 0.539956 19.949341 54.208840 19.949341
0.264179 0.431781 0.819775 21.892516 0.819775
0.904163 0.165695 19.949341 0.073439 0.073439
0.322620 0.072265 23.881945 3.343026 3.343026
0.130097 0.299538 0.073439 43.602024 0.073439
0.118682 0.459585 73.636970 74.710556 73.636970
0.643972 0.172730 19.949341 22.357928 19.949341
0.976746 0.475560 19.949341 0.073439 0.073439
0.472766 0.488712 19.949341 26.377152 19.949341
0.736072 0.197921 41.589989 0.175753 0.175753
0.122581 0.839393 0.073439 21.892516 0.073439
0.626552 0.130159 30.622311 22.357928 22.357928
0.864932 0.606007 19.949341 0.073439 0.073439
0.078832 0.851049 0.073439 21.892516 0.073439
0.763346 0.153247 88.939546 83.137979 83.137979
0.000000 0.389333 0.697516 21.892516 0.697516
0.964574 0.625282 19.949341 0.073439 0.073439
0.390928 0.050300 23.881945 30.090421 23.881945
0.576673 0.104628 19.949341 22.357928 19.949341
0.557480 0.522682 19.949341 22.357928 19.949341
0.863794 0.714456 19.949341 0.073439 0.073439
0.775927 0.302220 19.949341 2.124447 2.124447
0.213226 0.970552 0.073439 21.892516 0.073439
0.414061 0.105608 23.881945 22.658789 22.658789
0.987093 0.311998 19.949341 0.073439 0.073439
0.331272 0.871359 0.073439 21.892516 0.073439
0.058088 0.711894 0.073439 21.892516 0.073439
0.864689 0.789919 19.949341 0.073439 0.073439
0.464010 0.339126 19.949341 22.357928 19.949341
0.742777 0.716701 19.949341 0.073439 0.073439
0.110812 0.233206 0.073439 74.343905 0.073439
0.214854 0.976326 0.073439 21.892516 0.073439
0.236540 0.115451 23.881945 21.892516 21.892516
0.571397 0.356410 19.949341 22.357928 19.949341
0.084144 0.923918 0.073439 21.892516 0.073439
0.235237 0.329689 0.073439 21.892516 0.073439
0.652132 0.621334 19.949341 22.357928 19.949341
0.053130 0.571234 0.073439 21.892516 0.073439
0.455504 0.783684 19.949341 22.357928 19.949341
0.441940 0.611491 19.949341 33.628442 19.949341
0.634032 0.461034 19.949341 22.357928 19.949341
0.525555 0.665282 19.949341 22.357928 19.949341
0.538532 0.147646 19.949341 22.357928 19.949341
0.489679 0.051198 19.949341 0.120384 0.120384
0.721077 0.000000 20.629076 4.865073 4.865073
0.534047 0.246063 19.949341 22.357928 19.949341
0.630670 0.728876 19.949341 22.357928 19.949341
0.321332 0.796986 0.073439 21.892516 0.073439
0.759595 0.212223 68.785834 9.045955 9.045955
0.638795 0.549046 19.949341 22.357928 19.949341
0.443395 0.324390 19.949341 43.266656 19.949341
0.609290 0.095118 24.342556 22.357928 22.357928
0.614161 0.857022 47.829286 22.357928 22.357928
0.851188 0.298650 37.953546 0.073439 0.073439
0.529582 0.528971 19.949341 22.357928 19.949341
0.375208 0.959476 0.073439 22.357928 0.073439
0.246112 0.972225 0.073439 21.892516 0.073439
0.518280 0.217347 19.949341 22.357928 19.949341
0.842342 0.123730 29.813653 0.073439 0.073439
0.433873 0.875374 0.073439 22.357928 0.073439
0.813957 0.709853 19.949341 0.073439 0.073439
0.135766 0.418891 8.760691 72.766769 8.760691
0.321526 0.140149 0.073439 21.892516 0.073439
0.715058 0.104921 73.824143 0.073439 0.073439
0.372578 0.121992 23.881945 40.843596 23.881945
0.653799 0.642946 19.949341 22.357928 19.949341
0.540953 0.390229 19.949341 22.357928 19.949341
0.213161 0.310743 0.073439 21.892516 0.073439
0.111319 0.463979 53.746983 50.505649 50.505649
0.474088 0.426957 19.949341 22.357928 19.949341
0.128530 0.857902 0.073439 21.892516 0.073439
0.136356 0.187038 0.073439 23.422142 0.073439
0.594131 0.538797 19.949341 22.357928 19.949341
0.904604 0.679687 19.949341 0.073439 0.073439
0.958561 0.638570 19.949341 0.073439 0.073439
0.017145 0.738156 0.073439 21.892516 0.073439
0.627175 0.129175 19.949341 22.357928 19.949341
0.103306 0.434564 69.615269 61.252402 61.252402
0.382830 0.296145 0.073439 22.357928 0.073439
0.554250 0.666400 19.949341 22.357928 19.949341
0.825417 0.300603 19.949341 0.073439 0.073439
0.564547 0.532423 19.949341 22.357928 19.949341
0.091546 0.508340 0.640416 29.870205 0.640416
0.555445 0.264609 19.949341 22.357928 19.949341
0.169819 0.338600 0.074685 21.892516 0.074685
0.246971 0.000000 23.881945 0.120384 0.120384
0.204079 0.706131 0.073439 21.892516 0.073439
0.403537 0.121218 23.881945 24.219438 23.881945
0.084027 0.164653 0.073439 31.317542 0.073439
0.174769 0.434430 42.542723 21.892516 21.892516
0.532311 0.144631 19.949341 22.357928 19.949341
0.894403 0.009916 19.949341 0.073439 0.073439
0.502469 0.633787 19.949341 25.111806 19.949341
0.491976 0.781964 19.949341 22.357928 19.949341
0.701489 0.083208 68.672392 0.073439 0.073439
0.203613 0.944669 0.073439 24.376103 0.073439
0.454337 0.244990 19.949341 22.357928 19.949341
0.643356 0.296330 19.949341 22.357928 19.949341
0.685339 0.457163 19.949341 20.789099 19.949341
0.013909 0.766121 0.073439 21.892516 0.073439
0.448796 0.487886 19.949341 55.311132 19.949341
0.430061 0.626761 0.073439 22.357928 0.073439
0.471668 0.058544 19.949341 0.120384 0.120384
0.335194 0.267592 0.073439 22.357928 0.073439
0.274897 0.919274 0.073439 21.892516 0.073439
0.300402 0.715169 0.073439 21.892516 0.073439
0.626552 0.130159 30.622311 22.357928 22.357928
0.743989 0.039956 24.122528 23.718769 23.718769
0.456681 0.760009 19.949341 22.357928 19.949341
0.368090 0.109369 23.881945 29.297404 23.881945
0.086897 0.111138 23.881945 34.027224 23.881945
0.776002 0.176305 88.764423 79.881406 79.881406
0.572434 0.328758 19.949341 22.357928 19.949341
0.135320 0.672291 0.073439 36.110005 0.073439
0.640437 0.844503 7.912467 22.357928 7.912467
0.750226 0.246609 35.602317 0.073439 0.073439
0.728118 0.558948 19.949341 0.073439 0.073439
0.493664 0.863560 0.053791 22.357928 0.053791
0.820589 0.450670 19.949341 5.330009 5.330009
0.623444 0.258287 19.949341 22.357928 19.949341
0.026675 0.931130 0.073439 21.892516 0.073439
0.625584 0.458922 19.949341 22.357928 19.949341
0.323986 0.902999 0.073439 21.892516 0.073439
0.477061 0.353996 19.949341 22.357928 19.949341
0.618741 0.507388 19.949341 22.357928 19.949341
0.389625 0.096052 23.881945 38.229637 23.881945
0.121070 0.718464 0.073439 37.073938 0.073439
0.637497 0.694175 19.949341 22.357928 19.949341
0.110110 0.443039 76.655400 69.074423 69.074423
0.611043 0.076294 28.037047 0.120384 0.120384
0.201604 0.717185 0.073439 21.892516 0.073439
0.525955 0.041889 19.949341 0.120384 0.120384
0.861438 0.599755 19.949341 0.073439 0.073439
0.607889 0.386322 19.949341 22.357928 19.949341
0.918954 0.147566 19.949341 0.073439 0.073439
0.461516 0.969171 0.053791 22.357928 0.053791
0.725635 0.747008 19.949341 0.073439 0.073439
0.546944 0.764887 19.949341 22.357928 19.949341
0.733840 0.039657 19.949341 2.690000 2.690000
0.626552 0.130159 30.622311 22.357928 22.357928
0.203389 0.212257 0.073439 21.892516 0.073439
0.449074 0.639050 19.949341 32.527388 19.949341
0.329020 0.203284 0.073439 21.892516 0.073439
0.145926 0.830260 0.073439 22.247686 0.073439
0.295952 0.737499 0.073439 21.892516 0.073439
0.437546 0.708996 0.073439 22.357928 0.073439
0.654164 0.685232 19.949341 22.357928 19.949341
0.436298 0.677481 0.073439 22.357928 0.073439
0.352258 0.320114 0.073439 22.357928 0.073439
0.232827 0.441272 25.353812 21.892516 21.892516
0.412179 0.035583 23.881945 31.775084 23.881945
0.285068 0.453269 5.691710 21.892516 5.691710
0.063557 0.266803 0.073439 21.892516 0.073439
0.854041 0.672010 19.949341 0.261108 0.261108
0.614161 0.857022 47.829286 22.357928 22.357928
0.843364 0.338690 31.969801 0.073439 0.073439
0.827274 0.749349 19.949341 0.073439 0.073439
0.898621 0.000000 19.949341 0.073439 0.073439
0.781768 0.461652 19.949341 0.073439 0.073439
0.656640 0.764046 19.949341 0.051046 0.051046
0.833221 0.125321 19.949341 0.073439 0.073439
0.178012 0.776135 0.073439 25.788193 0.073439
0.618705 0.785828 19.949341 22.357928 19.949341
0.187205 0.635098 0.073439 21.892516 0.073439
0.075026 0.108398 23.881945 27.475506 23.881945
0.598488 0.506772 19.949341 22.357928 19.949341
0.447663 0.542176 19.949341 38.123187 19.949341
0.833340 0.576015 19.949341 1.033019 1.033019
0.476630 0.813695 19.949341 24.059190 19.949341
0.164234 0.315735 0.073439 21.892516 0.073439
0.446156 0.295639 19.949341 28.736191 19.949341
0.129760 0.455968 81.614240 89.882314 81.614240
0.961598 0.479334 19.949341 0.073439 0.073439
0.732766 0.745171 19.949341 0.073439 0.073439
0.510366 0.332894 19.949341 22.357928 19.949341
0.620214 0.635576 19.949341 22.357928 19.949341
0.056177 0.590903 0.073439 21.892516 0.073439
0.456447 0.665268 19.949341 25.605995 19.949341
0.381515 0.943558 0.073439 22.357928 0.073439
0.839376 0.083066 19.949341 0.073439 0.073439
0.450192 0.399779 19.949341 46.326324 19.949341
0.996979 0.300410 20.145953 0.073439 0.073439
0.860850 0.082070 19.949341 0.073439 0.073439
0.600177 0.293023 19.949341 22.357928 19.949341
0.624004 0.139301 19.949341 22.357928 19.949341
0.056189 0.802090 0.073439 21.892516 0.073439
0.765606 0.946887 0.053791 0.310333 0.053791
0.019158 0.444515 1.926213 21.892516 1.926213
0.734654 0.734279 19.949341 0.073439 0.073439
0.490344 0.503645 19.949341 29.683799 19.949341
0.334425 0.914204 0.073439 22.357928 0.073439
0.964028 0.386083 19.949341 0.073439 0.073439
0.114064 0.722311 0.073439 21.892516 0.073439
0.360948 0.135414 23.881945 37.719317 23.881945
0.464174 0.278320 19.949341 22.357928 19.949341
0.579957 0.106734 19.949341 22.357928 19.949341
0.629947 0.156302 19.949341 22.357928 19.949341
0.993371 0.112611 19.949341 0.073439 0.073439
0.628201 0.518344 19.949341 22.357928 19.949341
0.471426 0.843992 0.053791 22.357928 0.053791
0.452501 0.740603 19.949341 22.357928 19.949341
0.887029 0.951500 0.069644 0.172346 0.069644
0.141022 0.845768 0.073439 25.193381 0.073439
0.937858 0.782305 19.949341 0.073439 0.073439
0.802647 0.492663 19.949341 0.073439 0.073439
0.402650 0.976176 0.073439 22.357928 0.073439
0.121636 0.130159 23.881945 29.504871 23.881945
0.246905 0.053813 24.125613 0.120384 0.120384
0.557529 0.432912 19.949341 22.357928 19.949341
0.643806 0.246912 19.949341 22.357928 19.949341
0.547579 0.000000 19.949341 0.407044 0.407044
0.614161 0.857022 47.829286 22.357928 22.357928
0.218932 0.897121 0.073439 21.892516 0.073439
0.332145 0.103196 23.881945 22.357928 22.357928
0.900081 0.592932 19.949341 0.073439 0.073439
0.218498 0.629206 0.073439 21.892516 0.073439
0.374227 0.410953 0.073439 22.357928 0.073439
0.833402 0.592621 19.949341 0.562347 0.562347
0.648859 0.731609 19.949341 22.357928 19.949341
0.766527 0.167147 89.349386 78.076733 78.076733
0.558352 0.320616 19.949341 22.357928 19.949341
0.853088 0.775725 19.949341 0.073439 0.073439
0.030111 0.922879 0.073439 21.892516 0.073439
0.700745 0.242857 19.949341 0.073439 0.073439
0.504184 0.960604 0.053791 22.357928 0.053791
0.626552 0.130159 30.622311 22.357928 22.357928
0.195040 0.118586 23.881945 21.892516 21.892516
0.562759 0.259501 19.949341 22.357928 19.949341
0.452713 0.582091 19.949341 46.012406 19.949341
0.777587 0.337799 19.949341 0.408509 0.408509
0.004495 0.002930 23.881945 0.051079 0.051079
0.344965 0.935239 0.073439 22.357928 0.073439
0.427007 0.117309 23.881945 23.837667 23.837667
0.634595 0.944598 0.053791 22.357928 0.053791
0.574630 0.532494 19.949341 22.357928 19.949341
0.422843 0.157822 0.073439 23.500099 0.073439
0.436783 0.434951 0.073439 58.181730 0.073439
0.579579 0.308839 19.949341 22.357928 19.949341
0.125650 0.450467 89.675243 89.018175 89.018175
0.898324 0.090087 19.949341 0.073439 0.073439
0.401735 0.741165 0.073439 22.357928 0.073439
0.201018 0.056169 27.780590 0.051079 0.051079
0.793540 0.305009 28.071818 31.809348 28.071818
0.523809 0.463735 19.949341 22.357928 19.949341
0.568162 0.666237 19.949341 22.357928 19.949341
0.273486 0.488919 5.251980 21.892516 5.251980
0.180780 0.671507 0.073439 21.892516 0.073439
