# gen=800 mediating population
# x0..x(D-1) f0 f1 consensus
0.660969 0.049306 0.400065 0.131562 0.018520 0.746552 0.469241 0.178012 0.305914 0.405880 0.000073 0.000022 0.000022
1.000000 0.000000 0.479684 0.000000 0.799637 0.151177 0.000000 0.000000 0.000000 0.729900 0.000073 0.000022 0.000022
0.912179 0.214369 0.379829 0.317062 0.901640 0.794689 0.296885 0.814218 0.858258 0.870580 0.000073 0.000022 0.000022
0.655977 0.341558 0.403264 0.186392 0.699493 0.394243 0.021053 0.164702 0.070798 0.263799 0.000073 0.000022 0.000022
1.000000 0.000000 0.431757 0.018584 0.881539 0.110575 0.731366 0.789569 0.362944 0.000000 0.000073 0.000022 0.000022
0.754628 0.414796 0.437675 0.173194 0.666808 0.130758 0.490702 0.294474 0.565073 1.000000 0.000073 0.000022 0.000022
0.839979 0.159908 0.498223 0.444654 0.038934 0.673875 0.344634 0.159508 0.487226 0.869882 0.000073 0.000022 0.000022
0.739731 0.000000 0.471215 0.357024 0.000000 0.691060 0.514003 0.270394 0.883907 1.000000 0.000073 0.000022 0.000022
0.538292 0.156770 0.435567 0.052549 0.284083 0.469947 0.597872 0.370971 0.624027 0.491309 0.000073 0.000022 0.000022
0.859776 0.000000 0.397885 0.009141 0.300984 0.541111 0.886836 0.432930 0.459733 0.414433 0.000073 0.000022 0.000022
0.755506 0.340513 0.350564 0.000000 0.774880 0.000000 0.388328 0.246777 1.000000 0.439315 0.000073 0.000022 0.000022
0.965505 0.120920 0.402671 0.000000 0.140973 0.260993 1.000000 0.566654 1.000000 0.404879 0.000073 0.000022 0.000022
0.891358 0.389565 0.399987 0.237781 0.555818 1.000000 0.504006 0.742344 0.114958 0.794334 0.000073 0.000022 0.000022
0.912974 0.000000 0.447692 0.000000 0.678240 0.572757 0.068529 0.748063 0.349383 0.027687 0.000073 0.000022 0.000022
0.605939 0.299659 0.327368 0.283073 0.018295 0.007901 0.977955 0.448047 0.100136 0.003951 0.000073 0.000022 0.000022
0.771280 0.089181 0.407987 0.133331 1.000000 1.000000 0.799148 0.093354 0.926078 0.000000 0.000073 0.000022 0.000022
0.860579 0.322924 0.381465 0.324290 0.778330 0.718190 0.907046 0.453596 0.048791 0.365514 0.000073 0.000022 0.000022
0.561496 0.218177 0.305167 0.208655 0.300842 0.541410 0.724109 0.420462 0.660241 0.754822 0.000073 0.000022 0.000022
1.000000 0.000000 0.496629 0.000000 0.217014 0.658380 0.999914 1.000000 0.993828 0.748899 0.000073 0.000022 0.000022
0.877015 0.000000 0.413661 0.089717 0.672922 0.000000 0.299722 0.634921 0.036940 0.000000 0.000073 0.000022 0.000022
0.914254 0.133217 0.383963 0.155837 0.070786 0.295775 0.745402 0.615134 0.000000 0.194296 0.000073 0.000022 0.000022
0.890722 0.299910 0.404450 0.165015 0.077033 0.588918 0.730124 0.066133 0.482383 0.518184 0.000073 0.000022 0.000022
0.792074 0.033062 0.415799 0.041105 1.000000 0.464748 0.660364 0.429858 1.000000 0.000000 0.000073 0.000022 0.000022
0.693466 0.152505 0.273131 0.258576 1.000000 0.450682 0.693102 0.156416 0.859237 0.533564 0.000073 0.000022 0.000022
0.780359 0.243159 0.279947 0.236968 0.404485 0.898072 0.690140 0.622702 1.000000 0.815366 0.000073 0.000022 0.000022
0.889472 0.156095 0.493528 0.154023 0.417543 0.000000 0.000000 1.000000 0.835307 0.498401 0.000073 0.000022 0.000022
0.741145 0.000000 0.297326 0.000000 0.447182 0.330474 0.000000 0.000000 1.000000 0.794452 0.000073 0.000022 0.000022
1.000000 0.000000 0.326726 0.229227 0.098296 0.337724 0.926586 0.513636 0.691560 0.779231 0.000073 0.000022 0.000022
0.997592 0.343106 0.458487 0.000000 0.752598 0.000000 0.262726 0.861306 0.923149 0.870258 0.000073 0.000022 0.000022
0.988376 0.084125 0.430986 0.288587 0.837058 0.492235 0.000000 0.158313 0.128057 0.529614 0.000073 0.000022 0.000022
0.931667 0.289053 0.451726 0.372861 0.251112 0.522359 0.194300 0.707535 0.621569 0.422136 0.000073 0.000022 0.000022
0.760454 0.275507 0.331343 0.414877 0.499103 0.501399 0.347762 0.569725 0.536347 0.346988 0.000073 0.000022 0.000022
0.857952 0.000000 0.292776 0.490305 0.054413 1.000000 0.175775 0.000000 0.349436 0.000000 0.000073 0.000022 0.000022
0.563661 0.372914 0.301716 0.284999 0.514505 0.749539 0.437120 0.325297 0.567529 0.978081 0.000073 0.000022 0.000022
0.923156 0.061276 0.491886 0.000000 1.000000 0.065642 0.737204 0.458720 0.989473 0.413372 0.000073 0.000022 0.000022
0.947668 0.000000 0.422913 0.437044 0.326081 0.578472 0.105066 0.164448 0.000000 0.106002 0.000073 0.000022 0.000022
0.779591 0.101579 0.483338 0.046775 0.000000 0.785809 0.647046 0.603959 0.534544 0.000000 0.000073 0.000022 0.000022
1.000000 0.000000 0.492813 0.000000 0.326249 0.000000 0.768855 0.725895 0.733813 0.250637 0.000073 0.000022 0.000022
0.819227 0.182032 0.386457 0.436371 0.084904 0.820046 0.285685 0.389086 0.338792 0.547908 0.000073 0.000022 0.000022
0.710470 0.107555 0.407526 0.175707 0.092136 0.741261 0.436694 0.092244 0.341140 0.371221 0.000073 0.000022 0.000022
0.893671 0.000000 0.298158 0.000000 1.000000 0.616560 0.142791 0.119068 0.258319 0.154336 0.000073 0.000022 0.000022
0.733938 0.000000 0.342484 0.495378 0.434246 0.321853 0.231516 0.804955 0.900297 1.000000 0.000073 0.000022 0.000022
0.834401 0.000000 0.310187 0.252577 1.000000 0.711913 0.557395 0.027273 0.417282 0.000000 0.000073 0.000022 0.000022
1.000000 0.000000 0.317095 0.000000 0.802842 0.014236 0.517332 0.134021 0.465624 0.730496 0.000073 0.000022 0.000022
0.747702 0.244720 0.499666 0.259179 0.648128 0.512718 0.000000 0.153835 0.000000 0.044935 0.000073 0.000022 0.000022
0.553928 0.096294 0.281122 0.203383 0.014061 1.000000 1.000000 0.189416 0.366959 0.982664 0.000073 0.000022 0.000022
0.816731 0.328158 0.388057 0.463786 0.425391 0.643892 0.061590 0.382430 0.221233 0.476867 0.000073 0.000022 0.000022
0.731951 0.363470 0.485243 0.452899 0.315610 0.243076 0.773532 0.000000 0.000000 0.062412 0.000073 0.000022 0.000022
0.716971 0.144048 0.479185 0.182929 1.000000 0.609345 0.415622 0.882662 0.969841 0.665030 0.000073 0.000022 0.000022
0.573311 0.283887 0.363646 0.023406 0.220333 0.000000 0.730801 0.403367 0.184848 0.459249 0.000073 0.000022 0.000022
1.000000 0.000000 0.462556 0.000000 0.648411 0.000000 0.469545 0.502687 0.798084 0.000000 0.000073 0.000022 0.000022
0.650340 0.000000 0.401648 0.000000 0.788457 0.834111 0.000000 0.262618 0.435930 0.443564 0.000073 0.000022 0.000022
0.777463 0.318716 0.435355 0.056308 0.836820 0.000000 0.000000 0.289769 1.000000 0.165098 0.000073 0.000022 0.000022
1.000000 0.000000 0.347047 0.000000 1.000000 0.667151 0.902462 0.000000 0.361488 0.570178 0.000073 0.000022 0.000022
0.932771 0.064025 0.479320 0.164408 0.772420 0.557906 0.014081 0.000000 0.000000 0.815366 0.000073 0.000022 0.000022
0.925148 0.109960 0.290880 0.185465 0.784142 0.280681 0.280438 0.652775 0.259314 0.238691 0.000073 0.000022 0.000022
0.786172 0.367775 0.449624 0.076701 0.793827 0.407086 0.518639 0.361306 0.233082 1.000000 0.000073 0.000022 0.000022
0.553589 0.444934 0.392780 0.060131 1.000000 0.748061 0.304374 0.080884 0.332130 0.093654 0.000073 0.000022 0.000022
0.883660 0.288232 0.457382 0.302705 0.874125 0.756573 0.443519 0.000000 0.000000 0.467336 0.000073 0.000022 0.000022
0.938886 0.000000 0.317053 0.000000 1.000000 0.397018 0.094882 0.000000 0.673592 0.682580 0.000073 0.000022 0.000022
0.607789 0.097549 0.364260 0.485457 0.534975 0.651057 0.413219 0.791437 0.717702 0.806538 0.000073 0.000022 0.000022
0.548102 0.010397 0.339337 0.000000 0.893308 0.835150 0.370811 0.678228 0.729350 0.639604 0.000073 0.000022 0.000022
0.607789 0.097549 0.349283 0.485457 0.436396 0.324599 0.220655 0.858447 0.769770 0.886697 0.000073 0.000022 0.000022
1.000000 0.000000 0.486069 0.279021 0.643830 0.507226 0.021722 0.046852 0.261054 1.000000 0.000073 0.000022 0.000022
0.567441 0.187748 0.341177 0.000000 0.000000 1.000000 0.000000 0.001597 0.457059 0.506086 0.000073 0.000022 0.000022
1.000000 0.062264 0.440216 0.230734 0.339607 0.455332 0.935918 0.948249 1.000000 1.000000 0.000073 0.000022 0.000022
0.713803 0.192588 0.456906 0.089946 0.683184 0.768760 0.886434 0.577313 0.451657 0.994467 0.000073 0.000022 0.000022
0.959129 0.399092 0.431316 0.259059 0.048087 0.634819 0.666203 0.155428 0.730048 0.264629 0.000073 0.000022 0.000022
0.834809 0.000000 0.411267 0.495174 0.111696 0.849194 0.611510 0.000000 1.000000 0.019707 0.000073 0.000022 0.000022
1.000000 0.409341 0.493454 0.293395 0.316710 0.553828 0.783388 0.000000 0.918770 0.100935 0.000073 0.000022 0.000022
0.653354 0.163059 0.434871 0.000000 1.000000 1.000000 0.307076 0.995999 0.157995 0.606369 0.000073 0.000022 0.000022
1.000000 0.110683 0.451837 0.000000 0.462709 0.583371 0.467254 0.987597 1.000000 0.611947 0.000073 0.000022 0.000022
0.857577 0.148642 0.349870 0.000000 0.747961 0.151177 0.281456 0.006012 0.144605 0.300795 0.000073 0.000022 0.000022
0.799238 0.000000 0.364610 0.000000 0.000000 0.377752 0.585428 0.352554 0.000000 1.000000 0.000073 0.000022 0.000022
0.595666 0.355887 0.462067 0.096196 0.671516 0.464217 0.199512 0.006189 1.000000 0.481158 0.000073 0.000022 0.000022
0.525361 0.368344 0.338897 0.157671 0.000000 1.000000 1.000000 0.353972 0.347087 0.994855 0.000073 0.000022 0.000022
1.000000 0.279124 0.432664 0.150271 0.359043 0.658880 0.936747 0.844721 0.904113 0.437728 0.000073 0.000022 0.000022
0.697026 0.000000 0.298132 0.158410 0.032526 0.762180 0.753945 0.360402 0.428902 0.509452 0.000073 0.000022 0.000022
0.986307 0.297210 0.453650 0.242772 0.715620 0.616144 0.596024 0.833577 0.751060 1.000000 0.000073 0.000022 0.000022
1.000000 0.110683 0.417830 0.170624 0.265692 0.852687 0.519787 0.610178 0.987636 0.640926 0.000073 0.000022 0.000022
0.911371 0.248280 0.321559 0.000000 1.000000 0.853304 0.436364 0.222949 0.601050 0.010858 0.000073 0.000022 0.000022
1.000000 0.427859 0.478180 0.186377 0.218631 0.607164 0.428512 0.471426 1.000000 0.093169 0.000073 0.000022 0.000022
0.669766 0.084375 0.369381 0.473485 0.461676 0.180712 0.508637 1.000000 1.000000 1.000000 0.000073 0.000022 0.000022
0.608908 0.427100 0.499367 0.440464 0.011382 0.236986 0.565095 0.652915 0.519982 0.252145 0.000073 0.000022 0.000022
0.768074 0.194416 0.362070 0.175606 0.055696 1.000000 0.380095 0.449274 0.224161 1.000000 0.000073 0.000022 0.000022
0.947724 0.263609 0.479573 0.223614 0.899200 0.681335 0.431208 0.045387 0.966891 0.570473 0.000073 0.000022 0.000022
0.708648 0.391852 0.398618 0.178392 0.305373 0.483021 0.687401 0.406925 0.025921 1.000000 0.000073 0.000022 0.000022
0.669781 0.029977 0.272848 0.188776 1.000000 0.465318 0.564614 0.720830 0.913107 0.314114 0.000073 0.000022 0.000022
1.000000 0.000000 0.341358 0.199960 0.000000 0.934370 0.136243 0.000000 0.058351 0.932256 0.000073 0.000022 0.000022
0.771280 0.156167 0.313495 0.078405 1.000000 0.676725 0.630222 0.132923 0.747272 0.143133 0.000073 0.000022 0.000022
0.673495 0.387770 0.494221 0.000000 0.000000 0.895383 0.078187 0.839843 0.000000 0.291539 0.000073 0.000022 0.000022
0.633971 0.259669 0.356641 0.498166 0.726594 0.130150 0.292247 0.736039 0.938934 0.886658 0.000073 0.000022 0.000022
0.671403 0.180181 0.442879 0.054607 0.676365 0.683483 1.000000 0.892648 1.000000 1.000000 0.000073 0.000022 0.000022
0.805297 0.000000 0.361251 0.164679 0.384798 0.987213 0.672743 0.523888 0.350101 0.965350 0.000073 0.000022 0.000022
0.857933 0.191700 0.410184 0.451778 0.088446 0.000000 0.945436 0.000000 0.000000 0.000000 0.000073 0.000022 0.000022
0.813145 0.350459 0.311622 0.104790 1.000000 1.000000 0.268037 0.817073 0.493439 0.998129 0.000073 0.000022 0.000022
0.912591 0.005752 0.482356 0.000000 0.245499 0.945512 0.431799 0.000000 0.442740 0.776629 0.000073 0.000022 0.000022
0.710417 0.000000 0.405747 0.027806 0.890813 0.714515 0.283316 0.216718 0.538979 0.156288 0.000073 0.000022 0.000022
0.899031 0.138504 0.381635 0.000000 0.721743 0.165000 0.049081 0.206343 1.000000 0.695028 0.000073 0.000022 0.000022
0.989623 0.000000 0.470819 0.000000 0.518607 0.891454 0.184606 0.145765 0.545019 0.939830 0.000073 0.000022 0.000022
0.839891 0.393375 0.449189 0.000000 0.258493 0.865787 0.140596 0.000000 0.415710 0.516949 0.000073 0.000022 0.000022
0.573149 0.000000 0.483278 0.145366 0.000000 0.436249 0.475498 0.368004 0.010166 0.549689 0.000073 0.000022 0.000022
0.708976 0.048138 0.383134 0.000000 0.990968 0.848130 0.662476 0.098178 0.781281 0.115896 0.000073 0.000022 0.000022
0.583951 0.099658 0.476281 0.351816 1.000000 0.612950 0.239225 0.290034 0.438800 0.595477 0.000073 0.000022 0.000022
0.736102 0.248263 0.493007 0.387370 1.000000 0.599641 0.338006 0.236607 0.484612 0.654617 0.000073 0.000022 0.000022
0.963317 0.089968 0.366121 0.016665 0.000000 0.875526 1.000000 0.105752 0.391619 0.842053 0.000073 0.000022 0.000022
0.597006 0.134845 0.405520 0.000000 0.721033 0.962654 0.030834 0.000000 0.360986 0.215071 0.000073 0.000022 0.000022
0.767745 0.127721 0.349365 0.209690 0.941993 0.917693 1.000000 0.000000 0.397996 0.720105 0.000073 0.000022 0.000022
0.572344 0.340713 0.313230 0.016603 0.368506 0.106116 0.533121 0.639929 0.245668 0.530169 0.000073 0.000022 0.000022
0.638482 0.027002 0.412506 0.255730 0.344583 0.813659 0.000000 0.000000 0.440978 0.856291 0.000073 0.000022 0.000022
0.909938 0.132074 0.380361 0.052639 0.120764 0.825130 0.892388 0.967092 0.547276 1.000000 0.000073 0.000022 0.000022
0.711497 0.221408 0.382228 0.107118 0.754411 0.103098 0.000000 0.534714 0.543695 0.278932 0.000073 0.000022 0.000022
0.805297 0.076733 0.335098 0.250962 0.072090 1.000000 0.717021 0.638235 0.318086 1.000000 0.000073 0.000022 0.000022
0.915592 0.000000 0.463049 0.191218 0.165131 0.900729 0.689996 0.523198 0.608051 0.311838 0.000073 0.000022 0.000022
0.724466 0.198787 0.449410 0.000000 0.174308 0.714292 0.485829 0.264852 0.253247 0.674153 0.000073 0.000022 0.000022
0.828494 0.000000 0.399211 0.204661 0.104895 0.446257 0.684926 0.521489 0.341013 0.535373 0.000073 0.000022 0.000022
1.000000 0.297182 0.397745 0.235720 0.006971 0.699559 0.491608 0.000000 0.389808 0.369586 0.000073 0.000022 0.000022
0.775483 0.319474 0.304063 0.026697 0.396438 0.850802 0.321869 0.394566 0.151838 1.000000 0.000073 0.000022 0.000022
0.979837 0.074530 0.450239 0.208794 0.063613 0.554663 0.802584 0.243749 0.333456 0.000000 0.000073 0.000022 0.000022
1.000000 0.256597 0.323982 0.197055 0.808605 0.328529 0.355477 0.644902 1.000000 0.282760 0.000073 0.000022 0.000022
0.783085 0.000000 0.476189 0.274060 0.000000 1.000000 0.814500 0.378147 0.444023 0.591110 0.000073 0.000022 0.000022
0.797474 0.397601 0.401383 0.000000 0.122722 0.982273 0.000000 0.907035 0.279902 0.516134 0.000073 0.000022 0.000022
0.529439 0.419005 0.342416 0.230525 0.470625 1.000000 0.155100 0.334061 0.000000 0.708701 0.000073 0.000022 0.000022
0.813278 0.000000 0.495268 0.290125 0.826081 0.567260 0.223107 0.120231 0.154135 0.192429 0.000073 0.000022 0.000022
0.780515 0.000000 0.420684 0.136245 0.878978 0.363282 0.226252 0.382998 0.372101 0.414211 0.000073 0.000022 0.000022
0.828504 0.000000 0.389061 0.030322 0.000000 0.286541 0.966726 0.000000 0.000000 0.726726 0.000073 0.000022 0.000022
1.000000 0.036116 0.340411 0.000000 0.974892 0.844713 0.257188 0.323180 0.109061 1.000000 0.000073 0.000022 0.000022
0.857953 0.000000 0.306631 0.030821 0.664388 0.377346 0.431576 0.000000 0.339098 0.000000 0.000073 0.000022 0.000022
0.947012 0.000000 0.329974 0.107464 0.507280 0.410147 0.061684 0.337702 0.000000 0.461433 0.000073 0.000022 0.000022
0.620843 0.091835 0.475877 0.193903 0.555488 0.615017 0.000000 0.251832 0.591804 0.717970 0.000073 0.000022 0.000022
0.585465 0.076637 0.438021 0.137049 0.890813 0.622727 0.168480 0.170040 0.722113 0.551515 0.000073 0.000022 0.000022
0.873193 0.227526 0.488657 0.163180 0.550729 0.274922 0.846300 0.808053 0.872687 0.918778 0.000073 0.000022 0.000022
1.000000 0.142257 0.468687 0.052137 1.000000 0.346395 0.082676 0.000000 0.688318 0.311639 0.000073 0.000022 0.000022
0.725435 0.090879 0.388872 0.186797 0.511916 0.899560 0.253112 1.000000 0.357888 0.371867 0.000073 0.000022 0.000022
0.791454 0.000000 0.279142 0.000000 0.562412 0.761593 0.537994 0.473038 0.406269 0.575677 0.000073 0.000022 0.000022
0.878594 0.018457 0.381100 0.396533 0.874444 0.683000 0.257808 0.238449 0.674164 0.447735 0.000073 0.000022 0.000022
1.000000 0.000000 0.305707 0.000000 0.831617 1.000000 0.235049 0.081045 0.000000 0.334390 0.000073 0.000022 0.000022
0.644375 0.379900 0.406085 0.139599 0.296347 0.933382 0.287810 0.659165 0.253247 0.653970 0.000073 0.000022 0.000022
0.649175 0.000000 0.397135 0.046705 0.272703 0.000000 1.000000 1.000000 1.000000 0.682417 0.000073 0.000022 0.000022
0.720101 0.175215 0.486708 0.149416 0.196736 1.000000 0.000000 0.326953 0.338792 0.521837 0.000073 0.000022 0.000022
0.944218 0.193117 0.490262 0.269950 0.917543 0.000000 0.057651 1.000000 0.973743 0.530969 0.000073 0.000022 0.000022
1.000000 0.075934 0.477569 0.000000 0.749998 0.194139 0.239924 0.750501 0.898752 0.472857 0.000073 0.000022 0.000022
0.649882 0.247365 0.452458 0.098955 0.618264 0.751389 0.000000 0.206229 0.000000 0.359902 0.000073 0.000022 0.000022
0.754055 0.149670 0.380143 0.047221 0.000000 0.247377 0.962531 0.000000 1.000000 0.660031 0.000073 0.000022 0.000022
0.502742 0.254896 0.334064 0.000000 0.517652 0.875585 0.466683 1.000000 0.087026 0.560549 0.000073 0.000022 0.000022
0.858570 0.000000 0.411774 0.000000 0.827046 0.328104 0.446530 0.674876 0.177948 0.093949 0.000073 0.000022 0.000022
0.663602 0.257619 0.385424 0.234527 0.875883 0.756392 0.946194 0.525882 0.586222 0.887785 0.000073 0.000022 0.000022
0.545032 0.249718 0.434328 0.084851 0.374349 0.000000 0.000000 0.773589 1.000000 0.134699 0.000073 0.000022 0.000022
0.743114 0.211096 0.318835 0.000000 0.484995 0.540443 0.000000 0.163225 0.689460 0.980641 0.000073 0.000022 0.000022
0.793940 0.000000 0.476833 0.000000 0.682583 0.167131 0.699137 0.000000 0.726626 0.953639 0.000073 0.000022 0.000022
0.676931 0.180596 0.334645 0.240176 1.000000 0.669064 0.405399 0.038960 0.820739 0.216099 0.000073 0.000022 0.000022
0.644734 0.111150 0.329136 0.225868 0.617649 0.940083 0.658887 0.138057 0.777299 0.000000 0.000073 0.000022 0.000022
0.555881 0.198801 0.397721 0.118208 0.000000 0.925432 0.697608 0.136057 1.000000 1.000000 0.000073 0.000022 0.000022
1.000000 0.000000 0.376239 0.000000 0.715530 1.000000 0.463792 0.000000 0.364460 0.941875 0.000073 0.000022 0.000022
1.000000 0.108016 0.489872 0.000000 0.820513 0.904272 0.051815 0.072639 0.229766 1.000000 0.000073 0.000022 0.000022
0.613877 0.245550 0.356742 0.000490 0.292915 0.344115 0.000000 0.507929 0.000000 0.000000 0.000073 0.000022 0.000022
1.000000 0.048984 0.405102 0.113115 0.786109 0.018411 0.522141 0.538592 0.000000 0.029476 0.000073 0.000022 0.000022
0.698287 0.179152 0.350947 0.000000 0.690619 0.547783 0.049081 0.000000 0.956743 0.957977 0.000073 0.000022 0.000022
0.648538 0.000000 0.441962 0.362931 0.279867 0.062468 0.331473 0.865625 0.369580 0.356947 0.000073 0.000022 0.000022
0.721018 0.056225 0.363061 0.461394 0.559293 0.256300 0.313892 0.732334 0.952123 0.960181 0.000073 0.000022 0.000022
0.700496 0.065948 0.425556 0.167916 0.291626 0.197612 0.683928 0.845095 1.000000 0.647014 0.000073 0.000022 0.000022
0.766203 0.291236 0.314333 0.114932 0.531188 0.524890 0.301312 0.083710 0.500000 1.000000 0.000073 0.000022 0.000022
0.837429 0.022896 0.315254 0.301651 0.000000 1.000000 0.136243 0.000000 0.012509 0.923588 0.000073 0.000022 0.000022
0.514229 0.191036 0.340036 0.092092 0.229336 0.883295 0.024943 0.435817 0.158837 0.283141 0.000073 0.000022 0.000022
0.658139 0.000000 0.476388 0.452572 0.456086 0.899803 0.979199 0.440461 0.613467 0.182524 0.000073 0.000022 0.000022
0.856902 0.435987 0.448703 0.195059 1.000000 0.741035 0.219327 0.997579 0.814209 0.777732 0.000073 0.000022 0.000022
0.614040 0.113103 0.321217 0.086448 0.575800 0.512875 0.498086 0.736952 0.391233 0.448400 0.000073 0.000022 0.000022
0.791592 0.091063 0.443297 0.285262 0.122743 0.700024 0.143831 0.053682 0.914464 1.000000 0.000073 0.000022 0.000022
0.812413 0.143528 0.464722 0.000000 1.000000 0.415413 0.886434 0.577313 0.988672 0.916798 0.000073 0.000022 0.000022
0.796452 0.187685 0.412011 0.000000 1.000000 1.000000 0.183882 0.707343 0.028303 0.310197 0.000073 0.000022 0.000022
0.668116 0.070117 0.368147 0.233713 0.131719 0.937535 0.422471 0.807269 0.845433 0.630723 0.000073 0.000022 0.000022
0.592505 0.255442 0.369925 0.313052 0.000000 0.802674 1.000000 0.042336 0.511582 0.747838 0.000073 0.000022 0.000022
0.915759 0.180931 0.471508 0.422868 0.048859 0.478615 0.427174 0.077274 0.244909 0.085670 0.000073 0.000022 0.000022
0.998918 0.000000 0.377964 0.001957 0.608699 0.895936 0.607286 0.047582 0.410816 0.830246 0.000073 0.000022 0.000022
0.543046 0.024653 0.461703 0.237446 0.000000 0.817528 0.585642 1.000000 0.665282 0.743370 0.000073 0.000022 0.000022
0.605063 0.153764 0.366908 0.449629 0.603866 0.243157 0.320289 1.000000 1.000000 0.888866 0.000073 0.000022 0.000022
0.905348 0.018058 0.375084 0.000000 0.016449 0.339300 0.595320 0.016383 0.000000 0.803633 0.000073 0.000022 0.000022
0.749638 0.000000 0.407926 0.130086 0.000000 0.445680 0.360394 0.984661 1.000000 1.000000 0.000073 0.000022 0.000022
0.574942 0.164029 0.321720 0.205702 0.295839 1.000000 0.600935 0.188709 0.009678 0.200432 0.000073 0.000022 0.000022
0.521376 0.242455 0.472535 0.351816 1.000000 0.816424 0.569476 0.000000 0.208140 0.790453 0.000073 0.000022 0.000022
0.879069 0.050502 0.333331 0.000000 0.353477 0.000000 1.000000 0.254231 0.458643 1.000000 0.000073 0.000022 0.000022
0.758339 0.247365 0.429552 0.000000 1.000000 0.562659 0.000000 0.122147 0.036653 0.285552 0.000073 0.000022 0.000022
0.945300 0.000000 0.307199 0.000000 0.682559 0.464345 0.187760 0.583950 0.221656 0.140441 0.000073 0.000022 0.000022
0.765877 0.073050 0.377567 0.017822 1.000000 0.683267 0.651015 0.139867 1.000000 0.000000 0.000073 0.000022 0.000022
0.567491 0.151739 0.407920 0.000000 0.000000 0.596176 1.000000 0.017334 0.476301 1.000000 0.000073 0.000022 0.000022
0.700858 0.177183 0.343357 0.233462 1.000000 0.922293 0.674754 0.000000 0.989321 0.353304 0.000073 0.000022 0.000022
0.514229 0.166723 0.396832 0.205465 0.267977 1.000000 0.067226 0.387091 0.184605 0.254765 0.000073 0.000022 0.000022
0.624922 0.324015 0.351047 0.425732 0.667352 1.000000 0.451843 0.608794 0.705328 1.000000 0.000073 0.000022 0.000022
0.590112 0.152755 0.302836 0.081393 0.259635 0.467814 0.577983 0.066931 0.045443 0.509452 0.000073 0.000022 0.000022
0.802781 0.137240 0.479544 0.417351 0.061268 0.813460 0.000000 0.000000 0.167719 0.856291 0.000073 0.000022 0.000022
0.701217 0.043239 0.414042 0.414719 0.222037 0.387081 0.599224 0.382901 0.567120 0.508535 0.000073 0.000022 0.000022
0.697471 0.180596 0.311337 0.373456 1.000000 0.912780 0.283462 0.000000 0.591549 0.000000 0.000073 0.000022 0.000022
0.646226 0.285593 0.313230 0.000000 0.355476 0.439083 0.911303 0.419933 0.169453 0.403920 0.000073 0.000022 0.000022
0.770292 0.385267 0.333738 0.241811 0.428219 0.662348 0.685539 0.000000 1.000000 0.170352 0.000073 0.000022 0.000022
0.619925 0.161773 0.368879 0.461394 0.460511 0.294349 0.320470 0.521971 1.000000 1.000000 0.000073 0.000022 0.000022
1.000000 0.114113 0.458334 0.186377 0.257340 0.717739 0.697508 0.626333 0.858404 0.000000 0.000073 0.000022 0.000022
0.715917 0.000000 0.311734 0.481820 0.668941 0.335555 0.298376 0.814260 0.813180 0.995359 0.000073 0.000022 0.000022
0.908557 0.042809 0.386410 0.366388 0.229103 0.106079 0.333774 0.427937 0.794364 0.644974 0.000073 0.000022 0.000022
0.874269 0.356585 0.369500 0.000000 0.318252 0.815295 0.000000 0.887309 0.439598 0.454189 0.000073 0.000022 0.000022
1.000000 0.000000 0.490927 0.000000 0.720114 0.039840 0.000000 0.919285 0.575543 0.048042 0.000073 0.000022 0.000022
0.846311 0.000000 0.368365 0.118207 0.941993 0.739196 1.000000 0.290414 0.642205 0.846186 0.000073 0.000022 0.000022
0.866747 0.000000 0.444713 0.000000 1.000000 0.397669 0.816664 0.619486 0.592568 0.706003 0.000073 0.000022 0.000022
1.000000 0.017173 0.495981 0.075350 0.320420 0.529923 0.318231 0.065775 0.907025 0.277523 0.000073 0.000022 0.000022
0.987680 0.070257 0.352837 0.094462 0.605919 0.852095 0.246161 0.170855 0.332591 0.555141 0.000073 0.000022 0.000022
0.539748 0.128209 0.397129 0.088141 0.855335 0.909947 0.030035 0.000000 0.382059 0.688926 0.000073 0.000022 0.000022
0.717518 0.139984 0.335173 0.000000 0.431865 0.931130 1.000000 1.000000 0.912473 0.906572 0.000073 0.000022 0.000022
0.847863 0.248280 0.334810 0.046865 1.000000 1.000000 0.285033 0.048404 0.746719 0.157856 0.000073 0.000022 0.000022
1.000000 0.023403 0.478655 0.083064 0.819904 0.905784 0.316405 0.000000 0.235304 0.634320 0.000073 0.000022 0.000022
0.885584 0.126978 0.475836 0.000000 1.000000 0.358163 0.783486 0.923732 0.830277 0.820915 0.000073 0.000022 0.000022
0.585395 0.270891 0.395581 0.365827 0.403933 0.712829 0.170023 0.395813 0.036347 0.374668 0.000073 0.000022 0.000022
0.559060 0.045006 0.292546 0.007435 0.456086 0.753630 0.610439 0.805264 0.694912 0.571197 0.000073 0.000022 0.000022
1.000000 0.000000 0.309705 0.293837 0.000000 0.607912 0.464681 0.378349 0.259428 0.019443 0.000073 0.000022 0.000022
0.900512 0.087676 0.287519 0.487519 0.000000 0.519961 0.737066 0.492521 0.605287 0.310921 0.000073 0.000022 0.000022
0.736656 0.387172 0.351021 0.174874 0.336766 0.000000 0.815486 0.181798 1.000000 0.481945 0.000073 0.000022 0.000022
0.871923 0.071129 0.373238 0.190747 0.384798 0.961576 0.305749 0.214146 0.109553 0.768168 0.000073 0.000022 0.000022
0.675593 0.243908 0.460237 0.000000 0.324521 1.000000 0.763805 0.000000 0.248055 0.688589 0.000073 0.000022 0.000022
0.955416 0.181718 0.342498 0.000000 0.076309 0.234435 1.000000 0.602102 0.582346 0.456766 0.000073 0.000022 0.000022
0.934792 0.034874 0.390386 0.000000 0.673316 0.255466 0.000000 0.809619 0.658184 0.272823 0.000073 0.000022 0.000022
0.714214 0.145572 0.315393 0.308004 0.987769 0.753471 0.720627 0.323390 0.641748 0.449404 0.000073 0.000022 0.000022
0.925232 0.113586 0.365444 0.000000 0.768201 0.815977 0.359162 0.282305 0.558478 0.804221 0.000073 0.000022 0.000022
0.559183 0.416538 0.428022 0.000000 0.026159 0.683732 0.000000 1.000000 0.347556 0.394923 0.000073 0.000022 0.000022
0.788697 0.000000 0.378192 0.000000 0.177883 0.165016 0.432780 0.527923 0.122131 0.596743 0.000073 0.000022 0.000022
0.815724 0.328739 0.428839 0.126789 0.662245 0.613947 0.400488 0.700778 0.501815 0.743724 0.000073 0.000022 0.000022
0.798499 0.000000 0.441500 0.313280 0.000000 0.463457 0.527281 0.700657 1.000000 1.000000 0.000073 0.000022 0.000022
1.000000 0.000000 0.425795 0.053732 0.811493 0.000000 0.000000 0.461139 0.000000 0.000000 0.000073 0.000022 0.000022
0.730760 0.163712 0.356105 0.288609 0.814199 1.000000 0.158887 0.269317 0.277299 0.147365 0.000073 0.000022 0.000022
0.703644 0.117374 0.278717 0.389261 0.126043 0.331419 0.497146 0.742771 0.125593 0.408299 0.000073 0.000022 0.000022
0.821198 0.157307 0.417672 0.158864 0.777620 0.474814 0.806107 0.000000 0.507107 0.837323 0.000073 0.000022 0.000022
0.780803 0.080895 0.430600 0.291243 0.233237 0.588006 0.279382 0.263001 1.000000 1.000000 0.000073 0.000022 0.000022
0.682205 0.154436 0.470453 0.222547 0.559047 0.000000 0.000000 1.000000 1.000000 0.344899 0.000073 0.000022 0.000022
0.678721 0.000000 0.328758 0.000000 0.606901 0.880166 1.000000 1.000000 1.000000 0.988537 0.000073 0.000022 0.000022
1.000000 0.000000 0.446082 0.000000 0.980950 0.043588 0.046060 0.885406 0.421330 0.073824 0.000073 0.000022 0.000022
0.764356 0.000000 0.362404 0.000000 0.941194 0.729324 0.000000 0.816705 0.691518 0.467854 0.000073 0.000022 0.000022
1.000000 0.000000 0.444076 0.303952 0.174977 0.271882 0.310159 0.205281 0.637296 0.902583 0.000073 0.000022 0.000022
0.781202 0.116906 0.454151 0.429313 0.282256 0.589423 0.271103 0.418638 0.338792 0.396713 0.000073 0.000022 0.000022
0.872176 0.154319 0.456936 0.242758 0.550748 0.345547 0.189291 0.935986 0.847452 0.241692 0.000073 0.000022 0.000022
0.608898 0.249718 0.477569 0.099196 0.874349 0.149820 0.232948 0.537737 1.000000 0.134699 0.000073 0.000022 0.000022
0.771375 0.000000 0.320721 0.000000 0.665297 0.032135 0.250802 1.000000 0.630774 0.013968 0.000073 0.000022 0.000022
0.897213 0.217841 0.429773 0.117727 0.020569 0.755687 0.498580 0.280802 0.122849 0.000000 0.000073 0.000022 0.000022
0.912417 0.113586 0.355691 0.141401 0.797196 1.000000 0.369901 0.073012 0.945202 0.672406 0.000073 0.000022 0.000022
0.763867 0.425992 0.345537 0.314583 0.663389 0.370065 0.204289 0.166737 0.187527 0.818022 0.000073 0.000022 0.000022
0.561964 0.011811 0.477536 0.000000 0.215649 0.192738 1.000000 0.618890 0.918426 0.718355 0.000073 0.000022 0.000022
1.000000 0.085316 0.484476 0.000000 1.000000 0.000000 0.000000 0.245136 0.000000 0.000000 0.000073 0.000022 0.000022
1.000000 0.181718 0.284396 0.065043 0.000000 0.135951 0.995912 0.770235 0.620772 0.582809 0.000073 0.000022 0.000022
0.741710 0.043838 0.328569 0.166432 0.328776 0.521573 0.845605 0.518419 0.406470 0.394184 0.000073 0.000022 0.000022
0.687314 0.302501 0.369792 0.286648 0.807293 0.429396 0.010482 0.577476 0.480529 0.482672 0.000073 0.000022 0.000022
0.701655 0.029483 0.315515 0.000000 0.974179 0.811748 0.363476 0.372565 0.486913 0.280444 0.000073 0.000022 0.000022
0.790718 0.000000 0.361310 0.396645 0.365361 0.933112 0.116519 0.329882 0.541620 0.165289 0.000073 0.000022 0.000022
0.619067 0.324015 0.273313 0.288702 1.000000 0.763763 1.000000 0.919720 0.798703 1.000000 0.000073 0.000022 0.000022
0.784658 0.000000 0.316514 0.139511 0.429977 0.297708 0.000000 0.000000 0.955835 0.421624 0.000073 0.000022 0.000022
0.567441 0.106553 0.341177 0.008322 0.000000 1.000000 0.290097 0.000000 0.543869 0.150964 0.000073 0.000022 0.000022
0.877370 0.000000 0.494408 0.158777 1.000000 0.897066 0.953490 0.512956 0.570403 1.000000 0.000073 0.000022 0.000022
0.940686 0.316906 0.277843 0.207438 0.333427 0.298482 0.189633 0.088735 0.015203 0.384183 0.000073 0.000022 0.000022
0.798283 0.179089 0.405988 0.289670 0.031222 0.623185 0.411801 0.622398 0.470631 0.781751 0.000073 0.000022 0.000022
0.971186 0.163916 0.384170 0.286681 0.240858 0.234435 0.603961 1.000000 1.000000 0.705967 0.000073 0.000022 0.000022
0.850773 0.105124 0.382697 0.125481 1.000000 1.000000 0.000000 0.336170 0.000000 0.379158 0.000073 0.000022 0.000022
1.000000 0.000444 0.454055 0.185390 0.095773 0.384523 0.255115 0.294287 0.301068 0.656500 0.000073 0.000022 0.000022
0.674657 0.162007 0.414817 0.000000 0.769718 0.941089 0.065530 0.188563 0.593658 1.000000 0.000073 0.000022 0.000022
1.000000 0.004315 0.328945 0.384787 0.265830 0.095549 0.703453 0.298976 0.512984 0.548489 0.000073 0.000022 0.000022
0.822947 0.127187 0.360422 0.384218 0.396764 1.000000 0.153502 0.385957 0.081324 0.207136 0.000073 0.000022 0.000022
1.000000 0.241840 0.411186 0.150408 0.374125 0.472049 0.640046 0.000000 0.192275 0.402124 0.000073 0.000022 0.000022
0.788636 0.000000 0.446472 0.415149 1.000000 0.804442 0.275276 0.300097 0.799801 0.384592 0.000073 0.000022 0.000022
0.897496 0.056301 0.492324 0.024183 0.604403 0.000000 0.389490 0.679698 0.640676 0.504747 0.000073 0.000022 0.000022
0.712907 0.110740 0.396761 0.146792 0.361735 0.672368 0.610439 0.005320 0.613945 0.071197 0.000073 0.000022 0.000022
0.757925 0.151601 0.405894 0.220311 0.446317 0.423721 0.793406 1.000000 0.768348 0.667090 0.000073 0.000022 0.000022
0.742258 0.254958 0.344806 0.281661 0.724611 0.721506 0.000000 1.000000 0.246493 0.314746 0.000073 0.000022 0.000022
0.526463 0.058965 0.439691 0.000000 0.033924 0.811239 0.758788 0.810534 0.667600 0.676716 0.000073 0.000022 0.000022
0.692267 0.000000 0.395913 0.145465 0.000000 0.960090 0.539477 0.000000 0.575403 0.070237 0.000073 0.000022 0.000022
0.856925 0.088714 0.385543 0.066471 0.961132 0.244425 0.250300 0.519044 0.655973 0.462649 0.000073 0.000022 0.000022
1.000000 0.000000 0.430377 0.000000 1.000000 0.622540 0.453839 0.209981 0.517329 0.442409 0.000073 0.000022 0.000022
0.688793 0.000000 0.338795 0.145465 0.164339 1.000000 0.796562 0.367574 0.905016 0.804390 0.000073 0.000022 0.000022
0.776544 0.196201 0.290168 0.182034 0.444097 0.658858 0.713091 0.785990 1.000000 0.949404 0.000073 0.000022 0.000022
1.000000 0.079954 0.484170 0.000000 0.607804 0.806265 0.286751 0.147520 0.294052 0.858520 0.000073 0.000022 0.000022
0.902648 0.251746 0.442107 0.204793 0.501233 0.755391 0.923473 0.427932 0.632653 1.000000 0.000073 0.000022 0.000022
0.891683 0.000000 0.497494 0.385735 0.000000 0.232866 0.567183 0.397165 0.667768 0.508535 0.000073 0.000022 0.000022
0.629804 0.249557 0.401332 0.241281 0.444461 0.647474 0.481347 0.442087 0.283487 0.167155 0.000073 0.000022 0.000022
0.981610 0.000000 0.437656 0.090629 0.487842 0.000000 0.058422 0.716621 0.817212 0.491788 0.000073 0.000022 0.000022
0.595652 0.000000 0.403860 0.163067 0.106273 0.434296 0.847469 0.000000 1.000000 0.905267 0.000073 0.000022 0.000022
0.731219 0.073050 0.454415 0.000000 1.000000 0.585488 0.700765 0.289916 1.000000 0.192296 0.000073 0.000022 0.000022
0.937474 0.000000 0.336556 0.491959 0.122270 0.420736 0.630654 0.650231 0.218616 0.496272 0.000073 0.000022 0.000022
0.745825 0.284191 0.348318 0.320892 0.404016 0.610438 0.296211 0.471437 0.290331 0.251662 0.000073 0.000022 0.000022
0.743981 0.322504 0.390832 0.328581 0.719902 1.000000 1.000000 0.371172 0.118679 0.775982 0.000073 0.000022 0.000022
0.749340 0.137754 0.308125 0.276300 0.249552 1.000000 0.799703 0.191842 0.777774 0.000000 0.000073 0.000022 0.000022
0.762427 0.243356 0.452343 0.263701 0.875312 1.000000 0.104622 0.487860 0.167472 0.182958 0.000073 0.000022 0.000022
0.760025 0.147755 0.290184 0.163648 0.364740 0.674582 0.398988 0.300235 0.553569 0.000000 0.000073 0.000022 0.000022
0.539909 0.442340 0.361031 0.000000 0.308315 0.216787 0.356308 0.559919 0.224499 0.399930 0.000073 0.000022 0.000022
0.955004 0.250170 0.483643 0.141282 0.000000 1.000000 0.392850 0.103959 0.229449 0.000000 0.000073 0.000022 0.000022
0.754406 0.349205 0.338947 0.194106 0.123616 0.274922 0.706384 0.920091 0.630457 0.718673 0.000073 0.000022 0.000022
0.965634 0.251305 0.314370 0.477703 0.379262 0.105077 0.352559 0.007669 0.560730 0.000000 0.000073 0.000022 0.000022
0.965866 0.000000 0.334798 0.000000 1.000000 0.535962 1.000000 0.300962 0.000000 0.630292 0.000073 0.000022 0.000022
0.973694 0.241840 0.356289 0.164570 0.390388 0.630299 0.836822 0.000000 0.000000 0.156851 0.000073 0.000022 0.000022
1.000000 0.000000 0.445572 0.215943 0.000000 0.369401 1.000000 1.000000 0.988777 0.302544 0.000073 0.000022 0.000022
0.717108 0.350587 0.352711 0.049362 0.707718 0.063893 0.000000 0.000000 0.000000 0.370060 0.000073 0.000022 0.000022
1.000000 0.264079 0.436951 0.073919 0.640973 0.507822 0.628398 1.000000 0.907104 0.463730 0.000073 0.000022 0.000022
1.000000 0.037967 0.377754 0.149416 0.059534 0.559814 0.846970 0.234563 1.000000 0.000000 0.000073 0.000022 0.000022
0.734871 0.045660 0.380106 0.368685 0.176927 0.521268 0.579328 0.000000 0.978371 0.898047 0.000073 0.000022 0.000022
0.910495 0.000000 0.404976 0.028844 0.085566 0.420862 0.317419 0.303540 0.210412 0.424499 0.000073 0.000022 0.000022
0.561496 0.035199 0.423883 0.026523 0.540059 0.617235 0.323917 0.000000 0.053645 0.664584 0.000073 0.000022 0.000022
0.649346 0.144818 0.410996 0.035708 0.867386 0.974814 0.367002 0.163369 0.599410 0.188926 0.000073 0.000022 0.000022
0.673092 0.385404 0.289106 0.299155 0.566326 0.927869 0.420136 0.426417 0.737409 1.000000 0.000073 0.000022 0.000022
