# gen=300 mediating population
# x0..x(D-1) f0 f1 consensus
0.272960 0.342754 0.063273 0.692453 0.573137 0.812481 0.651497 0.098949 0.359853 0.820822 9.103351 9.294826 9.103351
0.272454 0.339813 0.070800 0.690763 0.612627 0.745771 0.773896 0.011930 0.336142 0.772156 9.110976 9.294826 9.110976
0.234831 0.340519 0.070106 0.691770 0.555459 0.666241 0.733858 0.215063 0.346964 0.783440 9.106058 9.294826 9.106058
0.260961 0.346189 0.063331 0.702839 0.607133 0.749098 0.723535 0.149562 0.357550 0.758277 9.101535 9.294826 9.101535
0.291072 0.346505 0.073519 0.690128 0.691061 0.713129 0.614172 0.176096 0.335830 0.777246 9.101480 9.294826 9.101480
0.285789 0.344007 0.078808 0.693512 0.562294 0.655493 0.719525 0.097452 0.346613 0.726302 9.092905 9.294826 9.092905
0.260566 0.341434 0.102902 0.695032 0.698877 0.813672 0.705800 0.378227 0.460965 0.601926 8.998414 9.294826 8.998414
0.257415 0.342358 0.077810 0.692560 0.525628 0.657085 0.790508 0.052221 0.402431 0.831059 9.092244 9.294826 9.092244
0.312411 0.338107 0.098828 0.689504 0.642418 0.899801 0.590130 0.112846 0.322242 0.769360 9.029222 9.294826 9.029222
0.250077 0.344628 0.058194 0.690153 0.604882 0.862286 0.660251 0.246610 0.377852 0.783421 9.093463 9.294826 9.093463
0.272747 0.346753 0.050393 0.692162 0.577407 0.720014 0.650061 0.178065 0.395599 0.846675 9.098209 9.294826 9.098209
0.302137 0.345020 0.095075 0.690153 0.600275 1.000000 0.722815 0.000000 0.341409 0.749549 9.034865 9.294826 9.034865
0.247898 0.337185 0.080833 0.690484 0.563358 0.660982 0.714928 0.000000 0.298791 0.752619 9.081978 9.294826 9.081978
0.175655 0.340964 0.076700 0.689304 0.526016 0.781994 0.662101 0.021530 0.348725 0.879265 9.030663 9.294826 9.030663
0.245415 0.340184 0.085255 0.694292 0.604116 0.716287 0.689751 0.002218 0.329108 0.859000 9.089560 9.294826 9.089560
0.226219 0.343634 0.082064 0.690146 0.563202 0.612586 0.664091 0.229822 0.430733 0.826229 9.089190 9.294826 9.089190
0.276562 0.339221 0.085483 0.691263 0.570357 0.722245 0.584066 0.174501 0.302283 0.787239 9.087259 9.294826 9.087259
0.270990 0.337510 0.089471 0.693633 0.469240 0.773832 0.759862 0.057890 0.431851 0.747881 9.075691 9.294826 9.075691
0.243630 0.343570 0.096347 0.690884 0.558829 0.803420 0.793721 0.086992 0.383969 0.678163 9.095095 9.294826 9.095095
0.235127 0.351642 0.057842 0.691841 0.601185 0.798547 0.592661 0.398310 0.374801 0.765331 8.994645 9.294826 8.994645
0.273692 0.336781 0.084174 0.689821 0.546676 0.750917 0.696855 0.188114 0.329531 0.668773 9.091709 9.294826 9.091709
0.231192 0.351012 0.098677 0.690721 0.629276 0.789422 0.805706 0.201539 0.524449 0.932925 9.016652 9.294826 9.016652
0.311092 0.338793 0.109199 0.689648 0.629257 0.796528 0.745006 0.143152 0.379730 0.669222 9.110657 9.294826 9.110657
0.207163 0.337806 0.062483 0.693655 0.547133 0.893419 0.898122 0.051380 0.299688 0.713569 8.994777 9.294826 8.994777
0.276495 0.341789 0.087229 0.694344 0.665238 0.721087 0.705522 0.073380 0.399562 0.809676 9.089508 9.294826 9.089508
0.265069 0.344798 0.094448 0.693021 0.499308 0.729705 0.766223 0.000000 0.349251 0.709249 9.080895 9.294826 9.080895
0.266929 0.349256 0.072401 0.700008 0.593668 0.722121 0.739566 0.107001 0.342303 0.757308 9.098305 9.294826 9.098305
0.236346 0.343330 0.080895 0.691363 0.541995 0.754645 0.770761 0.225477 0.482312 0.895756 9.080733 9.294826 9.080733
0.264626 0.338903 0.062831 0.692433 0.494184 0.662651 0.792604 0.015332 0.375358 0.812499 9.082769 9.294826 9.082769
0.279518 0.349090 0.051007 0.692500 0.599829 0.727315 0.704801 0.074413 0.386733 0.795885 9.091325 9.294826 9.091325
0.283751 0.351769 0.097117 0.691523 0.601591 0.825739 0.643820 0.178034 0.424040 0.828684 9.081933 9.294826 9.081933
0.284015 0.339659 0.052692 0.690272 0.546162 0.834389 0.708274 0.155247 0.343888 0.815712 9.103642 9.294826 9.103642
0.257700 0.348980 0.037323 0.689878 0.548065 0.722909 0.756145 0.198317 0.438956 0.827424 9.084793 9.294826 9.084793
0.251013 0.342273 0.086580 0.691073 0.572439 0.848514 0.796654 0.094823 0.419383 0.788235 9.108830 9.294826 9.108830
0.292474 0.346170 0.015818 0.692092 0.490376 0.778290 0.592520 0.180880 0.277183 0.749589 8.999706 9.294826 8.999706
0.211245 0.345745 0.073120 0.701236 0.521088 0.739856 0.793133 0.127359 0.499816 0.970965 9.024750 9.294826 9.024750
0.276562 0.339221 0.085483 0.691263 0.570357 0.722245 0.584066 0.174501 0.302283 0.787239 9.087259 9.294826 9.087259
0.260707 0.343693 0.074319 0.690277 0.550791 0.707747 0.641177 0.243565 0.336999 0.763987 9.096636 9.294826 9.096636
0.189358 0.342590 0.036656 0.689242 0.596831 0.816446 0.833779 0.219656 0.439261 0.815135 9.030182 9.294826 9.030182
0.271645 0.357299 0.089404 0.697542 0.629499 0.781728 0.724073 0.173061 0.414613 0.730953 9.081489 9.294826 9.081489
0.242819 0.338088 0.083257 0.692083 0.627212 0.731036 0.653234 0.248328 0.463076 0.867525 9.080523 9.294826 9.080523
0.229984 0.348621 0.070430 0.697538 0.605477 0.745080 0.714535 0.235783 0.351853 0.744670 9.080652 9.294826 9.080652
0.276951 0.337545 0.066226 0.690264 0.526947 0.872940 0.755873 0.221914 0.356386 0.748623 9.082295 9.294826 9.082295
0.248119 0.341094 0.092091 0.691808 0.616603 0.736023 0.700367 0.187594 0.415275 0.840043 9.104401 9.294826 9.104401
0.224423 0.340457 0.055763 0.689372 0.670503 0.817974 0.748907 0.173460 0.322826 0.830934 9.055154 9.294826 9.055154
0.246043 0.358113 0.068342 0.691717 0.593114 0.667879 0.694338 0.108385 0.409332 0.891819 9.094044 9.294826 9.094044
0.266519 0.344477 0.092228 0.697441 0.587681 0.689585 0.767479 0.220707 0.520851 0.854541 9.055994 9.294826 9.055994
0.278724 0.343184 0.096298 0.693701 0.688698 0.746092 0.635685 0.097081 0.417319 0.831703 9.058789 9.294826 9.058789
0.311174 0.337461 0.082535 0.689565 0.525645 0.882573 0.678302 0.064349 0.512739 1.000000 8.999929 9.294826 8.999929
0.275453 0.337809 0.110895 0.689258 0.585756 0.751879 0.760667 0.239843 0.454296 0.698362 9.095086 9.294826 9.095086
0.302285 0.337494 0.093536 0.691418 0.565234 0.760532 0.749647 0.000000 0.409089 0.766103 9.098712 9.294826 9.098712
0.230695 0.349323 0.082752 0.692215 0.514373 0.829143 0.718721 0.197385 0.521094 0.965338 9.034454 9.294826 9.034454
0.231874 0.342272 0.077769 0.690294 0.543166 0.741720 0.818181 0.014402 0.342735 0.729233 9.081469 9.294826 9.081469
0.287971 0.345199 0.069769 0.693807 0.630820 0.744105 0.619341 0.088140 0.348873 0.816023 9.094487 9.294826 9.094487
0.249727 0.345575 0.068922 0.692083 0.569124 0.671217 0.659615 0.106581 0.443438 0.983700 9.032465 9.294826 9.032465
0.276960 0.351765 0.088103 0.693632 0.615582 0.820323 0.660213 0.082004 0.357225 0.838912 9.087950 9.294826 9.087950
0.246561 0.344466 0.078610 0.690464 0.772507 0.758014 0.709797 0.235947 0.450450 0.831793 9.017086 9.294826 9.017086
0.194484 0.342053 0.132832 0.689359 0.607405 0.719805 0.720318 0.000000 0.409750 0.978251 8.998558 9.294826 8.998558
0.263185 0.345603 0.082361 0.689412 0.603635 0.832321 0.707408 0.052075 0.437500 0.902201 9.093836 9.294826 9.093836
0.280369 0.346730 0.056226 0.689642 0.538271 0.730129 0.713722 0.189467 0.409653 0.806367 9.105248 9.294826 9.105248
0.304897 0.340021 0.064209 0.697353 0.502686 0.819808 0.563018 0.253591 0.373853 0.751749 9.022973 9.294826 9.022973
0.267649 0.350346 0.072700 0.692883 0.599041 0.800276 0.691526 0.139779 0.422981 0.904605 9.090766 9.294826 9.090766
0.269549 0.344968 0.053748 0.690946 0.578848 0.726234 0.770209 0.091365 0.424329 0.801516 9.100371 9.294826 9.100371
0.237415 0.352156 0.097952 0.692486 0.553574 0.729450 0.746489 0.000000 0.336233 0.744092 9.086600 9.294826 9.086600
0.317542 0.339139 0.091487 0.696260 0.728728 0.856576 0.645291 0.032927 0.342874 0.839959 9.013246 9.294826 9.013246
0.215742 0.339783 0.086082 0.693710 0.504354 0.795287 0.736299 0.181627 0.447588 0.841013 9.081758 9.294826 9.081758
0.290652 0.346915 0.073784 0.693434 0.562858 0.747555 0.687552 0.082480 0.337196 0.835637 9.091718 9.294826 9.091718
0.250111 0.342448 0.044013 0.692331 0.483214 0.763958 0.544666 0.269442 0.391038 0.849900 9.009313 9.294826 9.009313
0.276687 0.340333 0.098467 0.693426 0.613448 0.804233 0.735090 0.080587 0.458123 0.904172 9.083440 9.294826 9.083440
0.278449 0.340108 0.040561 0.701621 0.513145 0.866094 0.837433 0.270430 0.435476 0.694471 9.024505 9.294826 9.024505
0.274307 0.360266 0.066199 0.691619 0.581517 0.724495 0.647405 0.095664 0.378811 0.889099 9.082685 9.294826 9.082685
0.259311 0.351873 0.082034 0.691026 0.715377 0.850163 0.774581 0.170163 0.406136 0.581607 8.998364 9.294826 8.998364
0.267285 0.342570 0.088857 0.691146 0.571200 0.757799 0.688455 0.107005 0.451139 0.772983 9.092978 9.294826 9.092978
0.248781 0.352202 0.064705 0.702691 0.588218 0.773165 0.729069 0.180098 0.367264 0.751048 9.093158 9.294826 9.093158
0.259644 0.349693 0.093380 0.689975 0.603043 0.718166 0.738696 0.063772 0.433987 0.802132 9.104592 9.294826 9.104592
0.253298 0.354664 0.096641 0.692727 0.571786 0.778354 0.798751 0.118516 0.447370 0.734898 9.085636 9.294826 9.085636
0.295923 0.339083 0.102793 0.691189 0.509043 0.699957 0.743019 0.136409 0.394892 0.702218 9.082683 9.294826 9.082683
0.286093 0.344599 0.116512 0.699597 0.672046 0.824595 0.678767 0.071459 0.525817 0.903656 8.999558 9.294826 8.999558
0.270796 0.340977 0.056199 0.692252 0.618141 0.622964 0.714291 0.028519 0.355445 0.870501 9.097677 9.294826 9.097677
0.267547 0.342750 0.090863 0.696440 0.598388 0.742563 0.744985 0.135691 0.538834 0.716408 9.012030 9.294826 9.012030
0.270796 0.340977 0.056199 0.692252 0.618141 0.622964 0.714291 0.028519 0.355445 0.870501 9.097677 9.294826 9.097677
0.167018 0.350194 0.059855 0.695719 0.579083 0.888970 0.740615 0.116619 0.348919 0.742039 9.003402 9.294826 9.003402
0.244804 0.338296 0.082769 0.692879 0.559750 0.690917 0.861936 0.089779 0.432178 0.762978 9.081957 9.294826 9.081957
0.284015 0.345823 0.091482 0.694048 0.704205 0.790897 0.652141 0.341346 0.426847 0.748319 9.030533 9.294826 9.030533
0.281794 0.338147 0.089012 0.697326 0.380597 0.918315 0.805796 0.132433 0.516841 0.713030 8.996420 9.294826 8.996420
0.259701 0.341935 0.104828 0.689842 0.634336 0.879697 0.682651 0.112150 0.399117 0.824408 9.081480 9.294826 9.081480
0.272281 0.342467 0.045033 0.690960 0.557231 0.751332 0.797060 0.087959 0.379561 0.879304 9.080454 9.294826 9.080454
0.311092 0.338793 0.109199 0.689648 0.629257 0.796528 0.745006 0.143152 0.379730 0.669222 9.110657 9.294826 9.110657
0.274612 0.342019 0.069545 0.689372 0.593750 0.760426 0.791276 0.134186 0.355741 0.761656 9.126301 9.294826 9.126301
0.243297 0.341340 0.046784 0.689896 0.525453 0.779052 0.766612 0.196383 0.399762 0.779806 9.113923 9.294826 9.113923
0.288125 0.338878 0.060496 0.693245 0.596219 0.884884 0.801650 0.104138 0.367856 0.712294 9.087040 9.294826 9.087040
0.288385 0.348906 0.051472 0.689950 0.507758 0.784889 0.702089 0.102431 0.383680 0.747240 9.085488 9.294826 9.085488
0.225160 0.345564 0.062058 0.692388 0.590539 0.658786 0.636067 0.187817 0.401932 0.804569 9.088827 9.294826 9.088827
0.271254 0.338271 0.092513 0.689474 0.563754 0.804169 0.742836 0.165276 0.499034 0.846567 9.095246 9.294826 9.095246
0.269400 0.341358 0.073885 0.695628 0.500896 0.733274 0.697646 0.000000 0.336563 0.813697 9.085249 9.294826 9.085249
0.250807 0.338792 0.088178 0.695084 0.608472 0.774730 0.693801 0.000000 0.371682 0.846766 9.088529 9.294826 9.088529
0.289303 0.344371 0.076590 0.692221 0.570079 0.811636 0.806385 0.069831 0.436719 0.806695 9.092207 9.294826 9.092207
0.260673 0.337262 0.110837 0.691848 0.651894 0.770977 0.738027 0.102218 0.388821 0.798600 9.086372 9.294826 9.086372
0.263185 0.345603 0.082361 0.689412 0.603635 0.832321 0.707408 0.052075 0.437500 0.902201 9.093836 9.294826 9.093836
0.250100 0.339227 0.103026 0.691396 0.587296 0.840383 0.800484 0.046702 0.395301 0.749493 9.093392 9.294826 9.093392
0.282318 0.339926 0.110638 0.692776 0.577806 0.742253 0.671135 0.018287 0.404231 0.780712 9.081601 9.294826 9.081601
0.310063 0.338589 0.097194 0.689396 0.575172 0.592953 0.691621 0.000000 0.362015 0.762032 9.027127 9.294826 9.027127
0.288539 0.342732 0.097785 0.694789 0.642568 0.713235 0.743472 0.044631 0.392469 0.726110 9.092386 9.294826 9.092386
0.234527 0.337471 0.069729 0.690062 0.593427 0.840637 0.659810 0.052963 0.307742 0.853545 9.098372 9.294826 9.098372
0.253431 0.345457 0.075678 0.689704 0.631565 0.804570 0.681524 0.186692 0.380069 0.743306 9.116187 9.294826 9.116187
0.228653 0.346019 0.086593 0.692792 0.550736 0.745168 0.709912 0.100831 0.300045 0.802378 9.090297 9.294826 9.090297
0.266467 0.345573 0.064388 0.690145 0.533461 0.694828 0.729533 0.210145 0.391771 0.705117 9.110333 9.294826 9.110333
0.241993 0.354796 0.051254 0.689849 0.590395 0.678280 0.660549 0.181370 0.414436 0.822646 9.092291 9.294826 9.092291
0.253793 0.348101 0.046912 0.690676 0.626407 0.854342 0.727838 0.113994 0.354129 0.815240 9.100906 9.294826 9.100906
0.279406 0.336888 0.077747 0.691170 0.590395 0.768752 0.743058 0.129566 0.414436 0.847777 9.129617 9.294826 9.129617
0.300218 0.343707 0.113035 0.692784 0.626768 0.771669 0.728600 0.000000 0.347453 0.784855 9.080354 9.294826 9.080354
0.253431 0.345457 0.075678 0.689704 0.631565 0.804570 0.681524 0.186692 0.380069 0.743306 9.116187 9.294826 9.116187
0.219320 0.339750 0.055810 0.695758 0.538043 0.849018 0.882867 0.165978 0.313553 0.675525 9.003142 9.294826 9.003142
0.881332 0.003881 0.196956 0.079416 0.445162 0.308577 0.660735 0.075704 0.662062 0.040305 1.236602 8.162585 1.236602
0.312001 0.340208 0.103722 0.690315 0.680517 0.968417 0.669082 0.040256 0.471098 0.900161 8.996497 9.294826 8.996497
0.235605 0.350024 0.104540 0.692467 0.395860 0.794857 0.800883 0.000000 0.303996 0.742452 9.005205 9.294826 9.005205
0.243997 0.337789 0.075979 0.692829 0.582903 0.658826 0.689449 0.230516 0.443911 0.792069 9.107089 9.294826 9.107089
0.257952 0.345984 0.104093 0.689797 0.571176 0.886954 0.722670 0.287106 0.448790 0.665337 9.054092 9.294826 9.054092
0.289959 0.357660 0.125076 0.690784 0.637047 0.882357 0.774992 0.054068 0.399773 0.715255 9.048470 9.294826 9.048470
0.301132 0.341449 0.044620 0.693491 0.534874 0.802211 0.664103 0.362021 0.367250 0.640305 9.011139 9.294826 9.011139
0.311869 0.336715 0.111963 0.691131 0.573434 0.745821 0.778074 0.078549 0.391718 0.707220 9.097800 9.294826 9.097800
0.272454 0.339813 0.070800 0.690763 0.612627 0.745771 0.773896 0.011930 0.336142 0.772156 9.110976 9.294826 9.110976
0.222117 0.337486 0.077583 0.694334 0.569281 0.785212 0.790658 0.097861 0.442448 0.805674 9.085082 9.294826 9.085082
0.273567 0.342851 0.110983 0.694337 0.591835 0.729601 0.726194 0.029949 0.345764 0.750053 9.104024 9.294826 9.104024
0.264850 0.342786 0.065230 0.691676 0.550098 0.842097 0.708600 0.109977 0.321329 0.828918 9.095655 9.294826 9.095655
0.286242 0.338526 0.048584 0.694425 0.666655 0.883306 0.691810 0.130320 0.332033 0.688958 9.038633 9.294826 9.038633
0.309029 0.337185 0.063306 0.692592 0.514795 0.768118 0.814584 0.193036 0.447353 0.689297 9.067215 9.294826 9.067215
0.287346 0.369906 0.079410 0.697369 0.601045 0.964279 0.658211 0.194330 0.384176 0.684348 9.016133 9.294826 9.016133
0.247730 0.341525 0.100667 0.693603 0.574288 0.645410 0.755983 0.036063 0.567032 0.857581 9.001142 9.294826 9.001142
0.237367 0.345295 0.072786 0.690429 0.549967 0.806725 0.855841 0.087480 0.390431 0.766219 9.090465 9.294826 9.090465
0.289726 0.346507 0.078292 0.694630 0.574502 0.703340 0.701198 0.045219 0.352025 0.784074 9.108004 9.294826 9.108004
0.285789 0.344007 0.078808 0.693512 0.562294 0.655493 0.719525 0.097452 0.346613 0.726302 9.092905 9.294826 9.092905
0.236398 0.349881 0.092232 0.689891 0.582397 0.757946 0.659195 0.063082 0.364437 0.891441 9.091540 9.294826 9.091540
0.250811 0.345063 0.085069 0.689625 0.532269 0.767752 0.650673 0.032827 0.351130 0.867078 9.086283 9.294826 9.086283
0.239027 0.341983 0.056129 0.689834 0.471399 0.779551 0.777595 0.316619 0.501796 0.629009 9.004884 9.294826 9.004884
0.249410 0.336854 0.070800 0.695702 0.513994 0.818880 0.770089 0.000000 0.386339 0.742896 9.082215 9.294826 9.082215
0.268000 0.352040 0.076016 0.690449 0.609662 0.672914 0.718288 0.083626 0.373167 0.851976 9.111471 9.294826 9.111471
0.264876 0.345965 0.090901 0.694318 0.580812 0.670309 0.755891 0.159569 0.361499 0.731697 9.101283 9.294826 9.101283
0.283595 0.351260 0.083502 0.690587 0.563144 0.681930 0.790744 0.042884 0.384960 0.687770 9.092070 9.294826 9.092070
0.244341 0.352364 0.071507 0.691302 0.505809 0.767246 0.731525 0.229076 0.416197 0.785753 9.083863 9.294826 9.083863
0.225607 0.339699 0.099239 0.694219 0.576850 0.743972 0.684415 0.317039 0.529862 0.908281 9.032039 9.294826 9.032039
0.256096 0.337823 0.072466 0.698831 0.626298 0.629276 0.640171 0.224932 0.337120 0.759519 9.086178 9.294826 9.086178
0.272631 0.345408 0.094414 0.690708 0.582459 0.700257 0.769463 0.035208 0.451171 0.854367 9.102512 9.294826 9.102512
0.270852 0.342663 0.116477 0.695854 0.614478 0.772520 0.796484 0.161099 0.575161 0.844901 9.017741 9.294826 9.017741
0.290275 0.339303 0.054391 0.693129 0.614133 0.717460 0.714811 0.139669 0.394191 0.742058 9.094248 9.294826 9.094248
0.202636 0.365514 0.079857 0.694532 0.502386 0.651165 0.785400 0.352202 0.452278 0.689572 8.998425 9.294826 8.998425
0.204557 0.346679 0.082132 0.691169 0.686825 0.684329 0.736116 0.018456 0.378041 0.862419 9.028526 9.294826 9.028526
0.286823 0.340016 0.070261 0.699481 0.633124 0.796480 0.653685 0.331236 0.303743 0.754028 9.009337 9.294826 9.009337
0.230782 0.338919 0.101781 0.690228 0.710825 0.919280 0.763872 0.158373 0.358571 0.666870 9.025878 9.294826 9.025878
0.269486 0.340043 0.103949 0.690714 0.554301 0.876674 0.710050 0.105043 0.443587 0.792004 9.085801 9.294826 9.085801
0.227229 0.338589 0.053739 0.689241 0.493971 0.750611 0.741024 0.097855 0.414602 0.779039 9.085277 9.294826 9.085277
0.251510 0.343465 0.040121 0.689260 0.518697 0.775147 0.783184 0.192740 0.420929 0.842292 9.092311 9.294826 9.092311
0.276951 0.337545 0.066226 0.690264 0.526947 0.872940 0.755873 0.221914 0.356386 0.748623 9.082295 9.294826 9.082295
0.208540 0.342194 0.073138 0.695332 0.563883 0.816877 0.697925 0.161435 0.450717 0.896802 9.065111 9.294826 9.065111
0.276758 0.351950 0.101465 0.690322 0.608649 0.780588 0.720795 0.253717 0.423121 0.670959 9.089023 9.294826 9.089023
0.225740 0.340262 0.080257 0.692859 0.644819 0.545374 0.756284 0.195167 0.417160 0.793229 9.028889 9.294826 9.028889
0.277368 0.340019 0.087263 0.689490 0.619601 0.818880 0.631048 0.175519 0.352784 0.832222 9.111359 9.294826 9.111359
0.219208 0.342479 0.086468 0.690491 0.572937 0.713179 0.697917 0.000000 0.255394 0.725520 9.030614 9.294826 9.030614
0.283066 0.347102 0.058957 0.692122 0.612715 0.767775 0.754686 0.138136 0.338329 0.792244 9.091015 9.294826 9.091015
0.295308 0.341382 0.063933 0.691874 0.594387 0.779390 0.673177 0.147873 0.341830 0.834338 9.105643 9.294826 9.105643
0.252779 0.339119 0.050408 0.694593 0.563798 0.778420 0.656382 0.146342 0.301548 0.821939 9.087423 9.294826 9.087423
0.257454 0.346901 0.072807 0.691113 0.550597 0.892569 0.866369 0.233325 0.496573 0.826840 9.041891 9.294826 9.041891
0.244234 0.344461 0.083822 0.690717 0.609764 0.765574 0.646753 0.127234 0.402432 0.920855 9.096481 9.294826 9.096481
0.256224 0.337861 0.035858 0.691185 0.465892 0.839774 0.676235 0.000000 0.355588 0.821288 9.040592 9.294826 9.040592
0.257611 0.346089 0.095015 0.692817 0.561390 0.648989 0.677041 0.032581 0.350567 0.836643 9.086749 9.294826 9.086749
0.243818 0.344263 0.071293 0.693004 0.656014 0.615366 0.681736 0.127541 0.363412 0.777288 9.086985 9.294826 9.086985
0.277940 0.342159 0.088166 0.691756 0.596092 0.850540 0.774420 0.006001 0.350140 0.820916 9.080685 9.294826 9.080685
0.281612 0.337662 0.096172 0.694948 0.706481 0.812591 0.783489 0.100543 0.368260 0.747512 9.058167 9.294826 9.058167
0.280540 0.339247 0.065596 0.690064 0.552929 0.808270 0.700323 0.028390 0.427415 0.860342 9.082235 9.294826 9.082235
0.259701 0.341935 0.104828 0.689842 0.634336 0.879697 0.682651 0.112150 0.399117 0.824408 9.081480 9.294826 9.081480
0.275036 0.339308 0.065854 0.692048 0.610044 0.826372 0.756329 0.101134 0.447135 0.854113 9.095803 9.294826 9.095803
0.229279 0.344368 0.034642 0.689646 0.599014 0.718214 0.685508 0.234315 0.405459 0.767909 9.087523 9.294826 9.087523
0.273550 0.339168 0.079983 0.692534 0.509424 0.841305 0.660507 0.151539 0.400911 0.797538 9.081548 9.294826 9.081548
0.268582 0.338067 0.042044 0.690046 0.602304 0.839510 0.744616 0.134153 0.365069 0.838470 9.118119 9.294826 9.118119
0.275250 0.350257 0.092199 0.696001 0.602198 0.790221 0.673707 0.162468 0.316156 0.727890 9.090031 9.294826 9.090031
0.260135 0.343071 0.074105 0.691581 0.628093 0.707370 0.653233 0.063410 0.286248 0.851832 9.088178 9.294826 9.088178
0.279627 0.339959 0.092438 0.689494 0.590293 0.936962 0.799258 0.000000 0.426494 0.784397 9.050794 9.294826 9.050794
0.200778 0.340874 0.081369 0.691208 0.617118 0.660752 0.935538 0.140492 0.470497 0.703390 8.999737 9.294826 8.999737
0.270760 0.346881 0.076563 0.698173 0.572413 0.733527 0.691343 0.258769 0.374876 0.754251 9.081178 9.294826 9.081178
0.228432 0.356015 0.065815 0.694339 0.597149 0.801412 0.766071 0.121779 0.379273 0.739187 9.082508 9.294826 9.082508
0.235503 0.341834 0.071381 0.689836 0.552172 0.596538 0.727945 0.191185 0.410822 0.703899 9.091552 9.294826 9.091552
0.278580 0.343683 0.092098 0.693087 0.582120 0.773148 0.690290 0.018387 0.328473 0.824417 9.095812 9.294826 9.095812
0.254590 0.345311 0.041308 0.690554 0.523158 0.775213 0.802150 0.129927 0.414628 0.775094 9.094410 9.294826 9.094410
0.224632 0.340869 0.073737 0.690256 0.575920 0.771633 0.629255 0.271494 0.430615 0.892141 9.079342 9.294826 9.079342
0.265353 0.349569 0.085794 0.690113 0.530486 0.763771 0.689807 0.230042 0.425941 0.753981 9.089170 9.294826 9.089170
0.266728 0.352518 0.066956 0.690278 0.632341 0.758239 0.660127 0.109686 0.390169 0.914644 9.085945 9.294826 9.085945
0.307440 0.360173 0.104133 0.693168 0.632666 0.763536 0.613219 0.253312 0.472251 0.707631 9.025594 9.294826 9.025594
0.270862 0.341391 0.086398 0.693180 0.551806 0.728223 0.664787 0.000000 0.342745 0.818038 9.091789 9.294826 9.091789
0.292336 0.338513 0.110976 0.690077 0.554177 0.779119 0.732270 0.085430 0.373513 0.657591 9.091068 9.294826 9.091068
0.272391 0.349478 0.112857 0.689922 0.596105 0.987468 0.720969 0.186692 0.471208 0.794395 9.042583 9.294826 9.042583
0.259663 0.343725 0.096134 0.697784 0.665214 0.663631 0.729727 0.114565 0.341843 0.657703 9.037401 9.294826 9.037401
0.234062 0.356901 0.077979 0.692102 0.580587 0.820162 0.731438 0.080031 0.387749 0.765893 9.092938 9.294826 9.092938
0.272631 0.345408 0.094414 0.690708 0.582459 0.700257 0.769463 0.035208 0.451171 0.854367 9.102512 9.294826 9.102512
0.305612 0.340926 0.094273 0.691590 0.656474 0.756594 0.702491 0.064516 0.412181 0.729100 9.084601 9.294826 9.084601
0.290458 0.340020 0.064804 0.692268 0.442182 0.645006 0.533736 0.218911 0.363074 0.798700 9.014667 9.294826 9.014667
0.236408 0.348796 0.070186 0.693457 0.596878 0.754818 0.735314 0.139455 0.447010 0.904920 9.081191 9.294826 9.081191
0.264330 0.347028 0.053048 0.692457 0.504971 0.815383 0.709306 0.117495 0.368331 0.835969 9.088240 9.294826 9.088240
0.288060 0.351873 0.092803 0.695188 0.628311 0.791640 0.694943 0.235447 0.448555 0.796389 9.080369 9.294826 9.080369
0.253556 0.344903 0.084396 0.689565 0.513418 0.743470 0.747969 0.188730 0.442649 0.683950 9.084581 9.294826 9.084581
0.238442 0.337800 0.081847 0.689234 0.544663 0.794681 0.676684 0.165290 0.469549 0.873615 9.092739 9.294826 9.092739
0.254236 0.339024 0.114638 0.691167 0.568778 0.847807 0.670841 0.019213 0.316666 0.719395 9.059041 9.294826 9.059041
0.252329 0.340099 0.092220 0.690122 0.511787 0.848054 0.835542 0.125707 0.423878 0.713244 9.090754 9.294826 9.090754
0.233540 0.341780 0.081877 0.691456 0.517851 0.878467 0.836575 0.085196 0.390224 0.792722 9.082907 9.294826 9.082907
0.247793 0.342382 0.109199 0.691205 0.561664 0.679997 0.650398 0.075984 0.386701 0.774134 9.090292 9.294826 9.090292
0.273921 0.342573 0.087671 0.690956 0.598920 0.712417 0.649196 0.000000 0.349301 0.761753 9.090567 9.294826 9.090567
0.220573 0.344571 0.084139 0.689638 0.446097 0.981414 0.715085 0.085418 0.367774 0.717985 9.004018 9.294826 9.004018
0.260427 0.340643 0.080727 0.690220 0.501656 0.705458 0.760095 0.172797 0.408855 0.677223 9.096249 9.294826 9.096249
0.227375 0.344991 0.081761 0.692314 0.611011 0.797684 0.838644 0.080543 0.411188 0.794468 9.065527 9.294826 9.065527
0.226997 0.363570 0.095521 0.694761 0.497359 0.711389 0.771358 0.261791 0.548923 0.895376 9.016884 9.294826 9.016884
0.276982 0.349442 0.083614 0.690621 0.609068 0.693558 0.622923 0.249549 0.374758 0.817704 9.091998 9.294826 9.091998
0.243409 0.348756 0.067435 0.696257 0.576426 0.619650 0.699175 0.205409 0.450553 0.816666 9.080563 9.294826 9.080563
0.243997 0.337789 0.075979 0.692829 0.582903 0.658826 0.689449 0.230516 0.443911 0.792069 9.107089 9.294826 9.107089
0.241884 0.339124 0.049356 0.689990 0.490710 0.672904 0.720966 0.122583 0.376906 0.802059 9.099939 9.294826 9.099939
0.183451 0.340161 0.101024 0.699332 0.513097 0.839492 0.658223 0.174883 0.327924 0.738145 9.030459 9.294826 9.030459
0.252843 0.337635 0.056998 0.689729 0.548737 0.772581 0.693563 0.041153 0.307662 0.786299 9.093887 9.294826 9.093887
0.197563 0.336779 0.103426 0.689673 0.554586 0.757629 0.842550 0.075153 0.306678 0.753577 9.018822 9.294826 9.018822
0.269140 0.340336 0.083937 0.693410 0.544645 0.926755 0.631007 0.081220 0.406741 0.813329 9.039431 9.294826 9.039431
0.249810 0.338583 0.085665 0.695615 0.492845 0.704816 0.784404 0.121112 0.354071 0.630009 9.048338 9.294826 9.048338
0.247259 0.343805 0.099859 0.694096 0.425660 0.837211 0.766997 0.205048 0.449325 0.859246 9.024700 9.294826 9.024700
0.236685 0.353567 0.104457 0.690088 0.585249 0.873478 0.842359 0.252354 0.349235 0.599490 8.998995 9.294826 8.998995
0.274759 0.342545 0.055557 0.693451 0.607507 0.779434 0.756874 0.030498 0.354675 0.785805 9.103706 9.294826 9.103706
0.262295 0.351517 0.064058 0.689995 0.547481 0.772281 0.699879 0.000000 0.382034 0.785538 9.081738 9.294826 9.081738
0.272747 0.338324 0.070587 0.689275 0.584344 0.637382 0.575009 0.137669 0.293514 0.807868 9.081869 9.294826 9.081869
0.284432 0.340437 0.112771 0.690013 0.636905 0.793056 0.705265 0.069770 0.406125 0.707862 9.091445 9.294826 9.091445
0.246927 0.341599 0.093918 0.695318 0.589293 0.872564 0.656499 0.136635 0.372341 0.769703 9.084771 9.294826 9.084771
0.278046 0.345445 0.048130 0.690412 0.593665 0.789680 0.668112 0.231521 0.334391 0.780190 9.093700 9.294826 9.093700
0.264862 0.351976 0.055822 0.690907 0.605319 0.726974 0.753128 0.295039 0.415304 0.649202 9.077805 9.294826 9.077805
0.299570 0.341127 0.072661 0.691937 0.604477 0.685879 0.694000 0.116638 0.404491 0.808281 9.109576 9.294826 9.109576
0.249812 0.339564 0.062277 0.690762 0.625201 0.816343 0.774047 0.027344 0.347603 0.819034 9.104736 9.294826 9.104736
0.264626 0.338903 0.062831 0.692433 0.494184 0.662651 0.792604 0.015332 0.375358 0.812499 9.082769 9.294826 9.082769
0.240714 0.343292 0.038337 0.689496 0.541848 0.751688 0.802079 0.160802 0.365757 0.816948 9.100835 9.294826 9.100835
0.220037 0.343120 0.075924 0.692120 0.546674 0.733736 0.639657 0.129675 0.333726 0.791826 9.099390 9.294826 9.099390
0.233812 0.340059 0.082361 0.692720 0.589242 0.798050 0.611374 0.237726 0.401632 0.876525 9.084124 9.294826 9.084124
0.239194 0.342198 0.075710 0.689647 0.625756 0.779763 0.811783 0.220123 0.344309 0.720381 9.053668 9.294826 9.053668
0.309921 0.338249 0.059435 0.689549 0.679416 0.863063 0.685975 0.153576 0.354723 0.804366 9.097948 9.294826 9.097948
0.282070 0.341804 0.055976 0.691467 0.561839 0.767471 0.754686 0.126327 0.365421 0.792244 9.120911 9.294826 9.120911
0.222412 0.341166 0.050167 0.690001 0.573777 0.784090 0.651115 0.207963 0.336615 0.800232 9.104888 9.294826 9.104888
0.241838 0.342132 0.074313 0.692750 0.578442 0.744234 0.667133 0.135103 0.389820 0.697523 9.093681 9.294826 9.093681
0.234527 0.337471 0.069729 0.690062 0.593427 0.840637 0.659810 0.052963 0.307742 0.853545 9.098372 9.294826 9.098372
0.292000 0.341887 0.099685 0.691369 0.610978 0.754469 0.739465 0.000000 0.419411 0.748076 9.092662 9.294826 9.092662
0.259198 0.350746 0.062366 0.694508 0.576902 0.781280 0.638772 0.186692 0.370884 0.806570 9.093039 9.294826 9.093039
0.255463 0.339601 0.069357 0.692787 0.637483 0.735595 0.843364 0.138454 0.430471 0.701229 9.067733 9.294826 9.067733
0.259427 0.337099 0.052791 0.689298 0.646891 0.833956 0.628586 0.218317 0.374379 0.742824 9.088837 9.294826 9.088837
0.250187 0.345049 0.050488 0.690686 0.598624 0.872254 0.731224 0.196996 0.386819 0.820179 9.098197 9.294826 9.098197
0.287766 0.343691 0.080886 0.693137 0.561277 0.691818 0.721506 0.020881 0.345139 0.842882 9.094164 9.294826 9.094164
0.256868 0.344934 0.042126 0.693310 0.585460 0.663645 0.750195 0.124439 0.393147 0.814913 9.104511 9.294826 9.104511
0.200895 0.345659 0.098016 0.700139 0.474654 0.704445 0.603536 0.117194 0.399045 0.969899 9.014129 9.294826 9.014129
0.258662 0.339958 0.065389 0.692256 0.602067 0.836015 0.676780 0.171768 0.395761 0.732355 9.103109 9.294826 9.103109
0.272814 0.340123 0.067030 0.689275 0.624051 0.791092 0.636198 0.209648 0.307761 0.736485 9.098326 9.294826 9.098326
0.249784 0.343717 0.064957 0.695166 0.648824 0.806790 0.744164 0.219565 0.428175 0.877043 9.059647 9.294826 9.059647
0.244186 0.355668 0.080675 0.692807 0.547335 0.749098 0.688004 0.081662 0.400650 0.827715 9.092891 9.294826 9.092891
0.268355 0.346368 0.084953 0.696943 0.570659 0.739668 0.727096 0.018387 0.357170 0.830224 9.097780 9.294826 9.097780
0.175917 0.365438 0.047956 0.692255 0.632832 0.711526 0.745044 0.200489 0.460301 0.827986 9.001251 9.294826 9.001251
0.195408 0.345855 0.054748 0.690341 0.355524 0.804082 0.652159 0.205747 0.389724 0.833500 8.996512 9.294826 8.996512
0.244804 0.338296 0.082769 0.692879 0.559750 0.690917 0.861936 0.089779 0.432178 0.762978 9.081957 9.294826 9.081957
0.243630 0.343570 0.096347 0.690884 0.558829 0.803420 0.793721 0.086992 0.383969 0.678163 9.095095 9.294826 9.095095
0.291639 0.337629 0.093638 0.693691 0.544813 0.653128 0.634994 0.037183 0.290103 0.795321 9.045962 9.294826 9.045962
0.244160 0.337416 0.065884 0.691424 0.552100 0.587440 0.714539 0.115952 0.437407 0.786454 9.072529 9.294826 9.072529
0.282448 0.342217 0.106802 0.693642 0.615476 0.719011 0.706310 0.220355 0.424801 0.664764 9.087124 9.294826 9.087124
0.272747 0.346753 0.050393 0.692162 0.577407 0.720014 0.650061 0.178065 0.395599 0.846675 9.098209 9.294826 9.098209
0.248249 0.338442 0.087737 0.692345 0.613759 0.786500 0.730155 0.000000 0.397112 0.906423 9.082372 9.294826 9.082372
0.282063 0.339591 0.058566 0.692717 0.491647 0.834236 0.657563 0.000000 0.211493 0.813517 8.999226 9.294826 8.999226
0.252602 0.345806 0.076748 0.690617 0.591009 0.826684 0.765247 0.272946 0.482516 0.768419 9.080358 9.294826 9.080358
0.249121 0.339326 0.118469 0.693426 0.656750 0.611810 0.789203 0.192035 0.505738 0.819139 9.010009 9.294826 9.010009
0.218770 0.345451 0.096009 0.691109 0.610177 0.925218 0.878684 0.022464 0.424412 0.684231 8.997978 9.294826 8.997978
0.209136 0.346152 0.075204 0.691893 0.579873 0.672507 0.698503 0.124166 0.435229 0.689209 9.036587 9.294826 9.036587
0.247388 0.348743 0.060649 0.692845 0.560393 0.701611 0.781745 0.195210 0.418617 0.810611 9.102455 9.294826 9.102455
0.228675 0.342867 0.122795 0.691773 0.699888 0.744316 0.738102 0.175993 0.395617 0.733977 9.038383 9.294826 9.038383
0.257858 0.348040 0.059613 0.696426 0.565946 0.759385 0.655112 0.304595 0.391633 0.722070 9.060186 9.294826 9.060186
0.240558 0.344438 0.118888 0.690511 0.660713 0.804483 0.739110 0.010268 0.327437 0.701305 9.040407 9.294826 9.040407
0.241324 0.350706 0.061792 0.692563 0.559051 0.682552 0.811297 0.186636 0.416499 0.703366 9.093736 9.294826 9.093736
0.265385 0.350770 0.080929 0.691103 0.560855 0.740288 0.701852 0.130906 0.438356 0.837431 9.104124 9.294826 9.104124
0.230974 0.345115 0.061544 0.698782 0.536362 0.600400 0.745850 0.149404 0.425762 0.908523 9.039784 9.294826 9.039784
0.260135 0.343071 0.074105 0.691581 0.628093 0.707370 0.653233 0.063410 0.286248 0.851832 9.088178 9.294826 9.088178
0.279155 0.356429 0.084306 0.691983 0.593545 0.863922 0.709127 0.168881 0.364756 0.710260 9.090525 9.294826 9.090525
0.217793 0.341073 0.062139 0.691298 0.588012 0.748667 0.678780 0.135575 0.302996 0.850822 9.096868 9.294826 9.096868
0.263770 0.339610 0.032355 0.692206 0.382284 0.887044 0.843147 0.015336 0.363929 0.798047 9.009716 9.294826 9.009716
0.279406 0.336888 0.077747 0.691170 0.590395 0.768752 0.743058 0.129566 0.414436 0.847777 9.129617 9.294826 9.129617
0.271629 0.351381 0.078415 0.696213 0.682389 0.819114 0.739372 0.261216 0.428701 0.726002 9.050017 9.294826 9.050017
0.266467 0.345573 0.064388 0.690145 0.533461 0.694828 0.729533 0.210145 0.391771 0.705117 9.110333 9.294826 9.110333
0.256311 0.349118 0.074918 0.692111 0.617150 0.785887 0.762154 0.036173 0.398789 0.833529 9.094724 9.294826 9.094724
0.254561 0.338758 0.073303 0.691274 0.571307 0.761132 0.619168 0.256011 0.378777 0.744014 9.087887 9.294826 9.087887
0.241884 0.339124 0.049356 0.689990 0.490710 0.672904 0.720966 0.122583 0.376906 0.802059 9.099939 9.294826 9.099939
0.273123 0.342697 0.044886 0.692193 0.625593 0.738868 0.672263 0.083864 0.386327 0.805882 9.080670 9.294826 9.080670
0.294735 0.339244 0.092076 0.692189 0.603394 0.842820 0.720219 0.073525 0.417221 0.838774 9.101298 9.294826 9.101298
0.211527 0.341020 0.089456 0.691768 0.534835 0.756702 0.770471 0.212347 0.378351 0.721409 9.082795 9.294826 9.082795
0.253899 0.342651 0.071267 0.691141 0.534754 0.757459 0.620883 0.184802 0.376451 0.752326 9.085261 9.294826 9.085261
0.243818 0.344263 0.071293 0.693004 0.656014 0.615366 0.681736 0.127541 0.363412 0.777288 9.086985 9.294826 9.086985
0.247345 0.343247 0.059332 0.692211 0.402288 0.726368 0.726518 0.138625 0.378143 0.731538 9.050726 9.294826 9.050726
0.181557 0.341190 0.047594 0.694975 0.676290 0.673481 0.674540 0.249738 0.348573 0.845678 9.026321 9.294826 9.026321
0.221152 0.338966 0.050788 0.696016 0.533244 0.680214 0.785240 0.158558 0.403812 0.762348 9.092628 9.294826 9.092628
0.259054 0.345851 0.084744 0.690264 0.557190 0.794769 0.711516 0.130854 0.445904 0.810708 9.106578 9.294826 9.106578
0.252796 0.341911 0.060204 0.693142 0.457265 0.743825 0.626877 0.054005 0.322675 0.812986 9.057648 9.294826 9.057648
0.291072 0.346505 0.073519 0.690128 0.691061 0.713129 0.614172 0.176096 0.335830 0.777246 9.101480 9.294826 9.101480
0.294657 0.349337 0.086194 0.689731 0.660820 0.774128 0.655212 0.196999 0.422959 0.782336 9.097937 9.294826 9.097937
0.280501 0.358658 0.072005 0.692379 0.621512 0.793514 0.767829 0.124095 0.362288 0.681822 9.087943 9.294826 9.087943
0.234831 0.337329 0.079525 0.691444 0.549352 0.583120 0.734187 0.190113 0.388561 0.783440 9.093986 9.294826 9.093986
0.278370 0.338088 0.046226 0.692083 0.600431 0.725003 0.653234 0.181242 0.376952 0.851209 9.096979 9.294826 9.096979
0.257376 0.350639 0.079024 0.703860 0.600689 0.745148 0.697706 0.167730 0.355184 0.730007 9.094876 9.294826 9.094876
0.236663 0.337703 0.053748 0.693132 0.579057 0.726234 0.763969 0.000000 0.346441 0.889075 9.093532 9.294826 9.093532
