# gen=300 mediating population
# x0..xd fitness
0.316901 0.200000 0.500000 0.500000 0.500000 0.500000 0.500000 0.500000 0.500000 0.500000 90.000000
0.316901 0.200000 0.500000 0.500000 0.500000 0.500000 0.500000 0.500000 0.500000 0.500000 90.000000
0.316901 0.200000 0.500000 0.500000 0.500000 0.500000 0.500000 0.500000 0.500000 0.500000 90.000000
0.316901 0.200000 0.500000 0.500000 0.500000 0.500000 0.500000 0.500000 0.500000 0.500000 90.000000
0.316901 0.200000 0.500000 0.500000 0.500000 0.500000 0.500000 0.500000 0.500000 0.500000 90.000000
0.316901 0.200000 0.500000 0.500000 0.500000 0.500000 0.500000 0.500000 0.500000 0.500000 90.000000
0.316901 0.200000 0.500000 0.500000 0.500000 0.500000 0.500000 0.500000 0.500000 0.500000 90.000000
0.316901 0.200000 0.500000 0.500000 0.500000 0.500000 0.500000 0.500000 0.500000 0.500000 90.000000
0.325513 0.151731 0.459562 0.484082 0.450411 0.622750 0.424811 0.506348 0.525809 0.527926 78.432086
0.335213 0.207216 0.507749 0.559978 0.560201 0.521010 0.450396 0.497479 0.436547 0.499010 82.941505
0.316901 0.200000 0.500000 0.500000 0.500000 0.500000 0.500000 0.500000 0.500000 0.500000 90.000000
0.316901 0.200000 0.500000 0.500000 0.500000 0.500000 0.500000 0.500000 0.500000 0.500000 90.000000
0.316901 0.200000 0.500000 0.500000 0.500000 0.500000 0.500000 0.500000 0.500000 0.500000 90.000000
0.338153 0.183502 0.565521 0.417859 0.430714 0.538563 0.470601 0.563635 0.523768 0.478256 80.803292
0.345056 0.232125 0.568388 0.398834 0.467221 0.495169 0.594148 0.431499 0.421025 0.528115 77.923040
0.316901 0.200000 0.500000 0.500000 0.500000 0.500000 0.500000 0.500000 0.500000 0.500000 90.000000
0.316901 0.200000 0.500000 0.500000 0.500000 0.500000 0.500000 0.500000 0.500000 0.500000 90.000000
0.316901 0.200000 0.500000 0.500000 0.500000 0.500000 0.500000 0.500000 0.500000 0.500000 90.000000
0.316901 0.200000 0.500000 0.500000 0.500000 0.500000 0.500000 0.500000 0.500000 0.500000 90.000000
0.316901 0.200000 0.500000 0.500000 0.500000 0.500000 0.500000 0.500000 0.500000 0.500000 90.000000
0.316901 0.200000 0.500000 0.500000 0.500000 0.500000 0.500000 0.500000 0.500000 0.500000 90.000000
0.316901 0.200000 0.500000 0.500000 0.500000 0.500000 0.500000 0.500000 0.500000 0.500000 90.000000
0.316901 0.200000 0.500000 0.500000 0.500000 0.500000 0.500000 0.500000 0.500000 0.500000 90.000000
0.316901 0.200000 0.500000 0.500000 0.500000 0.500000 0.500000 0.500000 0.500000 0.500000 90.000000
0.316901 0.200000 0.500000 0.500000 0.500000 0.500000 0.500000 0.500000 0.500000 0.500000 90.000000
0.282543 0.180629 0.439800 0.518133 0.450067 0.472641 0.479554 0.616750 0.530081 0.522463 80.486047
0.316901 0.200000 0.500000 0.500000 0.500000 0.500000 0.500000 0.500000 0.500000 0.500000 90.000000
0.263831 0.214914 0.488968 0.379190 0.522375 0.564057 0.533120 0.496450 0.562729 0.517331 79.649314
0.316901 0.200000 0.500000 0.500000 0.500000 0.500000 0.500000 0.500000 0.500000 0.500000 90.000000
0.316901 0.200000 0.500000 0.500000 0.500000 0.500000 0.500000 0.500000 0.500000 0.500000 90.000000
0.316901 0.200000 0.500000 0.500000 0.500000 0.500000 0.500000 0.500000 0.500000 0.500000 90.000000
0.344667 0.184968 0.522211 0.392507 0.521088 0.455654 0.558801 0.502305 0.537568 0.551423 80.944488
0.316901 0.200000 0.500000 0.500000 0.500000 0.500000 0.500000 0.500000 0.500000 0.500000 90.000000
0.316901 0.200000 0.500000 0.500000 0.500000 0.500000 0.500000 0.500000 0.500000 0.500000 90.000000
0.316901 0.200000 0.500000 0.500000 0.500000 0.500000 0.500000 0.500000 0.500000 0.500000 90.000000
0.293663 0.193392 0.443378 0.366065 0.449840 0.494263 0.555133 0.550772 0.577890 0.587215 77.978801
0.316901 0.200000 0.500000 0.500000 0.500000 0.500000 0.500000 0.500000 0.500000 0.500000 90.000000
0.316901 0.200000 0.500000 0.500000 0.500000 0.500000 0.500000 0.500000 0.500000 0.500000 90.000000
0.316901 0.200000 0.500000 0.500000 0.500000 0.500000 0.500000 0.500000 0.500000 0.500000 90.000000
0.316901 0.200000 0.500000 0.500000 0.500000 0.500000 0.500000 0.500000 0.500000 0.500000 90.000000
0.316901 0.200000 0.500000 0.500000 0.500000 0.500000 0.500000 0.500000 0.500000 0.500000 90.000000
0.316901 0.200000 0.500000 0.500000 0.500000 0.500000 0.500000 0.500000 0.500000 0.500000 90.000000
0.316901 0.200000 0.500000 0.500000 0.500000 0.500000 0.500000 0.500000 0.500000 0.500000 90.000000
0.316901 0.200000 0.500000 0.500000 0.500000 0.500000 0.500000 0.500000 0.500000 0.500000 90.000000
0.316901 0.200000 0.500000 0.500000 0.500000 0.500000 0.500000 0.500000 0.500000 0.500000 90.000000
0.316901 0.200000 0.500000 0.500000 0.500000 0.500000 0.500000 0.500000 0.500000 0.500000 90.000000
0.316901 0.200000 0.500000 0.500000 0.500000 0.500000 0.500000 0.500000 0.500000 0.500000 90.000000
0.337644 0.179256 0.495168 0.443434 0.416785 0.562193 0.572840 0.486018 0.639529 0.496437 78.229803
0.316901 0.200000 0.500000 0.500000 0.500000 0.500000 0.500000 0.500000 0.500000 0.500000 90.000000
0.316901 0.200000 0.500000 0.500000 0.500000 0.500000 0.500000 0.500000 0.500000 0.500000 90.000000
0.316901 0.200000 0.500000 0.500000 0.500000 0.500000 0.500000 0.500000 0.500000 0.500000 90.000000
0.316901 0.200000 0.500000 0.500000 0.500000 0.500000 0.500000 0.500000 0.500000 0.500000 90.000000
0.316901 0.200000 0.500000 0.500000 0.500000 0.500000 0.500000 0.500000 0.500000 0.500000 90.000000
0.316901 0.200000 0.500000 0.500000 0.500000 0.500000 0.500000 0.500000 0.500000 0.500000 90.000000
0.316901 0.200000 0.500000 0.500000 0.500000 0.500000 0.500000 0.500000 0.500000 0.500000 90.000000
0.316901 0.200000 0.500000 0.500000 0.500000 0.500000 0.500000 0.500000 0.500000 0.500000 90.000000
0.316901 0.200000 0.500000 0.500000 0.500000 0.500000 0.500000 0.500000 0.500000 0.500000 90.000000
0.316901 0.200000 0.500000 0.500000 0.500000 0.500000 0.500000 0.500000 0.500000 0.500000 90.000000
0.316901 0.200000 0.500000 0.500000 0.500000 0.500000 0.500000 0.500000 0.500000 0.500000 90.000000
0.318361 0.212555 0.606928 0.449821 0.448137 0.492568 0.548690 0.427578 0.602969 0.427621 78.454146
0.277768 0.211364 0.565429 0.520832 0.523605 0.506842 0.461473 0.487180 0.541528 0.573134 82.224472
0.316901 0.200000 0.500000 0.500000 0.500000 0.500000 0.500000 0.500000 0.500000 0.500000 90.000000
0.316901 0.200000 0.500000 0.500000 0.500000 0.500000 0.500000 0.500000 0.500000 0.500000 90.000000
0.338330 0.235518 0.526542 0.571927 0.501303 0.437816 0.561764 0.447018 0.455323 0.441744 80.012729
0.307517 0.221696 0.600917 0.509964 0.516426 0.498279 0.510271 0.424557 0.491588 0.448013 81.502145
0.319926 0.208585 0.611440 0.517193 0.493447 0.495582 0.469058 0.335211 0.448678 0.533693 77.906155
0.316901 0.200000 0.500000 0.500000 0.500000 0.500000 0.500000 0.500000 0.500000 0.500000 90.000000
0.316901 0.200000 0.500000 0.500000 0.500000 0.500000 0.500000 0.500000 0.500000 0.500000 90.000000
0.316901 0.200000 0.500000 0.500000 0.500000 0.500000 0.500000 0.500000 0.500000 0.500000 90.000000
0.316901 0.200000 0.500000 0.500000 0.500000 0.500000 0.500000 0.500000 0.500000 0.500000 90.000000
0.316901 0.200000 0.500000 0.500000 0.500000 0.500000 0.500000 0.500000 0.500000 0.500000 90.000000
0.279101 0.228768 0.521820 0.521442 0.380408 0.459926 0.470960 0.561323 0.518945 0.441245 79.506063
0.316901 0.200000 0.500000 0.500000 0.500000 0.500000 0.500000 0.500000 0.500000 0.500000 90.000000
0.316901 0.200000 0.500000 0.500000 0.500000 0.500000 0.500000 0.500000 0.500000 0.500000 90.000000
0.316901 0.200000 0.500000 0.500000 0.500000 0.500000 0.500000 0.500000 0.500000 0.500000 90.000000
0.321314 0.225021 0.504052 0.611785 0.574945 0.573786 0.500000 0.550922 0.500215 0.514842 80.083926
0.316901 0.200000 0.500000 0.500000 0.500000 0.500000 0.500000 0.500000 0.500000 0.500000 90.000000
0.316901 0.200000 0.500000 0.500000 0.500000 0.500000 0.500000 0.500000 0.500000 0.500000 90.000000
0.322193 0.148547 0.490950 0.499254 0.422657 0.429282 0.423725 0.540045 0.466413 0.572319 78.409734
0.316901 0.200000 0.500000 0.500000 0.500000 0.500000 0.500000 0.500000 0.500000 0.500000 90.000000
0.316901 0.200000 0.500000 0.500000 0.500000 0.500000 0.500000 0.500000 0.500000 0.500000 90.000000
0.341465 0.192865 0.526273 0.459645 0.447802 0.436034 0.440105 0.460897 0.490667 0.517080 82.699319
0.316901 0.200000 0.500000 0.500000 0.500000 0.500000 0.500000 0.500000 0.500000 0.500000 90.000000
0.316901 0.200000 0.500000 0.500000 0.500000 0.500000 0.500000 0.500000 0.500000 0.500000 90.000000
0.316901 0.200000 0.500000 0.500000 0.500000 0.500000 0.500000 0.500000 0.500000 0.500000 90.000000
0.346397 0.193081 0.519345 0.487226 0.529210 0.473490 0.449623 0.619922 0.525491 0.386569 79.351988
0.316901 0.200000 0.500000 0.500000 0.500000 0.500000 0.500000 0.500000 0.500000 0.500000 90.000000
0.316901 0.200000 0.500000 0.500000 0.500000 0.500000 0.500000 0.500000 0.500000 0.500000 90.000000
0.316901 0.200000 0.500000 0.500000 0.500000 0.500000 0.500000 0.500000 0.500000 0.500000 90.000000
0.300536 0.200510 0.414982 0.560580 0.420227 0.425719 0.477260 0.499406 0.581396 0.501015 80.044272
0.316901 0.200000 0.500000 0.500000 0.500000 0.500000 0.500000 0.500000 0.500000 0.500000 90.000000
0.316901 0.200000 0.500000 0.500000 0.500000 0.500000 0.500000 0.500000 0.500000 0.500000 90.000000
0.326974 0.211284 0.606934 0.455650 0.470755 0.541419 0.393719 0.597179 0.540027 0.437818 78.165215
0.316901 0.200000 0.500000 0.500000 0.500000 0.500000 0.500000 0.500000 0.500000 0.500000 90.000000
0.316901 0.200000 0.500000 0.500000 0.500000 0.500000 0.500000 0.500000 0.500000 0.500000 90.000000
0.316901 0.200000 0.500000 0.500000 0.500000 0.500000 0.500000 0.500000 0.500000 0.500000 90.000000
0.316901 0.200000 0.500000 0.500000 0.500000 0.500000 0.500000 0.500000 0.500000 0.500000 90.000000
0.316901 0.200000 0.500000 0.500000 0.500000 0.500000 0.500000 0.500000 0.500000 0.500000 90.000000
0.316901 0.200000 0.500000 0.500000 0.500000 0.500000 0.500000 0.500000 0.500000 0.500000 90.000000
0.316901 0.200000 0.500000 0.500000 0.500000 0.500000 0.500000 0.500000 0.500000 0.500000 90.000000
0.316901 0.200000 0.500000 0.500000 0.500000 0.500000 0.500000 0.500000 0.500000 0.500000 90.000000
0.348597 0.216287 0.481609 0.532333 0.598006 0.513323 0.446502 0.383904 0.402269 0.486148 78.417106
0.327780 0.208080 0.484027 0.518750 0.576368 0.492007 0.612093 0.559824 0.581882 0.453602 79.784842
0.286966 0.205008 0.446892 0.508000 0.513569 0.553375 0.558353 0.515387 0.427236 0.488837 82.498919
0.316901 0.200000 0.500000 0.500000 0.500000 0.500000 0.500000 0.500000 0.500000 0.500000 90.000000
0.316901 0.200000 0.500000 0.500000 0.500000 0.500000 0.500000 0.500000 0.500000 0.500000 90.000000
0.316901 0.200000 0.500000 0.500000 0.500000 0.500000 0.500000 0.500000 0.500000 0.500000 90.000000
0.316901 0.200000 0.500000 0.500000 0.500000 0.500000 0.500000 0.500000 0.500000 0.500000 90.000000
0.316901 0.200000 0.500000 0.500000 0.500000 0.500000 0.500000 0.500000 0.500000 0.500000 90.000000
0.314101 0.214961 0.555329 0.528783 0.533672 0.601048 0.492110 0.443369 0.449919 0.405262 79.912677
0.316901 0.200000 0.500000 0.500000 0.500000 0.500000 0.500000 0.500000 0.500000 0.500000 90.000000
0.316901 0.200000 0.500000 0.500000 0.500000 0.500000 0.500000 0.500000 0.500000 0.500000 90.000000
0.326285 0.155420 0.459279 0.383849 0.550351 0.518786 0.463324 0.493174 0.489547 0.460418 79.543639
0.288493 0.209524 0.568856 0.637384 0.553826 0.441510 0.443744 0.547123 0.507871 0.590172 77.780159
0.316901 0.200000 0.500000 0.500000 0.500000 0.500000 0.500000 0.500000 0.500000 0.500000 90.000000
0.316901 0.200000 0.500000 0.500000 0.500000 0.500000 0.500000 0.500000 0.500000 0.500000 90.000000
0.316901 0.200000 0.500000 0.500000 0.500000 0.500000 0.500000 0.500000 0.500000 0.500000 90.000000
0.316901 0.200000 0.500000 0.500000 0.500000 0.500000 0.500000 0.500000 0.500000 0.500000 90.000000
0.316901 0.200000 0.500000 0.500000 0.500000 0.500000 0.500000 0.500000 0.500000 0.500000 90.000000
0.293007 0.206007 0.462403 0.509216 0.478624 0.458843 0.370738 0.600559 0.509170 0.580151 78.813157
0.316901 0.200000 0.500000 0.500000 0.500000 0.500000 0.500000 0.500000 0.500000 0.500000 90.000000
0.275416 0.222455 0.421509 0.467791 0.533962 0.551137 0.362141 0.473437 0.518301 0.411005 77.743081
0.316901 0.200000 0.500000 0.500000 0.500000 0.500000 0.500000 0.500000 0.500000 0.500000 90.000000
0.316901 0.200000 0.500000 0.500000 0.500000 0.500000 0.500000 0.500000 0.500000 0.500000 90.000000
0.316240 0.192235 0.529303 0.591326 0.479461 0.542215 0.490242 0.476123 0.539546 0.427052 82.085796
0.316901 0.200000 0.500000 0.500000 0.500000 0.500000 0.500000 0.500000 0.500000 0.500000 90.000000
0.316901 0.200000 0.500000 0.500000 0.500000 0.500000 0.500000 0.500000 0.500000 0.500000 90.000000
0.316901 0.200000 0.500000 0.500000 0.500000 0.500000 0.500000 0.500000 0.500000 0.500000 90.000000
0.316901 0.200000 0.500000 0.500000 0.500000 0.500000 0.500000 0.500000 0.500000 0.500000 90.000000
0.316901 0.200000 0.500000 0.500000 0.500000 0.500000 0.500000 0.500000 0.500000 0.500000 90.000000
0.316901 0.200000 0.500000 0.500000 0.500000 0.500000 0.500000 0.500000 0.500000 0.500000 90.000000
0.315005 0.192054 0.578344 0.553733 0.619550 0.384612 0.539980 0.570818 0.464190 0.537830 77.743796
0.316901 0.200000 0.500000 0.500000 0.500000 0.500000 0.500000 0.500000 0.500000 0.500000 90.000000
0.316901 0.200000 0.500000 0.500000 0.500000 0.500000 0.500000 0.500000 0.500000 0.500000 90.000000
0.356751 0.182497 0.500000 0.522166 0.471481 0.667682 0.511918 0.553087 0.524388 0.416451 77.815026
0.316901 0.200000 0.500000 0.500000 0.500000 0.500000 0.500000 0.500000 0.500000 0.500000 90.000000
0.316901 0.200000 0.500000 0.500000 0.500000 0.500000 0.500000 0.500000 0.500000 0.500000 90.000000
0.316901 0.200000 0.500000 0.500000 0.500000 0.500000 0.500000 0.500000 0.500000 0.500000 90.000000
0.316901 0.200000 0.500000 0.500000 0.500000 0.500000 0.500000 0.500000 0.500000 0.500000 90.000000
0.281824 0.237920 0.511248 0.565624 0.604016 0.444059 0.538572 0.434228 0.433776 0.564921 77.945877
0.316901 0.200000 0.500000 0.500000 0.500000 0.500000 0.500000 0.500000 0.500000 0.500000 90.000000
0.316901 0.200000 0.500000 0.500000 0.500000 0.500000 0.500000 0.500000 0.500000 0.500000 90.000000
0.316901 0.200000 0.500000 0.500000 0.500000 0.500000 0.500000 0.500000 0.500000 0.500000 90.000000
0.291683 0.230539 0.515004 0.436074 0.529237 0.483792 0.485408 0.580994 0.469476 0.647345 78.299096
0.316901 0.200000 0.500000 0.500000 0.500000 0.500000 0.500000 0.500000 0.500000 0.500000 90.000000
0.316901 0.200000 0.500000 0.500000 0.500000 0.500000 0.500000 0.500000 0.500000 0.500000 90.000000
0.316901 0.200000 0.500000 0.500000 0.500000 0.500000 0.500000 0.500000 0.500000 0.500000 90.000000
0.323371 0.189230 0.457644 0.501563 0.586424 0.365921 0.567087 0.567206 0.563688 0.540763 78.223120
0.316901 0.200000 0.500000 0.500000 0.500000 0.500000 0.500000 0.500000 0.500000 0.500000 90.000000
0.302912 0.180423 0.501335 0.385218 0.484089 0.464561 0.453845 0.403599 0.394914 0.541679 78.366386
0.316901 0.200000 0.500000 0.500000 0.500000 0.500000 0.500000 0.500000 0.500000 0.500000 90.000000
0.316901 0.200000 0.500000 0.500000 0.500000 0.500000 0.500000 0.500000 0.500000 0.500000 90.000000
0.368445 0.158952 0.487035 0.528927 0.519304 0.364915 0.516079 0.417715 0.454272 0.471103 77.695940
0.316901 0.200000 0.500000 0.500000 0.500000 0.500000 0.500000 0.500000 0.500000 0.500000 90.000000
0.316901 0.200000 0.500000 0.500000 0.500000 0.500000 0.500000 0.500000 0.500000 0.500000 90.000000
0.316901 0.200000 0.500000 0.500000 0.500000 0.500000 0.500000 0.500000 0.500000 0.500000 90.000000
0.316901 0.200000 0.500000 0.500000 0.500000 0.500000 0.500000 0.500000 0.500000 0.500000 90.000000
0.316901 0.200000 0.500000 0.500000 0.500000 0.500000 0.500000 0.500000 0.500000 0.500000 90.000000
0.316901 0.200000 0.500000 0.500000 0.500000 0.500000 0.500000 0.500000 0.500000 0.500000 90.000000
0.345954 0.183748 0.473819 0.451002 0.518746 0.543814 0.595040 0.523907 0.510737 0.394851 80.159916
0.342982 0.190062 0.584654 0.436698 0.515584 0.537816 0.551359 0.490493 0.494712 0.424683 81.258270
0.297966 0.186294 0.536143 0.461706 0.408908 0.531154 0.492826 0.584862 0.525346 0.557196 80.950718
0.329120 0.197330 0.558448 0.543433 0.406601 0.567083 0.416770 0.499211 0.572447 0.475411 79.861781
0.330601 0.182052 0.508106 0.491411 0.561779 0.430975 0.546462 0.513582 0.447457 0.517285 82.665386
0.291183 0.185787 0.590720 0.611166 0.478762 0.482788 0.483294 0.483974 0.499565 0.358978 77.969867
0.316901 0.200000 0.500000 0.500000 0.500000 0.500000 0.500000 0.500000 0.500000 0.500000 90.000000
0.340217 0.181925 0.434400 0.410981 0.514082 0.504440 0.582109 0.545988 0.452776 0.567584 79.898272
0.316901 0.200000 0.500000 0.500000 0.500000 0.500000 0.500000 0.500000 0.500000 0.500000 90.000000
0.316901 0.200000 0.500000 0.500000 0.500000 0.500000 0.500000 0.500000 0.500000 0.500000 90.000000
0.316901 0.200000 0.500000 0.500000 0.500000 0.500000 0.500000 0.500000 0.500000 0.500000 90.000000
0.320021 0.203760 0.390098 0.567319 0.436254 0.492791 0.559910 0.557575 0.558740 0.606046 78.273921
0.316901 0.200000 0.500000 0.500000 0.500000 0.500000 0.500000 0.500000 0.500000 0.500000 90.000000
0.265739 0.213958 0.521579 0.494049 0.428299 0.542954 0.361165 0.400306 0.513207 0.474913 77.893249
0.316901 0.200000 0.500000 0.500000 0.500000 0.500000 0.500000 0.500000 0.500000 0.500000 90.000000
0.316901 0.200000 0.500000 0.500000 0.500000 0.500000 0.500000 0.500000 0.500000 0.500000 90.000000
0.313516 0.210446 0.563327 0.562341 0.553366 0.456216 0.499687 0.537963 0.421784 0.404860 80.143777
0.333940 0.163413 0.505404 0.548806 0.444572 0.581481 0.570126 0.467645 0.475860 0.414219 79.333240
0.316901 0.200000 0.500000 0.500000 0.500000 0.500000 0.500000 0.500000 0.500000 0.500000 90.000000
0.316901 0.200000 0.500000 0.500000 0.500000 0.500000 0.500000 0.500000 0.500000 0.500000 90.000000
0.316901 0.200000 0.500000 0.500000 0.500000 0.500000 0.500000 0.500000 0.500000 0.500000 90.000000
0.383148 0.190442 0.478700 0.574857 0.489410 0.538096 0.508900 0.503248 0.384810 0.505633 79.737372
0.316901 0.200000 0.500000 0.500000 0.500000 0.500000 0.500000 0.500000 0.500000 0.500000 90.000000
0.316901 0.200000 0.500000 0.500000 0.500000 0.500000 0.500000 0.500000 0.500000 0.500000 90.000000
0.316901 0.200000 0.500000 0.500000 0.500000 0.500000 0.500000 0.500000 0.500000 0.500000 90.000000
0.316901 0.200000 0.500000 0.500000 0.500000 0.500000 0.500000 0.500000 0.500000 0.500000 90.000000
0.310259 0.211411 0.499177 0.606816 0.550000 0.527376 0.586600 0.604476 0.535682 0.544599 79.012580
0.296813 0.185609 0.487839 0.473443 0.527870 0.491644 0.390894 0.460984 0.441622 0.560500 81.091715
0.280658 0.205261 0.494128 0.365409 0.464177 0.505837 0.453148 0.601123 0.467605 0.453000 78.818368
0.316901 0.200000 0.500000 0.500000 0.500000 0.500000 0.500000 0.500000 0.500000 0.500000 90.000000
0.370079 0.073998 0.481560 0.091817 0.347513 0.566610 0.508402 0.111764 0.256578 0.951114 41.886902
0.316901 0.200000 0.500000 0.500000 0.500000 0.500000 0.500000 0.500000 0.500000 0.500000 90.000000
0.316901 0.200000 0.500000 0.500000 0.500000 0.500000 0.500000 0.500000 0.500000 0.500000 90.000000
0.316901 0.200000 0.500000 0.500000 0.500000 0.500000 0.500000 0.500000 0.500000 0.500000 90.000000
0.316901 0.200000 0.500000 0.500000 0.500000 0.500000 0.500000 0.500000 0.500000 0.500000 90.000000
0.328786 0.203180 0.438859 0.552692 0.438952 0.490130 0.500000 0.452375 0.500000 0.565579 82.508369
0.347022 0.215672 0.560239 0.521130 0.514816 0.583869 0.565693 0.392202 0.599902 0.487969 78.448635
0.316901 0.200000 0.500000 0.500000 0.500000 0.500000 0.500000 0.500000 0.500000 0.500000 90.000000
0.316901 0.200000 0.500000 0.500000 0.500000 0.500000 0.500000 0.500000 0.500000 0.500000 90.000000
0.316901 0.200000 0.500000 0.500000 0.500000 0.500000 0.500000 0.500000 0.500000 0.500000 90.000000
0.316901 0.200000 0.500000 0.500000 0.500000 0.500000 0.500000 0.500000 0.500000 0.500000 90.000000
0.316901 0.200000 0.500000 0.500000 0.500000 0.500000 0.500000 0.500000 0.500000 0.500000 90.000000
0.311837 0.181828 0.527005 0.538629 0.457845 0.553288 0.553230 0.435962 0.529886 0.520143 82.535065
0.316901 0.200000 0.500000 0.500000 0.500000 0.500000 0.500000 0.500000 0.500000 0.500000 90.000000
0.316901 0.200000 0.500000 0.500000 0.500000 0.500000 0.500000 0.500000 0.500000 0.500000 90.000000
0.316901 0.200000 0.500000 0.500000 0.500000 0.500000 0.500000 0.500000 0.500000 0.500000 90.000000
0.316901 0.200000 0.500000 0.500000 0.500000 0.500000 0.500000 0.500000 0.500000 0.500000 90.000000
0.316901 0.200000 0.500000 0.500000 0.500000 0.500000 0.500000 0.500000 0.500000 0.500000 90.000000
0.316901 0.200000 0.500000 0.500000 0.500000 0.500000 0.500000 0.500000 0.500000 0.500000 90.000000
0.316901 0.200000 0.500000 0.500000 0.500000 0.500000 0.500000 0.500000 0.500000 0.500000 90.000000
0.316901 0.200000 0.500000 0.500000 0.500000 0.500000 0.500000 0.500000 0.500000 0.500000 90.000000
0.316901 0.200000 0.500000 0.500000 0.500000 0.500000 0.500000 0.500000 0.500000 0.500000 90.000000
0.316901 0.200000 0.500000 0.500000 0.500000 0.500000 0.500000 0.500000 0.500000 0.500000 90.000000
0.316901 0.200000 0.500000 0.500000 0.500000 0.500000 0.500000 0.500000 0.500000 0.500000 90.000000
0.357792 0.190478 0.565226 0.481334 0.551383 0.616904 0.421434 0.469180 0.579780 0.461970 78.534634
0.316901 0.200000 0.500000 0.500000 0.500000 0.500000 0.500000 0.500000 0.500000 0.500000 90.000000
0.316901 0.200000 0.500000 0.500000 0.500000 0.500000 0.500000 0.500000 0.500000 0.500000 90.000000
0.272688 0.215068 0.526876 0.384234 0.586307 0.484011 0.559897 0.538121 0.537825 0.500543 79.414243
0.300569 0.198710 0.446864 0.396820 0.516718 0.488428 0.372766 0.594371 0.536981 0.567722 77.844272
0.353474 0.181436 0.488488 0.580044 0.539831 0.433036 0.499641 0.516649 0.375620 0.532139 79.370154
0.316901 0.200000 0.500000 0.500000 0.500000 0.500000 0.500000 0.500000 0.500000 0.500000 90.000000
0.284471 0.244279 0.475891 0.619933 0.609328 0.464292 0.452517 0.469909 0.492491 0.481307 77.708358
0.316901 0.200000 0.500000 0.500000 0.500000 0.500000 0.500000 0.500000 0.500000 0.500000 90.000000
0.316901 0.200000 0.500000 0.500000 0.500000 0.500000 0.500000 0.500000 0.500000 0.500000 90.000000
0.316901 0.200000 0.500000 0.500000 0.500000 0.500000 0.500000 0.500000 0.500000 0.500000 90.000000
0.316901 0.200000 0.500000 0.500000 0.500000 0.500000 0.500000 0.500000 0.500000 0.500000 90.000000
0.316901 0.200000 0.500000 0.500000 0.500000 0.500000 0.500000 0.500000 0.500000 0.500000 90.000000
0.316901 0.200000 0.500000 0.500000 0.500000 0.500000 0.500000 0.500000 0.500000 0.500000 90.000000
0.316901 0.200000 0.500000 0.500000 0.500000 0.500000 0.500000 0.500000 0.500000 0.500000 90.000000
0.316901 0.200000 0.500000 0.500000 0.500000 0.500000 0.500000 0.500000 0.500000 0.500000 90.000000
0.316901 0.200000 0.500000 0.500000 0.500000 0.500000 0.500000 0.500000 0.500000 0.500000 90.000000
0.316901 0.200000 0.500000 0.500000 0.500000 0.500000 0.500000 0.500000 0.500000 0.500000 90.000000
0.302619 0.215059 0.497845 0.500000 0.459051 0.612177 0.618803 0.574009 0.478306 0.488930 79.143913
0.316901 0.200000 0.500000 0.500000 0.500000 0.500000 0.500000 0.500000 0.500000 0.500000 90.000000
0.316901 0.200000 0.500000 0.500000 0.500000 0.500000 0.500000 0.500000 0.500000 0.500000 90.000000
0.250143 0.180977 0.446725 0.472594 0.638112 0.560945 0.498743 0.456888 0.482747 0.454410 78.064082
0.316901 0.200000 0.500000 0.500000 0.500000 0.500000 0.500000 0.500000 0.500000 0.500000 90.000000
0.366887 0.172376 0.469936 0.467499 0.407486 0.519621 0.563091 0.447313 0.500740 0.409018 79.061694
0.316901 0.200000 0.500000 0.500000 0.500000 0.500000 0.500000 0.500000 0.500000 0.500000 90.000000
0.316901 0.200000 0.500000 0.500000 0.500000 0.500000 0.500000 0.500000 0.500000 0.500000 90.000000
0.221111 0.194829 0.493165 0.576901 0.530918 0.482331 0.561926 0.461635 0.522706 0.513871 79.162220
0.316901 0.200000 0.500000 0.500000 0.500000 0.500000 0.500000 0.500000 0.500000 0.500000 90.000000
0.293375 0.206859 0.561641 0.497270 0.479453 0.522176 0.561590 0.569978 0.534728 0.476941 82.617584
0.316901 0.200000 0.500000 0.500000 0.500000 0.500000 0.500000 0.500000 0.500000 0.500000 90.000000
0.316901 0.200000 0.500000 0.500000 0.500000 0.500000 0.500000 0.500000 0.500000 0.500000 90.000000
0.316901 0.200000 0.500000 0.500000 0.500000 0.500000 0.500000 0.500000 0.500000 0.500000 90.000000
0.316901 0.200000 0.500000 0.500000 0.500000 0.500000 0.500000 0.500000 0.500000 0.500000 90.000000
0.316901 0.200000 0.500000 0.500000 0.500000 0.500000 0.500000 0.500000 0.500000 0.500000 90.000000
0.303161 0.217642 0.512380 0.456538 0.517293 0.482765 0.457758 0.553897 0.594175 0.583757 80.887804
0.316901 0.200000 0.500000 0.500000 0.500000 0.500000 0.500000 0.500000 0.500000 0.500000 90.000000
0.316901 0.200000 0.500000 0.500000 0.500000 0.500000 0.500000 0.500000 0.500000 0.500000 90.000000
0.316901 0.200000 0.500000 0.500000 0.500000 0.500000 0.500000 0.500000 0.500000 0.500000 90.000000
0.323065 0.203152 0.486472 0.471323 0.415156 0.532820 0.560643 0.326452 0.502354 0.521792 78.098948
0.316901 0.200000 0.500000 0.500000 0.500000 0.500000 0.500000 0.500000 0.500000 0.500000 90.000000
0.328085 0.182037 0.465549 0.546709 0.572301 0.545480 0.454570 0.569621 0.485812 0.544754 81.536660
0.254702 0.187674 0.466497 0.543378 0.477170 0.569090 0.513552 0.504524 0.555885 0.513785 81.481521
0.316901 0.200000 0.500000 0.500000 0.500000 0.500000 0.500000 0.500000 0.500000 0.500000 90.000000
0.309193 0.170598 0.441052 0.559190 0.470889 0.548469 0.588845 0.595014 0.516451 0.486164 79.642697
0.316901 0.200000 0.500000 0.500000 0.500000 0.500000 0.500000 0.500000 0.500000 0.500000 90.000000
0.316901 0.200000 0.500000 0.500000 0.500000 0.500000 0.500000 0.500000 0.500000 0.500000 90.000000
0.316901 0.200000 0.500000 0.500000 0.500000 0.500000 0.500000 0.500000 0.500000 0.500000 90.000000
0.316901 0.200000 0.500000 0.500000 0.500000 0.500000 0.500000 0.500000 0.500000 0.500000 90.000000
0.316901 0.200000 0.500000 0.500000 0.500000 0.500000 0.500000 0.500000 0.500000 0.500000 90.000000
0.326715 0.192400 0.460286 0.626487 0.437478 0.536026 0.391653 0.485525 0.429891 0.480757 78.528221
0.316901 0.200000 0.500000 0.500000 0.500000 0.500000 0.500000 0.500000 0.500000 0.500000 90.000000
0.316901 0.200000 0.500000 0.500000 0.500000 0.500000 0.500000 0.500000 0.500000 0.500000 90.000000
0.316901 0.200000 0.500000 0.500000 0.500000 0.500000 0.500000 0.500000 0.500000 0.500000 90.000000
0.316901 0.200000 0.500000 0.500000 0.500000 0.500000 0.500000 0.500000 0.500000 0.500000 90.000000
0.316901 0.200000 0.500000 0.500000 0.500000 0.500000 0.500000 0.500000 0.500000 0.500000 90.000000
0.316901 0.200000 0.500000 0.500000 0.500000 0.500000 0.500000 0.500000 0.500000 0.500000 90.000000
0.294291 0.242187 0.514595 0.508138 0.343027 0.483332 0.578560 0.457928 0.498275 0.504756 77.850170
0.316901 0.200000 0.500000 0.500000 0.500000 0.500000 0.500000 0.500000 0.500000 0.500000 90.000000
0.316901 0.200000 0.500000 0.500000 0.500000 0.500000 0.500000 0.500000 0.500000 0.500000 90.000000
0.316901 0.200000 0.500000 0.500000 0.500000 0.500000 0.500000 0.500000 0.500000 0.500000 90.000000
0.316901 0.200000 0.500000 0.500000 0.500000 0.500000 0.500000 0.500000 0.500000 0.500000 90.000000
0.365963 0.209369 0.534934 0.426944 0.523581 0.457963 0.587127 0.520344 0.503077 0.549184 80.847404
0.316901 0.200000 0.500000 0.500000 0.500000 0.500000 0.500000 0.500000 0.500000 0.500000 90.000000
0.316901 0.200000 0.500000 0.500000 0.500000 0.500000 0.500000 0.500000 0.500000 0.500000 90.000000
0.326926 0.189837 0.433288 0.544399 0.536423 0.465705 0.473902 0.440824 0.461266 0.500958 82.912385
0.256439 0.172529 0.489578 0.542857 0.541699 0.481350 0.599486 0.465694 0.416062 0.434666 78.582055
0.347134 0.263071 0.445456 0.514723 0.475770 0.527745 0.459960 0.451204 0.506849 0.429167 78.511689
0.329137 0.172496 0.562740 0.444454 0.592954 0.524509 0.470744 0.546955 0.533032 0.475117 80.798096
0.316901 0.200000 0.500000 0.500000 0.500000 0.500000 0.500000 0.500000 0.500000 0.500000 90.000000
0.342532 0.235902 0.454909 0.536392 0.556742 0.396679 0.449983 0.435681 0.546396 0.563628 78.646588
0.316901 0.200000 0.500000 0.500000 0.500000 0.500000 0.500000 0.500000 0.500000 0.500000 90.000000
0.316901 0.200000 0.500000 0.500000 0.500000 0.500000 0.500000 0.500000 0.500000 0.500000 90.000000
0.316901 0.200000 0.500000 0.500000 0.500000 0.500000 0.500000 0.500000 0.500000 0.500000 90.000000
0.316901 0.200000 0.500000 0.500000 0.500000 0.500000 0.500000 0.500000 0.500000 0.500000 90.000000
0.316901 0.200000 0.500000 0.500000 0.500000 0.500000 0.500000 0.500000 0.500000 0.500000 90.000000
0.324098 0.178912 0.473600 0.473895 0.498223 0.470087 0.518083 0.504968 0.394176 0.593831 80.903397
0.319436 0.213928 0.584845 0.442801 0.461632 0.482725 0.437019 0.459266 0.574819 0.467629 80.867547
0.350247 0.194639 0.446087 0.476291 0.541801 0.485223 0.541770 0.500000 0.576165 0.550654 82.259204
0.316901 0.249118 0.454055 0.469374 0.529416 0.648689 0.500000 0.500000 0.514205 0.554990 78.015855
0.316901 0.200000 0.500000 0.500000 0.500000 0.500000 0.500000 0.500000 0.500000 0.500000 90.000000
0.316901 0.200000 0.500000 0.500000 0.500000 0.500000 0.500000 0.500000 0.500000 0.500000 90.000000
0.316901 0.200000 0.500000 0.500000 0.500000 0.500000 0.500000 0.500000 0.500000 0.500000 90.000000
0.316901 0.187313 0.523574 0.452212 0.410768 0.512690 0.598343 0.515858 0.511884 0.590896 80.092636
0.336930 0.185151 0.479787 0.493685 0.387396 0.506738 0.534096 0.523276 0.510974 0.486276 82.456475
0.316901 0.200000 0.500000 0.500000 0.500000 0.500000 0.500000 0.500000 0.500000 0.500000 90.000000
0.302509 0.257145 0.516745 0.458817 0.509680 0.533890 0.420550 0.504508 0.520643 0.461199 79.752867
0.316901 0.200000 0.500000 0.500000 0.500000 0.500000 0.500000 0.500000 0.500000 0.500000 90.000000
