# gen=50 CA size=200
# x0..x(D-1) consensus
0.660303 0.446009 0.354469 0.625308 0.596914 9.320684
0.388853 0.064694 0.648640 0.166342 0.277535 8.012660
0.402873 0.441659 0.673956 0.065648 0.413965 8.012660
0.153859 0.302415 0.696891 0.246356 0.256665 9.320684
0.127144 0.476875 0.366315 0.403765 0.107589 9.320684
0.308772 0.036627 0.577770 0.613714 0.615451 9.320684
0.504511 0.811102 0.117602 0.219792 0.489631 9.320684
0.586999 0.087756 0.717249 0.137260 0.864536 6.176604
0.109509 0.730835 0.910535 0.420230 0.970507 9.320684
0.309927 0.215511 0.517080 0.681988 0.032028 9.320684
0.956133 0.572858 0.772464 0.080084 0.702384 9.320684
0.278123 0.606228 0.067341 0.715400 0.017014 9.320684
0.996458 0.580800 0.480644 0.893321 0.233063 9.320684
0.559255 0.703979 0.996038 0.490926 0.286937 9.320684
0.228016 0.450281 0.926732 0.450908 0.517712 7.082587
0.894686 0.681735 0.739281 0.252353 0.899394 9.320684
0.906037 0.645755 0.174745 0.653816 0.241635 9.356287
0.869579 0.400707 0.081912 0.467838 0.149625 9.942942
0.892058 0.520355 0.033263 0.785626 0.080042 9.966911
0.918923 0.575453 0.137313 0.926721 0.122906 9.387292
0.994792 0.458474 0.000000 0.942054 0.226929 9.425348
0.777414 0.364604 0.182507 0.609573 0.356672 10.384386
0.855862 0.442224 0.021155 0.607927 0.381967 9.329706
0.812686 0.453125 0.116515 0.699377 0.224571 14.177121
0.931801 0.443009 0.199790 0.903502 0.246902 10.840963
0.230771 0.796358 0.849468 0.365520 0.864087 18.003830
0.819705 0.488335 0.236100 0.639703 0.040679 9.541773
0.835892 0.496514 0.117813 0.808188 0.112644 10.208077
0.792022 0.486574 0.182632 0.721278 0.130810 13.027773
0.860704 0.451016 0.131014 0.625809 0.194167 47.316277
0.898688 0.462926 0.085061 0.618294 0.113994 10.639763
0.839272 0.470993 0.278594 0.695370 0.232159 10.924946
1.000000 0.532957 0.079069 0.787759 0.314733 10.859148
0.945207 0.516448 0.158062 0.634339 0.197566 9.418074
0.848178 0.365611 0.241030 0.676132 0.254014 9.701448
0.865097 0.397991 0.284724 0.684238 0.416824 9.370004
0.802559 0.404084 0.217784 0.521839 0.307981 13.168579
0.820844 0.559278 0.121695 0.867953 0.000000 9.321027
0.870390 0.554777 0.076461 0.600388 0.223859 9.687322
0.765644 0.495581 0.305968 0.679370 0.238537 10.975048
1.000000 0.552511 0.173032 0.791991 0.362152 9.361963
0.782963 0.514830 0.177603 0.556556 0.171076 14.154938
0.796114 0.515223 0.212133 0.494908 0.284590 9.657272
0.860361 0.425257 0.000000 0.582357 0.112955 9.963046
0.863656 0.531071 0.061699 0.858456 0.113003 9.326837
0.887403 0.397746 0.000000 0.764517 0.339761 9.530159
0.860325 0.397117 0.079706 0.651798 0.255543 29.512268
0.784857 0.371196 0.148945 0.369293 0.343469 9.417486
0.828380 0.513404 0.116394 0.741063 0.275242 9.978758
0.848143 0.514010 0.238755 0.763566 0.329868 9.643938
0.888199 0.540472 0.101922 0.609089 0.019852 9.495850
0.952032 0.577303 0.183971 0.985265 0.209195 9.393451
0.851537 0.492850 0.000000 0.675722 0.000000 9.485492
0.804587 0.442224 0.218467 0.607927 0.330595 12.661620
1.000000 0.505147 0.000000 0.839705 0.179204 9.974216
1.000000 0.606904 0.183823 0.859566 0.254442 9.387048
0.866658 0.428720 0.110462 0.613714 0.294395 37.132910
0.771421 0.505278 0.244931 0.500025 0.217644 9.763488
1.000000 0.452774 0.000000 0.655900 0.256669 11.060081
0.825873 0.504959 0.093626 0.867339 0.000000 9.325722
0.788007 0.468952 0.265660 0.663961 0.214652 11.973623
0.787862 0.344712 0.148717 0.457171 0.205667 10.219557
0.931126 0.410940 0.000000 0.884770 0.188709 9.894114
0.940374 0.500947 0.069133 0.557413 0.334224 10.640200
0.880969 0.527234 0.000000 0.613991 0.113671 9.862613
0.949476 0.595108 0.076461 0.600388 0.161285 9.942141
0.801375 0.585330 0.234250 0.699584 0.134498 9.896456
1.000000 0.427332 0.000000 0.839110 0.324404 10.012467
0.932108 0.434963 0.000000 0.823287 0.073634 9.613017
1.000000 0.530294 0.137158 0.993981 0.303549 9.342941
0.708793 0.381158 0.152119 0.464172 0.223876 10.378558
0.876077 0.542374 0.194523 0.904447 0.224049 9.596697
0.839538 0.403385 0.043699 0.558812 0.279223 11.574865
1.000000 0.450768 0.019932 0.838100 0.313169 10.091773
0.787520 0.435425 0.099034 0.403727 0.239114 10.742358
0.933475 0.579500 0.131194 0.593816 0.056525 9.361548
1.000000 0.541340 0.046219 0.619574 0.204328 9.806994
0.917885 0.488415 0.000000 0.892721 0.000000 9.411213
0.816596 0.575541 0.233502 0.532140 0.107420 9.326578
0.798406 0.587090 0.218201 0.647094 0.181791 9.788431
0.844250 0.615576 0.158673 0.822487 0.157217 9.320807
0.226551 0.883988 0.826501 0.276973 0.310081 9.320684
0.793940 0.980848 0.813536 0.822321 0.692680 9.320684
0.247929 0.633408 0.796477 0.688653 0.309051 9.320684
0.279603 0.844896 1.000000 0.267403 1.000000 9.320684
0.577147 0.572824 0.057201 0.000000 0.000000 9.320684
0.122833 0.487519 0.223664 0.602514 0.616290 9.320684
0.927892 0.343849 0.751308 0.052997 0.932144 9.320684
0.803960 0.365075 0.072596 0.219177 0.617829 9.320684
0.517997 0.799808 0.331800 0.274816 0.453968 9.320684
0.786446 0.407927 0.141564 0.178263 0.281422 9.320684
0.971778 0.493750 0.764956 0.529519 0.519494 9.320684
0.214477 0.030599 0.503185 0.584920 0.002687 9.320684
0.692702 0.420716 0.431983 0.408020 0.724503 9.320684
0.693129 0.633891 0.191951 0.547548 0.107390 9.320684
0.189717 0.758958 0.513518 0.228590 0.754849 9.320684
0.481164 0.000000 0.614364 0.353968 0.287920 9.320684
0.018193 0.129760 0.203615 0.395735 0.000000 9.320684
0.550962 0.393555 0.410414 0.377442 0.678535 9.320684
0.092662 0.873751 0.800747 0.530279 0.980325 9.320684
0.000000 0.087546 0.259289 0.475251 0.000000 9.320684
0.703927 0.620287 0.126476 0.823529 0.166490 9.320684
0.677945 0.363061 0.064531 0.099526 0.274035 9.320684
0.124973 0.751021 0.092958 1.000000 0.568036 9.320684
0.854373 0.612592 0.776568 0.546278 0.686962 9.320684
0.285616 0.872576 0.640799 0.479863 0.728038 9.320684
0.200179 0.232320 0.578320 0.957510 0.937784 9.320684
0.047587 0.857335 0.045919 0.664361 0.918344 9.320684
0.105627 0.034226 0.636856 0.388564 0.413965 9.320684
0.568495 0.366127 0.309502 0.482616 0.797500 9.320684
0.016155 0.757173 0.874355 0.489316 0.808002 9.320684
0.203674 0.667662 0.121677 0.572898 0.208809 9.320684
0.642884 0.655352 0.478812 0.075187 0.848090 9.320684
0.307126 0.758696 0.336213 0.206501 0.754225 9.320684
0.344651 0.076279 0.704993 0.519565 0.008027 9.320684
0.303170 0.898484 0.043699 0.996614 0.279223 9.320684
0.286279 0.257629 0.153196 0.257858 0.194527 9.320684
0.993178 0.632235 0.151053 0.059064 0.295883 9.320684
0.091841 0.213394 0.505251 0.324775 0.225663 9.320684
0.216862 0.252366 0.167467 0.765721 0.400295 9.320684
0.278421 0.587246 0.268917 0.266915 0.824483 9.320684
0.382288 0.264986 0.207832 0.328224 0.515415 9.320684
0.177267 0.798650 0.860706 0.527788 0.993703 9.320684
0.353091 0.530870 0.591572 0.190609 0.578370 9.320684
0.618295 0.554243 0.970765 0.447459 0.923885 9.320684
0.162443 0.570678 0.072783 0.135155 0.422340 9.320684
0.833868 0.621758 0.388325 0.052097 0.168300 9.320684
1.000000 0.617139 0.544267 0.220223 0.385191 9.320684
0.923211 0.492649 0.483263 0.525370 0.238515 9.320684
0.378659 0.015877 0.687058 0.320748 0.742698 9.320684
0.838205 0.445927 0.825986 0.150287 1.000000 9.320684
0.200156 0.656005 0.903926 0.237509 0.784851 9.320684
0.120618 0.835720 0.775225 0.311471 0.545377 9.320684
0.772748 0.575115 0.648489 0.120677 0.638991 9.320684
0.269920 0.801783 0.545202 0.317118 0.381721 9.320684
0.235927 0.517687 0.189776 0.960638 0.161546 9.320684
0.224106 0.823447 0.570491 0.377905 0.374723 9.320684
0.701901 0.344828 0.345665 0.528833 0.690178 9.320684
0.829116 0.537063 0.293327 0.346426 0.454483 9.320684
0.145641 0.624582 1.000000 0.504181 0.204359 9.320684
0.839009 0.887971 0.771001 0.826742 0.873779 9.320684
0.514028 0.930720 0.307560 0.139998 0.327545 9.320684
0.283554 0.043276 0.437666 0.601928 0.512920 9.320684
0.408557 0.385268 0.387090 0.494918 0.000000 9.320684
0.600439 0.446529 0.211930 0.392378 0.524388 9.320684
0.118159 0.588875 0.034667 0.711175 0.242724 9.320684
0.102760 0.194792 0.370333 0.776063 0.828023 9.320684
0.857512 0.667950 0.521144 0.351943 0.942414 9.320684
0.441764 0.804835 0.901196 0.590649 0.167868 9.320684
0.964189 0.450700 0.322543 0.994506 0.546609 9.320684
0.742349 0.653674 0.309745 0.849767 0.000000 9.320684
0.355891 0.734297 0.665976 0.611589 0.782476 9.320684
0.155544 0.835817 0.361382 0.634418 0.715206 9.320684
0.402148 0.324136 0.193446 0.972396 0.522864 9.320684
0.238380 0.000000 0.471354 0.855173 0.392990 9.320684
0.916645 0.433567 0.366123 0.470221 0.283856 9.320684
0.484439 0.074776 0.203100 0.966602 0.122188 9.320684
0.312944 0.529743 0.640904 0.696414 0.068711 9.320684
0.275425 0.147839 0.677285 0.275848 0.524857 9.320684
0.013832 0.873559 0.592869 0.613012 0.705412 9.320684
0.501425 0.704238 0.379719 0.698060 0.596876 9.320684
0.000000 0.553499 0.000000 0.770235 0.363329 9.320684
0.218684 0.156386 0.658870 0.404472 0.879857 9.320684
0.359533 0.584354 0.684933 0.311542 0.113802 9.320684
0.480789 0.890635 0.817880 0.669908 0.185099 9.320684
0.381911 0.860839 0.414076 0.448990 0.412166 9.320684
0.005437 0.487927 0.710650 0.711365 0.047286 9.320684
0.813254 0.398858 0.461022 0.429495 0.722462 9.320684
0.226876 0.930059 0.188175 0.219830 0.187499 9.320684
0.292455 0.550717 0.721264 0.461846 0.000000 9.320684
0.330635 0.000000 0.297279 0.280943 0.552379 9.320684
0.938543 0.521673 0.433836 0.130180 0.603917 9.320684
0.067479 0.065329 0.500315 0.710624 0.538524 9.320684
0.477694 0.181140 0.275246 0.589870 0.695417 9.320684
0.190586 0.285930 0.239578 0.489708 0.640689 9.320684
0.017967 0.883985 0.889536 0.680226 0.832378 9.320684
0.946755 0.562196 0.180769 0.689918 0.621262 9.320684
0.266563 0.712292 0.190320 0.621866 0.991360 9.320684
0.247289 0.784473 1.000000 0.312971 0.619815 9.320684
0.918191 0.539332 0.790049 0.333194 0.965841 9.320684
0.703712 0.696164 0.967918 0.119335 0.698655 9.320684
0.496580 0.948102 0.606508 0.247360 0.625388 9.320684
0.835376 0.521050 0.821010 0.381466 0.034315 9.320684
0.317416 0.503388 0.802034 0.534453 0.443026 9.320684
0.634591 1.000000 0.839247 0.947432 0.994459 9.320684
1.000000 0.421966 0.954130 0.000000 0.568107 9.320684
1.000000 0.695139 0.799489 0.342508 0.288348 9.320684
0.327230 0.512372 0.884725 0.517011 0.087054 9.320684
0.848974 0.508501 0.846606 0.305083 0.713823 9.320684
0.292973 0.010056 0.238180 0.718113 0.441361 9.320684
0.426538 0.756725 0.957502 0.622846 0.275675 9.320684
0.321522 0.828000 0.786904 0.523838 0.101644 9.320684
0.238515 0.615114 0.132986 0.156631 0.190381 9.320684
0.460776 1.000000 0.466604 0.458279 0.598118 9.320684
0.285903 0.856611 0.735982 0.506436 0.509659 9.320684
0.324489 0.627945 1.000000 0.265783 0.543501 9.320684
0.160258 0.759281 0.748414 0.585592 0.553187 9.320684
0.143744 0.770673 0.927811 0.729343 0.660396 9.320684
0.091428 0.311971 0.654622 0.403815 0.859671 9.320684
0.445988 0.949776 0.101291 0.643291 0.235588 9.320684
