# gen=200 OSA snapshot
# x0..xd fitness
0.300000 0.187499 0.500000 0.499999 0.499999 0.500000 0.500000 0.500000 0.500000 0.500000 89.999995
0.305543 0.189905 0.525909 0.550830 0.487718 0.496098 0.499264 0.524025 0.506413 0.484815 89.815720
0.300042 0.187337 0.502998 0.499967 0.501041 0.500768 0.498593 0.499439 0.498617 0.499937 89.991327
0.297874 0.182292 0.499612 0.495316 0.510036 0.522994 0.510267 0.473115 0.470540 0.460093 89.855694
0.299548 0.185103 0.502338 0.510719 0.502245 0.481786 0.501207 0.507127 0.496305 0.473858 89.926031
0.296307 0.188576 0.514776 0.516196 0.495753 0.504727 0.475649 0.446522 0.493995 0.536269 89.812248
0.320265 0.178211 0.539009 0.508583 0.468528 0.467180 0.500493 0.521790 0.498534 0.487179 89.816163
0.271357 0.174289 0.514453 0.534904 0.488527 0.488044 0.478586 0.487566 0.465982 0.480066 89.814218
0.292947 0.199021 0.479109 0.451469 0.538392 0.506101 0.506947 0.517614 0.494694 0.511439 89.819470
0.291334 0.193208 0.524923 0.530460 0.520782 0.497991 0.516087 0.532355 0.492037 0.516053 89.810330
0.280555 0.175649 0.497065 0.450334 0.460216 0.501644 0.499930 0.463315 0.506884 0.493827 89.819875
0.309151 0.190313 0.515891 0.501356 0.510302 0.503987 0.448733 0.496748 0.467456 0.492782 89.859123
0.270271 0.180839 0.453530 0.486383 0.499042 0.459134 0.520629 0.474129 0.515844 0.503352 89.801236
0.318997 0.174837 0.522802 0.494693 0.471629 0.511012 0.505765 0.497438 0.524180 0.536227 89.804930
0.304036 0.180746 0.484377 0.461783 0.468979 0.498877 0.495564 0.497122 0.472738 0.467730 89.855339
0.307078 0.187816 0.466682 0.488373 0.468709 0.499902 0.533600 0.492168 0.512532 0.503781 89.815423
0.300000 0.187500 0.500000 0.500000 0.499999 0.499998 0.500001 0.464428 0.500002 0.500002 89.926449
0.300117 0.187415 0.500321 0.469419 0.500242 0.543272 0.499682 0.499099 0.500517 0.500543 89.826283
0.310460 0.182216 0.519153 0.492316 0.501781 0.470251 0.497501 0.476757 0.513868 0.491421 89.890971
0.308310 0.184226 0.525193 0.522069 0.471712 0.478344 0.482198 0.483199 0.460072 0.466863 89.834771
0.299765 0.187615 0.500407 0.499747 0.499129 0.500318 0.500852 0.500262 0.499852 0.500000 89.996537
0.319270 0.174443 0.506331 0.516563 0.455371 0.506497 0.476121 0.488975 0.523967 0.479738 89.831010
0.304385 0.190573 0.543058 0.487477 0.486493 0.513992 0.469214 0.479719 0.510848 0.479430 89.841087
0.259225 0.190953 0.476897 0.495892 0.527734 0.509697 0.509894 0.527651 0.501553 0.504760 89.800646
0.290234 0.192760 0.475687 0.482111 0.494738 0.489179 0.458306 0.523979 0.522921 0.443239 89.802658
0.297737 0.190866 0.459474 0.491893 0.443284 0.515334 0.496905 0.474383 0.489466 0.511302 89.835197
0.277184 0.171718 0.499648 0.467249 0.512673 0.473595 0.513990 0.456074 0.511441 0.472854 89.808836
0.310520 0.190313 0.506531 0.501356 0.473703 0.503987 0.469056 0.496748 0.490669 0.492782 89.900391
0.322341 0.187676 0.467332 0.459336 0.501557 0.470267 0.465080 0.512268 0.501053 0.476142 89.824818
0.288916 0.199977 0.515484 0.495857 0.523757 0.512130 0.468443 0.474478 0.476612 0.473684 89.839997
0.310800 0.177246 0.445483 0.501829 0.515560 0.500127 0.451394 0.501525 0.527242 0.496554 89.813757
0.318050 0.178232 0.505656 0.458057 0.475308 0.455560 0.476327 0.474536 0.510639 0.524087 89.811966
0.302193 0.189038 0.521532 0.493735 0.493246 0.506997 0.484609 0.489863 0.505425 0.489714 89.924315
0.329684 0.180251 0.499043 0.509327 0.511472 0.502451 0.456362 0.497338 0.483768 0.496874 89.848603
0.292799 0.185826 0.550641 0.480714 0.531380 0.471438 0.473067 0.501475 0.509944 0.489517 89.810864
0.294650 0.191881 0.524062 0.524324 0.472437 0.514980 0.507690 0.499694 0.518338 0.432474 89.814618
0.285894 0.182552 0.467725 0.483107 0.500322 0.476569 0.500665 0.489990 0.451917 0.510962 89.851424
0.270550 0.197084 0.502338 0.530631 0.464186 0.479867 0.519708 0.496748 0.496305 0.513119 89.818366
0.282760 0.178676 0.507204 0.440081 0.475685 0.492394 0.476345 0.485663 0.516589 0.518632 89.823581
0.305742 0.188104 0.496392 0.498868 0.505216 0.496090 0.507116 0.501909 0.520896 0.500625 89.939964
0.315174 0.190313 0.474404 0.501356 0.468949 0.503987 0.499537 0.496748 0.461547 0.492782 89.870740
0.266044 0.196502 0.500381 0.471996 0.508700 0.524505 0.476123 0.458488 0.509413 0.479563 89.804481
0.289426 0.184741 0.442664 0.509107 0.519970 0.492557 0.483562 0.479117 0.533415 0.468079 89.808508
0.286810 0.189140 0.498803 0.504186 0.435417 0.485692 0.499052 0.447454 0.526333 0.493899 89.805076
0.290877 0.176567 0.505173 0.488984 0.482341 0.506240 0.469451 0.502679 0.466729 0.496283 89.873355
0.299548 0.184159 0.502338 0.472337 0.502245 0.493329 0.501207 0.485776 0.496305 0.486195 89.924968
0.285815 0.170386 0.487815 0.497548 0.523042 0.475130 0.454059 0.508589 0.501649 0.449036 89.803550
0.288939 0.190596 0.483778 0.507549 0.533234 0.471019 0.522571 0.453157 0.458376 0.505538 89.803591
0.298711 0.190313 0.516416 0.500856 0.442513 0.503987 0.499693 0.496748 0.483423 0.492782 89.867427
0.325342 0.184642 0.453780 0.476596 0.521043 0.487220 0.497440 0.480714 0.514239 0.514114 89.839609
0.308170 0.166962 0.510829 0.529403 0.506065 0.480881 0.485368 0.465937 0.478070 0.524910 89.816554
0.279923 0.201937 0.465403 0.516063 0.484924 0.514357 0.490497 0.503965 0.534675 0.525265 89.800548
0.300149 0.187317 0.549085 0.500731 0.500915 0.500502 0.499681 0.499358 0.499642 0.499885 89.864482
0.261163 0.184923 0.471434 0.510102 0.524530 0.523223 0.490139 0.507125 0.505612 0.463218 89.808171
0.330353 0.187376 0.501570 0.524184 0.514345 0.435567 0.488703 0.490834 0.494135 0.519771 89.809939
0.332660 0.190313 0.480098 0.501356 0.464721 0.503987 0.478860 0.496748 0.514289 0.492782 89.846866
0.291534 0.186059 0.506069 0.498661 0.469159 0.493222 0.482459 0.497726 0.505157 0.497954 89.916073
0.302580 0.185729 0.460234 0.539768 0.488193 0.449896 0.504417 0.522351 0.484462 0.521044 89.803273
0.313458 0.192472 0.441441 0.488458 0.502264 0.503987 0.478266 0.487642 0.522382 0.451210 89.814011
0.287842 0.187159 0.507847 0.511138 0.520025 0.488339 0.504030 0.480547 0.487433 0.444131 89.855252
0.309802 0.191299 0.514089 0.520445 0.510866 0.508389 0.518595 0.465721 0.521784 0.495052 89.864460
0.299992 0.187503 0.500003 0.499993 0.500009 0.500002 0.499993 0.500007 0.545996 0.499998 89.813777
0.266035 0.190313 0.493219 0.501356 0.515373 0.503987 0.442116 0.496748 0.514908 0.492782 89.822280
0.282638 0.187374 0.473277 0.477723 0.508254 0.491800 0.486622 0.513058 0.520658 0.498207 89.881404
0.309791 0.186059 0.479839 0.498661 0.520505 0.493222 0.470994 0.497726 0.500417 0.497954 89.904594
0.288532 0.186059 0.496792 0.498661 0.510088 0.493222 0.451716 0.497726 0.499442 0.497954 89.886705
0.313941 0.183073 0.464075 0.526119 0.474246 0.471907 0.486350 0.524714 0.485400 0.502506 89.832017
0.299548 0.164579 0.502338 0.491633 0.502245 0.539980 0.501207 0.512065 0.496305 0.504015 89.803470
0.299548 0.182354 0.502338 0.514260 0.502245 0.472665 0.501207 0.522367 0.496305 0.441281 89.839118
0.286373 0.185520 0.543053 0.484030 0.516727 0.501125 0.488353 0.487144 0.535935 0.521324 89.809045
0.313423 0.190313 0.468783 0.501356 0.511882 0.503987 0.429693 0.496748 0.504375 0.492782 89.828046
0.299548 0.195215 0.502338 0.540786 0.502245 0.533431 0.501207 0.458574 0.496305 0.500587 89.817078
0.304102 0.189495 0.472762 0.437369 0.462863 0.522682 0.506995 0.492518 0.503697 0.507385 89.821776
0.299548 0.174791 0.502338 0.464857 0.502245 0.449152 0.501207 0.483232 0.496305 0.529142 89.825283
0.305358 0.183475 0.525012 0.490370 0.466809 0.445646 0.520558 0.470988 0.482290 0.503000 89.816299
0.324696 0.181706 0.477765 0.512469 0.487497 0.511640 0.446489 0.502995 0.479863 0.454829 89.810214
0.299548 0.181530 0.502338 0.500341 0.502245 0.518915 0.501207 0.506517 0.496305 0.461947 89.897611
0.284377 0.184272 0.541898 0.492246 0.509907 0.484302 0.522912 0.510303 0.476905 0.513842 89.827473
0.300002 0.158959 0.500002 0.500001 0.499997 0.500003 0.499999 0.500001 0.500005 0.500000 89.841839
0.278430 0.190292 0.501410 0.465853 0.542618 0.511390 0.479214 0.522768 0.496427 0.525378 89.803071
0.287016 0.171004 0.530564 0.508158 0.473308 0.497939 0.448307 0.469774 0.516424 0.518230 89.803066
0.296555 0.190049 0.522910 0.511865 0.528746 0.501344 0.429657 0.473590 0.490799 0.472801 89.806745
0.328516 0.201474 0.490659 0.480173 0.469733 0.519300 0.488724 0.472798 0.454536 0.500356 89.801876
0.300878 0.191600 0.536025 0.538591 0.465494 0.475347 0.495345 0.502466 0.467695 0.486769 89.820152
0.296166 0.184917 0.477237 0.524497 0.492072 0.498974 0.505464 0.443793 0.505598 0.449702 89.824406
0.288747 0.179260 0.468143 0.493849 0.509305 0.484713 0.506401 0.456441 0.466682 0.497371 89.848886
0.313027 0.185269 0.522932 0.457854 0.469314 0.524118 0.484893 0.449835 0.478379 0.493462 89.809269
0.288449 0.178602 0.519175 0.484579 0.453414 0.469872 0.484630 0.501464 0.493647 0.500295 89.852373
0.308372 0.187799 0.477300 0.468132 0.495735 0.441800 0.467658 0.476474 0.498866 0.485849 89.826609
0.282133 0.195059 0.505499 0.501655 0.477877 0.499289 0.485940 0.453757 0.519980 0.515153 89.853073
0.289781 0.184678 0.447260 0.455575 0.510023 0.467574 0.469228 0.504104 0.461852 0.485883 89.803893
0.326395 0.185349 0.519413 0.492549 0.504659 0.444813 0.501207 0.441079 0.489504 0.495939 89.801193
0.300000 0.187500 0.499999 0.500004 0.500002 0.500002 0.499999 0.426444 0.499997 0.500002 89.847670
0.313522 0.186172 0.500554 0.516655 0.469485 0.504501 0.455036 0.512271 0.501627 0.523628 89.852343
0.299548 0.203842 0.502338 0.511503 0.502245 0.459851 0.501207 0.472700 0.496305 0.454298 89.824382
0.299548 0.176821 0.502338 0.499004 0.502245 0.469224 0.501207 0.479723 0.496305 0.426605 89.819373
0.299511 0.185900 0.507235 0.441271 0.512787 0.469009 0.465872 0.455069 0.510965 0.475757 89.807643
0.308788 0.182272 0.543720 0.524909 0.514501 0.470453 0.521189 0.519484 0.513891 0.502925 89.812073
0.298051 0.191251 0.512624 0.511887 0.515495 0.499669 0.465432 0.496204 0.493552 0.488076 89.903108
0.299930 0.186340 0.480021 0.485278 0.535435 0.504287 0.496392 0.485806 0.475639 0.504571 89.879072
0.289232 0.191606 0.455243 0.441603 0.514970 0.505439 0.527300 0.497330 0.497828 0.493009 89.800810
0.287947 0.182057 0.540879 0.512286 0.471745 0.478992 0.477948 0.494971 0.511856 0.513869 89.843656
0.310996 0.183743 0.535005 0.482741 0.490930 0.524158 0.521624 0.464464 0.528035 0.477529 89.805644
0.299548 0.175433 0.502338 0.430895 0.502245 0.520715 0.501207 0.475190 0.496305 0.479863 89.818295
0.299548 0.187680 0.502338 0.450361 0.502245 0.495248 0.501207 0.455147 0.496305 0.436685 89.808507
0.315759 0.184444 0.491332 0.481827 0.466489 0.476175 0.466512 0.499820 0.510169 0.487821 89.864077
0.330012 0.184658 0.522779 0.479076 0.529001 0.520572 0.475002 0.524606 0.493536 0.503343 89.811977
0.310491 0.172227 0.516078 0.512459 0.525552 0.507139 0.490390 0.488119 0.476666 0.511788 89.864363
0.299548 0.188582 0.502338 0.506241 0.502245 0.490783 0.501207 0.495416 0.496305 0.491542 89.967106
0.251592 0.187620 0.499856 0.499777 0.499902 0.500252 0.500089 0.499966 0.499822 0.500189 89.832666
0.297827 0.190874 0.510246 0.506007 0.457877 0.445810 0.493649 0.484560 0.492589 0.471726 89.837732
0.301475 0.188187 0.505863 0.496069 0.487954 0.502783 0.505525 0.505585 0.500362 0.439757 89.869547
0.338902 0.184978 0.516693 0.518841 0.505031 0.497629 0.493514 0.504337 0.480303 0.474583 89.837262
0.300046 0.187951 0.500971 0.499907 0.501701 0.500197 0.499753 0.499544 0.499855 0.404518 89.801909
0.310701 0.200092 0.484524 0.470599 0.511329 0.510373 0.503836 0.513101 0.492209 0.502897 89.875564
0.299548 0.181013 0.502338 0.488336 0.502245 0.471213 0.501207 0.495308 0.496305 0.496044 89.924369
0.299548 0.181338 0.502338 0.539328 0.502245 0.483903 0.501207 0.488297 0.496305 0.451039 89.846858
0.308852 0.185228 0.500676 0.513353 0.451282 0.497327 0.490525 0.504374 0.520465 0.534739 89.827620
0.327309 0.170013 0.518798 0.523486 0.486357 0.517518 0.501535 0.474818 0.470194 0.484154 89.815886
0.281076 0.182805 0.484044 0.471764 0.479360 0.530582 0.509304 0.488143 0.457763 0.458836 89.805987
