# gen=500 CA size=200
# x0..x(D-1) consensus
0.853260 0.347206 0.808317 28.584593
0.312207 0.877404 0.790020 17.077466
0.096457 0.672096 0.620063 48.704644
0.080405 0.020365 0.795372 12.686618
0.126487 0.264976 0.269025 17.077466
0.212324 0.051879 0.049032 17.929836
0.452405 0.831166 0.091304 15.189906
0.025738 0.010131 0.490712 17.929836
0.095920 0.646056 0.598126 72.145110
0.859363 0.392311 0.838758 57.922238
0.126709 0.595439 0.429791 46.584059
0.875489 0.451229 0.946899 38.261049
0.157883 0.622508 0.406213 46.892721
0.722213 0.491377 0.884893 17.077466
0.081612 0.622956 0.609902 51.110480
0.080726 0.662314 0.507797 39.524132
0.111405 0.629784 0.495582 84.086215
0.864245 0.394407 0.862471 65.452180
0.113002 0.639542 0.518767 89.218096
0.809535 0.512209 0.955659 30.441330
0.108292 0.594309 0.537701 53.582064
0.110505 0.601396 0.486224 56.925573
0.155984 0.644538 0.367848 41.813743
0.843331 0.490487 0.929735 66.122900
0.855429 0.428224 0.882835 85.051574
0.837407 0.548936 0.917861 36.954485
0.900635 0.526661 0.919075 28.272866
0.850176 0.398980 0.900269 60.136932
0.110542 0.659141 0.469818 65.685678
0.058703 0.652150 0.706743 39.475525
0.886657 0.381169 0.865078 37.056671
0.125751 0.646292 0.531681 60.576091
0.882254 0.389939 0.776798 40.324156
0.070593 0.599148 0.567595 28.363130
0.071788 0.695601 0.669365 29.476173
0.849081 0.372432 0.898175 42.990267
0.086575 0.659922 0.597333 59.880087
0.109562 0.664775 0.497537 72.175202
0.147402 0.633593 0.322334 35.404056
0.080964 0.671543 0.686579 39.866555
0.813652 0.544168 0.954101 35.538744
0.819461 0.500937 0.972327 33.568892
0.094609 0.640596 0.562473 80.363149
0.881266 0.429167 0.904459 42.872123
0.073204 0.658923 0.630621 48.980285
0.890560 0.416878 0.804597 36.541210
0.134854 0.584944 0.538436 38.115251
0.139687 0.642319 0.422897 61.209484
0.096546 0.689663 0.499859 50.821491
0.855936 0.475895 0.875755 78.406351
0.816541 0.384410 0.840465 35.824302
0.902688 0.356876 0.803752 31.921066
0.843179 0.373032 0.789273 28.655215
0.123525 0.645837 0.477246 78.493945
0.200743 0.723464 0.091644 28.536506
0.139331 0.587360 0.406495 38.828224
0.852619 0.453664 0.837012 67.325298
0.104827 0.568760 0.483520 29.304746
0.882447 0.473035 0.842196 41.741383
0.102881 0.643529 0.530143 86.007471
0.098134 0.605558 0.624966 39.561243
0.891094 0.437068 0.874319 45.123845
0.114137 0.615242 0.397063 32.690620
0.112245 0.701529 0.544685 37.326122
0.863349 0.410582 0.855053 75.775463
0.853251 0.469904 0.815544 43.960633
0.879301 0.517364 0.946498 30.545038
0.115107 0.626712 0.553868 67.079188
0.838722 0.547589 0.885310 35.661891
0.081168 0.629124 0.687050 36.385800
0.871480 0.411415 0.788035 44.424065
0.873961 0.374402 0.815567 48.767876
0.091645 0.652911 0.620404 63.593706
0.896797 0.397072 0.809849 35.061218
0.868094 0.420367 0.770583 34.941699
0.889641 0.405567 0.851614 45.210409
0.131033 0.605076 0.496097 62.307246
0.123735 0.629001 0.454547 78.017237
0.114347 0.642505 0.560576 63.951650
0.850613 0.469402 0.899424 82.564071
0.171354 0.626712 0.318831 37.262244
0.851701 0.494472 0.882642 66.873589
0.829067 0.410699 0.849933 55.415374
0.092948 0.646217 0.500573 54.403346
0.074598 0.646560 0.668933 50.104770
0.096985 0.689174 0.604151 40.636364
0.118780 0.684633 0.470998 46.158084
0.855991 0.451425 0.894334 84.475513
0.876364 0.388309 0.797174 50.449520
0.073269 0.671093 0.712793 35.712908
0.133242 0.668701 0.422131 43.998225
0.071949 0.600354 0.624139 31.729511
0.169411 0.612160 0.287804 31.945518
0.168517 0.633797 0.435046 32.033795
0.874857 0.359870 0.852614 45.045831
0.822302 0.396922 0.808401 34.353175
0.869629 0.362861 0.876785 40.060907
0.105282 0.607183 0.525216 66.416310
0.854060 0.448506 0.929046 60.221853
0.069037 0.650142 0.619245 51.468676
0.197189 0.110862 0.623505 22.439410
0.095528 0.682324 0.580645 50.006016
0.149178 0.624555 0.336688 44.325270
0.121874 0.660897 0.511388 69.675548
0.113577 0.603843 0.563909 55.449883
0.834504 0.537592 0.943776 38.470028
0.878657 0.387389 0.822607 60.882342
0.127962 0.595769 0.387551 39.038882
0.824573 0.522151 0.989153 31.523935
0.122534 0.610983 0.536843 63.405683
0.113064 0.588589 0.518558 54.067266
0.102183 0.642739 0.462661 48.010963
0.108137 0.624287 0.565349 71.757173
0.127742 0.684235 0.559653 31.049963
0.094380 0.643320 0.585100 76.140418
0.866781 0.497458 0.898607 55.147540
0.852139 0.512956 0.904702 51.716654
0.079979 0.646577 0.644903 57.812341
0.851140 0.485048 0.897236 72.447830
0.155458 0.612252 0.312371 36.740304
0.055358 0.665651 0.755672 31.092499
0.129701 0.629232 0.393290 50.293231
0.123418 0.600792 0.440899 51.824391
0.082274 0.708094 0.639468 28.185901
0.836454 0.387496 0.888327 46.320902
0.880604 0.443760 0.847224 53.386505
0.884124 0.482373 0.912790 52.112700
0.831628 0.426197 0.899453 49.416305
0.839217 0.426391 0.857154 73.035439
0.875517 0.460997 0.967998 32.077603
0.144800 0.660468 0.440418 47.033759
0.864616 0.425332 0.812503 57.682521
0.060461 0.673852 0.665219 33.946300
0.858237 0.409911 0.925495 44.854541
0.117044 0.558845 0.544691 29.907001
0.108907 0.698523 0.455315 34.421314
0.135521 0.654960 0.396851 46.461219
0.814530 0.467682 0.958913 28.572640
0.828358 0.524122 0.925229 49.569799
0.823344 0.506190 1.000000 30.111169
0.142277 0.626213 0.364887 51.523626
0.131737 0.584544 0.562030 32.068042
0.888033 0.490780 0.894679 45.444862
0.133028 0.635805 0.441153 73.924270
0.111148 0.659966 0.537498 73.678470
0.808624 0.441057 0.859838 30.979913
0.137704 0.635123 0.491827 61.812763
0.854561 0.478427 0.851401 66.050411
0.860681 0.498321 0.830446 42.233224
0.078944 0.635642 0.601485 61.246152
0.821400 0.403575 0.901981 33.659095
0.841348 0.364508 0.841821 36.377209
0.040798 0.659186 0.685606 30.455830
0.159648 0.645718 0.337269 35.103942
0.830894 0.427371 0.885864 53.357511
0.117282 0.656080 0.443995 60.544654
0.060407 0.639690 0.664821 43.017904
0.890935 0.348373 0.788855 35.220580
0.881410 0.518943 0.867291 37.922829
0.084890 0.632371 0.579479 66.448236
0.127831 0.600290 0.465204 58.563781
0.846390 0.467519 0.983280 33.471754
0.058155 0.657902 0.604398 37.435791
0.876447 0.461831 0.900364 63.779447
0.868353 0.433706 0.797392 48.746284
0.136798 0.603207 0.517094 47.556335
0.077195 0.615895 0.645684 38.870372
0.839874 0.430007 0.928064 47.708806
0.859666 0.467970 0.848336 72.002100
0.113781 0.615609 0.595451 43.268745
0.873281 0.542997 0.922580 29.501332
0.877839 0.546553 0.892091 30.249467
0.079995 0.708682 0.556193 28.267763
0.825906 0.428834 0.811680 36.051522
0.882382 0.462666 0.882936 56.757504
0.166096 0.628607 0.350700 42.027548
0.133848 0.688677 0.413534 31.954159
0.092858 0.675691 0.530797 60.097245
0.127598 0.666558 0.370604 33.568945
0.855983 0.448718 0.878669 89.861623
0.148351 0.665817 0.456377 40.618057
0.841572 0.483933 0.964017 43.513449
0.119601 0.694797 0.508412 42.051605
0.844874 0.500937 0.858948 47.707103
0.843086 0.469689 0.928644 66.501999
0.093442 0.652426 0.631634 53.963561
0.160339 0.662107 0.396115 33.382370
0.164050 0.606901 0.311903 32.919972
0.066129 0.677214 0.563656 33.619035
0.839029 0.513310 0.898066 55.753926
0.868942 0.328272 0.863622 30.187354
0.093670 0.666879 0.648044 43.588273
0.095943 0.579734 0.594419 31.919426
0.882832 0.343548 0.826629 37.869972
0.187898 0.633327 0.302798 28.205288
0.863856 0.528610 0.904419 39.023638
0.141814 0.568945 0.435113 29.562609
0.108671 0.726169 0.514757 28.586872
0.150275 0.607395 0.442264 45.810845
0.855983 0.448718 0.847953 77.939098
