# gen=0 mediating population
# x0..x(D-1) f0 f1 consensus
0.424651 0.472624 0.369051 63.628032 8.637038 8.637038
0.301077 0.331128 0.873243 58.955945 7.396824 7.396824
0.297810 0.274937 0.790376 57.217149 60.085791 57.217149
0.324307 0.134147 0.968354 36.027734 7.396824 7.396824
0.513635 0.528400 0.796856 34.962957 12.988045 12.988045
0.576315 0.364085 0.424215 33.913560 8.637038 8.637038
0.477365 0.438551 0.742662 28.240518 12.410565 12.410565
0.680965 0.057465 0.807945 27.623174 8.637038 8.637038
0.624800 0.311542 0.150241 8.038143 45.797540 8.038143
0.764015 0.549050 0.741138 8.637038 29.289551 8.637038
0.478913 0.600807 0.824906 9.599166 26.303912 9.599166
0.646952 0.440866 0.186262 8.038143 24.433025 8.038143
0.670533 0.250825 0.755896 8.637038 23.410931 8.637038
0.296804 0.124460 0.493194 8.059115 16.347108 8.059115
0.573557 0.282178 0.811793 8.637038 14.785030 8.637038
0.312601 0.158550 0.440745 8.059115 14.225992 8.059115
0.524725 0.392083 0.259646 8.663699 8.637038 8.637038
0.594333 0.510837 0.555095 8.637038 8.637038 8.637038
0.451782 0.536715 0.596978 8.637038 7.994694 7.994694
0.535801 0.456745 0.277656 11.846238 8.637038 8.637038
0.547592 0.361724 0.562474 8.637038 8.637038 8.637038
0.360727 0.298542 0.431122 15.689971 8.637038 8.637038
0.462938 0.321335 0.511742 8.637038 8.637038 8.637038
0.532546 0.440089 0.807191 48.176477 40.430039 40.430039
0.389995 0.465968 0.849074 8.637038 8.637038 8.637038
0.474014 0.385997 0.529752 8.637038 8.637038 8.637038
0.485805 0.290976 0.814570 49.950569 8.637038 8.637038
0.298940 0.227794 0.683218 26.739806 71.330838 26.739806
0.305206 0.216743 0.615561 15.917877 46.950936 15.917877
0.474553 0.222845 0.559298 8.637038 8.637038 8.637038
0.544161 0.341599 0.854746 70.657583 40.822674 40.822674
0.401610 0.367477 0.896630 8.637038 8.637038 8.637038
0.485630 0.287507 0.577308 8.637038 8.637038 8.637038
0.497420 0.192486 0.862125 44.891162 8.637038 8.637038
0.310556 0.129304 0.730774 23.121218 52.580367 23.121218
0.569217 0.419971 0.473549 8.637038 8.637038 8.637038
0.638825 0.538725 0.768997 8.637038 7.994694 7.994694
0.580294 0.484633 0.491559 8.637038 8.637038 8.637038
0.592084 0.389612 0.776376 8.637038 32.253385 8.637038
0.405220 0.326430 0.645025 10.380232 8.637038 8.637038
0.600557 0.337813 0.287228 9.912405 8.637038 8.637038
0.670165 0.456567 0.582676 8.637038 8.637038 8.637038
0.527614 0.482446 0.624560 8.637038 8.637038 8.637038
0.611634 0.402476 0.305238 13.489832 8.637038 8.637038
0.623424 0.307455 0.590055 8.637038 15.897270 8.637038
0.436559 0.244273 0.458704 8.637038 8.637038 8.637038
0.525461 0.360365 0.777227 20.339895 18.124675 18.124675
0.394983 0.298551 0.591703 8.637038 8.637038 8.637038
0.652882 0.184504 0.479093 8.637038 8.637038 8.637038
0.722490 0.303258 0.774542 8.637038 8.637038 8.637038
0.663959 0.249166 0.497103 8.637038 8.637038 8.637038
0.675749 0.154145 0.781921 8.637038 12.153367 8.637038
0.488885 0.090963 0.650569 8.637038 8.637038 8.637038
0.235638 0.853005 0.619774 9.464570 8.140221 8.140221
0.423352 0.620491 0.878740 8.637038 7.909938 7.909938
0.000958 0.327429 0.703925 8.059115 8.140221 8.059115
0.430301 0.729418 0.721108 8.637038 7.994694 7.994694
0.007808 0.031386 0.925578 8.059115 7.796663 7.796663
0.555714 0.945583 0.684918 8.637038 7.994694 7.994694
0.113096 0.911622 0.152601 7.734010 8.140221 7.734010
0.692271 0.472484 0.956027 16.060059 8.637038 8.637038
0.810228 0.611607 0.688715 8.637038 64.907732 8.637038
0.383374 0.986830 0.483928 8.637038 7.994694 7.994694
0.162011 0.539489 0.388210 8.059115 8.140221 8.059115
0.117463 0.215363 0.214995 8.059115 8.140221 8.059115
0.491416 0.952990 0.759816 8.637038 7.994694 7.994694
0.304312 0.208478 0.375806 8.059115 8.140221 8.059115
0.479715 0.677858 0.210214 8.038143 7.994694 7.994694
0.734122 0.564249 0.452934 8.637038 7.994694 7.994694
0.274657 0.139290 0.846596 30.002461 7.396824 7.396824
0.170665 0.265292 0.348328 8.059115 8.140221 8.059115
0.583964 0.285910 0.334369 13.281454 8.637038 8.637038
0.510868 0.565832 0.573461 8.637038 7.994694 7.994694
0.044936 0.186527 0.266566 8.059115 8.140221 8.059115
0.926126 0.543584 0.007419 8.038143 7.994694 7.994694
0.567269 0.261583 0.620366 8.637038 8.637038 8.637038
0.007756 0.401109 0.360786 8.059115 8.140221 8.059115
0.066997 0.614235 0.864135 8.059115 7.396824 7.396824
0.549202 0.457122 0.297236 14.959956 8.637038 8.637038
0.536515 0.487647 0.806801 42.495536 13.273465 13.273465
0.859347 0.485827 0.403545 8.038143 8.637038 8.038143
0.571941 0.356573 0.405216 33.111159 8.637038 8.637038
0.791375 0.539026 0.861771 8.637038 7.898370 7.898370
0.999344 0.210624 0.361820 8.038143 8.637038 8.038143
0.490685 0.597874 0.060089 8.038143 7.994694 7.994694
0.824768 0.680168 0.140910 8.038143 7.994694 7.994694
0.184295 0.312104 0.925099 9.199105 7.396824 7.396824
0.187215 0.909056 0.202639 7.734010 8.140221 7.734010
0.716485 0.010023 0.507876 10.733378 8.637038 8.637038
0.808307 0.175751 0.027250 8.038143 9.241343 8.038143
0.635748 0.776629 0.660808 8.637038 7.994694 7.994694
0.765227 0.082756 0.198945 8.038143 13.014984 8.038143
0.718223 0.052106 0.533349 10.952063 8.637038 8.637038
0.089290 0.392731 0.601257 8.059115 8.140221 8.059115
0.954980 0.001352 0.897941 10.733378 8.637038 8.637038
0.314166 0.354552 0.331056 8.059115 8.140221 8.059115
0.926074 0.987333 0.451214 8.637038 7.994694 7.994694
0.889264 0.877545 0.079706 8.038143 7.994694 7.994694
0.976914 0.539096 0.168297 8.038143 7.994694 7.994694
0.759079 0.032682 0.083877 10.733378 9.241343 9.241343
0.282723 0.883493 0.913984 7.734010 7.396824 7.396824
0.790471 0.184238 0.423003 8.038143 8.637038 8.038143
0.689406 0.934076 0.951659 8.637038 7.898370 7.898370
0.504360 0.350204 0.390404 36.457216 8.637038 8.637038
0.158203 0.182881 0.505047 8.059115 8.140221 8.059115
0.428806 0.799961 0.699183 8.637038 7.994694 7.994694
0.950191 0.656221 0.792574 8.637038 7.898370 7.898370
0.098226 0.528200 0.656078 8.059115 8.140221 8.059115
0.495647 0.537460 0.970016 8.637038 7.898370 7.898370
0.148465 0.988672 0.757146 7.734010 8.140221 7.734010
0.686291 0.203801 0.727406 8.637038 11.303865 8.637038
0.114584 0.592693 0.606362 8.059115 8.140221 8.059115
0.503604 0.694928 0.539342 8.637038 7.994694 7.994694
0.564852 0.509330 0.515977 8.637038 8.637038 8.637038
0.692903 0.311611 0.555325 8.637038 9.467533 8.637038
0.973270 0.454322 0.991255 8.637038 8.637038 8.637038
0.803287 0.142042 0.509849 8.637038 8.637038 8.637038
0.448991 0.727617 0.510822 8.637038 7.994694 7.994694
0.697842 0.230170 0.670133 8.637038 15.237822 8.637038
0.361850 0.215515 0.771534 8.983400 8.637038 8.637038
0.736510 0.883803 0.182806 8.038143 7.994694 7.994694
0.964395 0.487968 0.874451 8.637038 8.637038 8.637038
0.213231 0.397408 0.403942 8.059115 8.140221 8.059115
0.062189 0.402364 0.485124 8.059115 8.140221 8.059115
0.321843 0.230410 0.690807 25.379684 69.440473 25.379684
0.532622 0.792209 0.828147 8.637038 7.898370 7.898370
0.632335 0.182621 0.242263 8.038143 8.637038 8.038143
0.855444 0.878230 0.578259 8.637038 7.994694 7.994694
0.663528 0.341757 0.415610 19.859578 8.637038 8.637038
0.190575 0.403697 0.441483 8.059115 8.140221 8.059115
0.131255 0.232079 0.765768 8.059115 8.140221 8.059115
0.773649 0.360034 0.073041 8.038143 9.241343 8.038143
0.605658 0.167824 0.171976 8.038143 30.394881 8.038143
0.125740 0.737966 0.598872 8.059115 8.140221 8.059115
0.104512 0.426930 0.491589 8.059115 8.140221 8.059115
0.387361 0.374910 0.660173 10.763066 8.637038 8.637038
0.954621 0.627500 0.647649 8.637038 10.230284 8.637038
0.203066 0.346208 0.690466 12.931787 8.140221 8.140221
0.936434 0.952868 0.596724 8.637038 7.994694 7.994694
0.118427 0.702722 0.678490 8.059115 8.140221 8.059115
0.951827 0.677301 0.806882 8.637038 7.898370 7.898370
0.187387 0.651707 0.233436 8.059115 8.140221 8.059115
0.650660 0.051962 0.696347 14.706883 8.637038 8.637038
0.042574 0.013426 0.641783 8.059115 7.796663 7.796663
0.440830 0.110978 0.440901 8.637038 8.637038 8.637038
0.925968 0.615490 0.566850 8.637038 8.014954 8.014954
0.233452 0.319142 0.090934 8.059115 8.140221 8.059115
0.584557 0.041271 0.951801 10.733378 8.637038 8.637038
0.658331 0.444345 0.803321 8.637038 8.637038 8.637038
0.109846 0.755101 0.885116 7.734010 7.396824 7.396824
0.868062 0.191552 0.073127 8.038143 9.241343 8.038143
0.853072 0.568639 0.610385 8.637038 11.333370 8.637038
0.967081 0.653995 0.081467 8.038143 7.994694 7.994694
0.497779 0.058992 0.455409 10.733378 8.637038 8.637038
0.578172 0.357750 0.175131 8.038143 25.032197 8.038143
0.522595 0.780091 0.454633 8.637038 7.994694 7.994694
0.437863 0.000050 0.936132 10.733378 8.637038 8.637038
0.888821 0.470935 0.248860 8.038143 8.637038 8.038143
0.939648 0.463011 0.360918 8.038143 8.637038 8.038143
0.513599 0.203336 0.849873 40.983739 8.637038 8.637038
0.108657 0.573641 0.548465 8.059115 8.140221 8.059115
0.113065 0.283098 0.495734 8.059115 8.140221 8.059115
0.303527 0.684568 0.884401 8.059115 12.422788 8.059115
0.793703 0.941126 0.549012 8.637038 7.994694 7.994694
0.670519 0.490865 0.543463 8.637038 8.637038 8.637038
0.204904 0.965499 0.621529 7.734010 8.140221 7.734010
0.719493 0.978338 0.419887 8.038143 7.994694 7.994694
0.499628 0.631423 0.734943 15.940014 7.994694 7.994694
0.378325 0.213346 0.580532 8.637038 8.637038 8.637038
0.552032 0.931901 0.398662 8.038143 7.994694 7.994694
0.702695 0.557752 0.637472 8.637038 19.106266 8.637038
0.583188 0.440301 0.967847 21.062569 8.637038 8.637038
0.123727 0.132195 0.212640 8.059115 8.140221 8.059115
0.741318 0.816394 0.111233 8.038143 7.994694 7.994694
0.059783 0.592222 0.607476 8.059115 8.140221 8.059115
0.996464 0.164392 0.299597 8.038143 8.637038 8.038143
0.219778 0.133944 0.483273 9.426121 8.140221 8.140221
0.850700 0.539486 0.596664 8.637038 8.215125 8.215125
0.943455 0.581293 0.442525 8.637038 7.994694 7.994694
0.925036 0.391384 0.671638 8.637038 8.637038 8.637038
0.013607 0.947389 0.540025 7.734010 8.140221 7.734010
0.128184 0.367727 0.025154 8.059115 8.140221 8.059115
0.486308 0.214314 0.451715 8.637038 8.637038 8.637038
0.698706 0.159399 0.078716 8.038143 9.241343 8.038143
0.826693 0.808331 0.646115 8.637038 7.994694 7.994694
0.774375 0.477855 0.442613 8.637038 8.637038 8.637038
0.411964 0.743147 0.784159 8.637038 7.898370 7.898370
0.392655 0.553741 0.083366 8.038143 7.994694 7.994694
0.031665 0.461462 0.823153 8.059115 7.396824 7.396824
0.598253 0.761078 0.374084 8.038143 7.994694 7.994694
0.057720 0.207429 0.180212 8.059115 8.140221 8.059115
0.921792 0.739441 0.596417 8.637038 7.994694 7.994694
0.809403 0.159550 0.323421 8.038143 8.637038 8.038143
0.312477 0.588858 0.330706 8.059115 8.140221 8.059115
0.050720 0.858804 0.479859 7.734010 8.140221 7.734010
0.976586 0.236793 0.114404 8.038143 9.241343 8.038143
0.612363 0.368959 0.111273 8.038143 17.343700 8.038143
0.684162 0.661936 0.853280 8.637038 7.898370 7.898370
0.346664 0.661274 0.447748 8.059115 7.994694 7.994694
0.931132 0.963273 0.785068 8.637038 7.898370 7.898370
0.738266 0.297057 0.778126 8.637038 8.637038 8.637038
0.521588 0.967427 0.714075 8.637038 7.994694 7.994694
0.387281 0.825404 0.579264 8.637038 7.994694 7.994694
0.662744 0.455763 0.325597 14.355530 8.637038 8.637038
0.532040 0.213154 0.848619 31.281868 8.637038 8.637038
0.598757 0.758022 0.410009 8.632982 7.994694 7.994694
0.233394 0.328506 0.725096 21.711702 8.140221 8.140221
0.743880 0.395913 0.670052 8.637038 8.637038 8.637038
0.791678 0.055843 0.550842 11.348760 8.637038 8.637038
0.517041 0.693983 0.980736 8.637038 7.898370 7.898370
0.884261 0.886367 0.733018 8.637038 7.994694 7.994694
0.004127 0.894408 0.725890 7.734010 8.140221 7.734010
0.432528 0.063395 0.026835 10.733378 9.241343 9.241343
0.757545 0.363831 0.671487 8.637038 8.637038 8.637038
0.356027 0.721954 0.297539 8.038143 7.994694 7.994694
0.506790 0.439692 0.344069 38.066690 8.637038 8.637038
0.016594 0.080910 0.451069 8.059115 7.796663 7.796663
0.928508 0.698725 0.437828 8.038143 7.994694 7.994694
0.367653 0.831857 0.816393 8.637038 7.898370 7.898370
0.693676 0.816801 0.136798 8.038143 7.994694 7.994694
0.041739 0.713423 0.074374 8.059115 8.140221 8.059115
0.231768 0.680677 0.482687 8.059115 8.140221 8.059115
0.876694 0.124931 0.748296 8.637038 8.637038 8.637038
0.730146 0.226756 0.569475 8.637038 8.637038 8.637038
0.907911 0.305768 0.425364 8.038143 8.637038 8.038143
0.661790 0.120580 0.046546 8.038143 9.241343 8.038143
0.867352 0.980280 0.634327 8.637038 7.994694 7.994694
0.542094 0.103329 0.213379 8.038143 8.637038 8.038143
0.572404 0.621673 0.005996 8.038143 7.994694 7.994694
0.071444 0.647771 0.790250 8.059115 8.140221 8.059115
0.622004 0.660622 0.133758 8.038143 7.994694 7.994694
0.860584 0.087004 0.461445 8.637038 8.637038 8.637038
0.404609 0.453436 0.675263 11.309905 8.637038 8.637038
0.356445 0.554587 0.360980 34.895270 7.994694 7.994694
0.175234 0.112090 0.928398 8.133256 7.796663 7.796663
0.984759 0.583896 0.360224 8.038143 7.994694 7.994694
0.638726 0.020564 0.455658 10.733378 8.637038 8.637038
0.785246 0.702461 0.393802 8.223011 7.994694 7.994694
0.761979 0.107555 0.055711 8.038143 9.241343 8.038143
0.719738 0.845732 0.676587 8.637038 7.994694 7.994694
0.843066 0.289082 0.489296 8.637038 8.637038 8.637038
0.612508 0.522614 0.892180 46.951946 8.637038 8.637038
0.500434 0.165845 0.056169 8.038143 9.241343 8.038143
0.094780 0.756509 0.607961 7.734010 8.140221 7.734010
0.511303 0.628417 0.144640 8.038143 7.994694 7.994694
0.959894 0.047631 0.480613 12.712525 8.637038 8.637038
0.805318 0.130307 0.909313 8.637038 8.637038 8.637038
0.896933 0.051132 0.411121 10.733378 8.637038 8.637038
0.623798 0.490580 0.178751 8.038143 16.386419 8.038143
0.850860 0.899748 0.223562 8.038143 7.994694 7.994694
0.972121 0.451060 0.449304 8.637038 8.637038 8.637038
0.859099 0.527142 0.823087 8.637038 8.637038 8.637038
0.621755 0.755227 0.341080 8.038143 7.994694 7.994694
0.981925 0.849709 0.070534 8.038143 7.994694 7.994694
0.549256 0.076748 0.807004 8.637038 8.637038 8.637038
0.095133 0.963318 0.308661 7.734010 8.140221 7.734010
0.681973 0.352278 0.842468 8.637038 8.637038 8.637038
0.799333 0.603649 0.465121 8.637038 7.994694 7.994694
0.641523 0.232239 0.469846 8.637038 8.637038 8.637038
0.808901 0.848207 0.851242 8.637038 7.898370 7.898370
0.150413 0.504899 0.663854 8.059115 8.140221 8.059115
0.803477 0.878075 0.443136 8.637038 7.994694 7.994694
0.311339 0.957492 0.598549 7.734010 8.140221 7.734010
0.458950 0.939470 0.505234 8.637038 7.994694 7.994694
0.730490 0.826371 0.858919 8.637038 7.898370 7.898370
0.066329 0.537054 0.513079 8.059115 8.140221 8.059115
0.081778 0.217508 0.648532 8.059115 8.140221 8.059115
0.910080 0.996477 0.732928 8.637038 7.994694 7.994694
0.824635 0.137976 0.680014 8.637038 8.637038 8.637038
0.966231 0.896887 0.135510 8.038143 7.994694 7.994694
0.287739 0.582890 0.706180 8.059115 8.140221 8.059115
0.222501 0.072878 0.729725 12.416246 7.796663 7.796663
0.404065 0.394422 0.113105 8.038143 9.241343 8.038143
0.532911 0.703331 0.159964 8.038143 7.994694 7.994694
0.783642 0.183947 0.133098 8.038143 9.241343 8.038143
0.064636 0.516941 0.324040 8.059115 8.140221 8.059115
0.335703 0.477903 0.115144 8.059115 8.140221 8.059115
0.993704 0.635459 0.102569 8.038143 7.994694 7.994694
0.361806 0.190159 0.998142 8.637038 8.637038 8.637038
0.351360 0.949584 0.111320 7.734010 7.994694 7.734010
0.490402 0.621472 0.046963 8.038143 7.994694 7.994694
0.846268 0.162048 0.893428 8.637038 8.637038 8.637038
0.261013 0.321857 0.289604 8.059115 8.140221 8.059115
0.566256 0.952623 0.786215 8.637038 7.898370 7.898370
0.265319 0.256788 0.661822 24.739358 17.444889 17.444889
0.634808 0.435000 0.370834 31.573958 8.637038 8.637038
0.444110 0.326649 0.919857 8.637038 8.637038 8.637038
0.312684 0.599062 0.448276 8.059115 8.140221 8.059115
0.231222 0.371441 0.242639 8.059115 8.140221 8.059115
0.105996 0.378962 0.294574 8.059115 8.140221 8.059115
0.169417 0.296079 0.431059 8.059115 8.140221 8.059115
0.745149 0.112575 0.264208 8.038143 8.637038 8.038143
0.866737 0.073628 0.860123 35.296660 8.637038 8.637038
0.099412 0.282994 0.707014 8.059115 8.140221 8.059115
0.216235 0.342797 0.905365 13.847733 7.396824 7.396824
0.198421 0.107154 0.123941 8.059115 7.796663 7.796663
0.151879 0.147682 0.698754 8.059115 8.140221 8.059115
0.326849 0.372534 0.216731 8.059115 8.140221 8.059115
0.548802 0.850608 0.616256 8.637038 7.994694 7.994694
0.869239 0.012075 0.481712 10.733378 8.637038 8.637038
