# gen=385  format: x0 x1 ... xd joint_fitness
0.918414 0.959960 0.608413 0.562601 80.000000
0.895359 0.174438 0.812151 0.950812 0.000000
0.622112 0.773728 0.998216 0.055616 80.000000
0.210672 0.517051 0.860224 0.301414 0.000000
0.289379 0.478504 0.776398 0.801666 0.000000
0.678013 0.846745 0.371009 0.105764 0.036165
0.752599 0.344712 0.582319 0.000000 0.000000
0.000000 0.833203 1.000000 0.031642 55.000000
0.375503 0.280749 0.007507 0.127502 38.603473
0.416180 0.111205 0.993321 0.990789 0.000000
0.000000 0.307404 1.000000 0.531142 0.000000
0.708287 1.000000 0.331769 0.220271 0.051565
0.468151 0.895012 0.382225 0.301009 5.270734
0.120885 0.973694 0.755704 0.388269 55.000000
0.173464 0.524070 0.065007 0.336593 39.498869
0.528864 0.069543 0.646188 0.441125 0.000000
0.726126 0.290709 0.409990 0.634894 13.506664
0.000000 0.962236 0.650574 0.139183 55.000000
0.492186 0.223716 0.858789 0.035826 0.000000
0.638573 0.819639 0.608668 0.601549 80.000000
0.614243 0.183194 0.042491 0.225498 33.177009
0.133805 0.547241 0.282070 0.134712 34.306624
0.779579 0.093994 0.262600 0.385129 44.504560
0.487659 0.182526 0.609163 0.991289 0.000000
0.000000 0.876524 0.405142 0.790178 38.236500
0.926578 0.343753 0.045806 0.109984 7.542949
0.415356 0.020358 0.664284 0.265552 0.000000
0.326844 0.254147 0.246935 0.437299 80.130065
0.946773 0.947692 0.691580 0.961899 80.000000
0.859444 0.336881 0.242450 0.610143 24.782776
0.955712 0.990251 0.605994 0.264214 80.000000
0.273510 0.843102 0.591223 0.877413 52.912266
0.000000 0.749836 0.650574 0.040783 55.000000
0.826094 0.458867 0.217956 0.571864 19.206330
0.020457 0.632333 0.738998 0.081109 55.000000
0.941214 0.769536 0.296624 0.678507 0.087226
0.373632 0.997051 0.166308 0.573866 54.360975
0.859259 0.295348 0.949114 0.335025 0.000000
0.865819 0.452676 0.236564 0.365023 15.600395
0.071349 0.464353 0.853440 0.122952 0.000000
0.228190 0.478917 0.314702 0.200274 50.900422
0.873047 0.336646 0.133680 0.331037 25.437622
0.846345 0.937385 0.080144 0.050252 -0.011552
0.150614 0.905077 0.712801 0.978528 20.415999
0.000000 0.965645 1.000000 0.005825 55.000000
0.494613 0.200150 0.648251 0.792117 0.000000
0.434510 0.441254 0.414294 0.872779 41.473281
0.326844 0.000000 0.386104 1.000000 22.736530
0.000406 0.784348 0.678016 0.000000 55.000000
0.621338 0.205617 0.147885 0.008415 21.403130
0.000944 0.395704 0.033093 0.587153 28.606465
0.575255 0.000000 0.486990 0.305339 17.882184
0.422589 0.547522 0.560990 0.160092 0.000000
0.388564 0.224905 0.370647 0.185191 56.796841
0.037792 0.578693 0.530761 0.258571 14.909783
0.061976 0.716766 0.139581 0.351792 3.045536
0.624189 0.099310 0.987831 0.955675 0.000000
0.189959 0.567856 0.472313 0.755935 34.540641
0.246858 0.378713 0.393677 0.774954 57.509015
0.732749 0.271725 0.636377 0.918430 0.000000
0.460626 0.022915 0.791496 0.333163 0.000000
0.236012 0.882695 0.088319 0.363108 17.673275
0.972235 0.242819 0.920101 0.730382 0.000000
0.448979 0.396555 0.628148 0.755790 0.000000
0.637576 0.710837 0.561191 0.310269 80.000000
0.265106 0.148721 0.279387 1.000000 38.997331
0.000000 0.307404 0.650574 0.531142 0.000000
0.735442 0.385203 0.278479 0.056645 25.757269
0.546616 0.279455 0.171162 0.763076 46.189638
0.241089 0.965876 0.821716 0.882857 45.321617
0.845320 0.557136 0.727827 0.301398 80.000000
0.375932 0.233423 0.530417 0.207191 43.249953
0.874464 0.018547 0.990350 0.634212 0.000000
0.518416 0.053368 0.051974 0.325492 30.529460
0.138406 0.505661 0.500457 0.269910 31.057363
0.973377 0.676714 0.173679 0.681565 -0.004622
0.264702 0.287110 0.004082 0.318534 43.681673
0.881480 0.163816 0.091720 0.348980 36.863563
0.000000 0.925651 0.524514 1.000000 29.793642
0.480010 0.018006 0.886559 0.516795 0.000000
0.372022 0.469246 0.000000 0.600928 37.784034
0.734231 0.078857 0.610850 0.987849 0.000000
0.000000 0.965645 0.650574 0.005825 55.000000
0.517536 0.963581 0.695145 0.229104 55.000000
0.880400 0.673263 0.120308 0.516114 0.027619
0.381322 0.000000 0.407042 0.525973 40.262466
0.412169 0.636674 0.553900 0.533160 55.000000
0.914212 0.174992 0.201936 0.714925 17.799988
0.260841 1.000000 0.732524 0.176482 55.000000
0.687425 0.036330 0.767938 0.970624 0.000000
0.927306 0.939791 0.078655 0.328252 -0.001985
0.964073 0.958647 0.813763 0.435364 80.000000
0.760336 0.582535 0.807378 0.556386 80.000000
0.988345 0.129337 0.940215 0.286672 0.000000
0.006633 0.443697 0.722742 0.469377 0.000000
0.315228 0.774973 0.714570 0.088006 55.000000
0.264956 0.944406 0.937205 0.018780 55.000000
0.009221 0.684240 0.640983 0.722253 54.451611
0.236111 0.620609 0.143641 0.514934 15.892010
0.195152 0.619530 0.601931 0.138451 55.000000
0.778235 0.563935 0.614066 0.968419 80.000000
0.476696 0.251037 0.260940 0.058449 44.433265
0.110106 0.720692 1.000000 0.477804 55.000000
0.618356 0.000000 0.240644 0.076980 20.013360
0.772214 0.780959 0.134163 0.537206 0.157788
0.884453 0.726370 0.663688 0.021069 80.000000
0.599676 0.950422 0.168394 0.437195 34.440592
0.820980 0.063945 0.701662 0.649098 0.000000
0.078932 0.745150 0.799259 0.792676 50.101480
0.897771 0.020012 0.802797 0.896093 0.000000
0.663513 0.022592 0.648308 0.190500 0.000000
0.792139 0.013026 0.741562 0.407269 0.000000
0.797229 0.982210 0.671626 0.395261 80.000000
0.975379 0.681525 0.345509 0.571306 0.016442
0.969665 0.135970 0.137782 0.118751 12.778687
0.381480 0.427060 0.760165 0.288908 0.000000
0.296220 0.514658 0.048841 0.942953 29.655310
0.000000 0.000000 0.733784 0.274416 0.000000
0.823622 0.789647 0.461661 0.243847 0.057948
0.000000 0.638958 0.879955 0.448671 55.000000
0.270221 0.384677 0.505912 0.931978 39.013588
0.055903 0.438122 0.353036 0.311720 44.150294
0.585729 0.944819 0.320072 0.307662 7.252038
0.078013 0.590384 0.315658 0.510502 13.965579
0.719375 0.592541 0.914728 0.153444 80.000000
0.693672 0.859366 0.015118 0.293026 0.003758
0.050811 0.102495 0.943002 0.518513 0.000000
0.795762 0.828396 0.268097 0.966138 0.462964
0.514281 0.201164 0.183796 0.501121 53.818071
0.063371 0.311963 0.089159 0.443063 45.336864
0.512769 0.000000 0.464468 1.000000 20.318917
0.316248 0.690035 0.405186 0.781590 41.663110
0.848621 0.067979 0.028168 0.530797 17.353883
0.546797 0.171026 0.788377 0.494406 0.000000
0.313452 0.625180 0.860494 0.047412 55.000000
0.514276 0.394308 0.997456 0.037263 0.000000
0.382771 0.297986 0.771634 0.205480 0.000000
0.198016 0.531401 0.725482 0.328389 0.000000
0.366641 0.240732 0.529681 0.955516 32.462420
0.000000 0.000000 0.412251 0.376786 25.700305
0.190186 0.030479 0.853512 0.834666 0.000000
0.000000 0.326752 0.230415 0.453926 45.442340
0.510593 0.298023 0.000000 0.743645 35.166037
0.699861 0.648632 0.627189 0.692853 80.000000
0.707753 0.161826 0.275012 0.528915 39.941104
0.130776 0.984162 0.812463 0.673425 54.999388
0.207040 0.553557 0.696573 0.086349 0.000000
0.903408 0.663340 0.845297 0.037687 80.000000
0.998688 0.953982 0.367390 0.777032 0.089172
0.198451 0.320355 0.417097 1.000000 35.856712
0.000000 0.780682 1.000000 0.062799 55.000000
0.580648 0.293841 0.817462 0.753466 0.000000
0.573796 0.015859 0.686353 0.915732 0.000000
0.804752 0.602719 0.249279 0.993740 0.030485
0.830532 0.172839 0.528001 0.950082 0.000000
0.290980 0.653047 0.597321 0.053402 55.000000
0.164339 0.448039 0.010727 0.950013 23.640155
0.640321 0.583880 0.765763 0.826286 80.000000
0.195725 1.000000 0.662751 0.872992 53.433075
0.000000 0.778439 1.000000 0.018027 55.000000
0.901222 0.549747 0.732555 0.950856 80.000000
0.706523 0.162778 0.840401 0.014109 0.000000
0.895148 0.641823 0.636366 0.543625 80.000000
0.042069 0.590372 0.917287 0.746298 42.859617
0.436902 0.091707 0.815256 0.990687 0.000000
0.771107 0.905498 0.702824 0.051728 80.000000
0.785953 0.226283 0.756522 0.163015 0.000000
0.158590 0.993989 0.959672 0.762992 54.033794
0.336363 0.000000 0.172709 0.509725 45.627350
1.000000 0.098762 0.631484 0.263684 0.000000
0.266640 0.000000 1.000000 1.000000 0.000000
0.038573 0.349545 0.563970 0.811736 0.000000
0.620349 0.985538 0.411301 0.110601 -0.015961
0.265530 0.169142 0.103289 0.012713 34.621016
0.000000 0.064178 0.406963 0.515075 30.877366
0.309475 0.981005 1.000000 0.589411 55.000000
0.940447 0.274786 0.962133 0.029915 0.000000
0.704190 0.201430 0.981500 0.258517 0.000000
0.715945 0.846423 0.509529 0.293288 0.060223
0.422643 0.975247 0.105217 0.354460 26.066356
0.027357 0.217451 0.843992 0.354346 0.000000
0.387419 0.551619 0.834839 0.974503 0.000000
1.000000 0.114252 0.996338 1.000000 0.000000
0.752076 0.873137 0.667761 0.205302 80.000000
0.324323 0.215007 0.021800 1.000000 31.766611
0.691078 0.960204 0.583153 0.931377 80.000000
0.351252 0.458355 0.116525 0.172062 46.299111
0.991966 0.866962 0.673915 0.152991 80.000000
0.343084 0.000000 0.000000 0.979070 14.023480
0.507394 0.131905 0.038500 0.811839 29.668662
0.294349 0.626439 0.003114 1.000000 26.870482
0.000000 0.749836 1.000000 0.040783 55.000000
0.788790 0.759329 0.991048 0.028330 80.000000
0.966807 0.786150 0.753821 0.491178 80.000000
0.484240 0.148920 0.907234 0.470980 0.000000
0.549755 0.386581 0.975242 0.699522 0.000000
0.689998 0.945738 0.948353 0.232616 80.000000
0.755023 0.948404 0.317293 0.928399 0.445190
0.995269 0.749703 0.834248 0.814745 80.000000
0.967955 0.625115 0.653668 0.105064 80.000000
0.170139 0.339252 0.431902 0.294463 52.329163
0.217877 0.742140 0.050026 0.359595 2.341735
0.982544 0.734331 0.623867 0.238347 80.000000
0.000000 0.392735 0.000000 1.000000 13.378704
0.804278 0.000000 0.000000 0.381463 11.989611
0.277327 0.157310 0.397078 0.018073 42.404486
0.474209 0.065228 0.000000 0.572357 27.611134
0.537892 0.351596 0.301253 0.813407 42.805759
0.725505 0.658199 0.582225 0.022484 80.000000
0.044034 0.453747 0.206728 0.239286 39.097374
0.025220 0.088346 0.550164 0.742791 24.110063
0.999139 0.554637 0.988287 0.465088 80.000000
0.562791 0.257614 0.996637 0.060045 0.000000
0.341788 0.425106 0.222960 1.000000 42.777706
0.556247 0.000000 0.140065 0.849501 21.871983
0.744483 0.784453 0.761663 0.955565 80.000000
0.089891 0.194207 0.931115 0.839903 0.000000
0.896425 0.938264 0.950579 0.423401 80.000000
0.000000 0.879759 0.689792 0.919821 30.248771
0.000000 1.000000 0.818208 0.031703 55.000000
0.917954 0.066965 0.811592 0.031770 0.000000
0.864004 0.771086 0.997821 0.653328 80.000000
0.764335 0.933799 0.936292 0.076262 80.000000
0.760936 0.205890 0.000000 0.638549 26.247747
0.671907 0.000000 0.000000 0.341891 6.584353
0.401063 1.000000 0.909138 0.403281 55.000000
0.809007 0.848645 0.679007 0.685607 80.000000
0.505559 0.538835 0.120219 0.365696 39.582306
0.001807 0.362435 0.043000 0.192357 27.476685
0.721920 0.684380 0.742432 0.483448 80.000000
0.019301 0.870499 0.168995 0.616728 53.872869
0.186051 0.698263 0.000000 0.999695 22.690088
0.865383 0.573313 0.959213 0.254987 80.000000
0.366451 0.717690 0.864744 0.421470 55.000000
0.854809 0.346302 0.043197 0.736047 14.530659
0.896155 0.944532 0.265925 0.442311 0.162831
0.802868 0.629643 0.168479 0.327759 0.010626
0.523676 0.039040 0.796045 0.882655 0.000000
0.125979 0.288909 0.589198 0.920642 0.000000
0.192578 0.738205 0.759155 0.481966 55.000000
0.919533 0.823136 0.872631 0.395084 80.000000
0.277491 0.966247 0.699571 0.507288 55.000000
0.016128 1.000000 0.619802 0.400809 55.000000
0.050410 0.657859 0.944832 0.138950 55.000000
0.194871 0.961636 0.596163 0.247999 55.000000
0.132459 0.989063 0.706017 0.143217 55.000000
0.756872 0.222058 0.531236 0.314903 0.000000
0.383180 0.000000 0.081386 0.342056 34.853677
0.776085 0.050261 0.319240 0.643227 21.581680
0.774744 0.282995 0.420550 0.508540 21.239224
0.774232 0.138151 0.150073 0.693088 31.103735
0.433657 0.909655 0.428304 0.425720 19.752834
0.411277 0.153394 0.000670 0.442697 40.768862
0.707177 0.688308 0.688325 0.347877 80.000000
0.110981 0.865168 0.751092 0.076293 55.000000
0.205726 0.512431 0.443431 0.998562 25.960292
0.006422 0.028956 0.134508 0.103796 19.572558
0.813315 0.995818 0.654194 0.160276 80.000000
0.235508 0.270486 0.328807 0.718593 67.738717
0.793249 0.804346 0.575343 0.784351 80.000000
0.801788 0.609454 0.781793 0.785149 80.000000
0.344261 0.019037 0.875380 0.093224 0.000000
0.590282 0.289223 0.191166 0.325725 41.224444
0.659467 0.555646 0.718550 0.516149 80.000000
0.946817 0.826510 0.967942 0.882801 80.000000
0.282066 0.524948 0.672672 0.437511 0.000000
0.873297 0.758043 0.618463 0.426221 80.000000
0.811143 0.925288 0.770296 0.892499 80.000000
0.006041 1.000000 0.441189 0.561337 36.411030
0.273292 0.787958 0.154999 0.979920 22.006490
0.658739 0.583314 0.575271 0.550187 80.000000
0.680150 0.548558 0.892113 0.391080 80.000000
0.000000 0.229719 0.000000 0.080325 19.613095
0.623160 0.674688 0.569968 0.887747 80.000000
0.588116 0.069372 0.677600 0.001857 0.000000
0.470924 0.133606 0.876977 0.209869 0.000000
0.733115 0.149438 0.255264 0.168154 43.792167
0.994164 0.922700 0.593605 0.028686 80.000000
0.261304 0.233407 0.460865 0.615678 59.429079
0.729484 0.583230 0.978993 0.900893 80.000000
0.146044 0.395000 0.195660 0.177232 49.302246
0.000000 0.224084 0.000000 0.665083 23.514303
0.709031 0.750728 0.842707 0.734725 80.000000
0.490412 0.796810 0.556500 0.000000 55.000000
0.749748 0.586678 0.555926 0.198715 80.000000
0.822131 0.870807 0.902481 0.832717 80.000000
0.967750 0.952656 0.638507 0.790724 80.000000
0.794682 0.816983 0.592130 0.961131 80.000000
0.462336 0.394130 0.811561 0.060735 0.000000
0.689614 0.016982 0.209276 0.268277 38.281258
0.862475 0.990371 0.570757 0.963458 80.000000
0.536003 0.677819 0.500155 0.778480 33.526294
0.920148 0.603648 0.877995 0.458775 80.000000
0.981940 0.311619 0.757122 0.377516 0.000000
0.956949 0.543598 0.619892 0.246695 80.000000
0.864939 0.551663 0.724808 0.636138 80.000000
0.832421 0.988638 0.607868 0.741791 80.000000
0.724213 0.974945 0.225441 0.022371 -0.007248
0.890956 0.774980 0.907229 0.217301 80.000000
0.824075 0.675558 0.476929 0.940787 0.032366
0.068003 1.000000 0.767899 0.923809 34.678319
0.549139 0.500457 0.280297 0.973728 28.824454
0.052479 0.859064 0.569667 0.875738 50.246976
0.619994 0.376911 0.679547 0.054442 0.000000
0.000000 0.311963 1.000000 0.443063 0.000000
0.952548 0.000000 0.919616 0.873876 0.000000
0.322381 0.780269 0.532531 0.770384 54.950027
0.363693 0.213919 0.740673 0.744997 0.000000
0.688363 0.922214 0.177077 0.354470 0.110505
0.929323 0.305962 0.120627 0.549204 18.474712
0.041670 0.870026 0.650158 0.111629 55.000000
0.484450 0.322539 0.714099 0.850917 0.000000
0.241634 0.469951 0.773166 0.032030 0.000000
0.556524 0.134725 0.011901 0.107003 21.800285
0.326844 0.990371 0.246935 0.963458 8.824192
0.109829 0.190197 0.176547 0.394292 56.024602
0.502796 0.283780 0.101163 0.966051 33.996174
0.010378 0.000000 0.171609 0.720400 23.626879
0.201827 0.993212 0.188461 0.457944 38.294570
0.731948 0.304539 0.771804 0.256120 0.000000
0.170778 0.672689 0.899716 0.665328 54.602443
0.951373 0.550720 0.595780 0.763111 80.000000
0.266766 0.032541 0.017905 0.790272 24.858591
0.094740 0.614733 0.359581 0.953677 34.215226
0.397009 0.024963 0.126523 0.146145 33.109223
0.207322 0.860199 1.000000 0.193178 55.000000
0.010215 0.418549 0.352324 0.957321 26.414263
0.000000 0.833203 0.650574 0.031642 55.000000
0.639923 0.084990 0.701230 0.330388 0.000000
0.551738 0.232637 0.232483 0.992276 31.663604
0.030667 0.453467 0.876552 0.755367 0.000000
0.000406 0.548558 0.678016 0.391080 0.000000
0.791414 0.890170 0.819203 0.297061 80.000000
0.761983 0.858272 0.845492 0.454638 80.000000
0.702625 0.929607 0.625563 0.321607 80.000000
0.095245 0.313540 0.035014 0.287035 40.844978
0.450824 0.816060 0.000000 0.485530 34.255469
0.474466 0.387247 0.201666 0.487169 59.306680
0.132964 0.314120 0.250099 0.269154 57.612455
0.688951 0.546527 0.719917 0.945497 80.000000
0.121433 0.693666 0.077572 0.600680 37.825670
0.387993 0.387289 0.874214 0.908217 0.000000
0.000000 0.962236 1.000000 0.139183 55.000000
0.987044 0.307404 0.807019 0.531142 0.000000
0.039562 0.922160 0.380141 0.451412 25.506838
0.431753 0.504316 0.629148 0.401510 0.000000
0.464641 0.026066 0.752386 0.499177 0.000000
0.697279 0.729728 0.575043 0.171342 80.000000
0.830478 0.284973 0.596853 0.566723 0.000000
0.243786 0.086378 1.000000 0.758588 0.000000
0.228188 0.851483 0.759155 0.270958 55.000000
0.359976 0.666353 0.233651 0.701545 47.966273
0.180898 0.094458 0.218008 0.059814 37.367324
0.165698 0.440453 0.663192 0.838027 0.000000
0.132550 0.631922 0.663263 0.603152 54.999943
0.912058 0.031194 0.085193 0.234466 17.950144
0.000000 0.885507 1.000000 0.000000 55.000000
0.083667 0.008810 0.349772 0.834626 28.377999
0.808115 0.040836 0.720096 0.943747 0.000000
0.392451 0.332036 0.391015 0.604842 66.203758
1.000000 0.570975 0.843540 1.000000 79.947441
0.803815 0.134276 0.637443 0.044353 0.000000
0.000000 0.947995 1.000000 0.067058 55.000000
0.000000 0.000000 0.585095 0.091781 0.000000
0.546764 0.645736 0.636955 0.000037 55.000000
0.987044 0.560368 0.807019 0.075586 80.000000
0.939325 0.952520 0.863542 0.161042 80.000000
0.900335 0.000000 0.553959 0.216600 0.000000
0.460304 0.445063 0.959744 0.638120 0.000000
0.754065 0.054954 0.219688 0.501857 39.773702
0.954239 0.430567 0.538527 0.020277 0.000000
0.477804 0.080989 0.553840 0.931025 17.873950
0.564082 0.132548 0.030335 0.495347 34.339320
0.622112 0.307404 0.998216 0.531142 0.000000
0.383805 1.000000 0.115227 0.946894 13.270454
0.546053 0.469286 0.214533 0.000000 31.979914
0.573286 0.239561 0.804873 0.951105 0.000000
0.000000 0.762672 0.761641 0.000000 55.000000
0.951347 0.361303 0.371365 0.354615 3.948862
0.860147 0.155437 0.226307 0.195240 35.644904
0.000000 1.000000 0.629072 0.524508 55.000000
0.750288 0.002367 0.228628 0.803396 16.627389
0.033464 0.680381 0.272559 0.829167 47.393357
0.677506 0.411447 0.292955 0.777571 1.643153
0.756450 0.293105 0.880899 0.984086 0.000000
0.275042 0.045111 0.601047 0.977977 0.000000
0.736647 0.409716 0.262761 0.637266 15.204899
0.312439 0.677230 0.752920 0.517571 55.000000
0.837886 0.916352 0.083342 0.747702 0.252236
0.263005 0.395002 0.638897 0.000000 0.000000
0.128600 0.875145 0.022067 1.000000 8.784773
0.000000 0.387415 0.265655 0.143498 33.778757
0.270335 0.398890 0.081964 0.000000 36.489306
0.235609 0.673903 0.921824 0.377962 55.000000
0.467752 0.122467 0.129915 0.696707 45.173799
0.434884 0.000000 0.257385 0.625845 40.736605
0.356015 0.202115 0.128501 0.122781 46.956142
0.940441 0.166402 0.826828 0.633854 0.000000
0.486208 0.370807 0.722769 0.252991 0.000000
0.160287 0.783973 0.115662 0.708265 61.055851
0.669413 0.739950 0.168995 0.097682 -0.003214
0.904539 0.765634 0.000000 0.411700 0.055331
0.952959 0.924457 0.192987 0.570307 0.100628
0.437833 0.504325 0.847083 0.189539 0.000000
0.786745 0.558429 0.926038 0.624725 80.000000
0.666097 0.845522 0.169992 0.234247 0.059143
0.279591 0.942478 0.738102 0.000000 55.000000
0.301249 0.000000 0.667049 0.026783 0.000000
0.970353 0.216229 0.567818 0.706622 0.000000
0.806010 0.086203 0.101120 0.117813 34.671838
0.776765 0.097353 0.893322 0.894775 0.000000
0.528737 0.009350 0.684190 0.148137 0.000000
0.546123 0.630503 0.041912 0.418849 9.997702
0.956078 0.742141 0.028232 0.828615 0.040373
0.220558 0.162111 0.425714 0.732791 50.260612
0.000000 0.716363 0.427771 0.646392 30.415243
0.129859 0.094916 0.000000 0.866602 24.397045
0.602636 0.822627 0.289682 0.747093 51.593174
0.154995 0.573313 0.203366 0.254987 34.320832
0.000000 0.947995 0.650574 0.067058 55.000000
0.442259 0.422536 0.136245 0.991547 35.774440
0.000000 0.311963 0.650574 0.443063 0.000000
0.553572 0.892793 0.033678 0.447511 34.150429
0.736028 0.209756 0.816817 0.850719 0.000000
0.514749 1.000000 0.029880 0.200000 2.171534
0.452461 0.929865 0.259888 0.951232 19.947051
0.233057 0.606099 0.386795 0.553830 9.698464
0.410379 0.914723 0.401550 0.962071 15.964731
0.871109 0.000000 0.191166 0.340568 26.809373
0.858859 0.285079 0.891923 0.495699 0.000000
0.532031 0.718348 0.033098 0.330029 5.252555
0.075807 0.445138 0.460089 0.089189 31.288932
0.241748 0.614639 0.000000 0.756926 53.670253
0.399527 0.363801 0.112416 0.040406 39.149434
0.671118 0.665354 0.275724 0.515380 0.082284
0.246538 0.000000 0.371412 0.329418 44.424295
0.784673 0.223192 0.054279 0.929969 8.652111
0.360856 0.210455 0.858879 0.167529 0.000000
0.154995 0.749703 0.203366 0.814745 51.506001
0.893198 0.243679 0.684511 0.642193 0.000000
0.894718 0.014970 0.564256 0.605443 0.000000
0.734745 0.865365 0.557928 0.065457 80.000000
0.065193 0.370465 0.963173 0.296093 0.000000
0.166952 0.551085 0.374179 0.318203 39.890528
0.082779 0.840145 0.550921 0.343492 55.000000
0.384707 0.254222 0.000000 0.699485 44.412159
0.373534 0.630494 0.192437 0.871192 49.442835
0.678813 0.000000 0.000000 0.000000 8.222326
0.652082 0.016052 0.856686 0.377842 0.000000
0.549735 0.781234 0.178389 0.385605 12.686009
0.518671 0.411951 0.522998 0.638991 35.648841
0.548929 1.000000 0.528541 0.281452 55.000000
0.487801 0.472102 0.337062 0.759856 50.103611
0.755569 0.979395 0.998095 0.860893 80.000000
0.373254 1.000000 0.638360 0.569673 55.000000
0.685411 0.055359 0.119837 0.068716 33.665751
0.323225 0.504246 0.444657 0.278031 43.045077
0.000000 0.702819 0.865595 0.610801 54.955069
0.000000 0.814625 0.048526 0.656550 55.285118
0.285073 0.903355 0.000000 0.626841 51.593758
0.346699 0.055417 0.107863 0.758898 37.444170
0.174155 0.270595 0.781075 0.928888 0.000000
0.929045 0.844812 0.776031 0.700300 80.000000
0.134712 0.757095 0.680292 0.000000 55.000000
0.000000 0.309514 0.238465 0.000000 27.565099
0.401510 0.206965 0.137427 0.000000 41.024475
0.129826 0.910078 0.875058 0.280517 55.000000
0.138862 0.466824 0.016210 0.495690 36.477169
0.367093 0.000000 0.224331 0.319297 40.960174
0.000000 0.780682 0.650574 0.062799 55.000000
0.778937 0.150816 0.126703 0.220900 46.137630
0.732757 0.241184 0.688563 0.354786 0.000000
0.223707 0.546214 0.000000 0.559383 30.468103
0.465864 0.424431 0.991423 0.950509 0.000000
0.343655 0.588334 0.372976 0.479085 44.354613
0.613562 0.134223 0.889925 0.397637 0.000000
0.587765 0.872779 0.362598 1.000000 16.157048
0.735250 0.832014 0.282504 0.365797 0.169843
0.923576 0.580324 0.958542 0.691907 80.000000
0.398091 0.294128 0.139324 0.857151 48.724298
0.000000 0.821839 0.145184 0.871110 39.768590
0.104446 0.292095 0.249462 0.095257 44.700967
0.348617 0.210601 0.394484 0.520628 67.788906
0.963629 0.643751 0.294256 0.308639 -0.028205
0.000000 0.592575 0.991758 0.626876 53.440351
0.448272 0.537307 0.431706 0.169779 35.694725
0.282846 0.000000 0.162497 0.646311 41.543700
0.553005 0.815665 0.143998 0.677858 58.584516
0.141299 0.774316 0.246234 0.975817 26.341473
0.202113 0.149985 0.437627 0.228706 46.321855
0.374601 0.594336 0.923698 0.525345 55.000000
0.253501 0.945180 0.599472 0.000000 55.000000
0.199029 1.000000 0.294705 0.788609 36.854405
0.101222 0.058304 0.189227 0.881838 32.957628
0.328805 0.200035 0.000000 0.824122 35.655667
0.169888 0.725726 0.034006 0.828691 48.806606
0.000000 1.000000 0.551761 0.690999 55.000000
0.000000 1.000000 0.296935 0.645168 53.665467
0.585471 0.432102 0.115472 0.064802 30.164506
0.113514 0.424100 0.395129 0.200752 45.316925
0.903826 0.206888 0.000000 0.194770 12.410715
0.848440 0.115729 0.825592 0.326256 0.000000
0.280482 0.361959 0.023526 0.975221 29.498251
0.179788 1.000000 0.000000 0.566940 49.565445
0.238076 0.000000 0.792839 0.058031 0.000000
0.556740 0.000000 0.256544 0.339779 30.520981
0.391613 0.202850 0.539931 0.484845 47.691859
0.000000 0.909377 0.702027 0.573256 55.000000
0.000000 1.000000 1.000000 0.207046 55.000000
0.289463 0.326864 0.158121 0.506726 70.284623
0.842611 0.625495 0.583794 0.798728 80.000000
0.954815 0.176048 0.864039 0.205081 0.000000
0.000000 0.515669 0.273967 1.000000 18.811200
0.276184 0.000000 0.000000 0.585498 27.352389
0.424485 0.356491 0.897859 0.558682 0.000000
0.000000 0.778439 0.650574 0.018027 55.000000
0.211198 1.000000 0.701075 0.633551 55.000000
0.433445 1.000000 0.000000 0.501192 44.893115
0.864939 0.307404 0.724808 0.531142 0.000000
0.248138 0.052347 0.106274 1.000000 28.865143
0.096057 0.971435 0.549874 0.183633 55.000000
0.000000 0.645577 0.043035 0.833060 51.873913
0.531653 0.433696 0.091293 0.664629 37.378689
0.326377 0.708972 1.000000 0.402451 55.000000
0.000000 0.998662 1.000000 0.554677 55.000000
0.138966 0.113186 0.104284 0.241096 39.774703
0.282789 1.000000 1.000000 0.412660 55.000000
0.943561 0.233840 0.986289 0.539320 0.000000
0.364412 0.236427 0.315447 1.000000 44.756753
0.000000 1.000000 0.000000 0.716658 43.549652
0.253613 0.442228 0.054617 0.623489 45.984649
0.346234 0.811962 0.084707 0.617994 52.343761
0.309098 0.974672 0.012782 0.457499 37.848606
0.233507 0.758338 0.617009 0.653892 54.999998
0.397990 0.158175 0.938499 0.000000 0.000000
0.804660 0.000000 0.941112 0.016847 0.000000
0.160491 0.879077 0.226658 0.637235 55.698849
0.947684 0.640625 0.676342 0.680973 80.000000
0.354234 0.555616 0.271672 0.186267 45.721692
0.454990 0.679861 0.753326 0.000000 55.000000
0.521002 0.382833 0.435955 0.454380 49.602666
0.783492 0.962977 0.845194 0.616335 80.000000
0.357592 0.134586 0.040245 0.622514 42.087043
0.020620 0.995758 0.207056 0.429578 32.018229
0.500356 0.724323 0.137878 0.770097 58.942666
0.895602 0.388233 0.215255 0.088464 15.412340
0.007794 0.715275 0.272197 0.689187 45.020909
0.798299 0.592575 0.570949 0.626876 80.000000
0.394837 1.000000 0.338691 0.495036 41.311500
0.496006 0.387304 0.436678 0.757820 48.456119
0.482849 0.389688 0.296109 0.065350 45.582670
0.507642 0.333721 0.314145 0.381423 60.686199
0.379120 0.241256 0.995744 0.516507 0.000000
0.262547 0.469246 0.193878 0.583960 60.190913
0.979524 0.254334 0.169101 0.355584 3.481092
0.000000 1.000000 0.940764 0.444254 55.000000
0.940584 0.076179 0.977200 0.519259 0.000000
0.906701 0.175753 0.939725 0.847291 0.000000
0.124398 0.916313 0.044380 0.646364 56.048385
0.482738 0.318422 0.428210 0.980754 36.105200
0.725887 0.220284 0.097245 0.366261 45.744249
0.265290 0.879204 0.506241 0.496065 22.380468
0.214224 0.548558 0.230616 0.391080 50.625152
0.175270 0.938811 1.000000 0.553301 55.000000
0.285677 0.166639 0.193298 0.514209 67.047323
0.036816 0.446943 0.014084 0.089249 15.209246
0.885460 0.721716 0.580616 0.703883 80.000000
0.648384 0.024201 0.561811 0.436989 0.000000
0.000000 0.000000 0.000000 1.000000 5.611057
0.000000 0.607272 0.173896 0.940997 40.878774
0.560794 0.008193 0.271293 0.572398 39.299854
0.996629 0.786029 0.577393 0.490634 80.000000
0.206380 1.000000 0.217778 0.594414 56.529680
0.173852 0.182212 0.412655 0.887616 44.645998
0.875980 0.256665 0.162329 0.118810 32.501494
0.025436 0.286586 0.469686 0.127159 30.502108
0.342094 1.000000 0.394492 0.619034 47.155791
0.500552 1.000000 0.022992 0.641975 47.289663
0.000000 1.000000 0.528005 0.860163 54.403891
0.388028 0.395553 0.304762 0.275951 62.367034
0.545023 0.955897 0.321734 0.614508 49.562434
0.766645 0.485081 0.692272 0.029346 0.000000
0.214224 0.323508 0.230616 0.388153 72.142994
0.289521 0.727946 0.945333 0.532726 55.000000
0.069038 0.727403 0.765242 0.330431 55.000000
0.029876 0.797804 1.000000 0.398279 55.000000
0.410148 0.409684 0.186231 0.789650 54.218973
0.483828 0.000000 0.000000 0.690571 25.326234
0.746616 0.381201 0.138606 0.202171 33.388203
0.420366 0.161370 0.261292 0.900945 45.965991
0.523857 0.220119 0.267686 0.696752 54.589930
0.000000 0.998378 0.097359 0.626751 59.221078
0.255810 0.944184 0.557597 0.683276 55.000000
0.157016 0.243267 0.322427 0.374329 65.576204
0.000000 0.841110 0.911251 0.554692 55.000000
0.070905 0.359242 0.450145 0.404736 46.162859
0.297921 0.927565 0.852739 0.572773 55.000000
0.999310 0.994361 0.642751 0.462875 80.000000
0.001450 0.690927 0.000000 0.683125 49.127818
0.174972 0.444458 0.373955 0.413074 55.487773
