# gen=305  format: x0 x1 ... xd joint_fitness
0.918414 0.959960 0.608413 0.562601 80.000000
0.578007 0.449215 0.296828 0.982011 33.772027
0.622112 0.773728 0.998216 0.055616 80.000000
0.764975 0.076019 0.459467 0.180113 9.324926
0.499112 0.742585 0.243833 0.369686 1.976792
0.131965 0.956223 0.540970 0.000000 55.000000
0.131965 0.829842 0.540970 0.010917 55.000000
0.000000 0.909125 0.564143 0.041972 55.000000
0.238066 0.829842 0.913127 0.010917 55.000000
0.000000 0.918632 0.650574 0.188881 55.000000
0.000000 0.774685 0.650574 0.000000 55.000000
0.000000 0.918632 0.564143 0.188881 55.000000
0.000329 0.255871 0.321309 0.023780 27.285818
0.608053 0.991209 0.000000 0.903300 7.667143
0.238066 0.956223 0.913127 0.000000 55.000000
0.133668 0.461791 0.015223 0.487977 38.086626
0.242940 0.566162 0.526306 0.798838 26.264096
0.159505 0.153784 0.008440 0.962728 24.715964
0.025745 0.017947 0.014054 0.462621 20.839232
0.638573 0.819639 0.608668 0.601549 80.000000
0.000000 0.779839 0.564143 0.090359 55.000000
0.000000 0.774685 0.564143 0.000000 55.000000
0.558490 0.215102 0.005395 0.129480 25.647554
0.450436 0.918612 0.729201 0.402495 55.000000
0.000000 0.956223 0.564143 0.000000 55.000000
0.855584 0.151497 0.018772 0.496326 33.573840
0.894603 0.167982 0.367375 0.835637 0.917924
0.000000 0.829842 0.564143 0.010917 55.000000
0.946773 0.947692 0.691580 0.961899 80.000000
0.500836 0.332995 0.765622 0.533195 0.000000
0.955712 0.990251 0.605994 0.264214 80.000000
0.441367 0.111882 0.068636 0.963370 27.247753
0.936915 0.892979 0.312954 0.526927 0.105040
0.683633 0.227962 0.841865 0.205112 0.000000
0.191451 0.311004 0.935988 0.344472 0.000000
0.732589 0.588605 0.304682 0.789504 0.031047
0.388444 0.752844 0.080514 0.327343 4.922578
0.238066 0.909125 0.913127 0.041972 55.000000
0.857864 0.577428 0.042606 0.828764 0.018301
0.908860 0.961742 0.216413 0.249591 0.056820
0.808734 0.898435 0.095472 0.909371 0.395196
0.990272 0.985416 0.121876 0.971904 0.059128
0.425228 0.306393 0.968493 0.409529 0.000000
0.805944 0.706319 0.255302 0.431842 0.110067
0.238066 0.311963 0.913127 0.443063 0.000000
0.425942 0.543144 0.348860 1.000000 27.266776
0.591915 0.007614 0.247650 0.052364 13.248099
0.408121 0.476102 0.020738 0.347134 36.548243
0.017352 0.287566 0.442927 0.113413 33.280199
0.336788 0.485019 0.791463 0.397050 0.000000
0.672325 0.782836 0.191909 0.460228 0.137564
0.238066 0.779839 0.913127 0.090359 55.000000
0.155241 0.998827 0.194217 0.375654 23.848312
0.125450 0.340724 0.978524 0.057421 0.000000
0.058740 0.813788 0.920964 0.830279 41.336530
0.212253 0.850936 0.406844 0.985555 17.261736
0.553005 0.548558 0.143998 0.391080 34.215608
0.841746 0.317928 0.402188 0.336719 13.117889
0.791547 0.052510 0.306220 0.775416 8.480181
0.590676 0.224505 0.534158 0.124955 21.478647
0.287784 0.327760 0.683824 0.788746 0.000000
0.101285 0.711926 0.422841 0.477309 5.629690
0.459915 0.888109 0.620227 0.046938 55.000000
0.806517 0.974897 0.248240 0.847173 0.724211
0.637576 0.710837 0.561191 0.310269 80.000000
0.925199 1.000000 0.000000 0.698846 0.055875
0.000000 0.956223 0.650574 0.000000 55.000000
0.584550 0.191638 0.291160 0.877408 39.196855
0.568591 0.898229 0.000000 1.000000 10.644442
0.238066 0.307404 0.913127 0.531142 0.000000
0.845320 0.557136 0.727827 0.301398 80.000000
0.131965 0.909125 0.540970 0.041972 55.000000
0.040274 0.569427 0.026716 0.585024 24.164354
0.162863 0.088486 0.967264 0.077958 0.000000
0.238066 0.918632 0.913127 0.188881 55.000000
0.161983 0.857532 0.394361 0.364929 7.626397
0.311513 0.736565 0.375055 0.432815 9.260456
0.000000 0.871604 1.000000 0.418365 55.000000
0.346986 0.950732 0.937130 0.858637 49.206659
0.020384 0.527021 0.272212 0.018819 22.068448
0.850042 0.746609 0.044052 0.854869 0.085681
0.127015 0.048701 0.086565 0.424225 36.844622
0.794632 0.591833 0.256018 0.672973 0.057821
0.921196 0.237093 0.191250 0.238032 24.009269
0.969906 0.082462 0.735529 0.390884 0.000000
0.034559 0.782629 0.000000 0.432672 16.543687
0.453955 0.447601 0.013401 0.803357 35.113264
0.936514 0.264429 0.199383 0.468604 15.674582
0.178446 0.316762 0.924086 0.580452 0.000000
1.000000 0.077643 0.261259 0.354314 5.178392
0.110672 0.200501 0.937516 0.918901 0.000000
0.964073 0.958647 0.813763 0.435364 80.000000
0.760336 0.582535 0.807378 0.556386 80.000000
0.828292 0.734384 0.015302 0.609210 0.063846
0.875824 0.220513 0.627446 0.170797 0.000000
0.158876 0.048115 0.805982 0.974247 0.000000
0.000406 0.162790 0.678016 0.509133 0.000000
0.454990 0.000124 0.961324 0.048770 0.000000
0.806311 0.221699 0.938247 0.347549 0.000000
0.992599 0.332023 0.529532 0.025706 0.000000
0.778235 0.563935 0.614066 0.968419 80.000000
0.648119 0.002954 0.731598 0.675942 0.000000
0.820315 0.870335 0.351938 0.164368 0.027846
0.860680 1.000000 0.188682 0.736272 0.401742
0.398172 0.136515 0.711017 0.122544 0.000000
0.884453 0.726370 0.663688 0.021069 80.000000
0.793124 0.748493 0.144405 0.220544 0.058706
0.921169 0.985884 0.342787 0.416212 0.058950
0.851467 0.753009 0.000000 0.412673 0.060541
0.829409 0.288871 0.667430 0.012915 0.000000
0.949768 0.264913 0.824740 0.702032 0.000000
0.559135 0.245793 0.957908 0.256718 0.000000
0.797229 0.982210 0.671626 0.395261 80.000000
0.835220 0.293136 0.915944 0.062467 0.000000
0.238038 0.266367 0.811462 0.375053 0.000000
0.199565 0.023918 0.780364 0.621531 0.000000
0.807813 0.060791 0.241711 0.141703 33.640047
0.956142 0.202966 0.336051 0.451788 5.143088
0.823622 0.789647 0.461661 0.243847 0.057948
0.504944 0.081636 0.206847 0.865372 36.978326
0.131965 0.774685 0.540970 0.000000 55.000000
0.595030 0.016949 0.677813 0.474278 0.000000
0.937765 0.319486 0.745980 0.373177 0.000000
0.225419 0.277084 0.053581 0.607036 51.612329
0.719375 0.592541 0.914728 0.153444 80.000000
0.002311 0.273921 0.575584 0.001573 0.000000
0.746275 0.146878 0.151816 0.930803 0.304670
0.597280 0.027449 0.156335 1.000000 18.086709
0.924924 0.660889 0.248073 0.729010 0.015388
0.388528 0.231586 0.695107 0.692831 0.000000
0.759796 0.897279 0.325755 0.309742 0.132230
0.269632 0.593162 0.806212 0.805663 46.267241
0.809743 0.294430 0.847189 0.730764 0.000000
0.385401 0.011547 0.549879 0.947926 13.843806
0.574687 0.894978 0.283142 0.250293 6.532820
0.686961 0.260550 0.655473 0.711816 0.000000
0.320245 0.656926 0.194942 1.000000 30.639317
0.123783 0.674561 0.365373 0.793949 42.735654
0.661387 0.944830 0.107056 0.177722 0.039151
0.856498 0.260095 0.225467 0.355479 37.784958
0.937064 0.260129 0.557661 0.974435 0.000000
0.795021 0.385658 0.276902 0.351584 32.371437
0.914669 0.022887 0.720856 0.499817 0.000000
0.699861 0.648632 0.627189 0.692853 80.000000
0.360552 0.000000 0.187718 0.776141 38.729911
0.890708 0.840455 0.078381 0.592740 0.103449
0.438966 0.058479 0.997821 0.910870 0.000000
0.903408 0.663340 0.845297 0.037687 80.000000
0.967205 0.095409 0.172605 0.249591 18.597083
0.380255 0.036932 0.404767 0.905640 31.531490
0.446012 0.375259 0.685276 0.923763 0.000000
0.056745 0.171665 0.528960 0.870527 27.045793
0.096583 0.503102 0.921228 1.000000 0.000000
0.185496 0.027299 0.846808 0.743685 0.000000
0.701483 0.084894 0.583462 0.433886 0.000000
0.579941 0.139780 0.577097 0.843382 0.000000
0.000000 0.232880 0.537173 0.719850 25.721720
0.640321 0.583880 0.765763 0.826286 80.000000
0.055417 0.512939 0.026176 0.371614 25.754413
0.129664 0.101145 0.969808 0.605997 0.000000
0.901222 0.549747 0.732555 0.950856 80.000000
0.936250 0.787173 0.066099 0.177645 0.011221
0.895148 0.641823 0.636366 0.543625 80.000000
0.772225 0.000000 0.742978 0.000000 0.000000
0.000406 0.771086 0.678016 0.653328 54.996063
0.771107 0.905498 0.702824 0.051728 80.000000
0.772860 0.168317 0.467423 0.281675 12.955077
0.554521 0.587060 0.320068 0.101827 26.517794
0.854986 0.649988 0.200851 0.939996 0.051823
0.248965 0.984086 0.056997 0.961116 4.933207
0.989880 0.116229 0.638509 0.937432 0.000000
0.041335 0.427887 0.617397 0.304569 0.000000
0.399711 0.123996 0.808739 0.415251 0.000000
0.417840 0.496850 0.549683 0.206602 29.108336
0.119052 0.612386 0.556885 0.865403 44.942853
0.029584 0.558214 0.225077 0.431937 35.177809
0.122264 0.791598 0.540915 0.931203 40.348906
0.593977 0.133536 0.415985 0.895949 30.508556
0.339569 0.572861 0.626317 0.256028 0.000000
0.838000 0.380727 0.411265 0.473729 3.697092
0.238066 0.162790 0.913127 0.509133 0.000000
0.605096 0.644729 0.107765 0.975095 33.754413
0.302851 0.701907 0.497458 0.620851 27.169433
0.752076 0.873137 0.667761 0.205302 80.000000
0.658957 0.880784 0.823847 0.804015 80.000000
0.691078 0.960204 0.583153 0.931377 80.000000
0.689945 0.341810 0.788477 0.002500 0.000000
0.991966 0.866962 0.673915 0.152991 80.000000
0.091916 0.205169 0.470464 0.357319 41.378805
0.668247 0.972444 0.158309 0.908960 0.247540
0.159740 0.408312 0.271084 0.873029 46.786757
0.000406 0.307404 0.678016 0.531142 0.000000
0.788790 0.759329 0.991048 0.028330 80.000000
0.966807 0.786150 0.753821 0.491178 80.000000
0.177526 0.392222 0.615324 0.604272 0.000000
0.781709 0.170260 0.846439 0.834822 0.000000
0.689998 0.945738 0.948353 0.232616 80.000000
0.169573 0.574582 0.731728 0.106987 0.000000
0.995269 0.749703 0.834248 0.814745 80.000000
0.967955 0.625115 0.653668 0.105064 80.000000
0.157571 0.121290 0.173169 0.098673 39.508303
0.361877 0.000000 0.276881 0.050936 29.370182
0.982544 0.734331 0.623867 0.238347 80.000000
0.458082 0.358495 0.378852 1.000000 39.121806
0.291334 0.686448 0.629952 0.883407 44.560259
0.426983 0.526265 0.776255 0.127039 0.000000
0.346885 0.638624 0.716873 0.576763 55.000000
0.000000 0.311963 0.650574 0.443063 0.000000
0.725505 0.658199 0.582225 0.022484 80.000000
0.703921 0.045968 0.111766 0.498437 37.630716
0.465873 1.000000 0.000000 0.914344 8.624229
0.999139 0.554637 0.988287 0.465088 80.000000
0.398688 0.577908 0.985387 0.914094 0.000000
0.967846 0.076302 0.864620 0.804193 0.000000
0.667552 0.428885 0.118077 0.101341 11.261635
0.744483 0.784453 0.761663 0.955565 80.000000
0.799911 0.503827 0.292852 0.404469 6.447271
0.896425 0.938264 0.950579 0.423401 80.000000
0.221396 0.174372 0.958139 0.322962 0.000000
0.622112 0.307404 0.998216 0.531142 0.000000
0.289602 0.195665 0.522914 0.888500 37.833474
0.864004 0.771086 0.997821 0.653328 80.000000
0.764335 0.933799 0.936292 0.076262 80.000000
0.997464 0.911675 0.157517 0.628266 0.084353
0.000000 0.599198 0.000000 0.799149 50.696741
0.000000 0.779839 0.650574 0.090359 55.000000
0.809007 0.848645 0.679007 0.685607 80.000000
0.371041 0.255807 0.870959 0.732048 0.000000
0.131965 0.548558 0.540970 0.391080 28.083984
0.721920 0.684380 0.742432 0.483448 80.000000
0.828149 0.288138 0.097065 0.663761 29.093612
0.375008 0.161725 0.076203 0.804193 40.336126
0.865383 0.573313 0.959213 0.254987 80.000000
0.266945 0.354837 0.928498 0.777476 0.000000
0.064316 0.006883 0.959526 0.703579 0.000000
0.011276 0.909125 0.652388 0.041972 55.000000
0.697115 0.978696 0.415479 0.064067 0.004422
0.661869 0.039988 0.940873 0.818595 0.000000
0.884743 0.101237 0.187127 0.847404 9.366517
0.559914 0.345126 0.531434 0.001853 23.404741
0.919533 0.823136 0.872631 0.395084 80.000000
0.149259 0.000000 0.278788 0.047971 30.867537
0.390748 0.490518 0.015206 0.183062 32.100746
0.131965 0.918632 0.540970 0.188881 55.000000
0.006138 0.015284 0.972405 0.436767 0.000000
0.292166 0.311785 0.225195 0.232157 64.762202
0.575914 0.631881 0.282141 0.490182 17.005986
0.311559 0.671774 0.082789 0.513103 23.152307
0.129324 0.979258 0.917911 0.916224 21.936772
0.058804 0.043533 0.900935 0.321116 0.000000
0.785822 0.772729 0.181736 0.598082 0.348787
0.257242 0.328097 0.627600 0.506447 0.000000
0.448424 0.447388 0.456078 0.916037 31.856975
0.707177 0.688308 0.688325 0.347877 80.000000
0.573429 0.005589 0.386696 0.275554 30.209818
0.100730 0.201153 0.903552 0.300240 0.000000
0.934577 0.144113 0.986416 0.664870 0.000000
0.813315 0.995818 0.654194 0.160276 80.000000
0.235508 0.270486 0.328807 0.718593 67.738717
0.793249 0.804346 0.575343 0.784351 80.000000
0.801788 0.609454 0.781793 0.785149 80.000000
0.017019 0.479059 0.262652 0.992135 30.367650
0.788791 0.289223 0.047217 0.466173 36.652924
0.659467 0.555646 0.718550 0.516149 80.000000
0.946817 0.826510 0.967942 0.882801 80.000000
0.621137 0.766550 0.273018 0.196535 0.015618
0.873297 0.758043 0.618463 0.426221 80.000000
0.811143 0.925288 0.770296 0.892499 80.000000
0.000000 0.354390 0.226865 0.223078 37.400713
0.534422 0.012522 0.986133 0.533053 0.000000
0.658739 0.583314 0.575271 0.550187 80.000000
0.680150 0.548558 0.892113 0.391080 80.000000
0.430213 0.414920 0.531035 0.419706 42.718875
0.623160 0.674688 0.569968 0.887747 80.000000
0.405020 0.208493 0.040237 0.218074 42.727351
0.202520 0.964572 0.858468 0.311870 55.000000
0.624230 0.984704 0.996756 0.735432 80.000000
0.994164 0.922700 0.593605 0.028686 80.000000
0.819408 0.000000 0.000000 0.000000 8.377219
0.729484 0.583230 0.978993 0.900893 80.000000
0.857576 0.242222 0.864682 0.597641 0.000000
0.131965 0.779839 0.540970 0.090359 55.000000
0.709031 0.750728 0.842707 0.734725 80.000000
0.103556 0.423971 0.981802 0.702802 0.000000
0.749748 0.586678 0.555926 0.198715 80.000000
0.822131 0.870807 0.902481 0.832717 80.000000
0.967750 0.952656 0.638507 0.790724 80.000000
0.794682 0.816983 0.592130 0.961131 80.000000
0.272154 0.023458 0.947322 0.815615 0.000000
0.700580 0.061374 0.585908 0.864682 0.000000
0.862475 0.990371 0.570757 0.963458 80.000000
0.536003 0.677819 0.500155 0.778480 33.526294
0.920148 0.603648 0.877995 0.458775 80.000000
0.327058 0.484008 0.516696 0.927442 30.484869
0.956949 0.543598 0.619892 0.246695 80.000000
0.864939 0.551663 0.724808 0.636138 80.000000
0.832421 0.988638 0.607868 0.741791 80.000000
0.652601 0.873299 0.946801 0.890206 80.000000
0.890956 0.774980 0.907229 0.217301 80.000000
0.824075 0.675558 0.476929 0.940787 0.032366
0.000000 0.000000 0.978680 1.000000 0.000000
0.784171 0.262518 0.757566 0.271431 0.000000
0.493368 0.514950 0.013621 0.978896 19.978842
0.438880 0.677935 0.007653 0.745696 54.875437
0.315742 0.330180 0.833361 0.490966 0.000000
0.992190 0.119546 0.632565 0.529284 0.000000
0.513562 0.578072 0.228054 0.217145 35.567389
0.427484 0.101927 0.000000 0.595230 38.251992
0.357725 0.072684 0.770201 0.892953 0.000000
0.923919 0.300078 0.269428 0.590369 14.395627
0.223652 0.638624 0.542868 0.538755 55.000000
0.569758 0.296229 0.230080 0.681361 47.868156
0.105849 0.685344 0.940397 0.555530 54.998163
0.419324 0.028450 0.668769 0.827541 0.000000
0.727313 0.000513 0.975263 0.402481 0.000000
0.530532 0.517423 0.040072 0.471225 32.838144
0.870118 0.013027 0.958207 0.908710 0.000000
0.342395 0.090711 0.429760 0.687140 48.417332
0.449263 0.005445 0.785083 0.405007 0.000000
0.055536 0.812269 0.839872 0.545323 55.000000
0.542117 0.847708 0.061342 0.434873 29.026643
0.951373 0.550720 0.595780 0.763111 80.000000
0.364164 0.509942 0.391584 0.691397 50.538103
0.000406 0.764702 0.886014 0.038251 55.000000
0.733931 0.243530 0.099462 0.093053 36.787539
0.214204 0.861641 0.962702 0.745423 53.559784
0.000000 1.000000 0.535418 0.492313 55.000000
0.459975 0.135004 0.852724 0.895141 0.000000
0.232285 0.014666 0.755921 0.398869 0.000000
0.176736 0.200972 0.990213 0.161444 0.000000
0.964073 0.307404 0.813763 0.531142 0.000000
0.694374 0.996587 0.039284 0.786523 0.125725
0.791414 0.890170 0.819203 0.297061 80.000000
0.761983 0.858272 0.845492 0.454638 80.000000
0.702625 0.929607 0.625563 0.321607 80.000000
0.328672 0.624310 0.271091 0.755963 46.290262
0.139595 0.722846 0.817220 0.475614 55.000000
0.474466 0.387247 0.201666 0.487169 59.306680
0.808586 0.123160 0.154548 0.000000 33.539602
0.688951 0.546527 0.719917 0.945497 80.000000
0.166922 0.804896 0.851313 0.376210 55.000000
0.330069 0.788834 0.469152 0.742426 39.391515
0.498417 0.996701 0.149012 0.667142 50.322677
0.899873 0.368227 0.159846 0.753059 3.443145
0.985564 0.005239 0.698333 0.000856 0.000000
0.644865 0.076300 0.924805 0.288704 0.000000
0.345113 0.001680 0.998155 0.251379 0.000000
0.697279 0.729728 0.575043 0.171342 80.000000
0.729607 0.003951 0.858621 0.985715 0.000000
0.000000 0.364445 0.391663 0.887742 35.692661
0.269775 1.000000 1.000000 0.488791 55.000000
0.000000 0.156775 0.187431 0.188734 32.334749
0.131965 1.000000 0.540970 0.099967 55.000000
0.748834 0.220201 0.269544 0.000000 36.606305
0.163573 0.321888 0.438277 0.852562 48.039397
0.164166 0.529992 0.365228 1.000000 29.452441
0.238066 0.774685 0.913127 0.000000 55.000000
0.744544 0.246250 0.314067 0.514486 40.170231
0.459326 0.344647 0.974889 0.129270 0.000000
0.439022 0.201000 0.391015 0.604842 61.018581
1.000000 0.570975 0.843540 1.000000 79.947441
0.000000 0.227759 0.000000 0.627862 28.016543
0.328005 0.625964 0.622948 0.752440 54.625084
0.465688 0.225082 0.584511 0.912844 0.000000
0.406354 0.603648 0.240141 0.458775 14.418281
0.987044 0.560368 0.807019 0.075586 80.000000
0.939325 0.952520 0.863542 0.161042 80.000000
0.741887 0.172223 0.880723 0.606819 0.000000
0.828328 0.828688 0.226915 0.888943 0.415329
0.256460 0.513638 0.166488 1.000000 34.326048
0.477318 0.896817 0.132963 0.874398 28.733039
0.335033 0.039789 0.992731 0.708972 0.000000
0.342979 0.152036 0.943102 0.143818 0.000000
0.080094 0.523084 0.905885 0.756070 0.000000
0.588870 0.626517 0.303308 0.762937 47.898700
0.069484 0.256088 0.718013 0.015104 0.000000
0.288292 0.535650 0.374651 0.944332 37.673623
0.226853 0.027040 0.914896 0.283033 0.000000
0.121188 0.143037 0.419816 1.000000 28.390193
0.236095 0.480989 0.401168 0.631741 53.825174
0.214971 0.487458 0.711835 0.308187 0.000000
0.039527 0.088910 0.795288 0.661007 0.000000
0.125043 0.080109 0.543340 0.729577 27.811048
0.105050 0.385101 0.535656 0.450705 39.292480
0.191849 0.138578 0.624930 0.855242 0.000000
0.749930 0.375118 0.193514 0.168898 34.736929
0.113331 0.000000 0.328922 0.740742 35.376951
0.931332 0.861075 0.343706 0.963667 0.080591
0.163973 0.195496 0.516107 0.175918 38.562883
1.000000 0.000000 0.541002 0.142134 0.000000
0.531673 1.000000 0.133142 0.259582 5.387874
0.790455 0.941602 0.134502 0.592812 0.457762
0.408955 0.581231 0.879413 0.551893 0.000000
0.509976 0.257764 0.848649 0.056952 0.000000
0.328270 0.441887 0.043445 1.000000 30.647708
0.384149 0.502026 0.578032 0.733168 0.000000
0.000000 0.550720 0.564143 0.763111 0.000000
0.135253 0.402267 0.390747 0.993597 35.356480
0.299126 0.077963 0.159570 0.460602 53.794780
0.312788 0.042285 0.363698 0.144891 41.446895
0.027923 0.282833 0.929104 0.179970 0.000000
0.002805 0.163106 0.638956 0.048234 0.000000
0.075005 0.954214 0.008030 0.453275 33.405531
0.651905 0.111788 0.848280 0.152118 0.000000
0.786745 0.558429 0.926038 0.624725 80.000000
0.691677 0.065687 0.271431 0.668161 28.141123
0.933296 0.042849 0.860228 0.660211 0.000000
0.797235 0.191827 0.706281 0.535343 0.000000
0.334941 0.538220 0.062754 0.514056 41.557219
0.681985 0.182738 0.023948 0.555463 32.915600
0.153039 0.857532 0.612424 0.267374 55.000000
0.764007 1.000000 0.120316 0.348342 0.176707
0.971098 0.318597 0.663002 0.265185 0.000000
0.051828 0.000000 0.856877 0.019235 0.000000
0.297804 0.842064 0.564042 0.185729 55.000000
0.265883 0.540593 0.088879 0.739684 41.242642
0.841577 0.219635 0.677307 0.705946 0.000000
0.602636 0.822627 0.289682 0.747093 51.593174
0.645738 0.487230 0.225038 0.300631 9.572615
0.511885 0.334852 0.187121 0.171264 47.110159
0.312666 0.923428 0.167674 0.699653 54.880105
0.971839 0.235010 0.282724 0.126510 4.218326
0.000000 0.259523 0.025903 0.070282 22.799065
0.604749 0.524968 0.202151 0.098259 24.541838
0.024276 0.274732 0.357845 0.996427 35.010924
0.312255 0.730352 0.944095 0.373582 55.000000
0.000000 0.829842 0.650574 0.010917 55.000000
0.377411 0.000000 0.062676 0.083778 21.229376
0.453535 0.035406 0.270641 0.978009 30.922156
0.394083 0.000000 0.250010 0.376680 44.512174
0.487226 0.974885 0.579501 0.136990 55.000000
0.334641 0.867936 0.933755 0.519856 55.000000
0.196247 0.626368 0.000000 0.629486 38.969038
0.107132 0.804005 0.000000 0.969922 20.576159
0.855316 0.322779 1.000000 1.000000 0.000000
0.063290 0.139683 0.322850 0.003990 30.123312
0.021735 0.759548 0.189786 0.354869 4.079378
0.137715 0.024261 0.198993 0.203681 35.048656
0.772761 0.644070 0.199496 0.327621 0.056605
0.403450 0.240609 0.986965 0.790864 0.000000
0.523141 0.008957 0.864509 0.829761 0.000000
0.734745 0.865365 0.557928 0.065457 80.000000
0.820578 0.090360 0.313077 0.585146 26.793901
0.000000 0.977978 0.837666 0.619348 55.000000
0.764124 0.081998 0.399031 0.413690 20.925163
0.306051 0.853115 0.751760 0.551449 55.000000
0.373534 0.630494 0.192437 0.871192 49.442835
0.237363 0.800912 0.751734 0.115389 55.000000
0.545435 0.303850 0.784830 0.301900 0.000000
0.778937 0.150816 0.126703 0.220900 46.137630
0.000000 0.955134 1.000000 0.057172 55.000000
0.329633 0.021455 0.078247 0.610627 38.127102
0.000000 0.560594 0.397671 0.861056 20.625657
0.755569 0.979395 0.998095 0.860893 80.000000
0.285379 0.143782 0.396221 0.576761 59.465354
0.685411 0.055359 0.119837 0.068716 33.665751
0.229619 0.651129 0.147894 0.903196 46.019069
0.597369 0.466517 0.292160 0.653684 37.857732
0.069459 0.191363 0.899475 0.570271 0.000000
0.285073 0.903355 0.000000 0.626841 51.593758
0.505285 0.249997 0.027296 0.358331 41.344743
0.365133 0.163436 0.150383 0.293262 56.670849
0.929045 0.844812 0.776031 0.700300 80.000000
0.647647 0.136991 0.283033 0.190148 36.582059
0.491486 0.053254 0.334440 0.802207 34.369428
0.126727 0.864982 0.000000 0.363361 15.974840
0.253847 0.314397 0.615972 0.288598 0.000000
0.460267 0.381254 0.087948 0.584635 50.700771
0.253558 0.031321 0.155525 0.112525 34.494376
0.564613 0.142565 0.398049 0.162003 36.235914
0.797658 0.039495 0.151533 0.298820 38.018025
0.555229 0.095190 0.221287 0.377332 44.680937
0.902122 0.830144 0.000000 0.754919 0.092499
0.754823 0.288672 0.004481 0.325400 32.484130
0.486057 0.098909 0.232591 0.226485 45.747201
0.264982 0.236148 0.879349 0.152452 0.000000
0.587765 0.872779 0.362598 1.000000 16.157048
0.368787 0.036560 0.832110 0.684801 0.000000
0.923576 0.580324 0.958542 0.691907 80.000000
0.398091 0.294128 0.139324 0.857151 48.724298
0.235586 0.494041 0.831888 0.166988 0.000000
0.839694 0.757210 0.262586 0.774917 0.210754
0.883436 0.225868 0.397522 0.584747 10.776840
0.000406 0.959960 0.678016 0.562601 55.000000
0.302153 0.127529 0.046507 0.385291 46.747846
0.038076 0.110133 0.326761 0.536320 40.577298
0.555964 0.058833 0.994103 0.372570 0.000000
0.553005 0.815665 0.143998 0.677858 58.584516
0.661436 0.053899 0.652101 0.255034 0.000000
0.216829 0.608377 0.996615 0.347850 55.000000
0.224060 1.000000 0.851790 0.561417 55.000000
0.498177 0.428764 0.395034 0.317350 46.647162
0.122021 0.019709 0.919422 0.842303 0.000000
0.523714 0.124996 0.967358 0.172012 0.000000
0.268529 0.247243 0.477766 0.539211 57.716325
0.915882 0.109266 0.886904 0.957754 0.000000
0.383485 0.000000 0.997673 0.400825 0.000000
0.574151 0.319419 0.960180 0.753527 0.000000
0.280254 0.671194 0.384236 0.793254 40.828870
0.000000 0.000000 1.000000 0.200752 0.000000
0.639970 0.185629 0.961780 0.585944 0.000000
0.195914 0.148310 0.110947 0.550248 54.713408
0.000000 1.000000 0.583199 0.679951 55.000000
0.530673 0.246187 0.902504 0.971238 0.000000
0.420834 0.412427 0.235828 1.000000 40.271309
0.829116 0.444486 0.155909 0.344873 25.027448
0.456935 0.221932 0.337161 0.986296 41.587446
0.313981 0.363059 0.316711 0.374185 73.790788
0.007804 0.208870 0.969067 0.839908 0.000000
0.289463 0.326864 0.158121 0.506726 70.284623
0.842611 0.625495 0.583794 0.798728 80.000000
0.954815 0.176048 0.864039 0.205081 0.000000
0.271562 0.056298 0.915791 0.426911 0.000000
0.375040 0.507824 0.802774 0.953592 0.000000
0.253283 0.389255 0.000000 0.490631 44.417729
0.358154 0.273070 0.211771 0.360051 72.835292
0.000406 0.677143 0.022143 0.931459 35.345260
0.780713 0.018663 0.874242 0.741654 0.000000
0.864939 0.307404 0.724808 0.531142 0.000000
0.863756 0.043535 0.567752 0.929332 0.000000
0.210553 0.058876 0.471087 0.138624 31.376098
0.906361 0.123461 0.881728 0.008663 0.000000
0.471572 1.000000 0.023497 0.528102 45.707599
0.000000 0.438413 0.092762 0.552761 32.903646
0.000000 0.111935 0.764126 0.857290 0.000000
0.767547 0.233719 0.732749 0.938784 0.000000
0.325170 0.098581 0.150304 0.951140 37.815161
0.169518 0.614764 0.719843 0.477876 55.000000
0.015925 0.978712 0.886228 0.491412 55.000000
0.487248 0.186481 0.850639 0.544067 0.000000
0.253613 0.442228 0.054617 0.623489 45.984649
0.346234 0.811962 0.084707 0.617994 52.343761
0.378092 0.122811 0.288644 0.602561 58.724202
0.102258 0.704171 0.657008 0.004386 55.000000
0.826207 0.081348 0.947535 0.101348 0.000000
0.971714 0.057678 0.943434 0.265694 0.000000
0.246503 0.185467 0.893278 0.982006 0.000000
0.947684 0.640625 0.676342 0.680973 80.000000
0.605167 0.078595 0.837209 0.737371 0.000000
0.369117 0.000000 0.245122 0.197713 39.746230
0.811641 0.154339 0.304827 0.320574 41.854870
0.783492 0.962977 0.845194 0.616335 80.000000
0.039684 0.351773 0.472544 0.349607 39.799257
0.214224 0.245999 0.230616 0.577474 72.670496
0.500356 0.724323 0.137878 0.770097 58.942666
0.042489 0.113263 0.907427 0.194723 0.000000
0.254317 0.543308 0.000000 0.350131 30.290690
0.798299 0.592575 0.570949 0.626876 80.000000
0.077994 1.000000 0.994277 0.241154 55.000000
0.323343 0.137360 1.000000 0.893970 0.000000
0.343371 0.583575 0.456821 0.252185 34.221535
0.314156 0.470267 0.382093 0.457606 59.740632
0.892266 0.084124 0.844702 0.393504 0.000000
0.262547 0.469246 0.193878 0.583960 60.190913
0.774926 0.179579 0.138602 0.378728 48.930089
0.135606 0.904298 1.000000 0.521247 55.000000
0.940584 0.076179 0.977200 0.519259 0.000000
0.906701 0.175753 0.939725 0.847291 0.000000
0.124398 0.916313 0.044380 0.646364 56.048385
0.370013 0.209664 0.368124 0.428197 68.641077
0.499380 0.139168 0.909647 0.326454 0.000000
0.013462 0.389155 0.344824 0.321666 44.340784
0.214224 0.548558 0.230616 0.391080 50.625152
0.697897 0.944181 0.745647 0.489150 80.000000
0.208983 0.389382 0.213320 0.724340 62.561992
0.098545 0.063408 0.291300 0.924779 33.879254
0.885460 0.721716 0.580616 0.703883 80.000000
0.092475 0.356404 0.281642 0.109652 44.728588
0.000000 0.711318 0.371517 0.873241 39.746429
0.499047 0.000000 0.131635 0.340018 33.235513
0.264795 0.148578 0.855060 0.669872 0.000000
0.996629 0.786029 0.577393 0.490634 80.000000
0.519341 0.008580 0.927884 0.668531 0.000000
0.173852 0.182212 0.412655 0.887616 44.645998
0.922830 0.052465 0.760994 0.867119 0.000000
0.772131 1.000000 0.237624 0.497311 0.305814
0.829413 0.902042 0.306986 0.643284 0.376287
0.331260 0.341715 0.315788 0.093710 55.428437
0.135606 0.965530 0.662700 0.665270 55.000000
0.783015 0.323508 0.720608 0.388153 0.000000
0.545023 0.955897 0.321734 0.614508 49.562434
0.766645 0.485081 0.692272 0.029346 0.000000
0.214224 0.323508 0.230616 0.388153 72.142994
0.283022 0.238955 0.995372 0.441858 0.000000
0.000000 0.196412 0.245238 0.893029 31.669909
0.115144 0.115403 0.189789 0.372266 51.375890
0.410148 0.409684 0.186231 0.789650 54.218973
0.161120 0.108424 0.363377 0.422755 52.097609
0.687445 0.178760 0.905017 0.033470 0.000000
0.420366 0.161370 0.261292 0.900945 45.965991
0.333395 0.283872 0.734719 0.953740 0.000000
0.343458 0.413841 0.376900 0.874751 50.880997
0.195767 0.854224 0.864338 0.549283 55.000000
0.317509 0.311503 0.206921 1.000000 46.118905
0.000000 1.000000 1.000000 0.552547 55.000000
0.426143 0.390262 0.181928 0.355361 58.979740
0.389313 0.138436 0.385010 0.306459 56.114176
0.999310 0.994361 0.642751 0.462875 80.000000
0.001450 0.690927 0.000000 0.683125 49.127818
0.361747 0.475570 0.312012 0.221197 52.855016
