# gen=130 x0..xd f
0.886234 0.609889 0.592635 0.839963 56.206560
0.936017 0.999488 0.962531 0.916378 79.999973
0.441764 0.818034 1.000000 0.386514 54.685825
0.729878 0.818570 0.652276 1.000000 44.319198
0.000000 0.000000 0.086211 0.212829 41.003286
0.967199 0.579191 0.634004 0.916340 67.896597
0.125070 0.262820 0.291734 0.993951 58.358317
0.964920 1.000000 1.000000 0.142441 79.962989
0.984740 0.566149 0.686692 0.000000 71.792891
0.758244 0.818662 0.946959 0.670971 52.904360
0.000000 1.000000 0.000000 0.101803 53.936371
0.000000 1.000000 0.476680 0.958302 64.872048
0.305000 0.295082 0.277778 0.500000 89.999989
0.000000 0.000000 0.000000 0.655281 38.915263
0.451720 0.919027 0.138889 0.353061 62.580127
1.000000 1.000000 1.000000 0.000000 79.954375
0.249351 0.751692 0.000000 1.000000 64.997783
0.360182 0.000000 0.201345 0.993951 49.826696
0.884165 0.846066 0.818385 0.453817 77.473426
0.305000 0.295082 0.277778 0.500000 89.999998
0.881110 0.673345 1.000000 0.000000 79.982339
0.696079 0.554372 0.814851 0.086275 69.067362
0.581367 0.994306 0.112828 0.750308 52.619553
0.878514 0.645769 0.707559 0.469492 70.596927
0.486364 0.000000 0.211188 0.662525 52.749934
0.903100 0.783212 0.817373 0.469787 78.022539
1.000000 0.609728 0.712197 0.183946 75.153854
0.055857 0.780703 0.288519 0.995968 58.966462
0.165468 1.000000 0.000000 1.000000 64.997507
1.000000 0.610410 1.000000 0.000000 79.981049
0.165881 1.000000 0.217348 0.229277 64.056842
0.008536 0.999956 0.277778 1.000000 64.986874
0.000000 0.827810 0.000000 0.686348 57.881048
0.598335 1.000000 0.070917 0.604494 55.297886
0.000000 1.000000 0.016118 1.000000 64.997802
0.452746 0.856949 0.769425 0.685763 54.807051
0.402677 0.815754 0.864753 0.489770 54.757412
0.413174 0.000000 0.352152 0.719601 58.024178
0.305000 0.999956 0.277775 0.916693 62.881494
0.462943 0.000000 0.259546 0.582446 54.945116
0.936017 1.000000 0.962531 0.916624 79.999970
0.575977 1.000000 0.131920 0.691365 54.655223
0.583591 0.386678 0.277778 0.830725 55.486302
0.852742 0.733636 0.759019 0.744875 73.496854
1.000000 0.724508 0.668659 0.569925 71.877247
0.238723 1.000000 0.000000 0.121486 64.998721
0.866323 0.959304 0.835892 0.000000 76.158821
0.937620 1.000000 0.964676 0.916604 79.999965
0.320199 1.000000 0.387243 0.316385 62.594926
0.801340 1.000000 0.797477 0.005864 69.632038
0.419769 1.000000 0.434202 0.638980 49.909788
0.885487 0.758839 0.640221 0.279326 56.634866
0.436699 0.167879 0.081850 0.642580 58.465256
1.000000 0.586965 0.891889 0.429502 79.985381
0.851716 0.761652 0.719850 0.185431 67.134768
0.456440 0.784169 0.780524 0.000000 54.207586
0.768002 1.000000 0.807430 0.176831 69.482329
0.725498 1.000000 1.000000 0.337165 79.380531
0.634941 0.750453 0.946481 0.419280 75.655153
0.835534 1.000000 1.000000 0.190765 79.936479
0.305000 0.999600 0.277778 0.914590 62.302314
0.545241 0.948481 0.358475 0.993597 31.239729
0.305000 0.999956 0.277778 0.916693 62.875520
0.335002 1.000000 0.000000 1.000000 64.985681
1.000000 0.900382 1.000000 0.722892 79.996131
0.245660 0.760355 0.000000 0.755387 60.650004
1.000000 0.902472 0.634318 0.426818 64.310972
1.000000 0.722701 0.575193 0.587906 57.397139
1.000000 1.000000 1.000000 0.346462 79.969612
0.111588 1.000000 0.412603 0.358278 60.742577
1.000000 1.000000 0.956179 0.000000 79.951342
0.000000 1.000000 0.114520 1.000000 64.997459
1.000000 0.558638 0.888197 0.000000 79.962263
0.275694 0.295082 0.000000 1.000000 49.590790
0.305000 0.295082 0.277778 0.500000 89.999989
0.000000 1.000000 0.000000 0.649258 64.999114
0.997147 0.575667 1.000000 0.000000 79.983280
0.305000 1.000000 0.277778 0.916604 62.937525
0.705940 1.000000 0.793986 0.559745 65.036651
0.470022 0.431877 0.306651 0.726280 66.870765
0.457009 0.360897 0.404134 0.671127 62.040920
0.489633 0.696295 0.000000 0.762332 49.500507
0.743674 0.550813 0.680850 0.329557 54.968048
0.658598 1.000000 0.844378 0.948658 67.923558
1.000000 0.746669 0.804298 0.133980 78.936417
0.277769 0.000000 0.423645 1.000000 46.755520
0.637366 0.936147 0.904746 0.730369 72.753812
0.806591 0.767769 0.826138 0.500000 75.055706
0.971176 0.545063 1.000000 0.191719 79.996008
0.410690 0.000000 0.259546 0.904876 51.435890
1.000000 1.000000 0.705504 0.669245 73.981347
0.552252 0.881666 0.527488 1.000000 49.763901
1.000000 1.000000 0.694036 0.267509 70.320176
0.936017 0.999884 0.962531 0.916166 79.999974
0.565420 1.000000 0.000000 0.085370 63.759419
1.000000 0.637228 0.748997 0.646720 78.102637
0.745063 0.818493 0.735911 0.741345 63.827940
0.125790 1.000000 0.148738 0.583441 64.999596
0.897788 0.750216 0.609092 1.000000 52.976330
0.000000 1.000000 0.000000 0.390260 64.999381
0.000000 1.000000 0.000000 0.436020 64.999393
1.000000 0.918608 0.671785 0.000000 64.005515
1.000000 0.645043 0.621014 0.252053 65.365976
0.161058 0.755847 0.000000 1.000000 64.998211
0.201082 0.948339 0.000000 0.992810 64.998200
0.000000 0.087882 0.332452 0.253638 50.132769
0.083591 0.178169 0.250656 0.661169 64.820898
1.000000 0.647541 0.959089 0.000000 79.977243
0.463069 1.000000 0.445562 0.500000 45.367827
1.000000 0.697517 1.000000 0.194217 79.984753
1.000000 0.800763 0.740118 0.304483 76.744299
0.000000 1.000000 0.493193 1.000000 64.763427
1.000000 0.725075 0.673512 1.000000 73.580400
1.000000 0.643408 1.000000 0.472457 79.264955
1.000000 0.963231 0.958470 0.801520 79.993477
0.274480 0.999956 0.307593 0.916693 62.480025
0.000000 0.000000 0.000000 0.199130 39.157874
0.275368 1.000000 0.153901 0.061425 58.117440
0.936994 0.974787 0.997403 0.000000 79.956773
0.813159 1.000000 0.692830 0.760741 56.774029
0.112150 1.000000 0.274514 0.416548 64.999929
0.000000 0.180093 0.000000 1.000000 39.969102
0.441261 0.129361 0.114808 0.741239 59.775848
0.839771 0.720500 0.729656 0.820373 68.516937
0.969497 0.545019 0.997766 0.295322 79.959381
0.928867 0.855857 0.261535 0.586966 18.664842
0.582941 0.762649 0.774344 0.268877 54.197286
0.128022 1.000000 0.000000 1.000000 64.997654
0.000000 0.991367 0.490792 1.000000 64.529823
0.874653 0.719782 0.719334 0.653950 69.278653
0.423076 0.776090 1.000000 0.044373 54.539777
0.602573 0.959304 0.261524 0.708279 38.377493
1.000000 0.545078 1.000000 0.000000 79.985277
0.242658 0.292551 0.312438 0.793090 71.698819
1.000000 0.973639 0.944166 0.268402 79.964088
0.013854 0.000000 0.000000 0.983881 32.666402
1.000000 0.573002 1.000000 0.201893 79.994033
0.000000 1.000000 0.284423 0.794641 64.996500
0.369880 0.809951 0.623323 0.645400 54.667004
0.251323 0.319384 0.365188 0.784719 69.689945
0.404460 0.729861 0.525633 0.507795 54.245338
1.000000 0.539262 0.643975 0.619770 70.396934
1.000000 0.647541 0.757525 0.607027 78.330488
0.498365 0.715939 0.000000 0.967634 59.345060
0.397108 1.000000 0.000000 0.181805 64.997369
0.136956 0.000000 0.278321 0.753113 53.966717
0.429120 1.000000 0.135733 0.000000 63.297502
1.000000 1.000000 1.000000 0.099704 79.956758
0.506866 1.000000 0.060065 0.735549 60.663569
0.850910 1.000000 0.260613 0.618944 27.984560
0.385637 1.000000 0.085508 1.000000 63.697610
0.390638 0.706842 0.027166 0.839568 56.563682
1.000000 0.601091 0.609092 1.000000 66.076902
0.988259 0.776022 0.744234 0.000000 74.812525
0.475531 0.985688 0.512966 1.000000 26.780509
0.937620 0.823770 0.571593 0.605949 47.466807
0.127153 0.180183 0.458529 1.000000 49.654497
1.000000 0.927030 0.593038 0.991963 64.624761
0.429120 1.000000 0.000000 0.000000 64.996119
0.824476 0.751839 1.000000 0.000000 79.944372
0.176994 1.000000 0.500000 0.607476 62.943602
0.454915 0.745257 0.000000 0.750000 62.441740
1.000000 1.000000 0.787059 0.267785 77.904520
0.712865 1.000000 0.858662 1.000000 62.984033
0.275368 0.414478 0.412603 1.000000 56.141983
0.482237 0.817814 0.886938 0.000132 54.324011
0.708262 0.558238 1.000000 0.000000 79.406140
0.551498 0.649869 0.549170 0.482925 53.894504
0.000000 0.217070 0.312414 1.000000 49.753375
1.000000 1.000000 0.630711 0.892233 68.383158
0.519555 0.064175 0.000000 1.000000 38.517229
1.000000 1.000000 1.000000 0.562723 79.981297
0.104398 1.000000 0.000000 0.640260 64.998970
0.423603 0.000000 0.318703 0.529222 57.427288
0.216431 0.213191 0.069668 1.000000 53.265689
0.621969 0.864570 0.988073 0.363356 77.359205
0.480112 0.000000 0.421312 0.596284 51.571004
0.305000 0.999488 0.277778 0.916378 62.465265
0.246386 0.821376 0.000000 0.884438 64.999671
1.000000 1.000000 0.844127 0.172733 79.184434
0.485130 1.000000 0.176115 0.269357 61.057474
0.000000 1.000000 0.000000 0.835222 64.998531
0.833253 0.558638 0.791375 0.250111 74.769507
0.476701 0.895919 0.197637 0.658712 57.577401
0.351467 1.000000 0.434721 0.150474 47.327147
0.000000 0.000000 0.280865 0.510003 50.280126
0.572010 1.000000 0.380528 0.564426 42.217430
0.305000 1.000000 0.277778 0.915975 62.747961
0.543411 0.618887 0.546950 0.294385 53.779981
0.191052 0.330923 0.484154 0.742534 34.108206
0.153101 0.753652 0.000000 1.000000 64.997320
0.582124 0.150992 0.244502 0.947946 51.869856
0.000000 1.000000 0.333423 0.353665 57.474850
0.000000 1.000000 0.000000 1.000000 64.997926
0.435926 0.844128 0.683782 0.561865 53.220486
0.561294 0.380539 0.331153 0.787788 58.194446
0.686834 1.000000 0.962531 0.775523 77.895587
0.737283 1.000000 0.917204 0.235087 76.797143
1.000000 0.701550 1.000000 0.286573 79.989471
0.953268 1.000000 1.000000 0.461850 79.979364
0.517739 0.728675 0.522921 0.811865 54.324856
0.274480 0.999600 0.307593 0.914590 63.146265
0.305000 0.295082 0.277778 0.500000 89.999997
0.280337 0.000000 0.323428 0.315675 56.957264
0.324115 0.363437 0.440568 1.000000 53.312807
0.000000 1.000000 0.007568 0.546387 64.999316
0.936017 0.999956 0.962531 0.916693 79.999975
0.247697 0.999956 0.245581 0.916693 64.615784
0.150244 1.000000 0.000000 0.000000 52.157645
0.481587 0.074516 0.416667 1.000000 50.120651
1.000000 0.624903 1.000000 0.439201 79.797359
0.249124 0.821376 0.152311 0.672240 60.725540
0.513796 0.666346 0.000000 1.000000 56.009244
0.281478 0.948424 0.398004 0.445688 61.513707
0.748870 0.680986 1.000000 0.000000 79.694174
0.769650 1.000000 0.791291 1.000000 71.607148
0.789596 0.554771 0.815171 0.000000 74.453479
0.104389 0.838980 0.000000 1.000000 64.999033
1.000000 1.000000 1.000000 0.916612 79.992370
1.000000 0.574824 1.000000 0.382440 79.312230
0.000000 0.984944 0.000000 0.656681 64.999241
0.000000 0.726808 0.000000 1.000000 55.655393
1.000000 0.558638 1.000000 0.000000 79.985231
0.505890 1.000000 0.400412 0.682804 42.255684
0.239882 0.969868 0.082271 0.669746 64.999095
0.571130 0.227733 0.385141 1.000000 51.068905
0.079730 0.130092 0.000000 0.318749 46.505903
0.451922 0.779119 0.653220 0.747094 53.701003
0.708081 1.000000 0.796519 0.379080 62.954403
0.538777 0.150992 0.227833 0.752616 59.825851
0.306753 0.803732 0.000000 1.000000 64.982534
0.215743 0.324061 0.418751 1.000000 55.514247
1.000000 0.635754 0.720096 0.847003 76.539903
0.471104 0.000000 0.332380 0.492721 49.281340
1.000000 0.541070 0.719334 0.547849 76.403397
0.634941 0.868370 0.806917 0.156754 57.868502
0.851287 0.703664 0.222869 0.953667 25.964040
0.000000 0.090669 0.000000 0.593562 45.183470
1.000000 0.995490 1.000000 0.025957 79.953931
1.000000 1.000000 1.000000 0.545649 79.980509
0.988233 1.000000 0.664921 1.000000 69.701427
0.185072 0.000000 0.421379 0.864437 50.640366
0.000000 0.000000 0.169096 0.429048 47.064433
0.257961 0.874870 0.277775 0.808864 63.414643
0.294950 0.124973 0.269805 1.000000 57.218160
1.000000 1.000000 1.000000 0.655633 79.986055
0.407105 0.273652 0.000000 1.000000 47.194805
0.598686 0.790398 0.539610 0.922235 54.400371
0.266233 0.287381 0.002774 1.000000 51.560913
0.894796 0.677727 0.607940 0.803500 57.251893
0.444214 0.760355 0.957653 0.000000 54.423319
0.320068 0.000000 0.438374 0.759385 54.447332
0.433787 0.734386 0.573011 0.000000 53.816210
0.607881 1.000000 0.019982 0.385425 59.409050
0.000000 1.000000 0.466689 1.000000 64.803127
0.534496 0.953641 0.000000 0.897788 60.280491
0.808407 1.000000 0.943456 0.500232 79.396005
0.145869 0.271551 0.102640 1.000000 53.395053
0.698238 0.958309 0.777778 1.000000 64.535148
0.372611 0.491375 0.449713 1.000000 46.583847
0.715019 0.986039 0.722391 0.145344 47.875355
0.147260 0.295082 0.295350 0.593420 64.351047
0.000000 0.168057 0.258022 0.518770 58.953597
0.852970 0.973639 0.994141 0.414519 79.970762
0.664746 0.916061 1.000000 0.212203 78.828874
0.055857 1.000000 0.389415 0.691906 64.995933
1.000000 1.000000 1.000000 0.257781 79.965743
0.000000 0.073326 0.088505 1.000000 40.266933
1.000000 0.854060 0.612519 1.000000 67.868266
1.000000 0.932681 1.000000 0.810368 79.997379
0.817686 0.596123 1.000000 0.145400 79.866076
0.564369 0.825610 0.000000 0.557311 60.416967
0.552742 0.482024 0.469036 0.838818 41.084749
0.709734 0.891108 1.000000 0.617120 78.577120
0.344387 0.100254 0.016098 0.608412 54.911601
0.359261 0.000000 0.300998 0.397001 55.768589
0.033561 0.000000 0.175687 0.682787 48.457032
0.377804 0.313100 0.204542 0.798142 69.351564
0.247697 0.999600 0.245581 0.914590 64.903639
0.583591 0.414932 0.390318 0.847985 51.613876
0.135184 1.000000 0.251323 0.574479 64.999747
0.507183 0.664271 0.697843 0.161624 53.933287
0.613804 1.000000 0.878665 0.778531 67.695860
0.614436 0.645005 1.000000 0.000000 77.989998
0.266928 1.000000 0.361425 0.874642 62.523606
0.774689 1.000000 0.964676 0.644254 79.415446
0.609187 0.745595 0.561353 0.000000 53.622267
1.000000 1.000000 0.789176 0.646130 78.604315
0.219624 0.228499 0.000000 0.618918 56.405511
0.318791 0.107437 0.180229 0.872864 60.841170
0.325810 0.745257 0.000000 0.750000 58.700521
0.556934 0.705271 0.710135 0.000000 53.813035
0.651046 0.544355 0.960625 0.199408 75.539782
0.148325 0.134382 0.065209 0.768770 57.105821
0.000000 0.226900 0.223877 0.851290 52.421038
0.549726 0.843219 0.754342 1.000000 54.500122
1.000000 0.624327 0.627759 0.500000 69.682455
0.256377 0.177508 0.009241 0.916166 52.692418
0.082033 0.050640 0.000000 0.249186 46.121592
0.672439 0.746281 1.000000 0.416967 75.980125
0.508010 1.000000 0.205646 0.000000 60.061579
0.232885 0.325080 0.261475 0.775666 71.896836
0.414823 0.295004 0.453740 0.707315 53.457853
0.145757 1.000000 0.109778 0.240287 64.999372
0.664806 1.000000 1.000000 0.386928 78.624302
0.302514 0.781749 0.750526 0.233604 54.551811
0.371019 1.000000 0.361113 0.593211 58.718971
0.204461 0.999859 0.000000 0.055225 64.081007
0.524709 0.337075 0.092635 0.931014 53.902878
0.217965 0.405951 0.472382 1.000000 45.696130
0.031861 0.952001 0.355439 0.718968 64.992245
0.869911 0.837384 1.000000 0.375407 79.990427
0.497740 0.607410 0.721943 0.000000 53.798722
0.000000 1.000000 0.000000 0.229279 64.988654
0.702208 0.855397 1.000000 0.500027 79.218116
0.389755 0.858435 0.409051 0.627084 52.403626
0.612927 1.000000 0.998370 0.000000 76.933035
0.098150 0.000000 0.313874 0.627348 53.725369
0.614436 0.645005 1.000000 0.000000 77.989998
0.804848 0.782262 0.816288 0.001288 72.538396
0.437535 0.221769 0.374753 0.709312 68.238926
1.000000 0.898089 0.738954 0.959835 76.936692
0.886143 1.000000 0.821789 0.890555 77.631815
0.307670 0.742207 0.524478 0.020262 53.937439
0.000000 1.000000 0.474458 1.000000 64.663224
0.936192 1.000000 0.963995 0.916604 79.999966
0.777973 0.582970 0.710516 0.000000 61.272191
0.524857 0.000000 0.109899 0.662525 37.803079
0.707196 0.872521 0.949766 0.605882 77.910054
1.000000 0.577328 1.000000 0.000000 79.983194
0.232477 0.927030 0.000000 0.404617 64.999490
0.688594 1.000000 0.952373 0.740591 78.033690
0.227055 1.000000 0.000000 0.628602 64.998651
0.000000 0.034412 0.000000 0.483914 43.968979
0.479320 0.999955 0.000000 0.252313 64.968405
0.752012 0.569700 0.782366 0.576766 58.468546
0.375781 0.355810 0.218341 1.000000 60.151979
0.931865 1.000000 0.648312 0.870005 61.201650
0.420785 1.000000 0.000000 1.000000 64.541558
1.000000 0.566310 0.636769 0.773606 71.262502
0.970978 0.686047 0.741483 0.363678 76.001224
0.487530 0.897909 0.181214 0.707053 57.759813
0.305000 0.295082 0.277778 0.500000 89.999994
1.000000 0.981319 1.000000 0.567240 79.982705
0.490041 1.000000 0.272979 0.050789 58.734019
0.730722 0.891359 0.911582 0.190360 77.127604
0.000000 1.000000 0.000000 1.000000 64.997926
0.599985 1.000000 0.000000 0.964360 57.543000
0.161374 0.895919 0.448335 0.723415 62.928154
0.305000 0.989387 0.337177 0.520726 62.443905
1.000000 1.000000 1.000000 0.449294 79.975179
1.000000 1.000000 1.000000 0.391785 79.972077
0.305000 1.000000 0.277778 0.916600 62.938148
0.671134 0.970974 1.000000 0.127361 78.521829
0.000000 0.000000 0.258022 0.167024 46.625222
0.000000 0.000000 0.135410 0.438729 48.906445
1.000000 0.793483 0.905430 0.759755 79.995919
0.432074 0.776437 0.154427 1.000000 57.867670
1.000000 0.746081 0.984121 0.278033 79.983971
0.449263 0.847869 1.000000 0.486966 53.298443
1.000000 1.000000 1.000000 0.000000 79.954375
0.506645 0.846223 0.849655 0.930464 51.182771
0.407870 0.188501 0.218631 1.000000 57.447001
0.372837 1.000000 0.000000 0.583211 64.992684
0.997439 0.880539 0.742048 0.741125 77.253486
0.365760 0.785127 0.843846 0.300950 54.639327
1.000000 0.890030 0.607578 0.026138 55.233844
1.000000 0.546361 0.753354 0.000000 77.432964
1.000000 0.561407 0.578092 0.875633 65.361787
1.000000 0.687216 0.853238 0.702431 79.854584
0.595797 0.151453 0.217192 1.000000 48.925150
0.900242 0.834483 0.752211 0.675184 73.641697
0.921874 1.000000 1.000000 0.386928 79.977085
0.374970 0.000000 0.000000 0.599303 47.358080
0.305000 0.295082 0.277775 0.500000 89.999706
0.579548 0.439661 0.233457 0.873369 54.571388
0.449263 0.838925 0.959619 0.665952 51.161588
0.320343 0.986541 0.100942 0.609996 64.989483
0.247697 0.295082 0.245581 0.500000 78.278814
0.702301 1.000000 1.000000 0.684768 79.186719
0.936192 1.000000 0.963995 0.916600 79.999967
0.360755 1.000000 0.480866 1.000000 50.611711
0.186621 0.811444 0.371100 1.000000 62.031881
0.000000 1.000000 0.290910 0.791805 64.996049
0.072878 1.000000 0.011784 0.848951 64.998557
1.000000 0.821704 1.000000 0.288994 79.980259
0.839087 0.878189 0.923594 0.000000 79.108723
0.146443 0.073450 0.313409 0.627348 62.534349
0.403974 0.921923 0.250094 0.258781 52.574220
1.000000 1.000000 0.634735 0.565339 66.258622
0.606091 0.832229 0.532883 0.319620 53.817884
0.315702 1.000000 0.000000 0.056595 64.998051
0.000000 1.000000 0.153632 1.000000 64.996042
0.000000 1.000000 0.227519 1.000000 64.990666
0.227932 0.087410 0.106220 0.375775 61.963674
0.723051 0.545630 1.000000 0.135362 79.182045
1.000000 1.000000 1.000000 0.000000 79.954375
1.000000 0.615304 0.728535 0.230844 75.923677
0.414419 1.000000 0.249116 0.339020 61.540336
0.887973 0.647582 0.631714 0.482477 61.165114
# OSA solutions
0.305000 0.295082 0.277778 0.500000 89.999998
0.916474 1.000000 1.000000 0.832188 79.999444
0.883581 0.997830 1.000000 0.786520 79.998777
0.893477 0.929885 1.000000 0.500000 79.989081
0.333625 0.284055 0.281172 0.504519 86.863433
0.198627 0.245450 0.183218 0.619571 73.606671
0.299159 0.202235 0.313122 0.604940 78.836375
0.304179 0.336989 0.274692 0.728715 76.505103
0.310876 0.115007 0.172111 0.592835 68.770631
0.658598 1.000000 0.834267 0.593211 67.614865
0.836164 1.000000 0.812007 0.401758 74.860368
1.000000 0.579295 0.720309 0.432216 76.560041
0.885464 1.000000 0.738954 0.632019 71.053843
0.129345 0.894692 0.202947 0.660101 64.999928
0.851716 0.761652 0.719850 0.185431 67.134768
0.084577 1.000000 0.317084 0.445264 64.999963
1.000000 0.901361 1.000000 0.345112 79.976957
0.652501 0.690989 0.825708 0.482315 67.850498
0.381724 0.208179 0.362655 0.572133 74.333354
1.000000 0.841736 1.000000 0.160493 79.973049
0.302618 0.295261 0.128736 0.667161 71.559025
0.381515 0.197033 0.320511 0.645227 74.323460
0.877725 0.822712 0.744234 1.000000 73.675440
0.843903 0.545019 0.910739 0.012199 79.357438
0.407731 0.310004 0.184118 0.616043 72.684844
1.000000 0.975785 1.000000 0.192352 79.963199
0.803223 1.000000 1.000000 0.652707 79.923033
0.274480 0.243448 0.229245 0.568758 81.401485
0.933363 0.969389 1.000000 0.410909 79.979263
0.825094 0.792078 1.000000 0.199054 79.959879
0.697284 0.735403 0.895185 0.357486 74.793907
0.852620 0.757722 1.000000 0.349754 79.991603
0.940810 0.928266 1.000000 0.302477 79.977188
1.000000 0.929365 0.903459 0.861651 79.991740
1.000000 0.689236 0.744895 0.069989 76.249280
0.914529 1.000000 0.827355 0.598471 77.894633
1.000000 0.933711 0.893925 0.980471 79.982989
0.402005 0.150414 0.223591 0.775142 66.863595
1.000000 1.000000 0.860398 0.556896 79.759349
0.937620 0.714360 1.000000 0.016202 79.978523
0.729210 0.694113 1.000000 0.245037 79.560758
0.801340 1.000000 0.797477 0.005864 69.632038
0.970978 0.686047 0.741483 0.363678 76.001224
0.669943 0.944928 1.000000 0.381155 78.824079
1.000000 0.982411 0.788361 0.000000 76.723812
1.000000 0.701973 0.799266 0.836897 79.165469
1.000000 0.817325 0.851974 0.077989 79.572284
0.964493 0.776582 0.769482 0.698829 77.390297
1.000000 0.824968 0.650997 1.000000 70.937595
0.835659 0.844493 0.815906 0.833046 75.868656
0.936698 0.943349 1.000000 0.765933 79.999009
1.000000 0.586965 0.891889 0.429502 79.985381
1.000000 0.763854 0.871895 0.447551 79.912798
0.944037 0.925485 1.000000 0.708016 79.997246
0.883581 0.987941 1.000000 0.328094 79.977928
0.990343 0.748308 1.000000 0.576071 79.998814
1.000000 0.702343 0.911503 0.425660 79.990926
1.000000 0.602139 1.000000 0.278192 79.995575
0.938125 0.683831 0.828776 0.470741 78.805409
1.000000 0.674330 0.792399 0.431674 79.060521
0.753046 0.633137 0.937659 0.378006 78.667157
1.000000 1.000000 0.702437 1.000000 75.180704
1.000000 1.000000 0.741885 0.374667 75.575877
0.696079 0.554372 0.814851 0.086275 69.067362
0.803427 0.765722 0.862854 0.052968 76.144304
1.000000 0.823663 1.000000 0.542611 79.993150
0.942777 0.714808 0.834977 0.240011 79.031444
0.791447 0.616052 0.887031 0.056104 78.105681
0.191061 0.808029 0.000000 0.791572 64.999977
0.633018 0.589905 0.888781 0.000000 72.120406
0.826435 1.000000 1.000000 0.000000 79.864083
1.000000 0.907328 1.000000 0.500000 79.984849
0.958562 0.615007 1.000000 0.049903 79.985385
0.289388 0.257799 0.322979 0.378980 76.275544
0.958167 0.754029 1.000000 0.457559 79.995967
0.919655 0.540410 1.000000 0.000000 79.990111
0.160835 0.210372 0.225568 0.684999 70.002855
0.990777 0.697619 0.789949 0.535577 78.872119
1.000000 1.000000 0.787059 0.267785 77.904520
1.000000 0.999592 0.736517 0.440291 75.969077
1.000000 0.754516 1.000000 0.500000 79.995665
0.837845 0.785127 1.000000 0.039305 79.967071
0.926586 0.613511 1.000000 0.252767 79.994414
0.876151 1.000000 1.000000 0.716489 79.996021
1.000000 0.689040 1.000000 0.504338 79.998684
1.000000 0.846978 1.000000 0.645780 79.996418
1.000000 0.638974 0.935969 0.518467 79.981687
1.000000 0.709090 0.695146 0.697818 74.521214
0.937620 0.781179 0.957696 0.337842 79.987278
0.990777 0.782983 0.827687 0.857630 79.578286
0.612927 1.000000 0.998370 0.000000 76.933035
0.237228 0.220512 0.257041 0.750001 72.605499
0.836220 0.873140 1.000000 0.249186 79.969379
1.000000 0.801221 0.806917 0.603759 79.072245
0.803927 0.904792 0.788361 1.000000 72.473155
1.000000 1.000000 0.634735 0.565339 66.258622
1.000000 0.615304 0.728535 0.230844 75.923677
0.881606 0.709246 1.000000 0.000000 79.979922
1.000000 1.000000 0.844127 0.172733 79.184434
1.000000 0.946566 0.864899 0.436796 79.741524
1.000000 0.545019 1.000000 0.278039 79.997396
1.000000 1.000000 0.715323 0.818495 75.571290
0.439506 0.268911 0.212855 0.658495 72.121535
0.818159 0.920751 1.000000 0.581468 79.952816
0.825094 1.000000 0.908406 0.569913 78.990530
0.912076 0.731507 0.886453 0.661987 79.594991
1.000000 0.704236 1.000000 0.464663 79.997341
0.316237 0.122311 0.278188 0.440452 73.043413
0.936017 0.999956 0.962531 0.916693 79.999975
0.670622 0.760298 0.820871 0.115066 67.219261
1.000000 1.000000 0.937942 1.000000 79.998706
0.884393 0.619264 0.901294 0.019660 79.591849
0.833253 0.558638 0.791375 0.250111 74.769507
0.437535 0.221769 0.374753 0.709312 68.238926
0.698238 0.645144 1.000000 0.051879 79.392237
0.903100 0.783212 0.817373 0.469787 78.022539
1.000000 1.000000 1.000000 0.767956 79.991054
0.874424 1.000000 1.000000 0.663337 79.993056
0.258676 0.092150 0.335409 0.414547 67.417548
0.858642 0.667423 1.000000 0.124104 79.990035
1.000000 0.539785 1.000000 0.244875 79.997401
1.000000 0.626238 0.871895 0.081587 79.894421
0.260821 0.124868 0.105661 0.447574 65.470012
0.764624 0.978506 1.000000 0.423355 79.759887
0.901887 1.000000 0.928229 0.694655 79.860430
1.000000 1.000000 0.886157 0.851105 79.944029
1.000000 0.610410 1.000000 0.000000 79.981049
0.752154 0.850469 1.000000 0.325478 79.748454
1.000000 0.820922 0.923418 0.363007 79.979141
0.867289 1.000000 0.998928 0.571621 79.988316
1.000000 0.765103 0.845191 0.510370 79.694486
0.611382 0.906720 0.914618 0.511360 71.573396
0.865498 0.987802 0.734286 0.106779 65.704770
0.298538 0.339523 0.189304 0.731322 69.412457
0.818846 0.797366 0.839060 0.730061 76.335092
0.072878 1.000000 0.011784 0.848951 64.998557
0.099057 0.213715 0.246106 0.505344 69.333381
1.000000 0.647541 0.757525 0.607027 78.330488
1.000000 0.725075 0.673512 1.000000 73.580400
0.000000 1.000000 0.216642 0.430770 64.999894
1.000000 0.932681 1.000000 0.810368 79.997379
1.000000 1.000000 1.000000 0.688167 79.987469
0.991246 0.841501 0.944948 0.775142 79.999770
1.000000 0.873210 0.888465 0.392049 79.932412
0.921033 0.911006 0.810066 0.877804 77.685533
0.794694 0.949490 1.000000 0.072370 79.821767
0.821886 0.599397 0.966374 0.059545 79.856336
0.964920 1.000000 1.000000 0.142441 79.962989
0.883581 0.592810 1.000000 0.092724 79.991268
0.833597 0.804860 0.900436 0.400833 78.926269
0.761163 1.000000 1.000000 0.356905 79.686306
1.000000 0.557294 0.891827 0.360453 79.989157
0.883581 0.969010 1.000000 0.263198 79.976137
1.000000 0.765109 1.000000 0.586091 79.998562
0.971313 0.539785 1.000000 0.076344 79.991079
0.772768 0.746531 0.860162 0.668815 76.645694
0.268956 0.294508 0.249148 0.499779 83.976255
0.401281 0.384635 0.278576 0.734215 72.094853
0.852702 0.559537 0.896118 0.170789 79.267917
0.899863 0.771670 0.803174 0.608015 77.123422
0.066906 0.887165 0.087327 0.736982 64.999912
0.904460 0.607410 0.848343 0.284026 79.035014
0.943180 0.544394 0.966457 0.142898 79.993017
0.806439 1.000000 1.000000 0.785585 79.896860
0.759252 1.000000 1.000000 0.478392 79.740352
1.000000 0.876581 0.898827 0.574083 79.977439
1.000000 0.800763 0.740118 0.304483 76.744299
1.000000 0.673670 0.846204 0.578544 79.773002
0.860712 0.730937 1.000000 0.067740 79.981950
0.869538 1.000000 0.898128 0.036814 78.398535
0.369934 0.137597 0.222641 0.662844 70.492985
0.322312 0.367707 0.305538 0.798268 70.843493
1.000000 0.555407 0.821764 0.524813 79.639480
0.725498 0.877449 1.000000 0.222172 79.494482
0.799743 0.582837 1.000000 0.000000 79.926332
1.000000 0.702421 0.823481 0.749554 79.552878
0.882005 0.718086 1.000000 0.224356 79.990486
0.948830 0.780567 0.969954 0.540005 79.996958
1.000000 0.668069 1.000000 0.325545 79.993416
0.844005 0.618500 1.000000 0.000000 79.986555
1.000000 0.558805 0.920659 0.000000 79.980806
0.234874 0.258564 0.309035 0.321158 73.413464
1.000000 0.701550 1.000000 0.286573 79.989471
0.839771 0.720500 0.729656 0.820373 68.516937
0.710894 0.642201 0.937659 0.301691 77.803450
0.948830 0.812744 0.969954 0.613540 79.998251
0.661179 0.795416 0.996240 0.242389 78.810471
0.859487 0.880009 1.000000 0.307461 79.984379
1.000000 0.635754 0.720096 0.847003 76.539903
0.959104 0.670383 1.000000 0.379653 79.997439
0.771551 0.685750 1.000000 0.118568 79.853860
0.414069 0.210482 0.299661 0.835516 66.557680
1.000000 0.935828 0.784097 0.564282 78.419481
1.000000 0.878389 0.928229 0.814547 79.998646
0.852970 0.973639 0.994141 0.414519 79.970762
1.000000 0.821704 0.965157 0.055810 79.967571
0.066784 1.000000 0.267774 0.439319 64.999951
1.000000 0.831086 0.856946 0.167024 79.631785
0.773316 1.000000 0.996443 0.545083 79.772820
1.000000 0.883992 0.867993 0.907512 79.905294
1.000000 0.765109 0.938354 0.666548 79.999466
0.889166 0.646925 1.000000 0.000000 79.983888
1.000000 0.569700 1.000000 0.302433 79.997904
0.978027 1.000000 0.964676 0.916603 79.998058
0.079500 1.000000 0.285794 0.533456 64.999906
1.000000 0.647541 0.959089 0.000000 79.977243
0.394233 0.374706 0.317976 0.638275 74.944985
0.908026 0.588905 1.000000 0.038124 79.989043
1.000000 1.000000 0.789176 0.646130 78.604315
1.000000 0.538551 1.000000 0.043201 79.988038
0.339630 0.262820 0.291734 0.764800 74.547704
0.904164 0.791658 1.000000 0.108825 79.978984
0.849183 0.543003 0.712197 0.143809 66.921003
0.711848 0.916619 1.000000 0.505765 79.311502
0.951456 0.970047 1.000000 0.513727 79.984256
0.847500 0.887310 1.000000 0.015398 79.950456
1.000000 0.697517 1.000000 0.194217 79.984753
0.878514 0.645769 0.707559 0.469492 70.596927
0.784630 1.000000 0.835811 0.680966 75.072149
0.931695 0.544779 0.739845 0.684596 75.695926
0.948830 0.969010 0.969954 0.865071 79.999630
0.767656 0.869243 0.866674 0.000000 74.232811
0.870878 1.000000 0.887339 0.354821 78.635329
0.991246 0.620356 0.944948 0.384707 79.996589
0.908416 1.000000 1.000000 0.156084 79.966691
1.000000 0.852994 0.880269 0.000000 79.810516
1.000000 0.932506 0.803969 0.711107 79.013630
1.000000 0.656592 1.000000 0.442987 79.998525
0.985553 0.972372 0.837931 0.967697 79.594522
0.709734 0.891108 1.000000 0.617120 78.577120
0.895494 0.919352 1.000000 0.649290 79.996919
0.880204 1.000000 0.702971 0.915252 68.896708
0.747415 0.991682 0.888434 0.484993 75.879715
1.000000 0.949019 1.000000 0.306048 79.972564
0.768414 0.667473 0.839019 0.147672 74.955415
0.846993 0.699442 1.000000 0.196718 79.989289
0.907976 1.000000 0.867295 1.000000 79.307009
0.949492 0.872331 0.988995 0.717505 79.999464
0.852702 0.669260 1.000000 0.000000 79.983472
1.000000 0.665487 0.889204 0.000000 79.929290
0.887249 1.000000 0.928229 0.911871 79.820149
1.000000 0.541464 1.000000 0.009090 79.987043
0.838883 1.000000 1.000000 0.214393 79.946383
0.240420 0.282518 0.276416 0.749083 74.340760
0.265299 0.220313 0.357807 0.670077 74.663065
0.748870 0.680986 1.000000 0.000000 79.694174
0.857111 0.777856 1.000000 0.000000 79.972702
0.921874 1.000000 1.000000 0.386928 79.977085
1.000000 0.567536 0.813700 0.000000 79.141676
0.688759 0.780748 0.986188 0.000000 78.887837
1.000000 0.558638 1.000000 0.000000 79.985231
1.000000 0.751692 1.000000 0.000000 79.971726
0.803427 0.887262 0.819689 0.712407 74.657756
1.000000 0.870812 0.856753 0.775142 79.829521
0.846990 0.717276 0.979284 0.273899 79.964405
1.000000 0.862568 0.765621 0.567511 77.539967
0.737283 1.000000 0.917204 0.235087 76.797143
1.000000 0.885609 0.626637 0.764906 66.709869
0.877112 0.898934 0.839060 0.328896 77.730395
1.000000 1.000000 0.907323 1.000000 79.994723
0.960106 0.763865 1.000000 0.270265 79.985559
0.000000 0.984467 0.194859 0.508097 64.999893
0.301478 0.306188 0.304456 0.639828 81.859682
0.999859 1.000000 0.722388 0.208302 72.354867
0.300411 0.093119 0.253122 0.540318 69.570484
1.000000 0.838466 1.000000 0.702493 79.998304
0.991246 0.729170 0.944948 0.589495 79.998974
1.000000 1.000000 1.000000 0.257781 79.965743
1.000000 1.000000 1.000000 0.500689 79.978694
0.677037 1.000000 0.826350 0.809641 69.056087
0.853929 0.581102 1.000000 0.000000 79.988680
0.883959 0.833274 1.000000 0.390453 79.991138
0.864004 0.647550 0.861111 0.517973 78.479386
0.994950 0.689953 1.000000 0.134885 79.983450
0.717452 0.941931 1.000000 0.023070 79.225631
0.902610 0.822348 1.000000 0.500210 79.995701
0.245177 0.807681 0.000000 0.790356 64.999903
0.833187 0.961762 0.859414 0.775142 77.468760
0.674138 0.618887 0.952563 0.229434 77.362224
1.000000 0.687216 0.853238 0.702431 79.854584
0.746253 0.799472 0.994994 0.417761 79.581021
0.742061 0.864215 1.000000 0.000000 79.464490
0.662803 0.951138 0.844295 0.338893 68.065953
0.714239 1.000000 1.000000 0.739417 79.311558
1.000000 0.981319 1.000000 0.567240 79.982705
0.895602 0.830686 0.936339 0.746265 79.158868
1.000000 0.705271 1.000000 0.394135 79.994266
1.000000 0.566310 0.636769 0.773606 71.262502
0.872837 0.895298 1.000000 0.425004 79.988573
0.804736 1.000000 0.927740 0.933744 77.220737
0.027119 1.000000 0.307593 0.475316 64.999954
0.908361 1.000000 1.000000 0.000000 79.959843
0.652870 1.000000 1.000000 0.638392 78.695340
1.000000 0.620950 1.000000 0.394959 79.998475
0.783959 0.705924 1.000000 0.041688 79.884824
1.000000 0.836671 0.802393 1.000000 79.110626
1.000000 0.541070 0.719334 0.547849 76.403397
0.995973 0.760445 1.000000 0.293850 79.985313
1.000000 0.812452 1.000000 0.608301 79.996783
0.723051 0.545630 1.000000 0.135362 79.182045
