# Party-1 optima (Phase 1b)
# x0..x(D-1) party_fit f0 f1 consensus
0.169227 0.589089 57.387088 66.048225 57.387088 57.387088
0.977535 0.635895 53.735468 71.922161 53.735468 53.735468
0.196356 0.546643 53.539007 72.929790 53.539007 53.539007
0.038951 0.841863 44.975684 34.033330 44.975684 34.033330
0.786325 0.952606 43.156700 2.093285 43.156700 2.093285
0.693953 0.938795 41.917119 2.093285 41.917119 2.093285
0.163700 0.001046 40.820246 1.742233 40.820246 1.742233
0.100850 0.046398 36.029770 22.431492 36.029770 22.431492
