0 1 
0.00010001 0.9999 
0.00020002 0.9998 
0.00030003 0.9997 
0.00040004 0.9996 
0.00050005 0.9995 
0.00060006 0.9994 
0.00070007 0.9993 
0.00080008 0.9992 
0.00090009 0.9991 
0.0010001 0.999 
0.00110011 0.9989 
0.00120012 0.9988 
0.00130013 0.9987 
0.00140014 0.9986 
0.00150015 0.9985 
0.00160016 0.9984 
0.00170017 0.9983 
0.00180018 0.9982 
0.00190019 0.9981 
0.0020002 0.998 
0.00210021 0.9979 
0.00220022 0.9978 
0.00230023 0.9977 
0.00240024 0.9976 
0.00250025 0.9975 
0.00260026 0.9974 
0.00270027 0.9973 
0.00280028 0.9972 
0.00290029 0.9971 
0.0030003 0.997 
0.00310031 0.9969 
0.00320032 0.9968 
0.00330033 0.9967 
0.00340034 0.9966 
0.00350035 0.9965 
0.00360036 0.9964 
0.00370037 0.9963 
0.00380038 0.9962 
0.00390039 0.9961 
0.0040004 0.996 
0.00410041 0.9959 
0.00420042 0.9958 
0.00430043 0.9957 
0.00440044 0.9956 
0.00450045 0.9955 
0.00460046 0.9954 
0.00470047 0.9953 
0.00480048 0.9952 
0.00490049 0.9951 
0.0050005 0.994999 
0.00510051 0.994899 
0.00520052 0.994799 
0.00530053 0.994699 
0.00540054 0.994599 
0.00550055 0.994499 
0.00560056 0.994399 
0.00570057 0.994299 
0.00580058 0.994199 
0.00590059 0.994099 
0.0060006 0.993999 
0.00610061 0.993899 
0.00620062 0.993799 
0.00630063 0.993699 
0.00640064 0.993599 
0.00650065 0.993499 
0.00660066 0.993399 
0.00670067 0.993299 
0.00680068 0.993199 
0.00690069 0.993099 
0.0070007 0.992999 
0.00710071 0.992899 
0.00720072 0.992799 
0.00730073 0.992699 
0.00740074 0.992599 
0.00750075 0.992499 
0.00760076 0.992399 
0.00770077 0.992299 
0.00780078 0.992199 
0.00790079 0.992099 
0.0080008 0.991999 
0.00810081 0.991899 
0.00820082 0.991799 
0.00830083 0.991699 
0.00840084 0.991599 
0.00850085 0.991499 
0.00860086 0.991399 
0.00870087 0.991299 
0.00880088 0.991199 
0.00890089 0.991099 
0.0090009 0.990999 
0.00910091 0.990899 
0.00920092 0.990799 
0.00930093 0.990699 
0.00940094 0.990599 
0.00950095 0.990499 
0.00960096 0.990399 
0.00970097 0.990299 
0.00980098 0.990199 
0.00990099 0.990099 
0.010001 0.989999 
0.010101 0.989899 
0.010201 0.989799 
0.010301 0.989699 
0.010401 0.989599 
0.0105011 0.989499 
0.0106011 0.989399 
0.0107011 0.989299 
0.0108011 0.989199 
0.0109011 0.989099 
0.0110011 0.988999 
0.0111011 0.988899 
0.0112011 0.988799 
0.0113011 0.988699 
0.0114011 0.988599 
0.0115012 0.988499 
0.0116012 0.988399 
0.0117012 0.988299 
0.0118012 0.988199 
0.0119012 0.988099 
0.0120012 0.987999 
0.0121012 0.987899 
0.0122012 0.987799 
0.0123012 0.987699 
0.0124012 0.987599 
0.0125013 0.987499 
0.0126013 0.987399 
0.0127013 0.987299 
0.0128013 0.987199 
0.0129013 0.987099 
0.0130013 0.986999 
0.0131013 0.986899 
0.0132013 0.986799 
0.0133013 0.986699 
0.0134013 0.986599 
0.0135014 0.986499 
0.0136014 0.986399 
0.0137014 0.986299 
0.0138014 0.986199 
0.0139014 0.986099 
0.0140014 0.985999 
0.0141014 0.985899 
0.0142014 0.985799 
0.0143014 0.985699 
0.0144014 0.985599 
0.0145015 0.985499 
0.0146015 0.985399 
0.0147015 0.985299 
0.0148015 0.985199 
0.0149015 0.985099 
0.0150015 0.984998 
0.0151015 0.984898 
0.0152015 0.984798 
0.0153015 0.984698 
0.0154015 0.984598 
0.0155016 0.984498 
0.0156016 0.984398 
0.0157016 0.984298 
0.0158016 0.984198 
0.0159016 0.984098 
0.0160016 0.983998 
0.0161016 0.983898 
0.0162016 0.983798 
0.0163016 0.983698 
0.0164016 0.983598 
0.0165017 0.983498 
0.0166017 0.983398 
0.0167017 0.983298 
0.0168017 0.983198 
0.0169017 0.983098 
0.0170017 0.982998 
0.0171017 0.982898 
0.0172017 0.982798 
0.0173017 0.982698 
0.0174017 0.982598 
0.0175018 0.982498 
0.0176018 0.982398 
0.0177018 0.982298 
0.0178018 0.982198 
0.0179018 0.982098 
0.0180018 0.981998 
0.0181018 0.981898 
0.0182018 0.981798 
0.0183018 0.981698 
0.0184018 0.981598 
0.0185019 0.981498 
0.0186019 0.981398 
0.0187019 0.981298 
0.0188019 0.981198 
0.0189019 0.981098 
0.0190019 0.980998 
0.0191019 0.980898 
0.0192019 0.980798 
0.0193019 0.980698 
0.0194019 0.980598 
0.019502 0.980498 
0.019602 0.980398 
0.019702 0.980298 
0.019802 0.980198 
0.019902 0.980098 
0.020002 0.979998 
0.020102 0.979898 
0.020202 0.979798 
0.020302 0.979698 
0.020402 0.979598 
0.0205021 0.979498 
0.0206021 0.979398 
0.0207021 0.979298 
0.0208021 0.979198 
0.0209021 0.979098 
0.0210021 0.978998 
0.0211021 0.978898 
0.0212021 0.978798 
0.0213021 0.978698 
0.0214021 0.978598 
0.0215022 0.978498 
0.0216022 0.978398 
0.0217022 0.978298 
0.0218022 0.978198 
0.0219022 0.978098 
0.0220022 0.977998 
0.0221022 0.977898 
0.0222022 0.977798 
0.0223022 0.977698 
0.0224022 0.977598 
0.0225023 0.977498 
0.0226023 0.977398 
0.0227023 0.977298 
0.0228023 0.977198 
0.0229023 0.977098 
0.0230023 0.976998 
0.0231023 0.976898 
0.0232023 0.976798 
0.0233023 0.976698 
0.0234023 0.976598 
0.0235024 0.976498 
0.0236024 0.976398 
0.0237024 0.976298 
0.0238024 0.976198 
0.0239024 0.976098 
0.0240024 0.975998 
0.0241024 0.975898 
0.0242024 0.975798 
0.0243024 0.975698 
0.0244024 0.975598 
0.0245025 0.975498 
0.0246025 0.975398 
0.0247025 0.975298 
0.0248025 0.975198 
0.0249025 0.975098 
0.0250025 0.974997 
0.0251025 0.974897 
0.0252025 0.974797 
0.0253025 0.974697 
0.0254025 0.974597 
0.0255026 0.974497 
0.0256026 0.974397 
0.0257026 0.974297 
0.0258026 0.974197 
0.0259026 0.974097 
0.0260026 0.973997 
0.0261026 0.973897 
0.0262026 0.973797 
0.0263026 0.973697 
0.0264026 0.973597 
0.0265027 0.973497 
0.0266027 0.973397 
0.0267027 0.973297 
0.0268027 0.973197 
0.0269027 0.973097 
0.0270027 0.972997 
0.0271027 0.972897 
0.0272027 0.972797 
0.0273027 0.972697 
0.0274027 0.972597 
0.0275028 0.972497 
0.0276028 0.972397 
0.0277028 0.972297 
0.0278028 0.972197 
0.0279028 0.972097 
0.0280028 0.971997 
0.0281028 0.971897 
0.0282028 0.971797 
0.0283028 0.971697 
0.0284028 0.971597 
0.0285029 0.971497 
0.0286029 0.971397 
0.0287029 0.971297 
0.0288029 0.971197 
0.0289029 0.971097 
0.0290029 0.970997 
0.0291029 0.970897 
0.0292029 0.970797 
0.0293029 0.970697 
0.0294029 0.970597 
0.029503 0.970497 
0.029603 0.970397 
0.029703 0.970297 
0.029803 0.970197 
0.029903 0.970097 
0.030003 0.969997 
0.030103 0.969897 
0.030203 0.969797 
0.030303 0.969697 
0.030403 0.969597 
0.0305031 0.969497 
0.0306031 0.969397 
0.0307031 0.969297 
0.0308031 0.969197 
0.0309031 0.969097 
0.0310031 0.968997 
0.0311031 0.968897 
0.0312031 0.968797 
0.0313031 0.968697 
0.0314031 0.968597 
0.0315032 0.968497 
0.0316032 0.968397 
0.0317032 0.968297 
0.0318032 0.968197 
0.0319032 0.968097 
0.0320032 0.967997 
0.0321032 0.967897 
0.0322032 0.967797 
0.0323032 0.967697 
0.0324032 0.967597 
0.0325033 0.967497 
0.0326033 0.967397 
0.0327033 0.967297 
0.0328033 0.967197 
0.0329033 0.967097 
0.0330033 0.966997 
0.0331033 0.966897 
0.0332033 0.966797 
0.0333033 0.966697 
0.0334033 0.966597 
0.0335034 0.966497 
0.0336034 0.966397 
0.0337034 0.966297 
0.0338034 0.966197 
0.0339034 0.966097 
0.0340034 0.965997 
0.0341034 0.965897 
0.0342034 0.965797 
0.0343034 0.965697 
0.0344034 0.965597 
0.0345035 0.965497 
0.0346035 0.965397 
0.0347035 0.965297 
0.0348035 0.965197 
0.0349035 0.965097 
0.0350035 0.964996 
0.0351035 0.964896 
0.0352035 0.964796 
0.0353035 0.964696 
0.0354035 0.964596 
0.0355036 0.964496 
0.0356036 0.964396 
0.0357036 0.964296 
0.0358036 0.964196 
0.0359036 0.964096 
0.0360036 0.963996 
0.0361036 0.963896 
0.0362036 0.963796 
0.0363036 0.963696 
0.0364036 0.963596 
0.0365037 0.963496 
0.0366037 0.963396 
0.0367037 0.963296 
0.0368037 0.963196 
0.0369037 0.963096 
0.0370037 0.962996 
0.0371037 0.962896 
0.0372037 0.962796 
0.0373037 0.962696 
0.0374037 0.962596 
0.0375038 0.962496 
0.0376038 0.962396 
0.0377038 0.962296 
0.0378038 0.962196 
0.0379038 0.962096 
0.0380038 0.961996 
0.0381038 0.961896 
0.0382038 0.961796 
0.0383038 0.961696 
0.0384038 0.961596 
0.0385039 0.961496 
0.0386039 0.961396 
0.0387039 0.961296 
0.0388039 0.961196 
0.0389039 0.961096 
0.0390039 0.960996 
0.0391039 0.960896 
0.0392039 0.960796 
0.0393039 0.960696 
0.0394039 0.960596 
0.039504 0.960496 
0.039604 0.960396 
0.039704 0.960296 
0.039804 0.960196 
0.039904 0.960096 
0.040004 0.959996 
0.040104 0.959896 
0.040204 0.959796 
0.040304 0.959696 
0.040404 0.959596 
0.0405041 0.959496 
0.0406041 0.959396 
0.0407041 0.959296 
0.0408041 0.959196 
0.0409041 0.959096 
0.0410041 0.958996 
0.0411041 0.958896 
0.0412041 0.958796 
0.0413041 0.958696 
0.0414041 0.958596 
0.0415042 0.958496 
0.0416042 0.958396 
0.0417042 0.958296 
0.0418042 0.958196 
0.0419042 0.958096 
0.0420042 0.957996 
0.0421042 0.957896 
0.0422042 0.957796 
0.0423042 0.957696 
0.0424042 0.957596 
0.0425043 0.957496 
0.0426043 0.957396 
0.0427043 0.957296 
0.0428043 0.957196 
0.0429043 0.957096 
0.0430043 0.956996 
0.0431043 0.956896 
0.0432043 0.956796 
0.0433043 0.956696 
0.0434043 0.956596 
0.0435044 0.956496 
0.0436044 0.956396 
0.0437044 0.956296 
0.0438044 0.956196 
0.0439044 0.956096 
0.0440044 0.955996 
0.0441044 0.955896 
0.0442044 0.955796 
0.0443044 0.955696 
0.0444044 0.955596 
0.0445045 0.955496 
0.0446045 0.955396 
0.0447045 0.955296 
0.0448045 0.955196 
0.0449045 0.955096 
0.0450045 0.954995 
0.0451045 0.954895 
0.0452045 0.954795 
0.0453045 0.954695 
0.0454045 0.954595 
0.0455046 0.954495 
0.0456046 0.954395 
0.0457046 0.954295 
0.0458046 0.954195 
0.0459046 0.954095 
0.0460046 0.953995 
0.0461046 0.953895 
0.0462046 0.953795 
0.0463046 0.953695 
0.0464046 0.953595 
0.0465047 0.953495 
0.0466047 0.953395 
0.0467047 0.953295 
0.0468047 0.953195 
0.0469047 0.953095 
0.0470047 0.952995 
0.0471047 0.952895 
0.0472047 0.952795 
0.0473047 0.952695 
0.0474047 0.952595 
0.0475048 0.952495 
0.0476048 0.952395 
0.0477048 0.952295 
0.0478048 0.952195 
0.0479048 0.952095 
0.0480048 0.951995 
0.0481048 0.951895 
0.0482048 0.951795 
0.0483048 0.951695 
0.0484048 0.951595 
0.0485049 0.951495 
0.0486049 0.951395 
0.0487049 0.951295 
0.0488049 0.951195 
0.0489049 0.951095 
0.0490049 0.950995 
0.0491049 0.950895 
0.0492049 0.950795 
0.0493049 0.950695 
0.0494049 0.950595 
0.049505 0.950495 
0.049605 0.950395 
0.049705 0.950295 
0.049805 0.950195 
0.049905 0.950095 
0.050005 0.949995 
0.050105 0.949895 
0.050205 0.949795 
0.050305 0.949695 
0.050405 0.949595 
0.0505051 0.949495 
0.0506051 0.949395 
0.0507051 0.949295 
0.0508051 0.949195 
0.0509051 0.949095 
0.0510051 0.948995 
0.0511051 0.948895 
0.0512051 0.948795 
0.0513051 0.948695 
0.0514051 0.948595 
0.0515052 0.948495 
0.0516052 0.948395 
0.0517052 0.948295 
0.0518052 0.948195 
0.0519052 0.948095 
0.0520052 0.947995 
0.0521052 0.947895 
0.0522052 0.947795 
0.0523052 0.947695 
0.0524052 0.947595 
0.0525053 0.947495 
0.0526053 0.947395 
0.0527053 0.947295 
0.0528053 0.947195 
0.0529053 0.947095 
0.0530053 0.946995 
0.0531053 0.946895 
0.0532053 0.946795 
0.0533053 0.946695 
0.0534053 0.946595 
0.0535054 0.946495 
0.0536054 0.946395 
0.0537054 0.946295 
0.0538054 0.946195 
0.0539054 0.946095 
0.0540054 0.945995 
0.0541054 0.945895 
0.0542054 0.945795 
0.0543054 0.945695 
0.0544054 0.945595 
0.0545055 0.945495 
0.0546055 0.945395 
0.0547055 0.945295 
0.0548055 0.945195 
0.0549055 0.945095 
0.0550055 0.944994 
0.0551055 0.944894 
0.0552055 0.944794 
0.0553055 0.944694 
0.0554055 0.944594 
0.0555056 0.944494 
0.0556056 0.944394 
0.0557056 0.944294 
0.0558056 0.944194 
0.0559056 0.944094 
0.0560056 0.943994 
0.0561056 0.943894 
0.0562056 0.943794 
0.0563056 0.943694 
0.0564056 0.943594 
0.0565057 0.943494 
0.0566057 0.943394 
0.0567057 0.943294 
0.0568057 0.943194 
0.0569057 0.943094 
0.0570057 0.942994 
0.0571057 0.942894 
0.0572057 0.942794 
0.0573057 0.942694 
0.0574057 0.942594 
0.0575058 0.942494 
0.0576058 0.942394 
0.0577058 0.942294 
0.0578058 0.942194 
0.0579058 0.942094 
0.0580058 0.941994 
0.0581058 0.941894 
0.0582058 0.941794 
0.0583058 0.941694 
0.0584058 0.941594 
0.0585059 0.941494 
0.0586059 0.941394 
0.0587059 0.941294 
0.0588059 0.941194 
0.0589059 0.941094 
0.0590059 0.940994 
0.0591059 0.940894 
0.0592059 0.940794 
0.0593059 0.940694 
0.0594059 0.940594 
0.059506 0.940494 
0.059606 0.940394 
0.059706 0.940294 
0.059806 0.940194 
0.059906 0.940094 
0.060006 0.939994 
0.060106 0.939894 
0.060206 0.939794 
0.060306 0.939694 
0.060406 0.939594 
0.0605061 0.939494 
0.0606061 0.939394 
0.0607061 0.939294 
0.0608061 0.939194 
0.0609061 0.939094 
0.0610061 0.938994 
0.0611061 0.938894 
0.0612061 0.938794 
0.0613061 0.938694 
0.0614061 0.938594 
0.0615062 0.938494 
0.0616062 0.938394 
0.0617062 0.938294 
0.0618062 0.938194 
0.0619062 0.938094 
0.0620062 0.937994 
0.0621062 0.937894 
0.0622062 0.937794 
0.0623062 0.937694 
0.0624062 0.937594 
0.0625063 0.937494 
0.0626063 0.937394 
0.0627063 0.937294 
0.0628063 0.937194 
0.0629063 0.937094 
0.0630063 0.936994 
0.0631063 0.936894 
0.0632063 0.936794 
0.0633063 0.936694 
0.0634063 0.936594 
0.0635064 0.936494 
0.0636064 0.936394 
0.0637064 0.936294 
0.0638064 0.936194 
0.0639064 0.936094 
0.0640064 0.935994 
0.0641064 0.935894 
0.0642064 0.935794 
0.0643064 0.935694 
0.0644064 0.935594 
0.0645065 0.935494 
0.0646065 0.935394 
0.0647065 0.935294 
0.0648065 0.935194 
0.0649065 0.935094 
0.0650065 0.934993 
0.0651065 0.934893 
0.0652065 0.934793 
0.0653065 0.934693 
0.0654065 0.934593 
0.0655066 0.934493 
0.0656066 0.934393 
0.0657066 0.934293 
0.0658066 0.934193 
0.0659066 0.934093 
0.0660066 0.933993 
0.0661066 0.933893 
0.0662066 0.933793 
0.0663066 0.933693 
0.0664066 0.933593 
0.0665067 0.933493 
0.0666067 0.933393 
0.0667067 0.933293 
0.0668067 0.933193 
0.0669067 0.933093 
0.0670067 0.932993 
0.0671067 0.932893 
0.0672067 0.932793 
0.0673067 0.932693 
0.0674067 0.932593 
0.0675068 0.932493 
0.0676068 0.932393 
0.0677068 0.932293 
0.0678068 0.932193 
0.0679068 0.932093 
0.0680068 0.931993 
0.0681068 0.931893 
0.0682068 0.931793 
0.0683068 0.931693 
0.0684068 0.931593 
0.0685069 0.931493 
0.0686069 0.931393 
0.0687069 0.931293 
0.0688069 0.931193 
0.0689069 0.931093 
0.0690069 0.930993 
0.0691069 0.930893 
0.0692069 0.930793 
0.0693069 0.930693 
0.0694069 0.930593 
0.069507 0.930493 
0.069607 0.930393 
0.069707 0.930293 
0.069807 0.930193 
0.069907 0.930093 
0.070007 0.929993 
0.070107 0.929893 
0.070207 0.929793 
0.070307 0.929693 
0.070407 0.929593 
0.0705071 0.929493 
0.0706071 0.929393 
0.0707071 0.929293 
0.0708071 0.929193 
0.0709071 0.929093 
0.0710071 0.928993 
0.0711071 0.928893 
0.0712071 0.928793 
0.0713071 0.928693 
0.0714071 0.928593 
0.0715072 0.928493 
0.0716072 0.928393 
0.0717072 0.928293 
0.0718072 0.928193 
0.0719072 0.928093 
0.0720072 0.927993 
0.0721072 0.927893 
0.0722072 0.927793 
0.0723072 0.927693 
0.0724072 0.927593 
0.0725073 0.927493 
0.0726073 0.927393 
0.0727073 0.927293 
0.0728073 0.927193 
0.0729073 0.927093 
0.0730073 0.926993 
0.0731073 0.926893 
0.0732073 0.926793 
0.0733073 0.926693 
0.0734073 0.926593 
0.0735074 0.926493 
0.0736074 0.926393 
0.0737074 0.926293 
0.0738074 0.926193 
0.0739074 0.926093 
0.0740074 0.925993 
0.0741074 0.925893 
0.0742074 0.925793 
0.0743074 0.925693 
0.0744074 0.925593 
0.0745075 0.925493 
0.0746075 0.925393 
0.0747075 0.925293 
0.0748075 0.925193 
0.0749075 0.925093 
0.0750075 0.924992 
0.0751075 0.924892 
0.0752075 0.924792 
0.0753075 0.924692 
0.0754075 0.924592 
0.0755076 0.924492 
0.0756076 0.924392 
0.0757076 0.924292 
0.0758076 0.924192 
0.0759076 0.924092 
0.0760076 0.923992 
0.0761076 0.923892 
0.0762076 0.923792 
0.0763076 0.923692 
0.0764076 0.923592 
0.0765077 0.923492 
0.0766077 0.923392 
0.0767077 0.923292 
0.0768077 0.923192 
0.0769077 0.923092 
0.0770077 0.922992 
0.0771077 0.922892 
0.0772077 0.922792 
0.0773077 0.922692 
0.0774077 0.922592 
0.0775078 0.922492 
0.0776078 0.922392 
0.0777078 0.922292 
0.0778078 0.922192 
0.0779078 0.922092 
0.0780078 0.921992 
0.0781078 0.921892 
0.0782078 0.921792 
0.0783078 0.921692 
0.0784078 0.921592 
0.0785079 0.921492 
0.0786079 0.921392 
0.0787079 0.921292 
0.0788079 0.921192 
0.0789079 0.921092 
0.0790079 0.920992 
0.0791079 0.920892 
0.0792079 0.920792 
0.0793079 0.920692 
0.0794079 0.920592 
0.079508 0.920492 
0.079608 0.920392 
0.079708 0.920292 
0.079808 0.920192 
0.079908 0.920092 
0.080008 0.919992 
0.080108 0.919892 
0.080208 0.919792 
0.080308 0.919692 
0.080408 0.919592 
0.0805081 0.919492 
0.0806081 0.919392 
0.0807081 0.919292 
0.0808081 0.919192 
0.0809081 0.919092 
0.0810081 0.918992 
0.0811081 0.918892 
0.0812081 0.918792 
0.0813081 0.918692 
0.0814081 0.918592 
0.0815082 0.918492 
0.0816082 0.918392 
0.0817082 0.918292 
0.0818082 0.918192 
0.0819082 0.918092 
0.0820082 0.917992 
0.0821082 0.917892 
0.0822082 0.917792 
0.0823082 0.917692 
0.0824082 0.917592 
0.0825083 0.917492 
0.0826083 0.917392 
0.0827083 0.917292 
0.0828083 0.917192 
0.0829083 0.917092 
0.0830083 0.916992 
0.0831083 0.916892 
0.0832083 0.916792 
0.0833083 0.916692 
0.0834083 0.916592 
0.0835084 0.916492 
0.0836084 0.916392 
0.0837084 0.916292 
0.0838084 0.916192 
0.0839084 0.916092 
0.0840084 0.915992 
0.0841084 0.915892 
0.0842084 0.915792 
0.0843084 0.915692 
0.0844084 0.915592 
0.0845085 0.915492 
0.0846085 0.915392 
0.0847085 0.915292 
0.0848085 0.915192 
0.0849085 0.915092 
0.0850085 0.914991 
0.0851085 0.914891 
0.0852085 0.914791 
0.0853085 0.914691 
0.0854085 0.914591 
0.0855086 0.914491 
0.0856086 0.914391 
0.0857086 0.914291 
0.0858086 0.914191 
0.0859086 0.914091 
0.0860086 0.913991 
0.0861086 0.913891 
0.0862086 0.913791 
0.0863086 0.913691 
0.0864086 0.913591 
0.0865087 0.913491 
0.0866087 0.913391 
0.0867087 0.913291 
0.0868087 0.913191 
0.0869087 0.913091 
0.0870087 0.912991 
0.0871087 0.912891 
0.0872087 0.912791 
0.0873087 0.912691 
0.0874087 0.912591 
0.0875088 0.912491 
0.0876088 0.912391 
0.0877088 0.912291 
0.0878088 0.912191 
0.0879088 0.912091 
0.0880088 0.911991 
0.0881088 0.911891 
0.0882088 0.911791 
0.0883088 0.911691 
0.0884088 0.911591 
0.0885089 0.911491 
0.0886089 0.911391 
0.0887089 0.911291 
0.0888089 0.911191 
0.0889089 0.911091 
0.0890089 0.910991 
0.0891089 0.910891 
0.0892089 0.910791 
0.0893089 0.910691 
0.0894089 0.910591 
0.089509 0.910491 
0.089609 0.910391 
0.089709 0.910291 
0.089809 0.910191 
0.089909 0.910091 
0.090009 0.909991 
0.090109 0.909891 
0.090209 0.909791 
0.090309 0.909691 
0.090409 0.909591 
0.0905091 0.909491 
0.0906091 0.909391 
0.0907091 0.909291 
0.0908091 0.909191 
0.0909091 0.909091 
0.0910091 0.908991 
0.0911091 0.908891 
0.0912091 0.908791 
0.0913091 0.908691 
0.0914091 0.908591 
0.0915092 0.908491 
0.0916092 0.908391 
0.0917092 0.908291 
0.0918092 0.908191 
0.0919092 0.908091 
0.0920092 0.907991 
0.0921092 0.907891 
0.0922092 0.907791 
0.0923092 0.907691 
0.0924092 0.907591 
0.0925093 0.907491 
0.0926093 0.907391 
0.0927093 0.907291 
0.0928093 0.907191 
0.0929093 0.907091 
0.0930093 0.906991 
0.0931093 0.906891 
0.0932093 0.906791 
0.0933093 0.906691 
0.0934093 0.906591 
0.0935094 0.906491 
0.0936094 0.906391 
0.0937094 0.906291 
0.0938094 0.906191 
0.0939094 0.906091 
0.0940094 0.905991 
0.0941094 0.905891 
0.0942094 0.905791 
0.0943094 0.905691 
0.0944094 0.905591 
0.0945095 0.905491 
0.0946095 0.905391 
0.0947095 0.905291 
0.0948095 0.905191 
0.0949095 0.905091 
0.0950095 0.90499 
0.0951095 0.90489 
0.0952095 0.90479 
0.0953095 0.90469 
0.0954095 0.90459 
0.0955096 0.90449 
0.0956096 0.90439 
0.0957096 0.90429 
0.0958096 0.90419 
0.0959096 0.90409 
0.0960096 0.90399 
0.0961096 0.90389 
0.0962096 0.90379 
0.0963096 0.90369 
0.0964096 0.90359 
0.0965097 0.90349 
0.0966097 0.90339 
0.0967097 0.90329 
0.0968097 0.90319 
0.0969097 0.90309 
0.0970097 0.90299 
0.0971097 0.90289 
0.0972097 0.90279 
0.0973097 0.90269 
0.0974097 0.90259 
0.0975098 0.90249 
0.0976098 0.90239 
0.0977098 0.90229 
0.0978098 0.90219 
0.0979098 0.90209 
0.0980098 0.90199 
0.0981098 0.90189 
0.0982098 0.90179 
0.0983098 0.90169 
0.0984098 0.90159 
0.0985099 0.90149 
0.0986099 0.90139 
0.0987099 0.90129 
0.0988099 0.90119 
0.0989099 0.90109 
0.0990099 0.90099 
0.0991099 0.90089 
0.0992099 0.90079 
0.0993099 0.90069 
0.0994099 0.90059 
0.09951 0.90049 
0.09961 0.90039 
0.09971 0.90029 
0.09981 0.90019 
0.09991 0.90009 
0.10001 0.89999 
0.10011 0.89989 
0.10021 0.89979 
0.10031 0.89969 
0.10041 0.89959 
0.10051 0.89949 
0.10061 0.89939 
0.10071 0.89929 
0.10081 0.89919 
0.10091 0.89909 
0.10101 0.89899 
0.10111 0.89889 
0.10121 0.89879 
0.10131 0.89869 
0.10141 0.89859 
0.10151 0.89849 
0.10161 0.89839 
0.10171 0.89829 
0.10181 0.89819 
0.10191 0.89809 
0.10201 0.89799 
0.10211 0.89789 
0.10221 0.89779 
0.10231 0.89769 
0.10241 0.89759 
0.10251 0.89749 
0.10261 0.89739 
0.10271 0.89729 
0.10281 0.89719 
0.10291 0.89709 
0.10301 0.89699 
0.10311 0.89689 
0.10321 0.89679 
0.10331 0.89669 
0.10341 0.89659 
0.10351 0.89649 
0.10361 0.89639 
0.10371 0.89629 
0.10381 0.89619 
0.10391 0.89609 
0.10401 0.89599 
0.10411 0.89589 
0.10421 0.89579 
0.10431 0.89569 
0.10441 0.89559 
0.10451 0.89549 
0.10461 0.89539 
0.10471 0.89529 
0.10481 0.89519 
0.10491 0.89509 
0.105011 0.894989 
0.105111 0.894889 
0.105211 0.894789 
0.105311 0.894689 
0.105411 0.894589 
0.105511 0.894489 
0.105611 0.894389 
0.105711 0.894289 
0.105811 0.894189 
0.105911 0.894089 
0.106011 0.893989 
0.106111 0.893889 
0.106211 0.893789 
0.106311 0.893689 
0.106411 0.893589 
0.106511 0.893489 
0.106611 0.893389 
0.106711 0.893289 
0.106811 0.893189 
0.106911 0.893089 
0.107011 0.892989 
0.107111 0.892889 
0.107211 0.892789 
0.107311 0.892689 
0.107411 0.892589 
0.107511 0.892489 
0.107611 0.892389 
0.107711 0.892289 
0.107811 0.892189 
0.107911 0.892089 
0.108011 0.891989 
0.108111 0.891889 
0.108211 0.891789 
0.108311 0.891689 
0.108411 0.891589 
0.108511 0.891489 
0.108611 0.891389 
0.108711 0.891289 
0.108811 0.891189 
0.108911 0.891089 
0.109011 0.890989 
0.109111 0.890889 
0.109211 0.890789 
0.109311 0.890689 
0.109411 0.890589 
0.109511 0.890489 
0.109611 0.890389 
0.109711 0.890289 
0.109811 0.890189 
0.109911 0.890089 
0.110011 0.889989 
0.110111 0.889889 
0.110211 0.889789 
0.110311 0.889689 
0.110411 0.889589 
0.110511 0.889489 
0.110611 0.889389 
0.110711 0.889289 
0.110811 0.889189 
0.110911 0.889089 
0.111011 0.888989 
0.111111 0.888889 
0.111211 0.888789 
0.111311 0.888689 
0.111411 0.888589 
0.111511 0.888489 
0.111611 0.888389 
0.111711 0.888289 
0.111811 0.888189 
0.111911 0.888089 
0.112011 0.887989 
0.112111 0.887889 
0.112211 0.887789 
0.112311 0.887689 
0.112411 0.887589 
0.112511 0.887489 
0.112611 0.887389 
0.112711 0.887289 
0.112811 0.887189 
0.112911 0.887089 
0.113011 0.886989 
0.113111 0.886889 
0.113211 0.886789 
0.113311 0.886689 
0.113411 0.886589 
0.113511 0.886489 
0.113611 0.886389 
0.113711 0.886289 
0.113811 0.886189 
0.113911 0.886089 
0.114011 0.885989 
0.114111 0.885889 
0.114211 0.885789 
0.114311 0.885689 
0.114411 0.885589 
0.114511 0.885489 
0.114611 0.885389 
0.114711 0.885289 
0.114811 0.885189 
0.114911 0.885089 
0.115012 0.884988 
0.115112 0.884888 
0.115212 0.884788 
0.115312 0.884688 
0.115412 0.884588 
0.115512 0.884488 
0.115612 0.884388 
0.115712 0.884288 
0.115812 0.884188 
0.115912 0.884088 
0.116012 0.883988 
0.116112 0.883888 
0.116212 0.883788 
0.116312 0.883688 
0.116412 0.883588 
0.116512 0.883488 
0.116612 0.883388 
0.116712 0.883288 
0.116812 0.883188 
0.116912 0.883088 
0.117012 0.882988 
0.117112 0.882888 
0.117212 0.882788 
0.117312 0.882688 
0.117412 0.882588 
0.117512 0.882488 
0.117612 0.882388 
0.117712 0.882288 
0.117812 0.882188 
0.117912 0.882088 
0.118012 0.881988 
0.118112 0.881888 
0.118212 0.881788 
0.118312 0.881688 
0.118412 0.881588 
0.118512 0.881488 
0.118612 0.881388 
0.118712 0.881288 
0.118812 0.881188 
0.118912 0.881088 
0.119012 0.880988 
0.119112 0.880888 
0.119212 0.880788 
0.119312 0.880688 
0.119412 0.880588 
0.119512 0.880488 
0.119612 0.880388 
0.119712 0.880288 
0.119812 0.880188 
0.119912 0.880088 
0.120012 0.879988 
0.120112 0.879888 
0.120212 0.879788 
0.120312 0.879688 
0.120412 0.879588 
0.120512 0.879488 
0.120612 0.879388 
0.120712 0.879288 
0.120812 0.879188 
0.120912 0.879088 
0.121012 0.878988 
0.121112 0.878888 
0.121212 0.878788 
0.121312 0.878688 
0.121412 0.878588 
0.121512 0.878488 
0.121612 0.878388 
0.121712 0.878288 
0.121812 0.878188 
0.121912 0.878088 
0.122012 0.877988 
0.122112 0.877888 
0.122212 0.877788 
0.122312 0.877688 
0.122412 0.877588 
0.122512 0.877488 
0.122612 0.877388 
0.122712 0.877288 
0.122812 0.877188 
0.122912 0.877088 
0.123012 0.876988 
0.123112 0.876888 
0.123212 0.876788 
0.123312 0.876688 
0.123412 0.876588 
0.123512 0.876488 
0.123612 0.876388 
0.123712 0.876288 
0.123812 0.876188 
0.123912 0.876088 
0.124012 0.875988 
0.124112 0.875888 
0.124212 0.875788 
0.124312 0.875688 
0.124412 0.875588 
0.124512 0.875488 
0.124612 0.875388 
0.124712 0.875288 
0.124812 0.875188 
0.124912 0.875088 
0.125013 0.874987 
0.125113 0.874887 
0.125213 0.874787 
0.125313 0.874687 
0.125413 0.874587 
0.125513 0.874487 
0.125613 0.874387 
0.125713 0.874287 
0.125813 0.874187 
0.125913 0.874087 
0.126013 0.873987 
0.126113 0.873887 
0.126213 0.873787 
0.126313 0.873687 
0.126413 0.873587 
0.126513 0.873487 
0.126613 0.873387 
0.126713 0.873287 
0.126813 0.873187 
0.126913 0.873087 
0.127013 0.872987 
0.127113 0.872887 
0.127213 0.872787 
0.127313 0.872687 
0.127413 0.872587 
0.127513 0.872487 
0.127613 0.872387 
0.127713 0.872287 
0.127813 0.872187 
0.127913 0.872087 
0.128013 0.871987 
0.128113 0.871887 
0.128213 0.871787 
0.128313 0.871687 
0.128413 0.871587 
0.128513 0.871487 
0.128613 0.871387 
0.128713 0.871287 
0.128813 0.871187 
0.128913 0.871087 
0.129013 0.870987 
0.129113 0.870887 
0.129213 0.870787 
0.129313 0.870687 
0.129413 0.870587 
0.129513 0.870487 
0.129613 0.870387 
0.129713 0.870287 
0.129813 0.870187 
0.129913 0.870087 
0.130013 0.869987 
0.130113 0.869887 
0.130213 0.869787 
0.130313 0.869687 
0.130413 0.869587 
0.130513 0.869487 
0.130613 0.869387 
0.130713 0.869287 
0.130813 0.869187 
0.130913 0.869087 
0.131013 0.868987 
0.131113 0.868887 
0.131213 0.868787 
0.131313 0.868687 
0.131413 0.868587 
0.131513 0.868487 
0.131613 0.868387 
0.131713 0.868287 
0.131813 0.868187 
0.131913 0.868087 
0.132013 0.867987 
0.132113 0.867887 
0.132213 0.867787 
0.132313 0.867687 
0.132413 0.867587 
0.132513 0.867487 
0.132613 0.867387 
0.132713 0.867287 
0.132813 0.867187 
0.132913 0.867087 
0.133013 0.866987 
0.133113 0.866887 
0.133213 0.866787 
0.133313 0.866687 
0.133413 0.866587 
0.133513 0.866487 
0.133613 0.866387 
0.133713 0.866287 
0.133813 0.866187 
0.133913 0.866087 
0.134013 0.865987 
0.134113 0.865887 
0.134213 0.865787 
0.134313 0.865687 
0.134413 0.865587 
0.134513 0.865487 
0.134613 0.865387 
0.134713 0.865287 
0.134813 0.865187 
0.134913 0.865087 
0.135014 0.864986 
0.135114 0.864886 
0.135214 0.864786 
0.135314 0.864686 
0.135414 0.864586 
0.135514 0.864486 
0.135614 0.864386 
0.135714 0.864286 
0.135814 0.864186 
0.135914 0.864086 
0.136014 0.863986 
0.136114 0.863886 
0.136214 0.863786 
0.136314 0.863686 
0.136414 0.863586 
0.136514 0.863486 
0.136614 0.863386 
0.136714 0.863286 
0.136814 0.863186 
0.136914 0.863086 
0.137014 0.862986 
0.137114 0.862886 
0.137214 0.862786 
0.137314 0.862686 
0.137414 0.862586 
0.137514 0.862486 
0.137614 0.862386 
0.137714 0.862286 
0.137814 0.862186 
0.137914 0.862086 
0.138014 0.861986 
0.138114 0.861886 
0.138214 0.861786 
0.138314 0.861686 
0.138414 0.861586 
0.138514 0.861486 
0.138614 0.861386 
0.138714 0.861286 
0.138814 0.861186 
0.138914 0.861086 
0.139014 0.860986 
0.139114 0.860886 
0.139214 0.860786 
0.139314 0.860686 
0.139414 0.860586 
0.139514 0.860486 
0.139614 0.860386 
0.139714 0.860286 
0.139814 0.860186 
0.139914 0.860086 
0.140014 0.859986 
0.140114 0.859886 
0.140214 0.859786 
0.140314 0.859686 
0.140414 0.859586 
0.140514 0.859486 
0.140614 0.859386 
0.140714 0.859286 
0.140814 0.859186 
0.140914 0.859086 
0.141014 0.858986 
0.141114 0.858886 
0.141214 0.858786 
0.141314 0.858686 
0.141414 0.858586 
0.141514 0.858486 
0.141614 0.858386 
0.141714 0.858286 
0.141814 0.858186 
0.141914 0.858086 
0.142014 0.857986 
0.142114 0.857886 
0.142214 0.857786 
0.142314 0.857686 
0.142414 0.857586 
0.142514 0.857486 
0.142614 0.857386 
0.142714 0.857286 
0.142814 0.857186 
0.142914 0.857086 
0.143014 0.856986 
0.143114 0.856886 
0.143214 0.856786 
0.143314 0.856686 
0.143414 0.856586 
0.143514 0.856486 
0.143614 0.856386 
0.143714 0.856286 
0.143814 0.856186 
0.143914 0.856086 
0.144014 0.855986 
0.144114 0.855886 
0.144214 0.855786 
0.144314 0.855686 
0.144414 0.855586 
0.144514 0.855486 
0.144614 0.855386 
0.144714 0.855286 
0.144814 0.855186 
0.144914 0.855086 
0.145015 0.854985 
0.145115 0.854885 
0.145215 0.854785 
0.145315 0.854685 
0.145415 0.854585 
0.145515 0.854485 
0.145615 0.854385 
0.145715 0.854285 
0.145815 0.854185 
0.145915 0.854085 
0.146015 0.853985 
0.146115 0.853885 
0.146215 0.853785 
0.146315 0.853685 
0.146415 0.853585 
0.146515 0.853485 
0.146615 0.853385 
0.146715 0.853285 
0.146815 0.853185 
0.146915 0.853085 
0.147015 0.852985 
0.147115 0.852885 
0.147215 0.852785 
0.147315 0.852685 
0.147415 0.852585 
0.147515 0.852485 
0.147615 0.852385 
0.147715 0.852285 
0.147815 0.852185 
0.147915 0.852085 
0.148015 0.851985 
0.148115 0.851885 
0.148215 0.851785 
0.148315 0.851685 
0.148415 0.851585 
0.148515 0.851485 
0.148615 0.851385 
0.148715 0.851285 
0.148815 0.851185 
0.148915 0.851085 
0.149015 0.850985 
0.149115 0.850885 
0.149215 0.850785 
0.149315 0.850685 
0.149415 0.850585 
0.149515 0.850485 
0.149615 0.850385 
0.149715 0.850285 
0.149815 0.850185 
0.149915 0.850085 
0.150015 0.849985 
0.150115 0.849885 
0.150215 0.849785 
0.150315 0.849685 
0.150415 0.849585 
0.150515 0.849485 
0.150615 0.849385 
0.150715 0.849285 
0.150815 0.849185 
0.150915 0.849085 
0.151015 0.848985 
0.151115 0.848885 
0.151215 0.848785 
0.151315 0.848685 
0.151415 0.848585 
0.151515 0.848485 
0.151615 0.848385 
0.151715 0.848285 
0.151815 0.848185 
0.151915 0.848085 
0.152015 0.847985 
0.152115 0.847885 
0.152215 0.847785 
0.152315 0.847685 
0.152415 0.847585 
0.152515 0.847485 
0.152615 0.847385 
0.152715 0.847285 
0.152815 0.847185 
0.152915 0.847085 
0.153015 0.846985 
0.153115 0.846885 
0.153215 0.846785 
0.153315 0.846685 
0.153415 0.846585 
0.153515 0.846485 
0.153615 0.846385 
0.153715 0.846285 
0.153815 0.846185 
0.153915 0.846085 
0.154015 0.845985 
0.154115 0.845885 
0.154215 0.845785 
0.154315 0.845685 
0.154415 0.845585 
0.154515 0.845485 
0.154615 0.845385 
0.154715 0.845285 
0.154815 0.845185 
0.154915 0.845085 
0.155016 0.844984 
0.155116 0.844884 
0.155216 0.844784 
0.155316 0.844684 
0.155416 0.844584 
0.155516 0.844484 
0.155616 0.844384 
0.155716 0.844284 
0.155816 0.844184 
0.155916 0.844084 
0.156016 0.843984 
0.156116 0.843884 
0.156216 0.843784 
0.156316 0.843684 
0.156416 0.843584 
0.156516 0.843484 
0.156616 0.843384 
0.156716 0.843284 
0.156816 0.843184 
0.156916 0.843084 
0.157016 0.842984 
0.157116 0.842884 
0.157216 0.842784 
0.157316 0.842684 
0.157416 0.842584 
0.157516 0.842484 
0.157616 0.842384 
0.157716 0.842284 
0.157816 0.842184 
0.157916 0.842084 
0.158016 0.841984 
0.158116 0.841884 
0.158216 0.841784 
0.158316 0.841684 
0.158416 0.841584 
0.158516 0.841484 
0.158616 0.841384 
0.158716 0.841284 
0.158816 0.841184 
0.158916 0.841084 
0.159016 0.840984 
0.159116 0.840884 
0.159216 0.840784 
0.159316 0.840684 
0.159416 0.840584 
0.159516 0.840484 
0.159616 0.840384 
0.159716 0.840284 
0.159816 0.840184 
0.159916 0.840084 
0.160016 0.839984 
0.160116 0.839884 
0.160216 0.839784 
0.160316 0.839684 
0.160416 0.839584 
0.160516 0.839484 
0.160616 0.839384 
0.160716 0.839284 
0.160816 0.839184 
0.160916 0.839084 
0.161016 0.838984 
0.161116 0.838884 
0.161216 0.838784 
0.161316 0.838684 
0.161416 0.838584 
0.161516 0.838484 
0.161616 0.838384 
0.161716 0.838284 
0.161816 0.838184 
0.161916 0.838084 
0.162016 0.837984 
0.162116 0.837884 
0.162216 0.837784 
0.162316 0.837684 
0.162416 0.837584 
0.162516 0.837484 
0.162616 0.837384 
0.162716 0.837284 
0.162816 0.837184 
0.162916 0.837084 
0.163016 0.836984 
0.163116 0.836884 
0.163216 0.836784 
0.163316 0.836684 
0.163416 0.836584 
0.163516 0.836484 
0.163616 0.836384 
0.163716 0.836284 
0.163816 0.836184 
0.163916 0.836084 
0.164016 0.835984 
0.164116 0.835884 
0.164216 0.835784 
0.164316 0.835684 
0.164416 0.835584 
0.164516 0.835484 
0.164616 0.835384 
0.164716 0.835284 
0.164816 0.835184 
0.164916 0.835084 
0.165017 0.834983 
0.165117 0.834883 
0.165217 0.834783 
0.165317 0.834683 
0.165417 0.834583 
0.165517 0.834483 
0.165617 0.834383 
0.165717 0.834283 
0.165817 0.834183 
0.165917 0.834083 
0.166017 0.833983 
0.166117 0.833883 
0.166217 0.833783 
0.166317 0.833683 
0.166417 0.833583 
0.166517 0.833483 
0.166617 0.833383 
0.166717 0.833283 
0.166817 0.833183 
0.166917 0.833083 
0.167017 0.832983 
0.167117 0.832883 
0.167217 0.832783 
0.167317 0.832683 
0.167417 0.832583 
0.167517 0.832483 
0.167617 0.832383 
0.167717 0.832283 
0.167817 0.832183 
0.167917 0.832083 
0.168017 0.831983 
0.168117 0.831883 
0.168217 0.831783 
0.168317 0.831683 
0.168417 0.831583 
0.168517 0.831483 
0.168617 0.831383 
0.168717 0.831283 
0.168817 0.831183 
0.168917 0.831083 
0.169017 0.830983 
0.169117 0.830883 
0.169217 0.830783 
0.169317 0.830683 
0.169417 0.830583 
0.169517 0.830483 
0.169617 0.830383 
0.169717 0.830283 
0.169817 0.830183 
0.169917 0.830083 
0.170017 0.829983 
0.170117 0.829883 
0.170217 0.829783 
0.170317 0.829683 
0.170417 0.829583 
0.170517 0.829483 
0.170617 0.829383 
0.170717 0.829283 
0.170817 0.829183 
0.170917 0.829083 
0.171017 0.828983 
0.171117 0.828883 
0.171217 0.828783 
0.171317 0.828683 
0.171417 0.828583 
0.171517 0.828483 
0.171617 0.828383 
0.171717 0.828283 
0.171817 0.828183 
0.171917 0.828083 
0.172017 0.827983 
0.172117 0.827883 
0.172217 0.827783 
0.172317 0.827683 
0.172417 0.827583 
0.172517 0.827483 
0.172617 0.827383 
0.172717 0.827283 
0.172817 0.827183 
0.172917 0.827083 
0.173017 0.826983 
0.173117 0.826883 
0.173217 0.826783 
0.173317 0.826683 
0.173417 0.826583 
0.173517 0.826483 
0.173617 0.826383 
0.173717 0.826283 
0.173817 0.826183 
0.173917 0.826083 
0.174017 0.825983 
0.174117 0.825883 
0.174217 0.825783 
0.174317 0.825683 
0.174417 0.825583 
0.174517 0.825483 
0.174617 0.825383 
0.174717 0.825283 
0.174817 0.825183 
0.174917 0.825083 
0.175018 0.824982 
0.175118 0.824882 
0.175218 0.824782 
0.175318 0.824682 
0.175418 0.824582 
0.175518 0.824482 
0.175618 0.824382 
0.175718 0.824282 
0.175818 0.824182 
0.175918 0.824082 
0.176018 0.823982 
0.176118 0.823882 
0.176218 0.823782 
0.176318 0.823682 
0.176418 0.823582 
0.176518 0.823482 
0.176618 0.823382 
0.176718 0.823282 
0.176818 0.823182 
0.176918 0.823082 
0.177018 0.822982 
0.177118 0.822882 
0.177218 0.822782 
0.177318 0.822682 
0.177418 0.822582 
0.177518 0.822482 
0.177618 0.822382 
0.177718 0.822282 
0.177818 0.822182 
0.177918 0.822082 
0.178018 0.821982 
0.178118 0.821882 
0.178218 0.821782 
0.178318 0.821682 
0.178418 0.821582 
0.178518 0.821482 
0.178618 0.821382 
0.178718 0.821282 
0.178818 0.821182 
0.178918 0.821082 
0.179018 0.820982 
0.179118 0.820882 
0.179218 0.820782 
0.179318 0.820682 
0.179418 0.820582 
0.179518 0.820482 
0.179618 0.820382 
0.179718 0.820282 
0.179818 0.820182 
0.179918 0.820082 
0.180018 0.819982 
0.180118 0.819882 
0.180218 0.819782 
0.180318 0.819682 
0.180418 0.819582 
0.180518 0.819482 
0.180618 0.819382 
0.180718 0.819282 
0.180818 0.819182 
0.180918 0.819082 
0.181018 0.818982 
0.181118 0.818882 
0.181218 0.818782 
0.181318 0.818682 
0.181418 0.818582 
0.181518 0.818482 
0.181618 0.818382 
0.181718 0.818282 
0.181818 0.818182 
0.181918 0.818082 
0.182018 0.817982 
0.182118 0.817882 
0.182218 0.817782 
0.182318 0.817682 
0.182418 0.817582 
0.182518 0.817482 
0.182618 0.817382 
0.182718 0.817282 
0.182818 0.817182 
0.182918 0.817082 
0.183018 0.816982 
0.183118 0.816882 
0.183218 0.816782 
0.183318 0.816682 
0.183418 0.816582 
0.183518 0.816482 
0.183618 0.816382 
0.183718 0.816282 
0.183818 0.816182 
0.183918 0.816082 
0.184018 0.815982 
0.184118 0.815882 
0.184218 0.815782 
0.184318 0.815682 
0.184418 0.815582 
0.184518 0.815482 
0.184618 0.815382 
0.184718 0.815282 
0.184818 0.815182 
0.184918 0.815082 
0.185019 0.814981 
0.185119 0.814881 
0.185219 0.814781 
0.185319 0.814681 
0.185419 0.814581 
0.185519 0.814481 
0.185619 0.814381 
0.185719 0.814281 
0.185819 0.814181 
0.185919 0.814081 
0.186019 0.813981 
0.186119 0.813881 
0.186219 0.813781 
0.186319 0.813681 
0.186419 0.813581 
0.186519 0.813481 
0.186619 0.813381 
0.186719 0.813281 
0.186819 0.813181 
0.186919 0.813081 
0.187019 0.812981 
0.187119 0.812881 
0.187219 0.812781 
0.187319 0.812681 
0.187419 0.812581 
0.187519 0.812481 
0.187619 0.812381 
0.187719 0.812281 
0.187819 0.812181 
0.187919 0.812081 
0.188019 0.811981 
0.188119 0.811881 
0.188219 0.811781 
0.188319 0.811681 
0.188419 0.811581 
0.188519 0.811481 
0.188619 0.811381 
0.188719 0.811281 
0.188819 0.811181 
0.188919 0.811081 
0.189019 0.810981 
0.189119 0.810881 
0.189219 0.810781 
0.189319 0.810681 
0.189419 0.810581 
0.189519 0.810481 
0.189619 0.810381 
0.189719 0.810281 
0.189819 0.810181 
0.189919 0.810081 
0.190019 0.809981 
0.190119 0.809881 
0.190219 0.809781 
0.190319 0.809681 
0.190419 0.809581 
0.190519 0.809481 
0.190619 0.809381 
0.190719 0.809281 
0.190819 0.809181 
0.190919 0.809081 
0.191019 0.808981 
0.191119 0.808881 
0.191219 0.808781 
0.191319 0.808681 
0.191419 0.808581 
0.191519 0.808481 
0.191619 0.808381 
0.191719 0.808281 
0.191819 0.808181 
0.191919 0.808081 
0.192019 0.807981 
0.192119 0.807881 
0.192219 0.807781 
0.192319 0.807681 
0.192419 0.807581 
0.192519 0.807481 
0.192619 0.807381 
0.192719 0.807281 
0.192819 0.807181 
0.192919 0.807081 
0.193019 0.806981 
0.193119 0.806881 
0.193219 0.806781 
0.193319 0.806681 
0.193419 0.806581 
0.193519 0.806481 
0.193619 0.806381 
0.193719 0.806281 
0.193819 0.806181 
0.193919 0.806081 
0.194019 0.805981 
0.194119 0.805881 
0.194219 0.805781 
0.194319 0.805681 
0.194419 0.805581 
0.194519 0.805481 
0.194619 0.805381 
0.194719 0.805281 
0.194819 0.805181 
0.194919 0.805081 
0.19502 0.80498 
0.19512 0.80488 
0.19522 0.80478 
0.19532 0.80468 
0.19542 0.80458 
0.19552 0.80448 
0.19562 0.80438 
0.19572 0.80428 
0.19582 0.80418 
0.19592 0.80408 
0.19602 0.80398 
0.19612 0.80388 
0.19622 0.80378 
0.19632 0.80368 
0.19642 0.80358 
0.19652 0.80348 
0.19662 0.80338 
0.19672 0.80328 
0.19682 0.80318 
0.19692 0.80308 
0.19702 0.80298 
0.19712 0.80288 
0.19722 0.80278 
0.19732 0.80268 
0.19742 0.80258 
0.19752 0.80248 
0.19762 0.80238 
0.19772 0.80228 
0.19782 0.80218 
0.19792 0.80208 
0.19802 0.80198 
0.19812 0.80188 
0.19822 0.80178 
0.19832 0.80168 
0.19842 0.80158 
0.19852 0.80148 
0.19862 0.80138 
0.19872 0.80128 
0.19882 0.80118 
0.19892 0.80108 
0.19902 0.80098 
0.19912 0.80088 
0.19922 0.80078 
0.19932 0.80068 
0.19942 0.80058 
0.19952 0.80048 
0.19962 0.80038 
0.19972 0.80028 
0.19982 0.80018 
0.19992 0.80008 
0.20002 0.79998 
0.20012 0.79988 
0.20022 0.79978 
0.20032 0.79968 
0.20042 0.79958 
0.20052 0.79948 
0.20062 0.79938 
0.20072 0.79928 
0.20082 0.79918 
0.20092 0.79908 
0.20102 0.79898 
0.20112 0.79888 
0.20122 0.79878 
0.20132 0.79868 
0.20142 0.79858 
0.20152 0.79848 
0.20162 0.79838 
0.20172 0.79828 
0.20182 0.79818 
0.20192 0.79808 
0.20202 0.79798 
0.20212 0.79788 
0.20222 0.79778 
0.20232 0.79768 
0.20242 0.79758 
0.20252 0.79748 
0.20262 0.79738 
0.20272 0.79728 
0.20282 0.79718 
0.20292 0.79708 
0.20302 0.79698 
0.20312 0.79688 
0.20322 0.79678 
0.20332 0.79668 
0.20342 0.79658 
0.20352 0.79648 
0.20362 0.79638 
0.20372 0.79628 
0.20382 0.79618 
0.20392 0.79608 
0.20402 0.79598 
0.20412 0.79588 
0.20422 0.79578 
0.20432 0.79568 
0.20442 0.79558 
0.20452 0.79548 
0.20462 0.79538 
0.20472 0.79528 
0.20482 0.79518 
0.20492 0.79508 
0.205021 0.794979 
0.205121 0.794879 
0.205221 0.794779 
0.205321 0.794679 
0.205421 0.794579 
0.205521 0.794479 
0.205621 0.794379 
0.205721 0.794279 
0.205821 0.794179 
0.205921 0.794079 
0.206021 0.793979 
0.206121 0.793879 
0.206221 0.793779 
0.206321 0.793679 
0.206421 0.793579 
0.206521 0.793479 
0.206621 0.793379 
0.206721 0.793279 
0.206821 0.793179 
0.206921 0.793079 
0.207021 0.792979 
0.207121 0.792879 
0.207221 0.792779 
0.207321 0.792679 
0.207421 0.792579 
0.207521 0.792479 
0.207621 0.792379 
0.207721 0.792279 
0.207821 0.792179 
0.207921 0.792079 
0.208021 0.791979 
0.208121 0.791879 
0.208221 0.791779 
0.208321 0.791679 
0.208421 0.791579 
0.208521 0.791479 
0.208621 0.791379 
0.208721 0.791279 
0.208821 0.791179 
0.208921 0.791079 
0.209021 0.790979 
0.209121 0.790879 
0.209221 0.790779 
0.209321 0.790679 
0.209421 0.790579 
0.209521 0.790479 
0.209621 0.790379 
0.209721 0.790279 
0.209821 0.790179 
0.209921 0.790079 
0.210021 0.789979 
0.210121 0.789879 
0.210221 0.789779 
0.210321 0.789679 
0.210421 0.789579 
0.210521 0.789479 
0.210621 0.789379 
0.210721 0.789279 
0.210821 0.789179 
0.210921 0.789079 
0.211021 0.788979 
0.211121 0.788879 
0.211221 0.788779 
0.211321 0.788679 
0.211421 0.788579 
0.211521 0.788479 
0.211621 0.788379 
0.211721 0.788279 
0.211821 0.788179 
0.211921 0.788079 
0.212021 0.787979 
0.212121 0.787879 
0.212221 0.787779 
0.212321 0.787679 
0.212421 0.787579 
0.212521 0.787479 
0.212621 0.787379 
0.212721 0.787279 
0.212821 0.787179 
0.212921 0.787079 
0.213021 0.786979 
0.213121 0.786879 
0.213221 0.786779 
0.213321 0.786679 
0.213421 0.786579 
0.213521 0.786479 
0.213621 0.786379 
0.213721 0.786279 
0.213821 0.786179 
0.213921 0.786079 
0.214021 0.785979 
0.214121 0.785879 
0.214221 0.785779 
0.214321 0.785679 
0.214421 0.785579 
0.214521 0.785479 
0.214621 0.785379 
0.214721 0.785279 
0.214821 0.785179 
0.214921 0.785079 
0.215022 0.784978 
0.215122 0.784878 
0.215222 0.784778 
0.215322 0.784678 
0.215422 0.784578 
0.215522 0.784478 
0.215622 0.784378 
0.215722 0.784278 
0.215822 0.784178 
0.215922 0.784078 
0.216022 0.783978 
0.216122 0.783878 
0.216222 0.783778 
0.216322 0.783678 
0.216422 0.783578 
0.216522 0.783478 
0.216622 0.783378 
0.216722 0.783278 
0.216822 0.783178 
0.216922 0.783078 
0.217022 0.782978 
0.217122 0.782878 
0.217222 0.782778 
0.217322 0.782678 
0.217422 0.782578 
0.217522 0.782478 
0.217622 0.782378 
0.217722 0.782278 
0.217822 0.782178 
0.217922 0.782078 
0.218022 0.781978 
0.218122 0.781878 
0.218222 0.781778 
0.218322 0.781678 
0.218422 0.781578 
0.218522 0.781478 
0.218622 0.781378 
0.218722 0.781278 
0.218822 0.781178 
0.218922 0.781078 
0.219022 0.780978 
0.219122 0.780878 
0.219222 0.780778 
0.219322 0.780678 
0.219422 0.780578 
0.219522 0.780478 
0.219622 0.780378 
0.219722 0.780278 
0.219822 0.780178 
0.219922 0.780078 
0.220022 0.779978 
0.220122 0.779878 
0.220222 0.779778 
0.220322 0.779678 
0.220422 0.779578 
0.220522 0.779478 
0.220622 0.779378 
0.220722 0.779278 
0.220822 0.779178 
0.220922 0.779078 
0.221022 0.778978 
0.221122 0.778878 
0.221222 0.778778 
0.221322 0.778678 
0.221422 0.778578 
0.221522 0.778478 
0.221622 0.778378 
0.221722 0.778278 
0.221822 0.778178 
0.221922 0.778078 
0.222022 0.777978 
0.222122 0.777878 
0.222222 0.777778 
0.222322 0.777678 
0.222422 0.777578 
0.222522 0.777478 
0.222622 0.777378 
0.222722 0.777278 
0.222822 0.777178 
0.222922 0.777078 
0.223022 0.776978 
0.223122 0.776878 
0.223222 0.776778 
0.223322 0.776678 
0.223422 0.776578 
0.223522 0.776478 
0.223622 0.776378 
0.223722 0.776278 
0.223822 0.776178 
0.223922 0.776078 
0.224022 0.775978 
0.224122 0.775878 
0.224222 0.775778 
0.224322 0.775678 
0.224422 0.775578 
0.224522 0.775478 
0.224622 0.775378 
0.224722 0.775278 
0.224822 0.775178 
0.224922 0.775078 
0.225023 0.774977 
0.225123 0.774877 
0.225223 0.774777 
0.225323 0.774677 
0.225423 0.774577 
0.225523 0.774477 
0.225623 0.774377 
0.225723 0.774277 
0.225823 0.774177 
0.225923 0.774077 
0.226023 0.773977 
0.226123 0.773877 
0.226223 0.773777 
0.226323 0.773677 
0.226423 0.773577 
0.226523 0.773477 
0.226623 0.773377 
0.226723 0.773277 
0.226823 0.773177 
0.226923 0.773077 
0.227023 0.772977 
0.227123 0.772877 
0.227223 0.772777 
0.227323 0.772677 
0.227423 0.772577 
0.227523 0.772477 
0.227623 0.772377 
0.227723 0.772277 
0.227823 0.772177 
0.227923 0.772077 
0.228023 0.771977 
0.228123 0.771877 
0.228223 0.771777 
0.228323 0.771677 
0.228423 0.771577 
0.228523 0.771477 
0.228623 0.771377 
0.228723 0.771277 
0.228823 0.771177 
0.228923 0.771077 
0.229023 0.770977 
0.229123 0.770877 
0.229223 0.770777 
0.229323 0.770677 
0.229423 0.770577 
0.229523 0.770477 
0.229623 0.770377 
0.229723 0.770277 
0.229823 0.770177 
0.229923 0.770077 
0.230023 0.769977 
0.230123 0.769877 
0.230223 0.769777 
0.230323 0.769677 
0.230423 0.769577 
0.230523 0.769477 
0.230623 0.769377 
0.230723 0.769277 
0.230823 0.769177 
0.230923 0.769077 
0.231023 0.768977 
0.231123 0.768877 
0.231223 0.768777 
0.231323 0.768677 
0.231423 0.768577 
0.231523 0.768477 
0.231623 0.768377 
0.231723 0.768277 
0.231823 0.768177 
0.231923 0.768077 
0.232023 0.767977 
0.232123 0.767877 
0.232223 0.767777 
0.232323 0.767677 
0.232423 0.767577 
0.232523 0.767477 
0.232623 0.767377 
0.232723 0.767277 
0.232823 0.767177 
0.232923 0.767077 
0.233023 0.766977 
0.233123 0.766877 
0.233223 0.766777 
0.233323 0.766677 
0.233423 0.766577 
0.233523 0.766477 
0.233623 0.766377 
0.233723 0.766277 
0.233823 0.766177 
0.233923 0.766077 
0.234023 0.765977 
0.234123 0.765877 
0.234223 0.765777 
0.234323 0.765677 
0.234423 0.765577 
0.234523 0.765477 
0.234623 0.765377 
0.234723 0.765277 
0.234823 0.765177 
0.234923 0.765077 
0.235024 0.764976 
0.235124 0.764876 
0.235224 0.764776 
0.235324 0.764676 
0.235424 0.764576 
0.235524 0.764476 
0.235624 0.764376 
0.235724 0.764276 
0.235824 0.764176 
0.235924 0.764076 
0.236024 0.763976 
0.236124 0.763876 
0.236224 0.763776 
0.236324 0.763676 
0.236424 0.763576 
0.236524 0.763476 
0.236624 0.763376 
0.236724 0.763276 
0.236824 0.763176 
0.236924 0.763076 
0.237024 0.762976 
0.237124 0.762876 
0.237224 0.762776 
0.237324 0.762676 
0.237424 0.762576 
0.237524 0.762476 
0.237624 0.762376 
0.237724 0.762276 
0.237824 0.762176 
0.237924 0.762076 
0.238024 0.761976 
0.238124 0.761876 
0.238224 0.761776 
0.238324 0.761676 
0.238424 0.761576 
0.238524 0.761476 
0.238624 0.761376 
0.238724 0.761276 
0.238824 0.761176 
0.238924 0.761076 
0.239024 0.760976 
0.239124 0.760876 
0.239224 0.760776 
0.239324 0.760676 
0.239424 0.760576 
0.239524 0.760476 
0.239624 0.760376 
0.239724 0.760276 
0.239824 0.760176 
0.239924 0.760076 
0.240024 0.759976 
0.240124 0.759876 
0.240224 0.759776 
0.240324 0.759676 
0.240424 0.759576 
0.240524 0.759476 
0.240624 0.759376 
0.240724 0.759276 
0.240824 0.759176 
0.240924 0.759076 
0.241024 0.758976 
0.241124 0.758876 
0.241224 0.758776 
0.241324 0.758676 
0.241424 0.758576 
0.241524 0.758476 
0.241624 0.758376 
0.241724 0.758276 
0.241824 0.758176 
0.241924 0.758076 
0.242024 0.757976 
0.242124 0.757876 
0.242224 0.757776 
0.242324 0.757676 
0.242424 0.757576 
0.242524 0.757476 
0.242624 0.757376 
0.242724 0.757276 
0.242824 0.757176 
0.242924 0.757076 
0.243024 0.756976 
0.243124 0.756876 
0.243224 0.756776 
0.243324 0.756676 
0.243424 0.756576 
0.243524 0.756476 
0.243624 0.756376 
0.243724 0.756276 
0.243824 0.756176 
0.243924 0.756076 
0.244024 0.755976 
0.244124 0.755876 
0.244224 0.755776 
0.244324 0.755676 
0.244424 0.755576 
0.244524 0.755476 
0.244624 0.755376 
0.244724 0.755276 
0.244824 0.755176 
0.244924 0.755076 
0.245025 0.754975 
0.245125 0.754875 
0.245225 0.754775 
0.245325 0.754675 
0.245425 0.754575 
0.245525 0.754475 
0.245625 0.754375 
0.245725 0.754275 
0.245825 0.754175 
0.245925 0.754075 
0.246025 0.753975 
0.246125 0.753875 
0.246225 0.753775 
0.246325 0.753675 
0.246425 0.753575 
0.246525 0.753475 
0.246625 0.753375 
0.246725 0.753275 
0.246825 0.753175 
0.246925 0.753075 
0.247025 0.752975 
0.247125 0.752875 
0.247225 0.752775 
0.247325 0.752675 
0.247425 0.752575 
0.247525 0.752475 
0.247625 0.752375 
0.247725 0.752275 
0.247825 0.752175 
0.247925 0.752075 
0.248025 0.751975 
0.248125 0.751875 
0.248225 0.751775 
0.248325 0.751675 
0.248425 0.751575 
0.248525 0.751475 
0.248625 0.751375 
0.248725 0.751275 
0.248825 0.751175 
0.248925 0.751075 
0.249025 0.750975 
0.249125 0.750875 
0.249225 0.750775 
0.249325 0.750675 
0.249425 0.750575 
0.249525 0.750475 
0.249625 0.750375 
0.249725 0.750275 
0.249825 0.750175 
0.249925 0.750075 
0.750075 0.249925 
0.750175 0.249825 
0.750275 0.249725 
0.750375 0.249625 
0.750475 0.249525 
0.750575 0.249425 
0.750675 0.249325 
0.750775 0.249225 
0.750875 0.249125 
0.750975 0.249025 
0.751075 0.248925 
0.751175 0.248825 
0.751275 0.248725 
0.751375 0.248625 
0.751475 0.248525 
0.751575 0.248425 
0.751675 0.248325 
0.751775 0.248225 
0.751875 0.248125 
0.751975 0.248025 
0.752075 0.247925 
0.752175 0.247825 
0.752275 0.247725 
0.752375 0.247625 
0.752475 0.247525 
0.752575 0.247425 
0.752675 0.247325 
0.752775 0.247225 
0.752875 0.247125 
0.752975 0.247025 
0.753075 0.246925 
0.753175 0.246825 
0.753275 0.246725 
0.753375 0.246625 
0.753475 0.246525 
0.753575 0.246425 
0.753675 0.246325 
0.753775 0.246225 
0.753875 0.246125 
0.753975 0.246025 
0.754075 0.245925 
0.754175 0.245825 
0.754275 0.245725 
0.754375 0.245625 
0.754475 0.245525 
0.754575 0.245425 
0.754675 0.245325 
0.754775 0.245225 
0.754875 0.245125 
0.754975 0.245025 
0.755076 0.244924 
0.755176 0.244824 
0.755276 0.244724 
0.755376 0.244624 
0.755476 0.244524 
0.755576 0.244424 
0.755676 0.244324 
0.755776 0.244224 
0.755876 0.244124 
0.755976 0.244024 
0.756076 0.243924 
0.756176 0.243824 
0.756276 0.243724 
0.756376 0.243624 
0.756476 0.243524 
0.756576 0.243424 
0.756676 0.243324 
0.756776 0.243224 
0.756876 0.243124 
0.756976 0.243024 
0.757076 0.242924 
0.757176 0.242824 
0.757276 0.242724 
0.757376 0.242624 
0.757476 0.242524 
0.757576 0.242424 
0.757676 0.242324 
0.757776 0.242224 
0.757876 0.242124 
0.757976 0.242024 
0.758076 0.241924 
0.758176 0.241824 
0.758276 0.241724 
0.758376 0.241624 
0.758476 0.241524 
0.758576 0.241424 
0.758676 0.241324 
0.758776 0.241224 
0.758876 0.241124 
0.758976 0.241024 
0.759076 0.240924 
0.759176 0.240824 
0.759276 0.240724 
0.759376 0.240624 
0.759476 0.240524 
0.759576 0.240424 
0.759676 0.240324 
0.759776 0.240224 
0.759876 0.240124 
0.759976 0.240024 
0.760076 0.239924 
0.760176 0.239824 
0.760276 0.239724 
0.760376 0.239624 
0.760476 0.239524 
0.760576 0.239424 
0.760676 0.239324 
0.760776 0.239224 
0.760876 0.239124 
0.760976 0.239024 
0.761076 0.238924 
0.761176 0.238824 
0.761276 0.238724 
0.761376 0.238624 
0.761476 0.238524 
0.761576 0.238424 
0.761676 0.238324 
0.761776 0.238224 
0.761876 0.238124 
0.761976 0.238024 
0.762076 0.237924 
0.762176 0.237824 
0.762276 0.237724 
0.762376 0.237624 
0.762476 0.237524 
0.762576 0.237424 
0.762676 0.237324 
0.762776 0.237224 
0.762876 0.237124 
0.762976 0.237024 
0.763076 0.236924 
0.763176 0.236824 
0.763276 0.236724 
0.763376 0.236624 
0.763476 0.236524 
0.763576 0.236424 
0.763676 0.236324 
0.763776 0.236224 
0.763876 0.236124 
0.763976 0.236024 
0.764076 0.235924 
0.764176 0.235824 
0.764276 0.235724 
0.764376 0.235624 
0.764476 0.235524 
0.764576 0.235424 
0.764676 0.235324 
0.764776 0.235224 
0.764876 0.235124 
0.764976 0.235024 
0.765077 0.234923 
0.765177 0.234823 
0.765277 0.234723 
0.765377 0.234623 
0.765477 0.234523 
0.765577 0.234423 
0.765677 0.234323 
0.765777 0.234223 
0.765877 0.234123 
0.765977 0.234023 
0.766077 0.233923 
0.766177 0.233823 
0.766277 0.233723 
0.766377 0.233623 
0.766477 0.233523 
0.766577 0.233423 
0.766677 0.233323 
0.766777 0.233223 
0.766877 0.233123 
0.766977 0.233023 
0.767077 0.232923 
0.767177 0.232823 
0.767277 0.232723 
0.767377 0.232623 
0.767477 0.232523 
0.767577 0.232423 
0.767677 0.232323 
0.767777 0.232223 
0.767877 0.232123 
0.767977 0.232023 
0.768077 0.231923 
0.768177 0.231823 
0.768277 0.231723 
0.768377 0.231623 
0.768477 0.231523 
0.768577 0.231423 
0.768677 0.231323 
0.768777 0.231223 
0.768877 0.231123 
0.768977 0.231023 
0.769077 0.230923 
0.769177 0.230823 
0.769277 0.230723 
0.769377 0.230623 
0.769477 0.230523 
0.769577 0.230423 
0.769677 0.230323 
0.769777 0.230223 
0.769877 0.230123 
0.769977 0.230023 
0.770077 0.229923 
0.770177 0.229823 
0.770277 0.229723 
0.770377 0.229623 
0.770477 0.229523 
0.770577 0.229423 
0.770677 0.229323 
0.770777 0.229223 
0.770877 0.229123 
0.770977 0.229023 
0.771077 0.228923 
0.771177 0.228823 
0.771277 0.228723 
0.771377 0.228623 
0.771477 0.228523 
0.771577 0.228423 
0.771677 0.228323 
0.771777 0.228223 
0.771877 0.228123 
0.771977 0.228023 
0.772077 0.227923 
0.772177 0.227823 
0.772277 0.227723 
0.772377 0.227623 
0.772477 0.227523 
0.772577 0.227423 
0.772677 0.227323 
0.772777 0.227223 
0.772877 0.227123 
0.772977 0.227023 
0.773077 0.226923 
0.773177 0.226823 
0.773277 0.226723 
0.773377 0.226623 
0.773477 0.226523 
0.773577 0.226423 
0.773677 0.226323 
0.773777 0.226223 
0.773877 0.226123 
0.773977 0.226023 
0.774077 0.225923 
0.774177 0.225823 
0.774277 0.225723 
0.774377 0.225623 
0.774477 0.225523 
0.774577 0.225423 
0.774677 0.225323 
0.774777 0.225223 
0.774877 0.225123 
0.774977 0.225023 
0.775078 0.224922 
0.775178 0.224822 
0.775278 0.224722 
0.775378 0.224622 
0.775478 0.224522 
0.775578 0.224422 
0.775678 0.224322 
0.775778 0.224222 
0.775878 0.224122 
0.775978 0.224022 
0.776078 0.223922 
0.776178 0.223822 
0.776278 0.223722 
0.776378 0.223622 
0.776478 0.223522 
0.776578 0.223422 
0.776678 0.223322 
0.776778 0.223222 
0.776878 0.223122 
0.776978 0.223022 
0.777078 0.222922 
0.777178 0.222822 
0.777278 0.222722 
0.777378 0.222622 
0.777478 0.222522 
0.777578 0.222422 
0.777678 0.222322 
0.777778 0.222222 
0.777878 0.222122 
0.777978 0.222022 
0.778078 0.221922 
0.778178 0.221822 
0.778278 0.221722 
0.778378 0.221622 
0.778478 0.221522 
0.778578 0.221422 
0.778678 0.221322 
0.778778 0.221222 
0.778878 0.221122 
0.778978 0.221022 
0.779078 0.220922 
0.779178 0.220822 
0.779278 0.220722 
0.779378 0.220622 
0.779478 0.220522 
0.779578 0.220422 
0.779678 0.220322 
0.779778 0.220222 
0.779878 0.220122 
0.779978 0.220022 
0.780078 0.219922 
0.780178 0.219822 
0.780278 0.219722 
0.780378 0.219622 
0.780478 0.219522 
0.780578 0.219422 
0.780678 0.219322 
0.780778 0.219222 
0.780878 0.219122 
0.780978 0.219022 
0.781078 0.218922 
0.781178 0.218822 
0.781278 0.218722 
0.781378 0.218622 
0.781478 0.218522 
0.781578 0.218422 
0.781678 0.218322 
0.781778 0.218222 
0.781878 0.218122 
0.781978 0.218022 
0.782078 0.217922 
0.782178 0.217822 
0.782278 0.217722 
0.782378 0.217622 
0.782478 0.217522 
0.782578 0.217422 
0.782678 0.217322 
0.782778 0.217222 
0.782878 0.217122 
0.782978 0.217022 
0.783078 0.216922 
0.783178 0.216822 
0.783278 0.216722 
0.783378 0.216622 
0.783478 0.216522 
0.783578 0.216422 
0.783678 0.216322 
0.783778 0.216222 
0.783878 0.216122 
0.783978 0.216022 
0.784078 0.215922 
0.784178 0.215822 
0.784278 0.215722 
0.784378 0.215622 
0.784478 0.215522 
0.784578 0.215422 
0.784678 0.215322 
0.784778 0.215222 
0.784878 0.215122 
0.784978 0.215022 
0.785079 0.214921 
0.785179 0.214821 
0.785279 0.214721 
0.785379 0.214621 
0.785479 0.214521 
0.785579 0.214421 
0.785679 0.214321 
0.785779 0.214221 
0.785879 0.214121 
0.785979 0.214021 
0.786079 0.213921 
0.786179 0.213821 
0.786279 0.213721 
0.786379 0.213621 
0.786479 0.213521 
0.786579 0.213421 
0.786679 0.213321 
0.786779 0.213221 
0.786879 0.213121 
0.786979 0.213021 
0.787079 0.212921 
0.787179 0.212821 
0.787279 0.212721 
0.787379 0.212621 
0.787479 0.212521 
0.787579 0.212421 
0.787679 0.212321 
0.787779 0.212221 
0.787879 0.212121 
0.787979 0.212021 
0.788079 0.211921 
0.788179 0.211821 
0.788279 0.211721 
0.788379 0.211621 
0.788479 0.211521 
0.788579 0.211421 
0.788679 0.211321 
0.788779 0.211221 
0.788879 0.211121 
0.788979 0.211021 
0.789079 0.210921 
0.789179 0.210821 
0.789279 0.210721 
0.789379 0.210621 
0.789479 0.210521 
0.789579 0.210421 
0.789679 0.210321 
0.789779 0.210221 
0.789879 0.210121 
0.789979 0.210021 
0.790079 0.209921 
0.790179 0.209821 
0.790279 0.209721 
0.790379 0.209621 
0.790479 0.209521 
0.790579 0.209421 
0.790679 0.209321 
0.790779 0.209221 
0.790879 0.209121 
0.790979 0.209021 
0.791079 0.208921 
0.791179 0.208821 
0.791279 0.208721 
0.791379 0.208621 
0.791479 0.208521 
0.791579 0.208421 
0.791679 0.208321 
0.791779 0.208221 
0.791879 0.208121 
0.791979 0.208021 
0.792079 0.207921 
0.792179 0.207821 
0.792279 0.207721 
0.792379 0.207621 
0.792479 0.207521 
0.792579 0.207421 
0.792679 0.207321 
0.792779 0.207221 
0.792879 0.207121 
0.792979 0.207021 
0.793079 0.206921 
0.793179 0.206821 
0.793279 0.206721 
0.793379 0.206621 
0.793479 0.206521 
0.793579 0.206421 
0.793679 0.206321 
0.793779 0.206221 
0.793879 0.206121 
0.793979 0.206021 
0.794079 0.205921 
0.794179 0.205821 
0.794279 0.205721 
0.794379 0.205621 
0.794479 0.205521 
0.794579 0.205421 
0.794679 0.205321 
0.794779 0.205221 
0.794879 0.205121 
0.794979 0.205021 
0.79508 0.20492 
0.79518 0.20482 
0.79528 0.20472 
0.79538 0.20462 
0.79548 0.20452 
0.79558 0.20442 
0.79568 0.20432 
0.79578 0.20422 
0.79588 0.20412 
0.79598 0.20402 
0.79608 0.20392 
0.79618 0.20382 
0.79628 0.20372 
0.79638 0.20362 
0.79648 0.20352 
0.79658 0.20342 
0.79668 0.20332 
0.79678 0.20322 
0.79688 0.20312 
0.79698 0.20302 
0.79708 0.20292 
0.79718 0.20282 
0.79728 0.20272 
0.79738 0.20262 
0.79748 0.20252 
0.79758 0.20242 
0.79768 0.20232 
0.79778 0.20222 
0.79788 0.20212 
0.79798 0.20202 
0.79808 0.20192 
0.79818 0.20182 
0.79828 0.20172 
0.79838 0.20162 
0.79848 0.20152 
0.79858 0.20142 
0.79868 0.20132 
0.79878 0.20122 
0.79888 0.20112 
0.79898 0.20102 
0.79908 0.20092 
0.79918 0.20082 
0.79928 0.20072 
0.79938 0.20062 
0.79948 0.20052 
0.79958 0.20042 
0.79968 0.20032 
0.79978 0.20022 
0.79988 0.20012 
0.79998 0.20002 
0.80008 0.19992 
0.80018 0.19982 
0.80028 0.19972 
0.80038 0.19962 
0.80048 0.19952 
0.80058 0.19942 
0.80068 0.19932 
0.80078 0.19922 
0.80088 0.19912 
0.80098 0.19902 
0.80108 0.19892 
0.80118 0.19882 
0.80128 0.19872 
0.80138 0.19862 
0.80148 0.19852 
0.80158 0.19842 
0.80168 0.19832 
0.80178 0.19822 
0.80188 0.19812 
0.80198 0.19802 
0.80208 0.19792 
0.80218 0.19782 
0.80228 0.19772 
0.80238 0.19762 
0.80248 0.19752 
0.80258 0.19742 
0.80268 0.19732 
0.80278 0.19722 
0.80288 0.19712 
0.80298 0.19702 
0.80308 0.19692 
0.80318 0.19682 
0.80328 0.19672 
0.80338 0.19662 
0.80348 0.19652 
0.80358 0.19642 
0.80368 0.19632 
0.80378 0.19622 
0.80388 0.19612 
0.80398 0.19602 
0.80408 0.19592 
0.80418 0.19582 
0.80428 0.19572 
0.80438 0.19562 
0.80448 0.19552 
0.80458 0.19542 
0.80468 0.19532 
0.80478 0.19522 
0.80488 0.19512 
0.80498 0.19502 
0.805081 0.194919 
0.805181 0.194819 
0.805281 0.194719 
0.805381 0.194619 
0.805481 0.194519 
0.805581 0.194419 
0.805681 0.194319 
0.805781 0.194219 
0.805881 0.194119 
0.805981 0.194019 
0.806081 0.193919 
0.806181 0.193819 
0.806281 0.193719 
0.806381 0.193619 
0.806481 0.193519 
0.806581 0.193419 
0.806681 0.193319 
0.806781 0.193219 
0.806881 0.193119 
0.806981 0.193019 
0.807081 0.192919 
0.807181 0.192819 
0.807281 0.192719 
0.807381 0.192619 
0.807481 0.192519 
0.807581 0.192419 
0.807681 0.192319 
0.807781 0.192219 
0.807881 0.192119 
0.807981 0.192019 
0.808081 0.191919 
0.808181 0.191819 
0.808281 0.191719 
0.808381 0.191619 
0.808481 0.191519 
0.808581 0.191419 
0.808681 0.191319 
0.808781 0.191219 
0.808881 0.191119 
0.808981 0.191019 
0.809081 0.190919 
0.809181 0.190819 
0.809281 0.190719 
0.809381 0.190619 
0.809481 0.190519 
0.809581 0.190419 
0.809681 0.190319 
0.809781 0.190219 
0.809881 0.190119 
0.809981 0.190019 
0.810081 0.189919 
0.810181 0.189819 
0.810281 0.189719 
0.810381 0.189619 
0.810481 0.189519 
0.810581 0.189419 
0.810681 0.189319 
0.810781 0.189219 
0.810881 0.189119 
0.810981 0.189019 
0.811081 0.188919 
0.811181 0.188819 
0.811281 0.188719 
0.811381 0.188619 
0.811481 0.188519 
0.811581 0.188419 
0.811681 0.188319 
0.811781 0.188219 
0.811881 0.188119 
0.811981 0.188019 
0.812081 0.187919 
0.812181 0.187819 
0.812281 0.187719 
0.812381 0.187619 
0.812481 0.187519 
0.812581 0.187419 
0.812681 0.187319 
0.812781 0.187219 
0.812881 0.187119 
0.812981 0.187019 
0.813081 0.186919 
0.813181 0.186819 
0.813281 0.186719 
0.813381 0.186619 
0.813481 0.186519 
0.813581 0.186419 
0.813681 0.186319 
0.813781 0.186219 
0.813881 0.186119 
0.813981 0.186019 
0.814081 0.185919 
0.814181 0.185819 
0.814281 0.185719 
0.814381 0.185619 
0.814481 0.185519 
0.814581 0.185419 
0.814681 0.185319 
0.814781 0.185219 
0.814881 0.185119 
0.814981 0.185019 
0.815082 0.184918 
0.815182 0.184818 
0.815282 0.184718 
0.815382 0.184618 
0.815482 0.184518 
0.815582 0.184418 
0.815682 0.184318 
0.815782 0.184218 
0.815882 0.184118 
0.815982 0.184018 
0.816082 0.183918 
0.816182 0.183818 
0.816282 0.183718 
0.816382 0.183618 
0.816482 0.183518 
0.816582 0.183418 
0.816682 0.183318 
0.816782 0.183218 
0.816882 0.183118 
0.816982 0.183018 
0.817082 0.182918 
0.817182 0.182818 
0.817282 0.182718 
0.817382 0.182618 
0.817482 0.182518 
0.817582 0.182418 
0.817682 0.182318 
0.817782 0.182218 
0.817882 0.182118 
0.817982 0.182018 
0.818082 0.181918 
0.818182 0.181818 
0.818282 0.181718 
0.818382 0.181618 
0.818482 0.181518 
0.818582 0.181418 
0.818682 0.181318 
0.818782 0.181218 
0.818882 0.181118 
0.818982 0.181018 
0.819082 0.180918 
0.819182 0.180818 
0.819282 0.180718 
0.819382 0.180618 
0.819482 0.180518 
0.819582 0.180418 
0.819682 0.180318 
0.819782 0.180218 
0.819882 0.180118 
0.819982 0.180018 
0.820082 0.179918 
0.820182 0.179818 
0.820282 0.179718 
0.820382 0.179618 
0.820482 0.179518 
0.820582 0.179418 
0.820682 0.179318 
0.820782 0.179218 
0.820882 0.179118 
0.820982 0.179018 
0.821082 0.178918 
0.821182 0.178818 
0.821282 0.178718 
0.821382 0.178618 
0.821482 0.178518 
0.821582 0.178418 
0.821682 0.178318 
0.821782 0.178218 
0.821882 0.178118 
0.821982 0.178018 
0.822082 0.177918 
0.822182 0.177818 
0.822282 0.177718 
0.822382 0.177618 
0.822482 0.177518 
0.822582 0.177418 
0.822682 0.177318 
0.822782 0.177218 
0.822882 0.177118 
0.822982 0.177018 
0.823082 0.176918 
0.823182 0.176818 
0.823282 0.176718 
0.823382 0.176618 
0.823482 0.176518 
0.823582 0.176418 
0.823682 0.176318 
0.823782 0.176218 
0.823882 0.176118 
0.823982 0.176018 
0.824082 0.175918 
0.824182 0.175818 
0.824282 0.175718 
0.824382 0.175618 
0.824482 0.175518 
0.824582 0.175418 
0.824682 0.175318 
0.824782 0.175218 
0.824882 0.175118 
0.824982 0.175018 
0.825083 0.174917 
0.825183 0.174817 
0.825283 0.174717 
0.825383 0.174617 
0.825483 0.174517 
0.825583 0.174417 
0.825683 0.174317 
0.825783 0.174217 
0.825883 0.174117 
0.825983 0.174017 
0.826083 0.173917 
0.826183 0.173817 
0.826283 0.173717 
0.826383 0.173617 
0.826483 0.173517 
0.826583 0.173417 
0.826683 0.173317 
0.826783 0.173217 
0.826883 0.173117 
0.826983 0.173017 
0.827083 0.172917 
0.827183 0.172817 
0.827283 0.172717 
0.827383 0.172617 
0.827483 0.172517 
0.827583 0.172417 
0.827683 0.172317 
0.827783 0.172217 
0.827883 0.172117 
0.827983 0.172017 
0.828083 0.171917 
0.828183 0.171817 
0.828283 0.171717 
0.828383 0.171617 
0.828483 0.171517 
0.828583 0.171417 
0.828683 0.171317 
0.828783 0.171217 
0.828883 0.171117 
0.828983 0.171017 
0.829083 0.170917 
0.829183 0.170817 
0.829283 0.170717 
0.829383 0.170617 
0.829483 0.170517 
0.829583 0.170417 
0.829683 0.170317 
0.829783 0.170217 
0.829883 0.170117 
0.829983 0.170017 
0.830083 0.169917 
0.830183 0.169817 
0.830283 0.169717 
0.830383 0.169617 
0.830483 0.169517 
0.830583 0.169417 
0.830683 0.169317 
0.830783 0.169217 
0.830883 0.169117 
0.830983 0.169017 
0.831083 0.168917 
0.831183 0.168817 
0.831283 0.168717 
0.831383 0.168617 
0.831483 0.168517 
0.831583 0.168417 
0.831683 0.168317 
0.831783 0.168217 
0.831883 0.168117 
0.831983 0.168017 
0.832083 0.167917 
0.832183 0.167817 
0.832283 0.167717 
0.832383 0.167617 
0.832483 0.167517 
0.832583 0.167417 
0.832683 0.167317 
0.832783 0.167217 
0.832883 0.167117 
0.832983 0.167017 
0.833083 0.166917 
0.833183 0.166817 
0.833283 0.166717 
0.833383 0.166617 
0.833483 0.166517 
0.833583 0.166417 
0.833683 0.166317 
0.833783 0.166217 
0.833883 0.166117 
0.833983 0.166017 
0.834083 0.165917 
0.834183 0.165817 
0.834283 0.165717 
0.834383 0.165617 
0.834483 0.165517 
0.834583 0.165417 
0.834683 0.165317 
0.834783 0.165217 
0.834883 0.165117 
0.834983 0.165017 
0.835084 0.164916 
0.835184 0.164816 
0.835284 0.164716 
0.835384 0.164616 
0.835484 0.164516 
0.835584 0.164416 
0.835684 0.164316 
0.835784 0.164216 
0.835884 0.164116 
0.835984 0.164016 
0.836084 0.163916 
0.836184 0.163816 
0.836284 0.163716 
0.836384 0.163616 
0.836484 0.163516 
0.836584 0.163416 
0.836684 0.163316 
0.836784 0.163216 
0.836884 0.163116 
0.836984 0.163016 
0.837084 0.162916 
0.837184 0.162816 
0.837284 0.162716 
0.837384 0.162616 
0.837484 0.162516 
0.837584 0.162416 
0.837684 0.162316 
0.837784 0.162216 
0.837884 0.162116 
0.837984 0.162016 
0.838084 0.161916 
0.838184 0.161816 
0.838284 0.161716 
0.838384 0.161616 
0.838484 0.161516 
0.838584 0.161416 
0.838684 0.161316 
0.838784 0.161216 
0.838884 0.161116 
0.838984 0.161016 
0.839084 0.160916 
0.839184 0.160816 
0.839284 0.160716 
0.839384 0.160616 
0.839484 0.160516 
0.839584 0.160416 
0.839684 0.160316 
0.839784 0.160216 
0.839884 0.160116 
0.839984 0.160016 
0.840084 0.159916 
0.840184 0.159816 
0.840284 0.159716 
0.840384 0.159616 
0.840484 0.159516 
0.840584 0.159416 
0.840684 0.159316 
0.840784 0.159216 
0.840884 0.159116 
0.840984 0.159016 
0.841084 0.158916 
0.841184 0.158816 
0.841284 0.158716 
0.841384 0.158616 
0.841484 0.158516 
0.841584 0.158416 
0.841684 0.158316 
0.841784 0.158216 
0.841884 0.158116 
0.841984 0.158016 
0.842084 0.157916 
0.842184 0.157816 
0.842284 0.157716 
0.842384 0.157616 
0.842484 0.157516 
0.842584 0.157416 
0.842684 0.157316 
0.842784 0.157216 
0.842884 0.157116 
0.842984 0.157016 
0.843084 0.156916 
0.843184 0.156816 
0.843284 0.156716 
0.843384 0.156616 
0.843484 0.156516 
0.843584 0.156416 
0.843684 0.156316 
0.843784 0.156216 
0.843884 0.156116 
0.843984 0.156016 
0.844084 0.155916 
0.844184 0.155816 
0.844284 0.155716 
0.844384 0.155616 
0.844484 0.155516 
0.844584 0.155416 
0.844684 0.155316 
0.844784 0.155216 
0.844884 0.155116 
0.844984 0.155016 
0.845085 0.154915 
0.845185 0.154815 
0.845285 0.154715 
0.845385 0.154615 
0.845485 0.154515 
0.845585 0.154415 
0.845685 0.154315 
0.845785 0.154215 
0.845885 0.154115 
0.845985 0.154015 
0.846085 0.153915 
0.846185 0.153815 
0.846285 0.153715 
0.846385 0.153615 
0.846485 0.153515 
0.846585 0.153415 
0.846685 0.153315 
0.846785 0.153215 
0.846885 0.153115 
0.846985 0.153015 
0.847085 0.152915 
0.847185 0.152815 
0.847285 0.152715 
0.847385 0.152615 
0.847485 0.152515 
0.847585 0.152415 
0.847685 0.152315 
0.847785 0.152215 
0.847885 0.152115 
0.847985 0.152015 
0.848085 0.151915 
0.848185 0.151815 
0.848285 0.151715 
0.848385 0.151615 
0.848485 0.151515 
0.848585 0.151415 
0.848685 0.151315 
0.848785 0.151215 
0.848885 0.151115 
0.848985 0.151015 
0.849085 0.150915 
0.849185 0.150815 
0.849285 0.150715 
0.849385 0.150615 
0.849485 0.150515 
0.849585 0.150415 
0.849685 0.150315 
0.849785 0.150215 
0.849885 0.150115 
0.849985 0.150015 
0.850085 0.149915 
0.850185 0.149815 
0.850285 0.149715 
0.850385 0.149615 
0.850485 0.149515 
0.850585 0.149415 
0.850685 0.149315 
0.850785 0.149215 
0.850885 0.149115 
0.850985 0.149015 
0.851085 0.148915 
0.851185 0.148815 
0.851285 0.148715 
0.851385 0.148615 
0.851485 0.148515 
0.851585 0.148415 
0.851685 0.148315 
0.851785 0.148215 
0.851885 0.148115 
0.851985 0.148015 
0.852085 0.147915 
0.852185 0.147815 
0.852285 0.147715 
0.852385 0.147615 
0.852485 0.147515 
0.852585 0.147415 
0.852685 0.147315 
0.852785 0.147215 
0.852885 0.147115 
0.852985 0.147015 
0.853085 0.146915 
0.853185 0.146815 
0.853285 0.146715 
0.853385 0.146615 
0.853485 0.146515 
0.853585 0.146415 
0.853685 0.146315 
0.853785 0.146215 
0.853885 0.146115 
0.853985 0.146015 
0.854085 0.145915 
0.854185 0.145815 
0.854285 0.145715 
0.854385 0.145615 
0.854485 0.145515 
0.854585 0.145415 
0.854685 0.145315 
0.854785 0.145215 
0.854885 0.145115 
0.854985 0.145015 
0.855086 0.144914 
0.855186 0.144814 
0.855286 0.144714 
0.855386 0.144614 
0.855486 0.144514 
0.855586 0.144414 
0.855686 0.144314 
0.855786 0.144214 
0.855886 0.144114 
0.855986 0.144014 
0.856086 0.143914 
0.856186 0.143814 
0.856286 0.143714 
0.856386 0.143614 
0.856486 0.143514 
0.856586 0.143414 
0.856686 0.143314 
0.856786 0.143214 
0.856886 0.143114 
0.856986 0.143014 
0.857086 0.142914 
0.857186 0.142814 
0.857286 0.142714 
0.857386 0.142614 
0.857486 0.142514 
0.857586 0.142414 
0.857686 0.142314 
0.857786 0.142214 
0.857886 0.142114 
0.857986 0.142014 
0.858086 0.141914 
0.858186 0.141814 
0.858286 0.141714 
0.858386 0.141614 
0.858486 0.141514 
0.858586 0.141414 
0.858686 0.141314 
0.858786 0.141214 
0.858886 0.141114 
0.858986 0.141014 
0.859086 0.140914 
0.859186 0.140814 
0.859286 0.140714 
0.859386 0.140614 
0.859486 0.140514 
0.859586 0.140414 
0.859686 0.140314 
0.859786 0.140214 
0.859886 0.140114 
0.859986 0.140014 
0.860086 0.139914 
0.860186 0.139814 
0.860286 0.139714 
0.860386 0.139614 
0.860486 0.139514 
0.860586 0.139414 
0.860686 0.139314 
0.860786 0.139214 
0.860886 0.139114 
0.860986 0.139014 
0.861086 0.138914 
0.861186 0.138814 
0.861286 0.138714 
0.861386 0.138614 
0.861486 0.138514 
0.861586 0.138414 
0.861686 0.138314 
0.861786 0.138214 
0.861886 0.138114 
0.861986 0.138014 
0.862086 0.137914 
0.862186 0.137814 
0.862286 0.137714 
0.862386 0.137614 
0.862486 0.137514 
0.862586 0.137414 
0.862686 0.137314 
0.862786 0.137214 
0.862886 0.137114 
0.862986 0.137014 
0.863086 0.136914 
0.863186 0.136814 
0.863286 0.136714 
0.863386 0.136614 
0.863486 0.136514 
0.863586 0.136414 
0.863686 0.136314 
0.863786 0.136214 
0.863886 0.136114 
0.863986 0.136014 
0.864086 0.135914 
0.864186 0.135814 
0.864286 0.135714 
0.864386 0.135614 
0.864486 0.135514 
0.864586 0.135414 
0.864686 0.135314 
0.864786 0.135214 
0.864886 0.135114 
0.864986 0.135014 
0.865087 0.134913 
0.865187 0.134813 
0.865287 0.134713 
0.865387 0.134613 
0.865487 0.134513 
0.865587 0.134413 
0.865687 0.134313 
0.865787 0.134213 
0.865887 0.134113 
0.865987 0.134013 
0.866087 0.133913 
0.866187 0.133813 
0.866287 0.133713 
0.866387 0.133613 
0.866487 0.133513 
0.866587 0.133413 
0.866687 0.133313 
0.866787 0.133213 
0.866887 0.133113 
0.866987 0.133013 
0.867087 0.132913 
0.867187 0.132813 
0.867287 0.132713 
0.867387 0.132613 
0.867487 0.132513 
0.867587 0.132413 
0.867687 0.132313 
0.867787 0.132213 
0.867887 0.132113 
0.867987 0.132013 
0.868087 0.131913 
0.868187 0.131813 
0.868287 0.131713 
0.868387 0.131613 
0.868487 0.131513 
0.868587 0.131413 
0.868687 0.131313 
0.868787 0.131213 
0.868887 0.131113 
0.868987 0.131013 
0.869087 0.130913 
0.869187 0.130813 
0.869287 0.130713 
0.869387 0.130613 
0.869487 0.130513 
0.869587 0.130413 
0.869687 0.130313 
0.869787 0.130213 
0.869887 0.130113 
0.869987 0.130013 
0.870087 0.129913 
0.870187 0.129813 
0.870287 0.129713 
0.870387 0.129613 
0.870487 0.129513 
0.870587 0.129413 
0.870687 0.129313 
0.870787 0.129213 
0.870887 0.129113 
0.870987 0.129013 
0.871087 0.128913 
0.871187 0.128813 
0.871287 0.128713 
0.871387 0.128613 
0.871487 0.128513 
0.871587 0.128413 
0.871687 0.128313 
0.871787 0.128213 
0.871887 0.128113 
0.871987 0.128013 
0.872087 0.127913 
0.872187 0.127813 
0.872287 0.127713 
0.872387 0.127613 
0.872487 0.127513 
0.872587 0.127413 
0.872687 0.127313 
0.872787 0.127213 
0.872887 0.127113 
0.872987 0.127013 
0.873087 0.126913 
0.873187 0.126813 
0.873287 0.126713 
0.873387 0.126613 
0.873487 0.126513 
0.873587 0.126413 
0.873687 0.126313 
0.873787 0.126213 
0.873887 0.126113 
0.873987 0.126013 
0.874087 0.125913 
0.874187 0.125813 
0.874287 0.125713 
0.874387 0.125613 
0.874487 0.125513 
0.874587 0.125413 
0.874687 0.125313 
0.874787 0.125213 
0.874887 0.125113 
0.874987 0.125013 
0.875088 0.124912 
0.875188 0.124812 
0.875288 0.124712 
0.875388 0.124612 
0.875488 0.124512 
0.875588 0.124412 
0.875688 0.124312 
0.875788 0.124212 
0.875888 0.124112 
0.875988 0.124012 
0.876088 0.123912 
0.876188 0.123812 
0.876288 0.123712 
0.876388 0.123612 
0.876488 0.123512 
0.876588 0.123412 
0.876688 0.123312 
0.876788 0.123212 
0.876888 0.123112 
0.876988 0.123012 
0.877088 0.122912 
0.877188 0.122812 
0.877288 0.122712 
0.877388 0.122612 
0.877488 0.122512 
0.877588 0.122412 
0.877688 0.122312 
0.877788 0.122212 
0.877888 0.122112 
0.877988 0.122012 
0.878088 0.121912 
0.878188 0.121812 
0.878288 0.121712 
0.878388 0.121612 
0.878488 0.121512 
0.878588 0.121412 
0.878688 0.121312 
0.878788 0.121212 
0.878888 0.121112 
0.878988 0.121012 
0.879088 0.120912 
0.879188 0.120812 
0.879288 0.120712 
0.879388 0.120612 
0.879488 0.120512 
0.879588 0.120412 
0.879688 0.120312 
0.879788 0.120212 
0.879888 0.120112 
0.879988 0.120012 
0.880088 0.119912 
0.880188 0.119812 
0.880288 0.119712 
0.880388 0.119612 
0.880488 0.119512 
0.880588 0.119412 
0.880688 0.119312 
0.880788 0.119212 
0.880888 0.119112 
0.880988 0.119012 
0.881088 0.118912 
0.881188 0.118812 
0.881288 0.118712 
0.881388 0.118612 
0.881488 0.118512 
0.881588 0.118412 
0.881688 0.118312 
0.881788 0.118212 
0.881888 0.118112 
0.881988 0.118012 
0.882088 0.117912 
0.882188 0.117812 
0.882288 0.117712 
0.882388 0.117612 
0.882488 0.117512 
0.882588 0.117412 
0.882688 0.117312 
0.882788 0.117212 
0.882888 0.117112 
0.882988 0.117012 
0.883088 0.116912 
0.883188 0.116812 
0.883288 0.116712 
0.883388 0.116612 
0.883488 0.116512 
0.883588 0.116412 
0.883688 0.116312 
0.883788 0.116212 
0.883888 0.116112 
0.883988 0.116012 
0.884088 0.115912 
0.884188 0.115812 
0.884288 0.115712 
0.884388 0.115612 
0.884488 0.115512 
0.884588 0.115412 
0.884688 0.115312 
0.884788 0.115212 
0.884888 0.115112 
0.884988 0.115012 
0.885089 0.114911 
0.885189 0.114811 
0.885289 0.114711 
0.885389 0.114611 
0.885489 0.114511 
0.885589 0.114411 
0.885689 0.114311 
0.885789 0.114211 
0.885889 0.114111 
0.885989 0.114011 
0.886089 0.113911 
0.886189 0.113811 
0.886289 0.113711 
0.886389 0.113611 
0.886489 0.113511 
0.886589 0.113411 
0.886689 0.113311 
0.886789 0.113211 
0.886889 0.113111 
0.886989 0.113011 
0.887089 0.112911 
0.887189 0.112811 
0.887289 0.112711 
0.887389 0.112611 
0.887489 0.112511 
0.887589 0.112411 
0.887689 0.112311 
0.887789 0.112211 
0.887889 0.112111 
0.887989 0.112011 
0.888089 0.111911 
0.888189 0.111811 
0.888289 0.111711 
0.888389 0.111611 
0.888489 0.111511 
0.888589 0.111411 
0.888689 0.111311 
0.888789 0.111211 
0.888889 0.111111 
0.888989 0.111011 
0.889089 0.110911 
0.889189 0.110811 
0.889289 0.110711 
0.889389 0.110611 
0.889489 0.110511 
0.889589 0.110411 
0.889689 0.110311 
0.889789 0.110211 
0.889889 0.110111 
0.889989 0.110011 
0.890089 0.109911 
0.890189 0.109811 
0.890289 0.109711 
0.890389 0.109611 
0.890489 0.109511 
0.890589 0.109411 
0.890689 0.109311 
0.890789 0.109211 
0.890889 0.109111 
0.890989 0.109011 
0.891089 0.108911 
0.891189 0.108811 
0.891289 0.108711 
0.891389 0.108611 
0.891489 0.108511 
0.891589 0.108411 
0.891689 0.108311 
0.891789 0.108211 
0.891889 0.108111 
0.891989 0.108011 
0.892089 0.107911 
0.892189 0.107811 
0.892289 0.107711 
0.892389 0.107611 
0.892489 0.107511 
0.892589 0.107411 
0.892689 0.107311 
0.892789 0.107211 
0.892889 0.107111 
0.892989 0.107011 
0.893089 0.106911 
0.893189 0.106811 
0.893289 0.106711 
0.893389 0.106611 
0.893489 0.106511 
0.893589 0.106411 
0.893689 0.106311 
0.893789 0.106211 
0.893889 0.106111 
0.893989 0.106011 
0.894089 0.105911 
0.894189 0.105811 
0.894289 0.105711 
0.894389 0.105611 
0.894489 0.105511 
0.894589 0.105411 
0.894689 0.105311 
0.894789 0.105211 
0.894889 0.105111 
0.894989 0.105011 
0.89509 0.10491 
0.89519 0.10481 
0.89529 0.10471 
0.89539 0.10461 
0.89549 0.10451 
0.89559 0.10441 
0.89569 0.10431 
0.89579 0.10421 
0.89589 0.10411 
0.89599 0.10401 
0.89609 0.10391 
0.89619 0.10381 
0.89629 0.10371 
0.89639 0.10361 
0.89649 0.10351 
0.89659 0.10341 
0.89669 0.10331 
0.89679 0.10321 
0.89689 0.10311 
0.89699 0.10301 
0.89709 0.10291 
0.89719 0.10281 
0.89729 0.10271 
0.89739 0.10261 
0.89749 0.10251 
0.89759 0.10241 
0.89769 0.10231 
0.89779 0.10221 
0.89789 0.10211 
0.89799 0.10201 
0.89809 0.10191 
0.89819 0.10181 
0.89829 0.10171 
0.89839 0.10161 
0.89849 0.10151 
0.89859 0.10141 
0.89869 0.10131 
0.89879 0.10121 
0.89889 0.10111 
0.89899 0.10101 
0.89909 0.10091 
0.89919 0.10081 
0.89929 0.10071 
0.89939 0.10061 
0.89949 0.10051 
0.89959 0.10041 
0.89969 0.10031 
0.89979 0.10021 
0.89989 0.10011 
0.89999 0.10001 
0.90009 0.09991 
0.90019 0.09981 
0.90029 0.09971 
0.90039 0.09961 
0.90049 0.09951 
0.90059 0.0994099 
0.90069 0.0993099 
0.90079 0.0992099 
0.90089 0.0991099 
0.90099 0.0990099 
0.90109 0.0989099 
0.90119 0.0988099 
0.90129 0.0987099 
0.90139 0.0986099 
0.90149 0.0985099 
0.90159 0.0984098 
0.90169 0.0983098 
0.90179 0.0982098 
0.90189 0.0981098 
0.90199 0.0980098 
0.90209 0.0979098 
0.90219 0.0978098 
0.90229 0.0977098 
0.90239 0.0976098 
0.90249 0.0975098 
0.90259 0.0974097 
0.90269 0.0973097 
0.90279 0.0972097 
0.90289 0.0971097 
0.90299 0.0970097 
0.90309 0.0969097 
0.90319 0.0968097 
0.90329 0.0967097 
0.90339 0.0966097 
0.90349 0.0965097 
0.90359 0.0964096 
0.90369 0.0963096 
0.90379 0.0962096 
0.90389 0.0961096 
0.90399 0.0960096 
0.90409 0.0959096 
0.90419 0.0958096 
0.90429 0.0957096 
0.90439 0.0956096 
0.90449 0.0955096 
0.90459 0.0954095 
0.90469 0.0953095 
0.90479 0.0952095 
0.90489 0.0951095 
0.90499 0.0950095 
0.905091 0.0949095 
0.905191 0.0948095 
0.905291 0.0947095 
0.905391 0.0946095 
0.905491 0.0945095 
0.905591 0.0944094 
0.905691 0.0943094 
0.905791 0.0942094 
0.905891 0.0941094 
0.905991 0.0940094 
0.906091 0.0939094 
0.906191 0.0938094 
0.906291 0.0937094 
0.906391 0.0936094 
0.906491 0.0935094 
0.906591 0.0934093 
0.906691 0.0933093 
0.906791 0.0932093 
0.906891 0.0931093 
0.906991 0.0930093 
0.907091 0.0929093 
0.907191 0.0928093 
0.907291 0.0927093 
0.907391 0.0926093 
0.907491 0.0925093 
0.907591 0.0924092 
0.907691 0.0923092 
0.907791 0.0922092 
0.907891 0.0921092 
0.907991 0.0920092 
0.908091 0.0919092 
0.908191 0.0918092 
0.908291 0.0917092 
0.908391 0.0916092 
0.908491 0.0915092 
0.908591 0.0914091 
0.908691 0.0913091 
0.908791 0.0912091 
0.908891 0.0911091 
0.908991 0.0910091 
0.909091 0.0909091 
0.909191 0.0908091 
0.909291 0.0907091 
0.909391 0.0906091 
0.909491 0.0905091 
0.909591 0.090409 
0.909691 0.090309 
0.909791 0.090209 
0.909891 0.090109 
0.909991 0.090009 
0.910091 0.089909 
0.910191 0.089809 
0.910291 0.089709 
0.910391 0.089609 
0.910491 0.089509 
0.910591 0.0894089 
0.910691 0.0893089 
0.910791 0.0892089 
0.910891 0.0891089 
0.910991 0.0890089 
0.911091 0.0889089 
0.911191 0.0888089 
0.911291 0.0887089 
0.911391 0.0886089 
0.911491 0.0885089 
0.911591 0.0884088 
0.911691 0.0883088 
0.911791 0.0882088 
0.911891 0.0881088 
0.911991 0.0880088 
0.912091 0.0879088 
0.912191 0.0878088 
0.912291 0.0877088 
0.912391 0.0876088 
0.912491 0.0875088 
0.912591 0.0874087 
0.912691 0.0873087 
0.912791 0.0872087 
0.912891 0.0871087 
0.912991 0.0870087 
0.913091 0.0869087 
0.913191 0.0868087 
0.913291 0.0867087 
0.913391 0.0866087 
0.913491 0.0865087 
0.913591 0.0864086 
0.913691 0.0863086 
0.913791 0.0862086 
0.913891 0.0861086 
0.913991 0.0860086 
0.914091 0.0859086 
0.914191 0.0858086 
0.914291 0.0857086 
0.914391 0.0856086 
0.914491 0.0855086 
0.914591 0.0854085 
0.914691 0.0853085 
0.914791 0.0852085 
0.914891 0.0851085 
0.914991 0.0850085 
0.915092 0.0849085 
0.915192 0.0848085 
0.915292 0.0847085 
0.915392 0.0846085 
0.915492 0.0845085 
0.915592 0.0844084 
0.915692 0.0843084 
0.915792 0.0842084 
0.915892 0.0841084 
0.915992 0.0840084 
0.916092 0.0839084 
0.916192 0.0838084 
0.916292 0.0837084 
0.916392 0.0836084 
0.916492 0.0835084 
0.916592 0.0834083 
0.916692 0.0833083 
0.916792 0.0832083 
0.916892 0.0831083 
0.916992 0.0830083 
0.917092 0.0829083 
0.917192 0.0828083 
0.917292 0.0827083 
0.917392 0.0826083 
0.917492 0.0825083 
0.917592 0.0824082 
0.917692 0.0823082 
0.917792 0.0822082 
0.917892 0.0821082 
0.917992 0.0820082 
0.918092 0.0819082 
0.918192 0.0818082 
0.918292 0.0817082 
0.918392 0.0816082 
0.918492 0.0815082 
0.918592 0.0814081 
0.918692 0.0813081 
0.918792 0.0812081 
0.918892 0.0811081 
0.918992 0.0810081 
0.919092 0.0809081 
0.919192 0.0808081 
0.919292 0.0807081 
0.919392 0.0806081 
0.919492 0.0805081 
0.919592 0.080408 
0.919692 0.080308 
0.919792 0.080208 
0.919892 0.080108 
0.919992 0.080008 
0.920092 0.079908 
0.920192 0.079808 
0.920292 0.079708 
0.920392 0.079608 
0.920492 0.079508 
0.920592 0.0794079 
0.920692 0.0793079 
0.920792 0.0792079 
0.920892 0.0791079 
0.920992 0.0790079 
0.921092 0.0789079 
0.921192 0.0788079 
0.921292 0.0787079 
0.921392 0.0786079 
0.921492 0.0785079 
0.921592 0.0784078 
0.921692 0.0783078 
0.921792 0.0782078 
0.921892 0.0781078 
0.921992 0.0780078 
0.922092 0.0779078 
0.922192 0.0778078 
0.922292 0.0777078 
0.922392 0.0776078 
0.922492 0.0775078 
0.922592 0.0774077 
0.922692 0.0773077 
0.922792 0.0772077 
0.922892 0.0771077 
0.922992 0.0770077 
0.923092 0.0769077 
0.923192 0.0768077 
0.923292 0.0767077 
0.923392 0.0766077 
0.923492 0.0765077 
0.923592 0.0764076 
0.923692 0.0763076 
0.923792 0.0762076 
0.923892 0.0761076 
0.923992 0.0760076 
0.924092 0.0759076 
0.924192 0.0758076 
0.924292 0.0757076 
0.924392 0.0756076 
0.924492 0.0755076 
0.924592 0.0754075 
0.924692 0.0753075 
0.924792 0.0752075 
0.924892 0.0751075 
0.924992 0.0750075 
0.925093 0.0749075 
0.925193 0.0748075 
0.925293 0.0747075 
0.925393 0.0746075 
0.925493 0.0745075 
0.925593 0.0744074 
0.925693 0.0743074 
0.925793 0.0742074 
0.925893 0.0741074 
0.925993 0.0740074 
0.926093 0.0739074 
0.926193 0.0738074 
0.926293 0.0737074 
0.926393 0.0736074 
0.926493 0.0735074 
0.926593 0.0734073 
0.926693 0.0733073 
0.926793 0.0732073 
0.926893 0.0731073 
0.926993 0.0730073 
0.927093 0.0729073 
0.927193 0.0728073 
0.927293 0.0727073 
0.927393 0.0726073 
0.927493 0.0725073 
0.927593 0.0724072 
0.927693 0.0723072 
0.927793 0.0722072 
0.927893 0.0721072 
0.927993 0.0720072 
0.928093 0.0719072 
0.928193 0.0718072 
0.928293 0.0717072 
0.928393 0.0716072 
0.928493 0.0715072 
0.928593 0.0714071 
0.928693 0.0713071 
0.928793 0.0712071 
0.928893 0.0711071 
0.928993 0.0710071 
0.929093 0.0709071 
0.929193 0.0708071 
0.929293 0.0707071 
0.929393 0.0706071 
0.929493 0.0705071 
0.929593 0.070407 
0.929693 0.070307 
0.929793 0.070207 
0.929893 0.070107 
0.929993 0.070007 
0.930093 0.069907 
0.930193 0.069807 
0.930293 0.069707 
0.930393 0.069607 
0.930493 0.069507 
0.930593 0.0694069 
0.930693 0.0693069 
0.930793 0.0692069 
0.930893 0.0691069 
0.930993 0.0690069 
0.931093 0.0689069 
0.931193 0.0688069 
0.931293 0.0687069 
0.931393 0.0686069 
0.931493 0.0685069 
0.931593 0.0684068 
0.931693 0.0683068 
0.931793 0.0682068 
0.931893 0.0681068 
0.931993 0.0680068 
0.932093 0.0679068 
0.932193 0.0678068 
0.932293 0.0677068 
0.932393 0.0676068 
0.932493 0.0675068 
0.932593 0.0674067 
0.932693 0.0673067 
0.932793 0.0672067 
0.932893 0.0671067 
0.932993 0.0670067 
0.933093 0.0669067 
0.933193 0.0668067 
0.933293 0.0667067 
0.933393 0.0666067 
0.933493 0.0665067 
0.933593 0.0664066 
0.933693 0.0663066 
0.933793 0.0662066 
0.933893 0.0661066 
0.933993 0.0660066 
0.934093 0.0659066 
0.934193 0.0658066 
0.934293 0.0657066 
0.934393 0.0656066 
0.934493 0.0655066 
0.934593 0.0654065 
0.934693 0.0653065 
0.934793 0.0652065 
0.934893 0.0651065 
0.934993 0.0650065 
0.935094 0.0649065 
0.935194 0.0648065 
0.935294 0.0647065 
0.935394 0.0646065 
0.935494 0.0645065 
0.935594 0.0644064 
0.935694 0.0643064 
0.935794 0.0642064 
0.935894 0.0641064 
0.935994 0.0640064 
0.936094 0.0639064 
0.936194 0.0638064 
0.936294 0.0637064 
0.936394 0.0636064 
0.936494 0.0635064 
0.936594 0.0634063 
0.936694 0.0633063 
0.936794 0.0632063 
0.936894 0.0631063 
0.936994 0.0630063 
0.937094 0.0629063 
0.937194 0.0628063 
0.937294 0.0627063 
0.937394 0.0626063 
0.937494 0.0625063 
0.937594 0.0624062 
0.937694 0.0623062 
0.937794 0.0622062 
0.937894 0.0621062 
0.937994 0.0620062 
0.938094 0.0619062 
0.938194 0.0618062 
0.938294 0.0617062 
0.938394 0.0616062 
0.938494 0.0615062 
0.938594 0.0614061 
0.938694 0.0613061 
0.938794 0.0612061 
0.938894 0.0611061 
0.938994 0.0610061 
0.939094 0.0609061 
0.939194 0.0608061 
0.939294 0.0607061 
0.939394 0.0606061 
0.939494 0.0605061 
0.939594 0.060406 
0.939694 0.060306 
0.939794 0.060206 
0.939894 0.060106 
0.939994 0.060006 
0.940094 0.059906 
0.940194 0.059806 
0.940294 0.059706 
0.940394 0.059606 
0.940494 0.059506 
0.940594 0.0594059 
0.940694 0.0593059 
0.940794 0.0592059 
0.940894 0.0591059 
0.940994 0.0590059 
0.941094 0.0589059 
0.941194 0.0588059 
0.941294 0.0587059 
0.941394 0.0586059 
0.941494 0.0585059 
0.941594 0.0584058 
0.941694 0.0583058 
0.941794 0.0582058 
0.941894 0.0581058 
0.941994 0.0580058 
0.942094 0.0579058 
0.942194 0.0578058 
0.942294 0.0577058 
0.942394 0.0576058 
0.942494 0.0575058 
0.942594 0.0574057 
0.942694 0.0573057 
0.942794 0.0572057 
0.942894 0.0571057 
0.942994 0.0570057 
0.943094 0.0569057 
0.943194 0.0568057 
0.943294 0.0567057 
0.943394 0.0566057 
0.943494 0.0565057 
0.943594 0.0564056 
0.943694 0.0563056 
0.943794 0.0562056 
0.943894 0.0561056 
0.943994 0.0560056 
0.944094 0.0559056 
0.944194 0.0558056 
0.944294 0.0557056 
0.944394 0.0556056 
0.944494 0.0555056 
0.944594 0.0554055 
0.944694 0.0553055 
0.944794 0.0552055 
0.944894 0.0551055 
0.944994 0.0550055 
0.945095 0.0549055 
0.945195 0.0548055 
0.945295 0.0547055 
0.945395 0.0546055 
0.945495 0.0545055 
0.945595 0.0544054 
0.945695 0.0543054 
0.945795 0.0542054 
0.945895 0.0541054 
0.945995 0.0540054 
0.946095 0.0539054 
0.946195 0.0538054 
0.946295 0.0537054 
0.946395 0.0536054 
0.946495 0.0535054 
0.946595 0.0534053 
0.946695 0.0533053 
0.946795 0.0532053 
0.946895 0.0531053 
0.946995 0.0530053 
0.947095 0.0529053 
0.947195 0.0528053 
0.947295 0.0527053 
0.947395 0.0526053 
0.947495 0.0525053 
0.947595 0.0524052 
0.947695 0.0523052 
0.947795 0.0522052 
0.947895 0.0521052 
0.947995 0.0520052 
0.948095 0.0519052 
0.948195 0.0518052 
0.948295 0.0517052 
0.948395 0.0516052 
0.948495 0.0515052 
0.948595 0.0514051 
0.948695 0.0513051 
0.948795 0.0512051 
0.948895 0.0511051 
0.948995 0.0510051 
0.949095 0.0509051 
0.949195 0.0508051 
0.949295 0.0507051 
0.949395 0.0506051 
0.949495 0.0505051 
0.949595 0.050405 
0.949695 0.050305 
0.949795 0.050205 
0.949895 0.050105 
0.949995 0.050005 
0.950095 0.049905 
0.950195 0.049805 
0.950295 0.049705 
0.950395 0.049605 
0.950495 0.049505 
0.950595 0.0494049 
0.950695 0.0493049 
0.950795 0.0492049 
0.950895 0.0491049 
0.950995 0.0490049 
0.951095 0.0489049 
0.951195 0.0488049 
0.951295 0.0487049 
0.951395 0.0486049 
0.951495 0.0485049 
0.951595 0.0484048 
0.951695 0.0483048 
0.951795 0.0482048 
0.951895 0.0481048 
0.951995 0.0480048 
0.952095 0.0479048 
0.952195 0.0478048 
0.952295 0.0477048 
0.952395 0.0476048 
0.952495 0.0475048 
0.952595 0.0474047 
0.952695 0.0473047 
0.952795 0.0472047 
0.952895 0.0471047 
0.952995 0.0470047 
0.953095 0.0469047 
0.953195 0.0468047 
0.953295 0.0467047 
0.953395 0.0466047 
0.953495 0.0465047 
0.953595 0.0464046 
0.953695 0.0463046 
0.953795 0.0462046 
0.953895 0.0461046 
0.953995 0.0460046 
0.954095 0.0459046 
0.954195 0.0458046 
0.954295 0.0457046 
0.954395 0.0456046 
0.954495 0.0455046 
0.954595 0.0454045 
0.954695 0.0453045 
0.954795 0.0452045 
0.954895 0.0451045 
0.954995 0.0450045 
0.955096 0.0449045 
0.955196 0.0448045 
0.955296 0.0447045 
0.955396 0.0446045 
0.955496 0.0445045 
0.955596 0.0444044 
0.955696 0.0443044 
0.955796 0.0442044 
0.955896 0.0441044 
0.955996 0.0440044 
0.956096 0.0439044 
0.956196 0.0438044 
0.956296 0.0437044 
0.956396 0.0436044 
0.956496 0.0435044 
0.956596 0.0434043 
0.956696 0.0433043 
0.956796 0.0432043 
0.956896 0.0431043 
0.956996 0.0430043 
0.957096 0.0429043 
0.957196 0.0428043 
0.957296 0.0427043 
0.957396 0.0426043 
0.957496 0.0425043 
0.957596 0.0424042 
0.957696 0.0423042 
0.957796 0.0422042 
0.957896 0.0421042 
0.957996 0.0420042 
0.958096 0.0419042 
0.958196 0.0418042 
0.958296 0.0417042 
0.958396 0.0416042 
0.958496 0.0415042 
0.958596 0.0414041 
0.958696 0.0413041 
0.958796 0.0412041 
0.958896 0.0411041 
0.958996 0.0410041 
0.959096 0.0409041 
0.959196 0.0408041 
0.959296 0.0407041 
0.959396 0.0406041 
0.959496 0.0405041 
0.959596 0.040404 
0.959696 0.040304 
0.959796 0.040204 
0.959896 0.040104 
0.959996 0.040004 
0.960096 0.039904 
0.960196 0.039804 
0.960296 0.039704 
0.960396 0.039604 
0.960496 0.039504 
0.960596 0.0394039 
0.960696 0.0393039 
0.960796 0.0392039 
0.960896 0.0391039 
0.960996 0.0390039 
0.961096 0.0389039 
0.961196 0.0388039 
0.961296 0.0387039 
0.961396 0.0386039 
0.961496 0.0385039 
0.961596 0.0384038 
0.961696 0.0383038 
0.961796 0.0382038 
0.961896 0.0381038 
0.961996 0.0380038 
0.962096 0.0379038 
0.962196 0.0378038 
0.962296 0.0377038 
0.962396 0.0376038 
0.962496 0.0375038 
0.962596 0.0374037 
0.962696 0.0373037 
0.962796 0.0372037 
0.962896 0.0371037 
0.962996 0.0370037 
0.963096 0.0369037 
0.963196 0.0368037 
0.963296 0.0367037 
0.963396 0.0366037 
0.963496 0.0365037 
0.963596 0.0364036 
0.963696 0.0363036 
0.963796 0.0362036 
0.963896 0.0361036 
0.963996 0.0360036 
0.964096 0.0359036 
0.964196 0.0358036 
0.964296 0.0357036 
0.964396 0.0356036 
0.964496 0.0355036 
0.964596 0.0354035 
0.964696 0.0353035 
0.964796 0.0352035 
0.964896 0.0351035 
0.964996 0.0350035 
0.965097 0.0349035 
0.965197 0.0348035 
0.965297 0.0347035 
0.965397 0.0346035 
0.965497 0.0345035 
0.965597 0.0344034 
0.965697 0.0343034 
0.965797 0.0342034 
0.965897 0.0341034 
0.965997 0.0340034 
0.966097 0.0339034 
0.966197 0.0338034 
0.966297 0.0337034 
0.966397 0.0336034 
0.966497 0.0335034 
0.966597 0.0334033 
0.966697 0.0333033 
0.966797 0.0332033 
0.966897 0.0331033 
0.966997 0.0330033 
0.967097 0.0329033 
0.967197 0.0328033 
0.967297 0.0327033 
0.967397 0.0326033 
0.967497 0.0325033 
0.967597 0.0324032 
0.967697 0.0323032 
0.967797 0.0322032 
0.967897 0.0321032 
0.967997 0.0320032 
0.968097 0.0319032 
0.968197 0.0318032 
0.968297 0.0317032 
0.968397 0.0316032 
0.968497 0.0315032 
0.968597 0.0314031 
0.968697 0.0313031 
0.968797 0.0312031 
0.968897 0.0311031 
0.968997 0.0310031 
0.969097 0.0309031 
0.969197 0.0308031 
0.969297 0.0307031 
0.969397 0.0306031 
0.969497 0.0305031 
0.969597 0.030403 
0.969697 0.030303 
0.969797 0.030203 
0.969897 0.030103 
0.969997 0.030003 
0.970097 0.029903 
0.970197 0.029803 
0.970297 0.029703 
0.970397 0.029603 
0.970497 0.029503 
0.970597 0.0294029 
0.970697 0.0293029 
0.970797 0.0292029 
0.970897 0.0291029 
0.970997 0.0290029 
0.971097 0.0289029 
0.971197 0.0288029 
0.971297 0.0287029 
0.971397 0.0286029 
0.971497 0.0285029 
0.971597 0.0284028 
0.971697 0.0283028 
0.971797 0.0282028 
0.971897 0.0281028 
0.971997 0.0280028 
0.972097 0.0279028 
0.972197 0.0278028 
0.972297 0.0277028 
0.972397 0.0276028 
0.972497 0.0275028 
0.972597 0.0274027 
0.972697 0.0273027 
0.972797 0.0272027 
0.972897 0.0271027 
0.972997 0.0270027 
0.973097 0.0269027 
0.973197 0.0268027 
0.973297 0.0267027 
0.973397 0.0266027 
0.973497 0.0265027 
0.973597 0.0264026 
0.973697 0.0263026 
0.973797 0.0262026 
0.973897 0.0261026 
0.973997 0.0260026 
0.974097 0.0259026 
0.974197 0.0258026 
0.974297 0.0257026 
0.974397 0.0256026 
0.974497 0.0255026 
0.974597 0.0254025 
0.974697 0.0253025 
0.974797 0.0252025 
0.974897 0.0251025 
0.974997 0.0250025 
0.975098 0.0249025 
0.975198 0.0248025 
0.975298 0.0247025 
0.975398 0.0246025 
0.975498 0.0245025 
0.975598 0.0244024 
0.975698 0.0243024 
0.975798 0.0242024 
0.975898 0.0241024 
0.975998 0.0240024 
0.976098 0.0239024 
0.976198 0.0238024 
0.976298 0.0237024 
0.976398 0.0236024 
0.976498 0.0235024 
0.976598 0.0234023 
0.976698 0.0233023 
0.976798 0.0232023 
0.976898 0.0231023 
0.976998 0.0230023 
0.977098 0.0229023 
0.977198 0.0228023 
0.977298 0.0227023 
0.977398 0.0226023 
0.977498 0.0225023 
0.977598 0.0224022 
0.977698 0.0223022 
0.977798 0.0222022 
0.977898 0.0221022 
0.977998 0.0220022 
0.978098 0.0219022 
0.978198 0.0218022 
0.978298 0.0217022 
0.978398 0.0216022 
0.978498 0.0215022 
0.978598 0.0214021 
0.978698 0.0213021 
0.978798 0.0212021 
0.978898 0.0211021 
0.978998 0.0210021 
0.979098 0.0209021 
0.979198 0.0208021 
0.979298 0.0207021 
0.979398 0.0206021 
0.979498 0.0205021 
0.979598 0.020402 
0.979698 0.020302 
0.979798 0.020202 
0.979898 0.020102 
0.979998 0.020002 
0.980098 0.019902 
0.980198 0.019802 
0.980298 0.019702 
0.980398 0.019602 
0.980498 0.019502 
0.980598 0.0194019 
0.980698 0.0193019 
0.980798 0.0192019 
0.980898 0.0191019 
0.980998 0.0190019 
0.981098 0.0189019 
0.981198 0.0188019 
0.981298 0.0187019 
0.981398 0.0186019 
0.981498 0.0185019 
0.981598 0.0184018 
0.981698 0.0183018 
0.981798 0.0182018 
0.981898 0.0181018 
0.981998 0.0180018 
0.982098 0.0179018 
0.982198 0.0178018 
0.982298 0.0177018 
0.982398 0.0176018 
0.982498 0.0175018 
0.982598 0.0174017 
0.982698 0.0173017 
0.982798 0.0172017 
0.982898 0.0171017 
0.982998 0.0170017 
0.983098 0.0169017 
0.983198 0.0168017 
0.983298 0.0167017 
0.983398 0.0166017 
0.983498 0.0165017 
0.983598 0.0164016 
0.983698 0.0163016 
0.983798 0.0162016 
0.983898 0.0161016 
0.983998 0.0160016 
0.984098 0.0159016 
0.984198 0.0158016 
0.984298 0.0157016 
0.984398 0.0156016 
0.984498 0.0155016 
0.984598 0.0154015 
0.984698 0.0153015 
0.984798 0.0152015 
0.984898 0.0151015 
0.984998 0.0150015 
0.985099 0.0149015 
0.985199 0.0148015 
0.985299 0.0147015 
0.985399 0.0146015 
0.985499 0.0145015 
0.985599 0.0144014 
0.985699 0.0143014 
0.985799 0.0142014 
0.985899 0.0141014 
0.985999 0.0140014 
0.986099 0.0139014 
0.986199 0.0138014 
0.986299 0.0137014 
0.986399 0.0136014 
0.986499 0.0135014 
0.986599 0.0134013 
0.986699 0.0133013 
0.986799 0.0132013 
0.986899 0.0131013 
0.986999 0.0130013 
0.987099 0.0129013 
0.987199 0.0128013 
0.987299 0.0127013 
0.987399 0.0126013 
0.987499 0.0125013 
0.987599 0.0124012 
0.987699 0.0123012 
0.987799 0.0122012 
0.987899 0.0121012 
0.987999 0.0120012 
0.988099 0.0119012 
0.988199 0.0118012 
0.988299 0.0117012 
0.988399 0.0116012 
0.988499 0.0115012 
0.988599 0.0114011 
0.988699 0.0113011 
0.988799 0.0112011 
0.988899 0.0111011 
0.988999 0.0110011 
0.989099 0.0109011 
0.989199 0.0108011 
0.989299 0.0107011 
0.989399 0.0106011 
0.989499 0.0105011 
0.989599 0.010401 
0.989699 0.010301 
0.989799 0.010201 
0.989899 0.010101 
0.989999 0.010001 
0.990099 0.00990099 
0.990199 0.00980098 
0.990299 0.00970097 
0.990399 0.00960096 
0.990499 0.00950095 
0.990599 0.00940094 
0.990699 0.00930093 
0.990799 0.00920092 
0.990899 0.00910091 
0.990999 0.0090009 
0.991099 0.00890089 
0.991199 0.00880088 
0.991299 0.00870087 
0.991399 0.00860086 
0.991499 0.00850085 
0.991599 0.00840084 
0.991699 0.00830083 
0.991799 0.00820082 
0.991899 0.00810081 
0.991999 0.0080008 
0.992099 0.00790079 
0.992199 0.00780078 
0.992299 0.00770077 
0.992399 0.00760076 
0.992499 0.00750075 
0.992599 0.00740074 
0.992699 0.00730073 
0.992799 0.00720072 
0.992899 0.00710071 
0.992999 0.0070007 
0.993099 0.00690069 
0.993199 0.00680068 
0.993299 0.00670067 
0.993399 0.00660066 
0.993499 0.00650065 
0.993599 0.00640064 
0.993699 0.00630063 
0.993799 0.00620062 
0.993899 0.00610061 
0.993999 0.0060006 
0.994099 0.00590059 
0.994199 0.00580058 
0.994299 0.00570057 
0.994399 0.00560056 
0.994499 0.00550055 
0.994599 0.00540054 
0.994699 0.00530053 
0.994799 0.00520052 
0.994899 0.00510051 
0.994999 0.0050005 
0.9951 0.00490049 
0.9952 0.00480048 
0.9953 0.00470047 
0.9954 0.00460046 
0.9955 0.00450045 
0.9956 0.00440044 
0.9957 0.00430043 
0.9958 0.00420042 
0.9959 0.00410041 
0.996 0.0040004 
0.9961 0.00390039 
0.9962 0.00380038 
0.9963 0.00370037 
0.9964 0.00360036 
0.9965 0.00350035 
0.9966 0.00340034 
0.9967 0.00330033 
0.9968 0.00320032 
0.9969 0.00310031 
0.997 0.0030003 
0.9971 0.00290029 
0.9972 0.00280028 
0.9973 0.00270027 
0.9974 0.00260026 
0.9975 0.00250025 
0.9976 0.00240024 
0.9977 0.00230023 
0.9978 0.00220022 
0.9979 0.00210021 
0.998 0.0020002 
0.9981 0.00190019 
0.9982 0.00180018 
0.9983 0.00170017 
0.9984 0.00160016 
0.9985 0.00150015 
0.9986 0.00140014 
0.9987 0.00130013 
0.9988 0.00120012 
0.9989 0.00110011 
0.999 0.0010001 
0.9991 0.00090009 
0.9992 0.00080008 
0.9993 0.00070007 
0.9994 0.00060006 
0.9995 0.00050005 
0.9996 0.00040004 
0.9997 0.00030003 
0.9998 0.00020002 
0.9999 0.00010001 
1 0 
