# gen=0 mediating population
# x0..x(D-1) f0 f1 consensus
0.758405 0.834347 0.260501 81.766484 38.659741 38.659741
0.177603 0.162731 0.751343 78.514539 55.185900 55.185900
0.753970 0.044132 0.383892 70.116627 49.295452 49.295452
0.914386 0.091382 0.230738 69.781433 49.295452 49.295452
0.252682 0.650273 0.434025 67.996695 61.642307 61.642307
0.243797 0.667440 0.637840 65.717557 45.000754 45.000754
0.639748 0.740092 0.216248 63.339471 56.923760 56.923760
0.768779 0.693395 0.249210 60.925080 41.551382 41.551382
0.070962 0.279697 0.515390 45.430982 81.988942 45.430982
0.219425 0.926822 0.763078 42.323423 77.210509 42.323423
0.843405 0.352243 0.149002 49.532973 74.993582 49.532973
0.896909 0.347869 0.579187 0.000385 74.670870 0.000385
0.913828 0.286860 0.229588 42.529026 74.273424 42.529026
0.583852 0.720162 0.131967 49.532973 73.371975 49.532973
0.178527 0.856975 0.879439 42.323423 70.864859 42.323423
0.850261 0.233161 0.550586 42.529026 70.181505 42.529026
0.414684 0.557022 0.387945 53.226179 38.659741 38.659741
0.488915 0.880585 0.511789 0.008008 0.014308 0.008008
0.800905 0.593295 0.204752 51.584927 38.659741 38.659741
0.827657 0.591108 0.419844 49.532973 38.659741 38.659741
0.836117 0.560604 0.245045 49.817044 38.659741 38.659741
0.468466 0.845661 0.569970 0.223645 0.278502 0.223645
0.804333 0.533754 0.405544 49.532973 38.659741 38.659741
0.124283 0.221214 0.633366 66.275512 72.711423 66.275512
0.198514 0.544776 0.757210 56.472886 45.000754 45.000754
0.510504 0.257487 0.450172 42.529026 44.977070 42.529026
0.537256 0.255300 0.665265 42.529026 45.881524 42.529026
0.545715 0.224795 0.490466 42.529026 46.363095 42.529026
0.380728 0.441446 0.441655 37.009569 50.028000 37.009569
0.178065 0.509853 0.815391 47.843765 45.087592 45.087592
0.513932 0.197946 0.650964 42.529026 43.965235 42.529026
0.412466 0.161915 0.449641 37.009569 51.047116 37.009569
0.486698 0.485477 0.573485 0.004496 0.000375 0.000375
0.798688 0.198188 0.266447 43.222785 57.681339 43.222785
0.825439 0.196001 0.481540 43.751774 61.513183 43.751774
0.833899 0.165496 0.306740 49.207272 50.711249 49.207272
0.668911 0.382147 0.257929 49.532973 52.417138 49.532973
0.466248 0.450554 0.631665 0.003472 0.000386 0.000386
0.802115 0.138647 0.467239 51.210525 49.877761 49.877761
0.492674 0.185540 0.373064 42.529026 49.295452 42.529026
0.566905 0.509102 0.496908 0.000415 38.659741 0.000415
0.878895 0.221813 0.189870 42.529026 66.643976 42.529026
0.905647 0.219626 0.404963 42.529026 53.333692 42.529026
0.914107 0.189121 0.230163 44.555324 55.911652 44.555324
0.749119 0.405772 0.181352 49.532973 57.544439 49.532973
0.546456 0.474179 0.555088 0.003092 0.000263 0.000263
0.882323 0.162272 0.390662 47.758223 45.005097 45.005097
0.161822 0.464985 0.474708 37.009569 52.745666 37.009569
0.236053 0.788548 0.598551 44.433368 49.080845 44.433368
0.548044 0.501258 0.291514 49.532973 38.659741 38.659741
0.583255 0.468567 0.331807 49.532973 38.659741 38.659741
0.418267 0.685217 0.282996 44.220233 38.659741 38.659741
0.215604 0.753624 0.656732 48.420176 54.504357 48.420176
0.551471 0.441717 0.492306 0.000385 38.659741 0.000385
0.157379 0.473569 0.576615 37.009569 45.000754 37.009569
0.231611 0.797131 0.700459 43.043974 64.192723 43.043974
0.543601 0.509841 0.393421 49.532973 38.659741 38.659741
0.570353 0.507655 0.608514 0.076611 0.004681 0.004681
0.578812 0.477150 0.433714 49.532973 38.659741 38.659741
0.413824 0.693801 0.384903 43.394996 50.028000 43.394996
0.211162 0.762208 0.758640 45.379397 72.275757 45.379397
0.355355 0.509895 0.365819 62.382419 50.028000 50.028000
0.429586 0.833457 0.489663 42.323423 38.659741 38.659741
0.741576 0.546167 0.182625 49.702736 38.757454 38.757454
0.776788 0.513476 0.222918 49.684821 38.659741 38.659741
0.409137 0.798534 0.547843 42.323423 45.000754 42.323423
0.745004 0.486626 0.383417 49.532973 38.659741 38.659741
0.419871 0.486546 0.382300 37.009569 38.659741 37.009569
0.494102 0.810108 0.506144 0.017930 38.659741 0.017930
0.841303 0.490127 0.239399 49.532973 38.659741 38.659741
0.473653 0.775185 0.564325 0.309053 0.534411 0.309053
0.809520 0.463278 0.399898 49.532973 38.659741 38.659741
0.740812 0.682237 0.606873 0.187840 0.188096 0.187840
0.925824 0.083122 0.510614 57.083916 43.965235 43.965235
0.099201 0.465914 0.893440 37.009569 45.000754 37.009569
0.401984 0.872257 0.527188 42.323423 50.028000 42.323423
0.531287 0.393987 0.522486 0.000385 48.725750 0.000385
0.504875 0.478615 0.977013 0.000385 0.000211 0.000211
0.731646 0.751469 0.749855 0.013826 0.021303 0.013826
0.519189 0.925059 0.947020 0.000385 0.000211 0.000211
0.782468 0.306220 0.605581 42.529026 82.438389 42.529026
0.086401 0.458898 0.122884 37.009569 50.028000 37.009569
0.102634 0.718985 0.933854 42.323423 48.323892 42.323423
0.711043 0.967366 0.736782 0.003032 0.000298 0.000298
0.817131 0.130620 0.980484 42.529026 43.965235 42.529026
0.764967 0.799592 0.405243 53.746559 38.659741 38.659741
0.653783 0.356160 0.314439 49.532973 51.095693 49.532973
0.470627 0.697654 0.234008 49.532973 48.277078 48.277078
0.537132 0.878784 0.607255 1.725056 0.480604 0.480604
0.163479 0.860081 0.457977 42.323423 79.777586 42.323423
0.984671 0.551729 0.084112 49.532973 38.659741 38.659741
0.326925 0.499912 0.757751 37.009569 45.000754 37.009569
0.836904 0.470468 0.385059 49.532973 38.659741 38.659741
0.873087 0.017855 0.269500 77.004784 49.295452 49.295452
0.752881 0.863399 0.571429 0.020595 0.006140 0.006140
0.536085 0.492256 0.106582 49.532973 38.659741 38.659741
0.251808 0.686883 0.310575 51.442911 57.969772 51.442911
0.962890 0.509572 0.284966 49.532973 38.659741 38.659741
0.713763 0.551866 0.999055 0.000385 0.000211 0.000211
0.994184 0.059229 0.529795 51.802412 43.965235 43.965235
0.157102 0.466576 0.914339 37.009569 45.000754 37.009569
0.973105 0.290676 0.922573 42.529026 43.965235 42.529026
0.753438 0.468874 0.876292 0.000385 0.000211 0.000211
0.504179 0.853558 0.521780 0.031604 0.070610 0.031604
0.666133 0.393449 0.454575 49.532973 58.917763 49.532973
0.514406 0.463021 0.775995 0.000385 0.000211 0.000211
0.948063 0.603599 0.075308 49.532973 38.659741 38.659741
0.266264 0.874729 0.834418 42.323423 68.969793 42.323423
0.914883 0.183981 0.973941 42.529026 43.965235 42.529026
0.329954 0.732153 0.746404 45.512365 49.684177 45.512365
0.927420 0.800883 0.748709 0.000385 0.000211 0.000211
0.983754 0.222207 0.464872 42.529026 50.951664 42.529026
0.424628 0.476985 0.595846 37.009569 0.000267 0.000267
0.395644 0.282199 0.130034 37.009569 51.047116 37.009569
0.659565 0.911934 0.137974 63.903708 41.815276 41.815276
0.450287 0.596161 0.274098 49.532973 38.659741 38.659741
0.617839 0.837905 0.939202 0.000385 0.000211 0.000211
0.985266 0.454879 0.905492 0.000385 0.000211 0.000211
0.230246 0.205731 0.111899 37.009569 51.047116 37.009569
0.871347 0.980578 0.994032 0.000385 0.000211 0.000211
0.998386 0.361436 0.486775 0.000385 53.947681 0.000385
0.525602 0.077917 0.231622 43.921497 49.295452 43.921497
0.987708 0.930674 0.200554 56.270481 38.659741 38.659741
0.446119 0.337054 0.911609 0.000385 43.965235 0.000385
0.252961 0.555546 0.529296 80.850990 54.122840 54.122840
0.765758 0.180385 0.543912 43.944656 58.644229 43.944656
0.794162 0.920415 0.387843 55.312827 38.659741 38.659741
0.746792 0.004162 0.699512 44.326214 43.965235 43.965235
0.813621 0.448754 0.043308 49.532973 38.659741 38.659741
0.453712 0.456803 0.129694 49.532973 38.659741 38.659741
0.445724 0.127650 0.710291 42.529026 43.965235 42.529026
0.637654 0.636552 0.148756 49.532973 53.995445 49.532973
0.227004 0.010661 0.856689 39.241004 51.047116 39.241004
0.339062 0.425203 0.938463 37.009569 45.000754 37.009569
0.468186 0.247301 0.615621 42.529026 43.965235 42.529026
0.668610 0.139953 0.427916 48.792046 47.944432 47.944432
0.492916 0.571960 0.976853 0.000385 0.000211 0.000211
0.603575 0.124896 0.230907 46.517259 49.440232 46.517259
0.620472 0.741300 0.479070 49.532973 38.659741 38.659741
0.344937 0.190435 0.218136 37.033593 51.047116 37.033593
0.439964 0.187975 0.723480 42.529026 43.965235 42.529026
0.847086 0.778683 0.290862 70.774488 38.659741 38.659741
0.466222 0.716901 0.348415 49.548088 39.082615 39.082615
0.085071 0.909606 0.361772 42.323423 67.598761 42.323423
0.442165 0.811767 0.883229 0.000496 0.000672 0.000496
0.089243 0.888788 0.875640 42.323423 62.708103 42.323423
0.973622 0.111060 0.098879 52.883314 49.295452 49.295452
0.512468 0.377931 0.055130 49.532973 49.295452 49.295452
0.154547 0.981020 0.259367 42.323423 54.001838 42.323423
0.345300 0.962814 0.589753 42.323423 45.000754 42.323423
0.730323 0.571007 0.362587 49.532973 38.659741 38.659741
0.073625 0.746792 0.258107 42.323423 58.317450 42.323423
0.400662 0.917532 0.264848 42.323423 50.028000 42.323423
0.081369 0.186785 0.554161 47.099448 67.700767 47.099448
0.847769 0.468493 0.304611 49.532973 38.659741 38.659741
0.133889 0.818034 0.235341 42.323423 58.989089 42.323423
0.754020 0.641463 0.596954 0.037606 0.023029 0.023029
0.508956 0.292695 0.907669 42.529026 43.965235 42.529026
0.862839 0.171844 0.595998 43.571857 56.255650 43.571857
0.325232 0.603522 0.878976 42.963298 45.169447 42.963298
0.383170 0.872504 0.004718 42.323423 50.028000 42.323423
0.524974 0.394119 0.936145 0.000385 43.965235 0.000385
0.326848 0.671303 0.728207 51.378564 45.000754 45.000754
0.248658 0.993846 0.834064 42.323423 64.626344 42.323423
0.611671 0.421629 0.330290 49.532973 49.295452 49.295452
0.172561 0.407983 0.894520 37.009569 45.000754 37.009569
0.071826 0.113138 0.561390 38.670777 51.047116 38.670777
0.635721 0.457813 0.978410 0.000385 0.000211 0.000211
0.803748 0.185957 0.776127 42.529026 47.751272 42.529026
0.326892 0.407792 0.341350 37.009569 50.028000 37.009569
0.622104 0.402842 0.708607 0.000642 52.542533 0.000642
0.857912 0.932317 0.537905 0.000385 0.000233 0.000233
0.944003 0.817440 0.177462 56.564676 38.659741 38.659741
0.712411 0.235395 0.782725 42.529026 51.208876 42.529026
0.587626 0.260987 0.774068 42.529026 47.243827 42.529026
0.012937 0.080350 0.996003 37.009569 51.047116 37.009569
0.629403 0.631667 0.036139 49.532973 48.962308 48.962308
0.302992 0.285135 0.941226 37.009569 51.047116 37.009569
0.514024 0.001809 0.480175 42.529026 43.965235 42.529026
0.261572 0.034244 0.867368 42.558060 51.047116 42.558060
0.345518 0.680015 0.656365 51.935603 45.000754 45.000754
0.418686 0.252210 0.914229 37.009569 43.965235 37.009569
0.856353 0.953110 0.450153 49.959913 38.659741 38.659741
0.637766 0.157634 0.760028 42.529026 45.984421 42.529026
0.789969 0.397764 0.503215 0.000385 69.829372 0.000385
0.964537 0.024002 0.384072 66.476310 49.295452 49.295452
0.174653 0.869712 0.405756 42.323423 76.696943 42.323423
0.288564 0.844082 0.597813 42.323423 48.040540 42.323423
0.729036 0.309024 0.564824 42.529026 81.137938 42.529026
0.722842 0.129787 0.875743 42.529026 43.965235 42.529026
0.225048 0.930342 0.281620 42.323423 55.537448 42.323423
0.530427 0.321290 0.791293 0.000385 45.318349 0.000385
0.186037 0.212122 0.796458 76.813139 55.369780 55.369780
0.469777 0.522109 0.294898 49.532973 38.659741 38.659741
0.043455 0.922495 0.698006 42.323423 52.799522 42.323423
0.043218 0.003043 0.312911 37.009569 51.047116 37.009569
0.774354 0.025634 0.948995 42.529026 43.965235 42.529026
0.333049 0.213224 0.328561 37.781303 51.047116 37.781303
0.063127 0.004571 0.569761 37.009569 51.047116 37.009569
0.751872 0.036099 0.716230 43.162804 43.965235 43.162804
0.408768 0.368992 0.413900 37.009569 50.028000 37.009569
0.444144 0.985437 0.959817 0.000385 0.000211 0.000211
0.877615 0.540320 0.754244 0.000385 0.000211 0.000211
0.915688 0.381432 0.575645 0.000385 68.561890 0.000385
0.957271 0.387436 0.764822 0.000385 49.725233 0.000385
0.887894 0.220664 0.019874 42.529026 49.989376 42.529026
0.191385 0.576685 0.653302 64.028414 45.000754 45.000754
0.462022 0.827030 0.845189 0.001102 0.001876 0.001102
0.371606 0.627643 0.398040 59.835686 50.028000 50.028000
0.937981 0.589761 0.701079 0.000385 0.000211 0.000211
0.524107 0.118660 0.456719 42.779625 43.965235 42.779625
0.120285 0.689939 0.840231 45.188652 56.426635 45.188652
0.936811 0.282369 0.024846 42.529026 53.347383 42.529026
0.079342 0.513128 0.795355 42.323423 45.761699 42.323423
0.915250 0.536222 0.493340 0.000385 38.659741 0.000385
0.526894 0.007011 0.139204 42.529026 49.295452 42.529026
0.406193 0.245277 0.925842 37.009569 51.047116 37.009569
0.927124 0.001118 0.062629 58.018061 49.295452 49.295452
0.526736 0.822573 0.053366 49.532973 68.631415 49.532973
0.084810 0.514631 0.838946 42.557993 45.226360 42.557993
0.992409 0.206125 0.100206 42.529026 49.295452 42.529026
0.311495 0.373302 0.680758 37.009569 45.000754 37.009569
0.841445 0.094530 0.523774 58.927569 45.627332 45.627332
0.926143 0.345882 0.577545 0.000385 69.167891 0.000385
0.226915 0.810632 0.806513 42.323423 72.962622 42.323423
0.924043 0.358228 0.752079 0.000385 53.383562 0.000385
0.210563 0.674934 0.698642 60.725533 53.432036 53.432036
0.135196 0.756984 0.287191 42.323423 65.410657 42.323423
0.412150 0.734453 0.705540 42.323423 45.000754 42.323423
0.593209 0.158396 0.911239 42.529026 43.965235 42.529026
0.411618 0.202102 0.788644 37.009569 51.047116 37.009569
0.690424 0.149927 0.179070 47.436092 52.263812 47.436092
0.240955 0.014170 0.737843 38.179157 51.047116 38.179157
0.568415 0.690687 0.148519 49.532973 67.732482 49.532973
0.574340 0.816437 0.086005 51.448653 67.340906 51.448653
0.799317 0.801566 0.437126 50.817224 38.659741 38.659741
0.484781 0.772379 0.116121 49.532973 81.856326 49.532973
0.791124 0.088471 0.665703 46.624562 46.161535 46.161535
0.121855 0.530963 0.066267 42.323423 50.028000 42.323423
0.606627 0.618096 0.785956 0.012272 0.032224 0.012272
0.553495 0.244940 0.468437 42.529026 48.387298 42.529026
0.730790 0.981278 0.389984 51.783644 38.659741 38.659741
0.496836 0.026535 0.503571 42.529026 43.965235 42.529026
0.138328 0.773433 0.823311 42.323423 70.031069 42.323423
0.914269 0.587721 0.797686 0.000385 0.000211 0.000211
0.700977 0.670574 0.112604 51.010440 49.718582 49.718582
0.624445 0.799883 0.669404 17.177051 11.083769 11.083769
0.136512 0.045723 0.964569 38.835992 51.047116 38.835992
0.626611 0.316679 0.234499 49.532973 51.215012 49.532973
0.532710 0.355600 0.036423 49.532973 49.295452 49.295452
0.291653 0.508954 0.218309 53.775181 50.028000 50.028000
0.936705 0.357835 0.031295 49.532973 52.942631 49.532973
0.560028 0.954761 0.712850 0.081932 0.007339 0.007339
0.551785 0.033124 0.216957 42.529026 49.295452 42.529026
0.659496 0.762490 0.656086 12.882297 11.265771 11.265771
0.285988 0.026865 0.460485 37.009569 51.047116 37.009569
0.991243 0.377660 0.897928 0.000385 43.965235 0.000385
0.910371 0.694646 0.436027 49.532973 38.659741 38.659741
0.428827 0.131792 0.203377 37.009569 49.295452 37.009569
0.432689 0.362696 0.980992 37.009569 43.965235 37.009569
0.042389 0.331354 0.974282 37.009569 45.000754 37.009569
0.205379 0.107922 0.557125 49.060252 51.047116 49.060252
0.807092 0.982201 0.711506 0.000824 0.000211 0.000211
0.412904 0.191555 0.066111 37.009569 51.047116 37.009569
0.637015 0.987534 0.878569 0.000385 0.000211 0.000211
0.751518 0.549728 0.331290 49.532973 38.796858 38.796858
0.097666 0.645592 0.836368 45.386844 51.290466 45.386844
0.570147 0.379990 0.688637 0.000864 50.967403 0.000864
0.995113 0.051549 0.482008 55.207420 43.965235 43.965235
0.407704 0.474778 0.829126 37.009569 45.000754 37.009569
0.387451 0.760494 0.208994 42.504507 50.028000 42.504507
0.377015 0.153147 0.447389 38.817814 51.047116 38.817814
0.458470 0.666315 0.137407 49.532973 58.797143 49.532973
0.587358 0.826208 0.087687 52.321350 62.673079 52.321350
0.595419 0.282892 0.321619 42.529026 49.750541 42.529026
0.245737 0.786781 0.630567 45.354945 51.895432 45.354945
0.641073 0.081320 0.728578 42.529026 43.965235 42.529026
0.320983 0.535361 0.167139 51.841586 50.028000 50.028000
0.079673 0.595138 0.838665 44.367816 47.549376 44.367816
0.375335 0.542935 0.157263 48.899173 50.028000 48.899173
0.066865 0.060812 0.351084 37.009569 51.047116 37.009569
0.219226 0.921625 0.289777 42.323423 57.559666 42.323423
0.049358 0.122043 0.210431 37.009569 51.047116 37.009569
0.371269 0.702857 0.100335 42.323423 50.028000 42.323423
0.593028 0.238087 0.895272 42.529026 44.338126 42.529026
0.141224 0.658025 0.311754 44.722324 65.333593 44.722324
0.450981 0.199124 0.163249 42.529026 49.295452 42.529026
0.141709 0.192995 0.086917 37.009569 51.047116 37.009569
0.815298 0.216736 0.120557 42.529026 61.065483 42.529026
0.555572 0.977506 0.685198 0.058035 0.004483 0.004483
0.213893 0.342850 0.497708 39.009153 50.028000 39.009153
0.961236 0.725676 0.934752 0.000385 0.000211 0.000211
0.012764 0.276073 0.606382 41.184760 67.219242 41.184760
0.114533 0.803723 0.766212 42.323423 72.464716 42.323423
0.487961 0.777763 0.211512 49.753368 59.746772 49.753368
0.270695 0.081970 0.235048 37.009569 51.047116 37.009569
0.526821 0.066304 0.662636 42.529026 43.965235 42.529026
0.495527 0.754445 0.921626 0.000396 0.000438 0.000396
0.029466 0.323723 0.823394 38.706571 45.000754 38.706571
0.995565 0.234892 0.737655 42.529026 46.859543 42.529026
