# gen=0 party=1
# sp x0..x(D-1) party_fit
0 0.922475 0.090506 0.957401 0.703086 0.258324 0.049095 0.299030 0.155050 0.676066 0.675862 30.427956
1 0.559354 0.018737 0.675530 0.997672 0.888220 0.779307 0.827468 0.138687 0.581644 0.753328 30.427956
2 0.958400 0.326936 0.638341 0.775042 0.159920 0.729104 0.245929 0.674510 0.007492 0.317514 30.427956
3 0.874131 0.236246 0.891737 0.865118 0.783848 0.094780 0.532002 0.394236 0.393750 0.324333 30.427956
4 0.727364 0.298626 0.749640 0.914213 0.362212 0.436915 0.904695 0.417438 0.003180 0.849707 30.427956
5 0.642485 0.172770 0.781522 0.755811 0.678370 0.931825 0.357059 0.410810 0.139099 0.311215 30.427956
6 0.811389 0.343593 0.829587 0.588300 0.117589 0.171217 0.708090 0.850517 0.456163 0.486451 30.427956
7 0.894487 0.416733 0.539937 0.457649 0.916369 0.672578 0.264518 0.583965 0.203934 0.054901 30.427956
