# gen=10 CA size=200
# x0..x(D-1) consensus
0.272385 0.052743 0.559416 51.085784
0.132414 0.720475 0.279737 50.188648
0.302786 0.088574 0.571374 50.953715
0.575926 0.635038 0.178438 48.850027
0.914952 0.687156 0.209890 57.170969
0.379099 0.701227 0.390685 42.145996
0.291964 0.638221 0.132546 42.145996
0.295200 0.737465 0.005952 42.145996
0.403866 0.097675 0.706528 50.327472
0.125924 0.534664 0.352783 49.209312
0.733125 0.760163 0.159693 64.612441
0.303499 0.395256 0.470237 58.856399
0.878150 0.637430 0.139546 62.825104
0.397006 0.251535 0.786625 50.572751
0.627850 0.438651 0.310910 42.148926
0.229858 0.636050 0.434728 52.208355
0.208868 0.131639 0.476265 54.480404
0.617341 0.696598 0.238544 57.584493
0.631263 0.131883 0.744953 52.268469
0.773773 0.663805 0.240681 66.200324
0.772362 0.587217 0.225210 55.818340
0.400107 0.377699 0.633301 56.114750
0.724078 0.133894 0.615743 58.772707
0.225370 0.074801 0.584400 51.887225
0.880177 0.668574 0.174067 68.393537
0.335933 0.375935 0.550436 63.137165
0.245945 0.370346 0.695347 52.956919
0.820035 0.591824 0.134196 56.726787
0.221201 0.175998 0.447033 52.231608
0.296180 0.534664 0.540398 52.685869
0.304879 0.360175 0.528480 59.340661
0.398125 0.365552 0.156088 50.150672
0.721845 0.651109 0.188890 65.322279
0.166662 0.162971 0.565224 56.987448
0.342497 0.319440 0.543965 50.463213
0.404859 0.380436 0.382070 53.281114
0.404859 0.244531 0.552142 59.241729
0.672465 0.130180 0.555702 55.691587
0.648323 0.702693 0.168607 63.862088
0.392733 0.158118 0.708760 55.300123
0.727038 0.636234 0.158992 60.815117
0.345613 0.627302 0.545795 54.696236
0.748347 0.739287 0.244390 60.292559
0.246823 0.000000 0.531569 50.074090
0.412004 0.208747 0.725455 55.867465
0.212464 0.046051 0.551772 50.411995
0.418943 0.339290 0.419712 53.744281
0.406786 0.328843 0.769438 50.058441
0.656701 0.783801 0.137779 52.765495
0.252512 0.617946 0.371734 50.980263
0.345688 0.588955 0.488159 56.483153
0.292026 0.376158 0.703325 57.229706
0.628624 0.669328 0.265116 52.193517
0.242088 0.381060 0.524416 52.535756
0.234581 0.083074 0.435636 51.337550
0.865460 0.562428 0.234686 51.788189
0.208944 0.586443 0.242665 54.153663
0.207483 0.647415 0.335708 56.711733
0.715984 0.734060 0.244674 59.132766
0.202598 0.561233 0.316711 52.377736
0.421335 0.226866 0.760891 52.558084
0.584661 0.818701 0.897525 66.112920
0.148464 0.150013 0.495068 51.939452
0.387899 0.617873 0.638015 50.041844
0.171176 0.176824 0.410283 53.348774
0.208618 0.579053 0.281903 53.798556
0.190382 0.146105 0.701327 57.579642
0.303055 0.486014 0.543937 50.778661
0.112725 0.088120 0.252598 50.011345
0.280315 0.054040 0.672747 50.984903
0.707666 0.199221 0.672566 53.735071
0.245630 0.083884 0.812968 51.171335
0.182453 0.048095 0.404283 50.011345
0.065597 0.095440 0.402714 50.011345
0.130815 0.070898 0.717130 50.011345
0.125183 0.000000 0.492602 50.011345
0.395286 0.246319 0.268199 50.011345
0.738352 0.665694 0.103742 63.190148
0.107101 0.040987 0.571821 50.011345
0.256659 0.105828 0.434728 52.581723
0.125489 0.000000 0.458074 50.011345
0.398125 0.201629 0.792692 50.447289
0.158864 0.072554 0.813747 50.484046
0.227225 0.080902 0.193727 50.011345
0.158233 0.093925 0.284484 50.011345
0.131067 0.083812 1.000000 46.650639
0.635537 0.152174 0.769722 51.176356
0.109316 0.000000 0.308393 50.011345
0.803672 0.120804 0.731671 52.047920
0.199780 0.034718 0.763587 50.011345
0.216030 0.183804 0.516311 50.610597
0.630197 0.666740 0.194952 56.893178
0.943559 0.701517 0.210073 53.060702
0.812159 0.197289 0.694593 53.196245
0.675361 0.663855 0.243993 61.269856
0.725972 0.138586 0.717637 56.737237
0.173446 0.041517 0.556056 50.011345
0.221468 0.715497 0.365867 55.258875
0.257452 0.043188 0.598238 50.856058
0.324332 0.594199 0.509766 56.810990
0.230559 0.070803 0.638590 51.878432
0.707406 0.179516 0.579215 58.397224
0.829957 0.598547 0.221382 61.857702
0.240699 0.176453 0.577806 50.589809
0.707417 0.636303 0.278829 52.837398
0.097861 0.059197 0.832072 50.011345
0.841531 0.698781 0.266892 51.345894
0.137966 0.000583 0.822467 50.011345
0.397667 0.167768 0.670482 55.756751
0.277124 0.057952 0.766406 50.072368
0.133676 0.175194 0.485337 52.668878
0.234482 0.009774 0.438390 50.011345
0.264814 0.074259 0.286205 50.011345
0.835172 0.715168 0.172561 66.229148
0.197910 0.089372 0.159491 50.011345
0.805756 0.644463 0.202859 73.903876
0.326993 0.385955 0.632085 68.026015
0.147467 0.000000 0.783823 50.011345
0.230772 0.126426 0.568388 55.984052
0.256855 0.006734 0.630854 50.063477
0.643386 0.686328 0.095552 55.432577
0.141393 0.177808 0.519356 52.808651
0.071629 0.067028 0.474005 50.011345
0.140827 0.044871 0.417591 50.011345
0.631368 0.751032 0.187470 57.002116
0.191412 0.054990 0.711072 50.583428
0.395611 0.218983 0.602903 59.497541
0.205762 0.087119 0.685867 52.462794
0.188718 0.073881 0.641053 51.120307
0.089066 0.096005 0.424072 50.011345
0.680600 0.626982 0.244111 56.600074
0.255825 0.000000 0.573964 50.095438
0.096306 0.002172 0.564723 50.011345
0.054421 0.125641 0.587033 50.011345
0.091557 0.000000 0.634545 50.011345
0.220015 0.000000 0.484397 50.011345
0.155531 0.097142 0.629114 50.550084
0.334553 0.386881 0.685879 59.394879
0.161863 0.006022 0.678662 50.011345
0.736012 0.201205 0.650194 56.594608
0.107287 0.000000 0.742875 50.011345
0.150982 0.156694 0.730789 53.826293
0.105310 0.025632 0.423084 50.011345
0.127863 0.168168 0.678390 52.378225
0.880396 0.588128 0.095517 50.756041
0.319260 0.340884 0.655931 56.454777
0.122490 0.080132 0.906435 50.051311
0.273650 0.500856 0.586993 50.117123
0.104618 0.000000 0.606803 50.011345
0.085588 0.000000 0.704835 50.011345
0.382577 0.612124 0.517402 52.948138
0.235345 0.084111 0.384615 50.899290
0.172521 0.015471 0.469592 50.011345
0.334153 0.379776 0.478572 57.431001
0.197033 0.079913 0.449215 50.342406
0.871519 0.765717 0.134877 53.140415
0.865721 0.192269 0.610717 50.227869
0.408138 0.193928 0.685307 56.736191
0.573136 0.671624 0.136422 50.447465
0.237246 0.000000 0.680824 50.011345
0.066051 0.006613 0.350816 50.011345
0.219860 0.528573 0.244927 50.840964
0.798518 0.718103 0.133860 67.208252
0.702735 0.191422 0.598330 54.913998
0.081404 0.000000 0.678813 50.011345
0.147575 0.000000 0.424979 50.011345
0.105353 0.042597 0.349258 50.011345
0.192157 0.171286 0.552153 55.686647
0.270337 0.130451 0.485402 54.922954
0.230918 0.000000 0.380336 50.011345
0.868512 0.126279 0.723031 50.328304
0.175162 0.070595 0.242480 50.011345
0.283753 0.395628 0.644837 66.393695
0.134394 0.025149 0.705943 50.011345
0.092597 0.149844 0.352572 50.011345
0.192058 0.000000 0.768172 50.011345
0.884036 0.703464 0.208012 61.648779
0.630149 0.486509 0.199093 51.258637
0.302909 0.309779 0.608113 51.827862
0.591761 0.682492 0.159971 53.448340
0.131104 0.000000 0.539725 50.011345
0.124758 0.062106 0.363624 50.011345
0.758231 0.066109 0.707443 51.871107
0.195273 0.806906 0.400490 50.779326
0.759563 0.680440 0.187458 77.260226
0.835108 0.799973 0.191992 52.123366
0.070451 0.093594 0.282159 50.011345
0.643912 0.621797 0.229183 52.968615
0.247816 0.092040 0.679013 53.394522
0.330659 0.550278 0.556898 53.200273
0.648726 0.096467 0.761578 50.870222
0.087640 0.031063 0.663240 50.011345
0.210438 0.049964 0.601995 50.645344
0.213687 0.110799 0.811599 53.789786
0.182692 0.009923 0.648469 50.011345
0.178102 0.161089 0.292487 51.356237
0.814002 0.636864 0.128930 66.965085
0.767549 0.771001 0.212784 58.700517
0.273044 0.330662 0.631918 53.087029
0.042105 0.082980 0.682835 50.011345
