# gen=300 party 0 competing subpops
# subpop_id x0..xd fitness
0 0.303260 0.500000 0.500000 0.500000 0.500000 0.479955 0.500000 0.500000 0.500000 0.500000 89.957069
0 0.293424 0.500000 0.500000 0.500000 0.500000 0.509621 0.500000 0.500000 0.500000 0.500000 89.967605
0 0.310640 0.500000 0.500000 0.500000 0.500000 0.490174 0.500000 0.500000 0.500000 0.500000 89.958024
0 0.302406 0.500000 0.500000 0.500000 0.500000 0.492128 0.500000 0.500000 0.500000 0.500000 89.981809
0 0.300000 0.500000 0.500000 0.500000 0.500000 0.500000 0.500000 0.500000 0.500000 0.500000 90.000000
0 0.303214 0.500000 0.500000 0.500000 0.500000 0.496240 0.500000 0.500000 0.500000 0.500000 89.986510
0 0.299551 0.500000 0.500000 0.500000 0.500000 0.482234 0.500000 0.500000 0.500000 0.500000 89.963268
0 0.303975 0.500000 0.500000 0.500000 0.500000 0.486309 0.500000 0.500000 0.500000 0.500000 89.968587
0 0.319084 0.500000 0.500000 0.500000 0.500000 0.478790 0.500000 0.500000 0.500000 0.500000 89.920794
0 0.291654 0.500000 0.500000 0.500000 0.500000 0.475858 0.500000 0.500000 0.500000 0.500000 89.942341
0 0.302915 0.500000 0.500000 0.500000 0.500000 0.505269 0.500000 0.500000 0.500000 0.500000 89.984559
0 0.320288 0.500000 0.500000 0.500000 0.500000 0.476258 0.500000 0.500000 0.500000 0.500000 89.914397
0 0.275575 0.500000 0.500000 0.500000 0.500000 0.503008 0.500000 0.500000 0.500000 0.500000 89.915329
0 0.285852 0.500000 0.500000 0.500000 0.500000 0.484921 0.500000 0.500000 0.500000 0.500000 89.942030
0 0.309265 0.500000 0.500000 0.500000 0.500000 0.492476 0.500000 0.500000 0.500000 0.500000 89.964438
0 0.292894 0.500000 0.500000 0.500000 0.500000 0.519101 0.500000 0.500000 0.500000 0.500000 89.941376
0 0.304125 0.500000 0.500000 0.500000 0.500000 0.491810 0.500000 0.500000 0.500000 0.500000 89.977935
0 0.297208 0.500000 0.500000 0.500000 0.500000 0.488536 0.500000 0.500000 0.500000 0.500000 89.974476
0 0.292028 0.500000 0.500000 0.500000 0.500000 0.503889 0.500000 0.500000 0.500000 0.500000 89.971184
0 0.302986 0.500000 0.500000 0.500000 0.500000 0.494422 0.500000 0.500000 0.500000 0.500000 89.984605
1 0.288006 0.500000 0.500000 0.500000 0.500000 0.519879 0.500000 0.500000 0.500000 0.500000 89.930305
1 0.300000 0.500000 0.500000 0.500000 0.500000 0.500000 0.500000 0.500000 0.500000 0.500000 90.000000
1 0.317445 0.500000 0.500000 0.500000 0.500000 0.502827 0.500000 0.500000 0.500000 0.500000 89.939402
1 0.311153 0.500000 0.500000 0.500000 0.500000 0.501217 0.500000 0.500000 0.500000 0.500000 89.961367
1 0.287273 0.500000 0.500000 0.500000 0.500000 0.475956 0.500000 0.500000 0.500000 0.500000 89.933611
1 0.301452 0.500000 0.500000 0.500000 0.500000 0.458456 0.500000 0.500000 0.500000 0.500000 89.913839
1 0.297526 0.500000 0.500000 0.500000 0.500000 0.451559 0.500000 0.500000 0.500000 0.500000 89.899318
1 0.358014 0.500000 0.500000 0.500000 0.500000 0.437711 0.500000 0.500000 0.500000 0.500000 89.761538
1 0.315510 0.500000 0.500000 0.500000 0.500000 0.490921 0.500000 0.500000 0.500000 0.500000 89.943226
1 0.298190 0.500000 0.500000 0.500000 0.500000 0.503436 0.500000 0.500000 0.500000 0.500000 89.990325
1 0.285357 0.500000 0.500000 0.500000 0.500000 0.496903 0.500000 0.500000 0.500000 0.500000 89.948999
1 0.288547 0.500000 0.500000 0.500000 0.500000 0.476499 0.500000 0.500000 0.500000 0.500000 89.937323
1 0.319589 0.500000 0.500000 0.500000 0.500000 0.483370 0.500000 0.500000 0.500000 0.500000 89.924077
1 0.291702 0.500000 0.500000 0.500000 0.500000 0.508967 0.500000 0.500000 0.500000 0.500000 89.964291
1 0.273577 0.500000 0.500000 0.500000 0.500000 0.515625 0.500000 0.500000 0.500000 0.500000 89.899749
1 0.302463 0.500000 0.500000 0.500000 0.500000 0.467214 0.500000 0.500000 0.500000 0.500000 89.931619
1 0.318371 0.500000 0.500000 0.500000 0.500000 0.429866 0.500000 0.500000 0.500000 0.500000 89.841422
1 0.327230 0.500000 0.500000 0.500000 0.500000 0.495888 0.500000 0.500000 0.500000 0.500000 89.905505
1 0.305395 0.500000 0.500000 0.500000 0.500000 0.440929 0.500000 0.500000 0.500000 0.500000 89.876222
1 0.307851 0.500000 0.500000 0.500000 0.500000 0.513793 0.500000 0.500000 0.500000 0.500000 89.955348
2 0.295217 0.500000 0.500000 0.500000 0.500000 0.489864 0.500000 0.500000 0.500000 0.500000 89.973370
2 0.290908 0.500000 0.500000 0.500000 0.500000 0.524360 0.500000 0.500000 0.500000 0.500000 89.920496
2 0.301810 0.500000 0.500000 0.500000 0.500000 0.472271 0.500000 0.500000 0.500000 0.500000 89.942299
2 0.318038 0.500000 0.500000 0.500000 0.500000 0.485390 0.500000 0.500000 0.500000 0.500000 89.930739
2 0.302352 0.500000 0.500000 0.500000 0.500000 0.491036 0.500000 0.500000 0.500000 0.500000 89.979843
2 0.300000 0.500000 0.500000 0.500000 0.500000 0.500000 0.500000 0.500000 0.500000 0.500000 90.000000
2 0.320815 0.500000 0.500000 0.500000 0.500000 0.506927 0.500000 0.500000 0.500000 0.500000 89.926325
2 0.300883 0.500000 0.500000 0.500000 0.500000 0.499358 0.500000 0.500000 0.500000 0.500000 89.996686
2 0.289747 0.500000 0.500000 0.500000 0.500000 0.472604 0.500000 0.500000 0.500000 0.500000 89.933160
2 0.315484 0.500000 0.500000 0.500000 0.500000 0.458196 0.500000 0.500000 0.500000 0.500000 89.898235
2 0.296017 0.500000 0.500000 0.500000 0.500000 0.471175 0.500000 0.500000 0.500000 0.500000 89.938795
2 0.306742 0.500000 0.500000 0.500000 0.500000 0.513908 0.500000 0.500000 0.500000 0.500000 89.957267
2 0.305643 0.500000 0.500000 0.500000 0.500000 0.483506 0.500000 0.500000 0.500000 0.500000 89.960749
2 0.308605 0.500000 0.500000 0.500000 0.500000 0.498956 0.500000 0.500000 0.500000 0.500000 89.970182
2 0.300343 0.500000 0.500000 0.500000 0.500000 0.503562 0.500000 0.500000 0.500000 0.500000 89.992241
3 0.264772 0.500000 0.500000 0.500000 0.500000 0.493012 0.500000 0.500000 0.500000 0.500000 89.877389
3 0.299332 0.500000 0.500000 0.500000 0.500000 0.495562 0.500000 0.500000 0.500000 0.500000 89.990654
3 0.300000 0.500000 0.500000 0.500000 0.500000 0.500000 0.500000 0.500000 0.500000 0.500000 90.000000
3 0.302313 0.500000 0.500000 0.500000 0.500000 0.513558 0.500000 0.500000 0.500000 0.500000 89.964369
3 0.312559 0.500000 0.500000 0.500000 0.500000 0.507354 0.500000 0.500000 0.500000 0.500000 89.953394
3 0.255175 0.500000 0.500000 0.500000 0.500000 0.496812 0.500000 0.500000 0.500000 0.500000 89.844922
3 0.285967 0.500000 0.500000 0.500000 0.500000 0.518526 0.500000 0.500000 0.500000 0.500000 89.929473
3 0.330405 0.500000 0.500000 0.500000 0.500000 0.503578 0.500000 0.500000 0.500000 0.500000 89.894618
3 0.297712 0.500000 0.500000 0.500000 0.500000 0.513513 0.500000 0.500000 0.500000 0.500000 89.964525
3 0.362933 0.500000 0.500000 0.500000 0.500000 0.501916 0.500000 0.500000 0.500000 0.500000 89.782429
3 0.279876 0.500000 0.500000 0.500000 0.500000 0.505431 0.500000 0.500000 0.500000 0.500000 89.929395
3 0.326260 0.500000 0.500000 0.500000 0.500000 0.506006 0.500000 0.500000 0.500000 0.500000 89.908227
3 0.312570 0.500000 0.500000 0.500000 0.500000 0.502212 0.500000 0.500000 0.500000 0.500000 89.956303
3 0.315679 0.500000 0.500000 0.500000 0.500000 0.490595 0.500000 0.500000 0.500000 0.500000 89.942449
3 0.308250 0.500000 0.500000 0.500000 0.500000 0.496245 0.500000 0.500000 0.500000 0.500000 89.970476
4 0.300724 0.500000 0.500000 0.500000 0.500000 0.512679 0.500000 0.500000 0.500000 0.500000 89.967889
4 0.300979 0.500000 0.500000 0.500000 0.500000 0.470765 0.500000 0.500000 0.500000 0.500000 89.939421
4 0.321444 0.500000 0.500000 0.500000 0.500000 0.496061 0.500000 0.500000 0.500000 0.500000 89.925445
4 0.314207 0.500000 0.500000 0.500000 0.500000 0.507864 0.500000 0.500000 0.500000 0.500000 89.947594
4 0.308697 0.500000 0.500000 0.500000 0.500000 0.507248 0.500000 0.500000 0.500000 0.500000 89.965620
4 0.296206 0.500000 0.500000 0.500000 0.500000 0.508820 0.500000 0.500000 0.500000 0.500000 89.975355
4 0.311948 0.500000 0.500000 0.500000 0.500000 0.505935 0.500000 0.500000 0.500000 0.500000 89.956599
4 0.301518 0.500000 0.500000 0.500000 0.500000 0.509262 0.500000 0.500000 0.500000 0.500000 89.977303
4 0.321933 0.500000 0.500000 0.500000 0.500000 0.481443 0.500000 0.500000 0.500000 0.500000 89.915043
4 0.287242 0.500000 0.500000 0.500000 0.500000 0.513662 0.500000 0.500000 0.500000 0.500000 89.943670
4 0.308645 0.500000 0.500000 0.500000 0.500000 0.469765 0.500000 0.500000 0.500000 0.500000 89.930669
4 0.300000 0.500000 0.500000 0.500000 0.500000 0.500000 0.500000 0.500000 0.500000 0.500000 90.000000
4 0.303952 0.500000 0.500000 0.500000 0.500000 0.474285 0.500000 0.500000 0.500000 0.500000 89.945089
4 0.306053 0.500000 0.500000 0.500000 0.500000 0.496894 0.500000 0.500000 0.500000 0.500000 89.978151
4 0.302294 0.500000 0.500000 0.500000 0.500000 0.492862 0.500000 0.500000 0.500000 0.500000 89.983336
5 0.289370 0.500000 0.500000 0.500000 0.500000 0.526387 0.500000 0.500000 0.500000 0.500000 89.910843
5 0.300033 0.500000 0.500000 0.500000 0.500000 0.503271 0.500000 0.500000 0.500000 0.500000 89.992993
5 0.301642 0.500000 0.500000 0.500000 0.500000 0.483443 0.500000 0.500000 0.500000 0.500000 89.965340
5 0.279570 0.500000 0.500000 0.500000 0.500000 0.478085 0.500000 0.500000 0.500000 0.500000 89.916098
5 0.284785 0.500000 0.500000 0.500000 0.500000 0.494844 0.500000 0.500000 0.500000 0.500000 89.946360
5 0.300000 0.500000 0.500000 0.500000 0.500000 0.500000 0.500000 0.500000 0.500000 0.500000 90.000000
5 0.296282 0.500000 0.500000 0.500000 0.500000 0.498899 0.500000 0.500000 0.500000 0.500000 89.986961
5 0.311972 0.500000 0.500000 0.500000 0.500000 0.498283 0.500000 0.500000 0.500000 0.500000 89.958476
5 0.300645 0.500000 0.500000 0.500000 0.500000 0.515007 0.500000 0.500000 0.500000 0.500000 89.960614
5 0.294383 0.500000 0.500000 0.500000 0.500000 0.474064 0.500000 0.500000 0.500000 0.500000 89.942952
5 0.304249 0.500000 0.500000 0.500000 0.500000 0.491822 0.500000 0.500000 0.500000 0.500000 89.977675
5 0.309537 0.500000 0.500000 0.500000 0.500000 0.508716 0.500000 0.500000 0.500000 0.500000 89.961134
5 0.306657 0.500000 0.500000 0.500000 0.500000 0.511477 0.500000 0.500000 0.500000 0.500000 89.963441
5 0.279945 0.500000 0.500000 0.500000 0.500000 0.491792 0.500000 0.500000 0.500000 0.500000 89.928655
5 0.317706 0.500000 0.500000 0.500000 0.500000 0.488332 0.500000 0.500000 0.500000 0.500000 89.934241
6 0.300800 0.500000 0.500000 0.500000 0.500000 0.484806 0.500000 0.500000 0.500000 0.500000 89.968513
6 0.300000 0.500000 0.500000 0.500000 0.500000 0.500000 0.500000 0.500000 0.500000 0.500000 90.000000
6 0.291842 0.500000 0.500000 0.500000 0.500000 0.503227 0.500000 0.500000 0.500000 0.500000 89.970966
6 0.317403 0.500000 0.500000 0.500000 0.500000 0.495989 0.500000 0.500000 0.500000 0.500000 89.939294
6 0.303674 0.500000 0.500000 0.500000 0.500000 0.485540 0.500000 0.500000 0.500000 0.500000 89.967567
6 0.296003 0.500000 0.500000 0.500000 0.500000 0.495113 0.500000 0.500000 0.500000 0.500000 89.982950
6 0.323049 0.500000 0.500000 0.500000 0.500000 0.505542 0.500000 0.500000 0.500000 0.500000 89.919374
6 0.295798 0.500000 0.500000 0.500000 0.500000 0.460088 0.500000 0.500000 0.500000 0.500000 89.916103
6 0.277363 0.500000 0.500000 0.500000 0.500000 0.508269 0.500000 0.500000 0.500000 0.500000 89.919389
6 0.291194 0.500000 0.500000 0.500000 0.500000 0.493025 0.500000 0.500000 0.500000 0.500000 89.966362
6 0.312409 0.500000 0.500000 0.500000 0.500000 0.499405 0.500000 0.500000 0.500000 0.500000 89.957090
6 0.297433 0.500000 0.500000 0.500000 0.500000 0.492324 0.500000 0.500000 0.500000 0.500000 89.981903
6 0.318942 0.500000 0.500000 0.500000 0.500000 0.483173 0.500000 0.500000 0.500000 0.500000 89.925873
6 0.308886 0.500000 0.500000 0.500000 0.500000 0.483536 0.500000 0.500000 0.500000 0.500000 89.954181
6 0.314542 0.500000 0.500000 0.500000 0.500000 0.501565 0.500000 0.500000 0.500000 0.500000 89.949629
7 0.294040 0.500000 0.500000 0.500000 0.500000 0.474563 0.500000 0.500000 0.500000 0.500000 89.943501
7 0.308429 0.500000 0.500000 0.500000 0.500000 0.494255 0.500000 0.500000 0.500000 0.500000 89.968579
7 0.312287 0.500000 0.500000 0.500000 0.500000 0.492807 0.500000 0.500000 0.500000 0.500000 89.955032
7 0.300000 0.500000 0.500000 0.500000 0.500000 0.500000 0.500000 0.500000 0.500000 0.500000 90.000000
7 0.307406 0.500000 0.500000 0.500000 0.500000 0.510282 0.500000 0.500000 0.500000 0.500000 89.964257
7 0.313224 0.500000 0.500000 0.500000 0.500000 0.513733 0.500000 0.500000 0.500000 0.500000 89.942266
7 0.298736 0.500000 0.500000 0.500000 0.500000 0.480457 0.500000 0.500000 0.500000 0.500000 89.959379
7 0.308950 0.500000 0.500000 0.500000 0.500000 0.510090 0.500000 0.500000 0.500000 0.500000 89.960599
7 0.297693 0.500000 0.500000 0.500000 0.500000 0.487471 0.500000 0.500000 0.500000 0.500000 89.972959
7 0.315170 0.500000 0.500000 0.500000 0.500000 0.516959 0.500000 0.500000 0.500000 0.500000 89.930385
7 0.307135 0.500000 0.500000 0.500000 0.500000 0.491783 0.500000 0.500000 0.500000 0.500000 89.970105
7 0.306113 0.500000 0.500000 0.500000 0.500000 0.494179 0.500000 0.500000 0.500000 0.500000 89.975736
7 0.311026 0.500000 0.500000 0.500000 0.500000 0.475751 0.500000 0.500000 0.500000 0.500000 89.937015
7 0.308720 0.500000 0.500000 0.500000 0.500000 0.496915 0.500000 0.500000 0.500000 0.500000 89.969218
7 0.302414 0.500000 0.500000 0.500000 0.500000 0.502052 0.500000 0.500000 0.500000 0.500000 89.990613
