# gen=300 mediating population
# x0..xd fitness
0.296889 0.123168 0.420424 0.654203 0.573478 0.423181 0.531634 0.519620 0.459586 0.415996 89.125716
0.204792 0.166456 0.438865 0.467873 0.522914 0.442489 0.328540 0.458587 0.482911 0.421875 89.432420
0.268946 0.154115 0.462265 0.361885 0.574787 0.461388 0.375416 0.493535 0.547380 0.416464 89.408501
0.300000 0.187500 0.500000 0.500000 0.500000 0.500000 0.500000 0.500000 0.500000 0.500000 90.000000
0.334339 0.161212 0.466586 0.420236 0.502933 0.549923 0.542775 0.451255 0.298235 0.499521 89.418677
0.659686 0.327374 0.019120 0.943237 0.941483 0.683167 0.549646 0.718187 0.454341 0.559859 0.000000
0.188881 0.100922 0.439476 0.405418 0.439653 0.480590 0.305614 0.356325 0.405321 0.287669 89.033525
0.318118 0.208725 0.424016 0.376048 0.473833 0.340855 0.556175 0.540612 0.557537 0.408405 89.305445
0.869478 0.804445 0.736527 0.915601 0.023521 0.943198 0.106572 0.497997 0.684825 0.162518 0.000000
0.348922 0.188482 0.402191 0.530710 0.455827 0.445034 0.445612 0.382297 0.539134 0.559568 89.440994
0.262985 0.193859 0.526378 0.550978 0.546974 0.418170 0.485734 0.498788 0.405894 0.463100 89.633533
0.259007 0.143352 0.589101 0.511138 0.557387 0.477758 0.570198 0.458491 0.561400 0.537207 89.272459
0.289113 0.179690 0.495145 0.591160 0.622880 0.387846 0.471563 0.524221 0.538428 0.533300 89.261292
0.213451 0.086163 0.360564 0.461143 0.571920 0.432952 0.267502 0.455865 0.505202 0.442072 89.085981
0.867508 0.929500 0.356558 0.000562 0.545254 0.356389 0.197513 0.533034 0.600960 0.439694 52.572806
0.952647 0.293389 0.255783 0.517567 0.069186 0.256509 0.876428 0.813174 0.404342 0.609862 0.000000
0.282586 0.153908 0.515795 0.441225 0.461649 0.408152 0.499946 0.495670 0.489274 0.525336 89.679828
0.403834 0.143733 0.485024 0.505204 0.538257 0.501150 0.565825 0.514829 0.558150 0.543903 89.300695
0.210407 0.829388 0.355692 0.547710 0.939883 0.239851 0.627300 0.954908 0.276001 0.950839 0.000000
0.335793 0.109751 0.480727 0.498067 0.435885 0.423433 0.462079 0.403175 0.519162 0.499099 89.458126
0.906840 0.077103 0.050357 0.223676 0.715919 0.631546 0.554206 0.578708 0.981663 0.249994 0.000000
0.243171 0.135005 0.482105 0.605193 0.359666 0.436384 0.542479 0.455209 0.441451 0.622623 88.112704
0.300189 0.364518 0.445829 0.578259 0.485134 0.457710 0.890581 0.226931 0.349021 0.676211 78.242680
0.348083 0.205270 0.258557 0.420720 0.502569 0.541866 0.495246 0.488026 0.477475 0.486426 89.411596
0.665686 0.143454 0.693460 0.799168 0.864390 0.134953 0.008758 0.984976 0.851012 0.962799 0.000000
0.318312 0.181647 0.434289 0.523727 0.608958 0.320881 0.476561 0.541811 0.556588 0.488272 89.278930
0.639244 0.472404 0.465307 0.383438 0.335532 0.533413 0.985858 0.585660 0.216469 0.310466 44.990883
0.298734 0.175811 0.471625 0.469831 0.428811 0.409680 0.404393 0.571539 0.516644 0.579188 89.120734
0.340871 0.192151 0.547593 0.497770 0.478878 0.203280 0.521750 0.485135 0.447517 0.508115 89.337800
0.239994 0.200340 0.397334 0.595380 0.470851 0.339743 0.301791 0.545682 0.451116 0.512642 89.254270
0.281407 0.185306 0.424746 0.423174 0.447457 0.534640 0.449990 0.482237 0.568778 0.439203 89.474601
0.189062 0.233930 0.684221 0.280565 0.557955 0.371137 0.534992 0.485887 0.566715 0.205988 88.733313
0.300000 0.187500 0.500000 0.500000 0.500000 0.500000 0.500000 0.500000 0.500000 0.500000 90.000000
0.103083 0.181829 0.374490 0.675410 0.524385 0.699588 0.481650 0.904152 0.447162 0.592511 72.525430
0.019119 0.967668 0.682200 0.364869 0.030374 0.869193 0.988016 0.371030 0.567000 0.325387 48.195827
0.321364 0.152507 0.313774 0.520576 0.589695 0.397532 0.478998 0.457536 0.314363 0.547267 89.242946
0.459488 0.567303 0.881978 0.733236 0.691306 0.506313 0.318749 0.201357 0.039283 0.946158 50.084929
0.241625 0.692290 0.732389 0.030385 0.646470 0.551350 0.245922 0.534920 0.006710 0.016926 67.111680
0.514484 0.522726 0.580948 0.680167 0.329250 0.260167 0.556552 0.612989 0.251780 0.983968 43.973944
0.300000 0.187500 0.500000 0.500000 0.500000 0.500000 0.500000 0.500000 0.500000 0.500000 90.000000
0.360775 0.190074 0.485690 0.427440 0.559960 0.539443 0.586656 0.381016 0.707452 0.547157 85.223546
0.214031 0.201979 0.449878 0.411281 0.427265 0.533702 0.506566 0.470389 0.497109 0.480819 89.572310
0.385482 0.120372 0.528158 0.659291 0.516279 0.525095 0.401589 0.467965 0.459451 0.578856 88.901219
0.123152 0.214730 0.314798 0.569631 0.006446 0.263753 0.478545 0.888425 0.140146 0.409300 74.147086
0.197808 0.146254 0.551025 0.456310 0.547743 0.521857 0.498180 0.516202 0.382828 0.340293 89.367801
0.207664 0.149224 0.549489 0.358322 0.612823 0.522395 0.485572 0.379834 0.369588 0.322544 89.110303
0.350298 0.203433 0.603131 0.495156 0.574411 0.565229 0.452276 0.551028 0.500141 0.544897 89.338616
0.754748 0.680104 0.642481 0.098570 0.765154 0.963006 0.497681 0.152097 0.670724 0.499941 0.000000
0.380354 0.249029 0.453701 0.571740 0.528772 0.418590 0.367511 0.510862 0.402227 0.504594 89.294097
0.209392 0.123571 0.494151 0.496626 0.621342 0.550380 0.516209 0.355199 0.446969 0.280460 89.045769
0.318974 0.197366 0.483332 0.416550 0.642506 0.389068 0.518094 0.477300 0.492923 0.395642 89.158361
0.204742 0.257964 0.348302 0.518011 0.555641 0.524579 0.366941 0.422161 0.425494 0.528891 89.184945
0.154611 0.855311 0.254739 0.513350 0.116070 0.143883 0.168984 0.706021 0.707897 0.284592 0.000000
0.342020 0.175820 0.317777 0.449972 0.616792 0.349011 0.397513 0.514267 0.505065 0.499853 89.212839
0.234335 0.169935 0.439272 0.479962 0.457114 0.522543 0.546504 0.529051 0.424909 0.507533 89.568522
0.300000 0.187500 0.500000 0.500000 0.500000 0.500000 0.500000 0.500000 0.500000 0.500000 90.000000
0.536902 0.630454 0.730756 0.580031 0.041688 0.089552 0.126493 0.714963 0.750296 0.054490 55.297634
0.103041 0.684473 0.946246 0.274273 0.184986 0.017043 0.915256 0.813960 0.155572 0.500137 53.323689
0.311447 0.190869 0.431380 0.532380 0.268071 0.508580 0.351226 0.451577 0.529527 0.352418 89.316141
0.242160 0.194147 0.569007 0.568319 0.523265 0.356336 0.470010 0.583436 0.870235 0.503890 70.210572
0.777817 0.692890 0.161253 0.657963 0.936501 0.210158 0.798433 0.762614 0.554531 0.306961 46.775867
0.385581 0.212135 0.213485 0.496610 0.448627 0.460482 0.472116 0.480447 0.305028 0.473623 89.189146
0.328392 0.252224 0.661467 0.505744 0.413990 0.413591 0.451320 0.385188 0.441138 0.475827 89.139855
0.445943 0.090838 0.447633 0.146970 0.562190 0.391862 0.520971 0.445591 0.424778 0.063849 88.570978
0.188466 0.211912 0.608609 0.560032 0.429929 0.449539 0.487636 0.539835 0.499161 0.503366 89.367974
0.240488 0.163010 0.618996 0.524251 0.467257 0.553873 0.478709 0.374910 0.569970 0.461655 89.270007
0.234752 0.193154 0.521249 0.411259 0.560567 0.481713 0.441626 0.568684 0.518278 0.475844 89.403146
0.404505 0.109409 0.458849 0.486942 0.466266 0.444161 0.415985 0.445650 0.464141 0.459741 89.367645
0.266035 0.180365 0.469196 0.402508 0.435221 0.364013 0.480882 0.508455 0.460505 0.391597 89.533814
0.190217 0.240696 0.618698 0.434487 0.367576 0.195095 0.328663 0.422004 0.445829 0.389434 88.920611
0.244320 0.202565 0.353330 0.439263 0.391954 0.397599 0.565343 0.563720 0.410079 0.494544 89.220147
0.907679 0.783961 0.887204 0.582911 0.679868 0.989474 0.281870 0.839015 0.585953 0.175843 0.000000
0.879609 0.958547 0.049819 0.274050 0.317673 0.114831 0.762782 0.204038 0.793272 0.999103 10.318928
0.220274 0.141461 0.418103 0.330788 0.584665 0.497618 0.575819 0.505411 0.312117 0.359984 89.052839
0.407055 0.126482 0.444117 0.193391 0.566780 0.372923 0.508228 0.473804 0.429692 0.507537 89.097307
0.329490 0.195303 0.525744 0.351041 0.561187 0.355925 0.513351 0.533814 0.433300 0.458231 89.461319
0.334139 0.168214 0.524855 0.388233 0.490363 0.497492 0.448279 0.480752 0.524301 0.502533 89.682529
0.330003 0.181080 0.551333 0.452310 0.514574 0.528060 0.599104 0.334448 0.553084 0.493679 89.071919
0.270867 0.000000 0.457924 0.643345 0.196210 0.498422 0.466149 0.437905 0.521579 0.347381 88.592117
0.270037 0.189244 0.545592 0.564466 0.566210 0.476728 0.576104 0.494899 0.567638 0.321780 89.178720
0.378630 0.210430 0.569251 0.066053 0.432891 0.528677 0.540632 0.435329 0.676023 0.517176 86.646077
0.455843 0.107860 0.176534 0.610525 0.435389 0.493377 0.517903 0.364699 0.588634 0.426937 88.691704
0.596336 0.940450 0.775186 0.747914 0.677411 0.665929 0.922953 0.046764 0.008027 0.521728 52.891626
0.245161 0.242894 0.469393 0.552968 0.544350 0.534530 0.440790 0.513850 0.445583 0.499224 89.465082
0.390695 0.135559 0.447788 0.509426 0.516213 0.445095 0.457877 0.572609 0.504288 0.468579 89.312176
0.315978 0.121991 0.666600 0.402852 0.301102 0.516657 0.544507 0.378491 0.513075 0.355207 89.036379
0.145443 0.192623 0.353699 0.528444 0.303358 0.491783 0.265747 0.487795 0.528051 0.497000 89.108687
0.322244 0.082959 0.562617 0.452318 0.328904 0.513200 0.486588 0.368717 0.548958 0.376018 89.166273
0.156379 0.133767 0.458741 0.447322 0.473700 0.469741 0.371131 0.364365 0.497749 0.281803 89.152920
0.181201 0.121542 0.195416 0.142933 0.236637 0.824325 0.555791 0.698528 0.883684 0.000411 67.467755
0.279161 0.101992 0.657043 0.413290 0.616220 0.331664 0.430324 0.366605 0.515751 0.527746 88.950313
0.359382 0.154883 0.430329 0.481383 0.476137 0.393536 0.474386 0.533308 0.408834 0.450316 89.534043
0.209659 0.138737 0.658911 0.531114 0.439197 0.575776 0.370911 0.395037 0.535381 0.522258 89.103838
0.516230 0.222589 0.433200 0.631386 0.606724 0.446061 0.498292 0.537844 0.461039 0.391009 88.886138
0.452406 0.193964 0.495558 0.394536 0.527140 0.501323 0.388710 0.574118 0.468878 0.486382 89.185665
0.460811 0.140625 0.546316 0.555282 0.324516 0.504751 0.486478 0.160049 0.498951 0.522188 88.974943
0.300000 0.187500 0.500000 0.500000 0.500000 0.500000 0.500000 0.500000 0.500000 0.500000 90.000000
0.214026 0.192405 0.362416 0.538401 0.881621 0.512536 0.068712 0.485021 0.622035 0.506853 85.582532
0.187395 0.156314 0.456187 0.526825 0.577384 0.484530 0.510030 0.431033 0.512933 0.301489 89.316675
0.207032 0.872499 0.116572 0.183550 0.937585 0.016947 0.192959 0.472003 0.254249 0.729091 0.000000
0.336863 0.143066 0.451687 0.459630 0.423501 0.545173 0.481423 0.526811 0.369135 0.509654 89.515781
0.483786 0.240190 0.071768 0.337791 0.701154 0.512734 0.206948 0.880520 0.977976 0.187278 48.593902
0.578631 0.828698 0.597229 0.590870 0.565642 0.491150 0.035690 0.901790 0.477011 0.806931 62.481810
0.340520 0.220096 0.445448 0.542341 0.259342 0.549328 0.436780 0.491994 0.537370 0.432994 89.339839
0.783810 0.864664 0.110506 0.396695 0.925350 0.324279 0.342092 0.481936 0.656433 0.252139 50.303659
0.300000 0.187500 0.500000 0.500000 0.500000 0.500000 0.500000 0.500000 0.500000 0.500000 90.000000
0.270590 0.185892 0.561086 0.528370 0.504412 0.392628 0.495663 0.473044 0.456592 0.449636 89.657103
0.290454 0.196258 0.425925 0.424533 0.622037 0.483429 0.451575 0.417539 0.495147 0.380141 89.296816
0.150000 0.117188 0.445753 0.425366 0.483963 0.486736 0.472983 0.447002 0.495258 0.302663 89.198876
0.249648 0.147439 0.526786 0.383075 0.482888 0.301944 0.520740 0.472854 0.385875 0.461878 89.379918
0.175475 0.118127 0.787368 0.270138 0.511411 0.330191 0.420039 0.612501 0.419495 0.500914 88.101168
0.186438 0.193998 0.478944 0.513691 0.559900 0.436102 0.359506 0.511342 0.488324 0.499922 89.451502
0.378330 0.227121 0.199625 0.475790 0.587175 0.475045 0.442871 0.545704 0.450635 0.359712 89.092812
0.417279 0.216955 0.408542 0.478073 0.532654 0.502047 0.404099 0.566285 0.445488 0.524522 89.299545
0.571381 0.100822 0.942167 0.249992 0.321636 0.285562 0.034158 0.604951 0.076184 0.412883 86.902784
0.340532 0.257282 0.489351 0.497583 0.609243 0.441543 0.527703 0.423693 0.420635 0.491929 89.214158
0.823500 0.377717 0.979926 0.150305 0.020718 0.907759 0.733191 0.404023 0.931759 0.301905 0.000000
0.307047 0.231262 0.359818 0.498939 0.432898 0.337417 0.410084 0.419101 0.516195 0.464170 89.379337
0.337716 0.132370 0.642514 0.448419 0.437643 0.442203 0.277076 0.412517 0.512201 0.398767 89.164782
0.295578 0.163191 0.490476 0.510357 0.544365 0.522068 0.295526 0.519820 0.511186 0.497768 89.525249
0.303181 0.157342 0.530203 0.487539 0.573186 0.513098 0.362493 0.530283 0.390958 0.248994 89.276745
0.350565 0.231007 0.588918 0.462859 0.496308 0.533556 0.406651 0.416183 0.417106 0.428527 89.415513
0.386812 0.169515 0.501178 0.393301 0.376628 0.487417 0.459029 0.483409 0.462045 0.477910 89.518144
0.220040 0.138772 0.322381 0.451845 0.545550 0.385869 0.356597 0.557331 0.515772 0.480216 89.243844
0.309333 0.179589 0.450624 0.520618 0.497470 0.458793 0.363089 0.520078 0.517595 0.409219 89.617735
0.191196 0.158278 0.632229 0.548380 0.905985 0.513675 0.084544 0.467845 0.595029 0.517365 85.252248
0.825765 0.606290 0.708760 0.039799 0.205526 0.375332 0.600206 0.687267 0.023307 0.498145 0.000000
0.256808 0.165210 0.557896 0.520363 0.253050 0.266127 0.304461 0.363419 0.436950 0.474450 89.088715
0.315100 0.193072 0.483026 0.460408 0.485417 0.506144 0.504921 0.435584 0.370813 0.562120 89.499165
0.187473 0.212081 0.540567 0.391303 0.588937 0.536303 0.499956 0.546508 0.512644 0.559032 89.253886
0.276742 0.202030 0.411564 0.548399 0.433116 0.441530 0.404436 0.300396 0.503420 0.522884 89.438750
0.119625 0.133976 0.214977 0.416103 0.038192 0.316060 0.424387 0.515098 0.453352 0.769321 77.269559
0.267179 0.058502 0.191183 0.054791 0.744145 0.093542 0.391427 0.875831 0.565223 0.357959 75.178946
0.332447 0.260398 0.461826 0.478477 0.443767 0.460610 0.417143 0.409343 0.465185 0.486319 89.351137
0.450235 0.224746 0.428129 0.420064 0.373402 0.479765 0.523510 0.445045 0.515554 0.508235 89.306761
0.192498 0.791390 0.572757 0.017940 0.737788 0.933451 0.309711 0.305475 0.213999 0.960214 47.767898
0.284222 0.235982 0.517440 0.455311 0.440994 0.430025 0.362802 0.508291 0.500507 0.440229 89.481194
0.195723 0.197744 0.517344 0.565817 0.506995 0.446339 0.513198 0.518937 0.503861 0.507155 89.558973
0.323997 0.163650 0.397304 0.483817 0.529607 0.492241 0.551699 0.483161 0.478409 0.494552 89.601319
0.300000 0.187500 0.500000 0.500000 0.500000 0.500000 0.500000 0.500000 0.500000 0.500000 90.000000
0.606557 0.848159 0.828959 0.359419 0.085115 0.459124 0.107617 0.111180 0.178538 0.653406 0.000000
0.319608 0.184306 0.936188 0.527069 0.554104 0.517186 0.592178 0.580086 0.300744 0.511455 87.544305
0.559049 0.806875 0.880079 0.688093 0.979199 0.569829 0.012520 0.003521 0.460517 0.041743 61.150711
0.193295 0.193692 0.563573 0.310353 0.449265 0.577191 0.481290 0.379130 0.523371 0.491606 89.254641
0.471705 0.374721 0.996852 0.071208 0.778878 0.868615 0.843440 0.240742 0.732981 0.485843 77.320266
0.210333 0.175711 0.500982 0.435418 0.467648 0.350833 0.440683 0.505189 0.424132 0.549896 89.435332
0.130966 0.193025 0.499230 0.438044 0.600095 0.497179 0.390045 0.528218 0.395819 0.355292 89.139312
0.204925 0.191780 0.425281 0.542373 0.375258 0.483811 0.547251 0.515165 0.503934 0.526929 89.469037
0.236985 0.206921 0.546489 0.535227 0.341802 0.518298 0.344114 0.536187 0.528333 0.509949 89.421043
0.498332 0.644392 0.459660 0.211564 0.905610 0.098750 0.372935 0.425301 0.662728 0.464682 0.000000
0.150338 0.171553 0.996728 0.668076 0.231211 0.170575 0.340500 0.500946 0.092550 0.360500 86.888703
0.300000 0.187500 0.500000 0.500000 0.500000 0.500000 0.500000 0.500000 0.500000 0.500000 90.000000
0.181886 0.172626 0.390901 0.211096 0.481064 0.499560 0.479128 0.416210 0.545204 0.473537 89.191941
0.384592 0.178976 0.519119 0.501613 0.196113 0.343265 0.405387 0.536128 0.395182 0.456801 89.156043
0.276492 0.131818 0.503536 0.442702 0.520141 0.413132 0.374956 0.488462 0.408526 0.486214 89.494112
0.155607 0.164499 0.544550 0.398362 0.451611 0.563411 0.500686 0.402723 0.452871 0.517824 89.316002
0.204297 0.546543 0.979373 0.511965 0.154005 0.634320 0.149250 0.289701 0.664970 0.287082 61.843687
0.356408 0.166751 0.527696 0.425588 0.476979 0.521238 0.498449 0.506832 0.444356 0.404622 89.627529
0.283024 0.174058 0.569972 0.599945 0.373189 0.340358 0.370976 0.584187 0.510429 0.336991 89.010651
0.418453 0.215076 0.510227 0.365556 0.535507 0.190010 0.486258 0.515249 0.471060 0.460917 89.154278
0.107302 0.059464 0.499646 0.347265 0.205837 0.764896 0.727965 0.139639 0.806430 0.743957 73.555271
0.355359 0.167724 0.294648 0.467081 0.504650 0.358135 0.454890 0.410005 0.490166 0.513959 89.394619
0.810896 0.372232 0.046122 0.490628 0.170377 0.764861 0.733536 0.090191 0.592295 0.970318 0.000000
0.624241 0.742268 0.115297 0.608186 0.678655 0.026673 0.965401 0.403970 0.328401 0.892379 27.870958
0.062165 0.852261 0.566637 0.827310 0.828086 0.832790 0.821122 0.061121 0.816743 0.381914 44.543750
0.193612 0.230791 0.470995 0.819318 0.457395 0.459985 0.431884 0.547802 0.493873 0.656982 86.156848
0.156261 0.051019 0.905369 0.031838 0.565639 0.724272 0.956570 0.018215 0.388194 0.423289 74.479149
0.255256 0.214862 0.311276 0.339052 0.355249 0.153625 0.451762 0.565467 0.386829 0.397511 88.897508
0.459796 0.257418 0.647852 0.547920 0.311782 0.385026 0.520292 0.497769 0.517987 0.481416 88.952620
0.288781 0.851179 0.088961 0.266320 0.774143 0.143151 0.118020 0.386966 0.629399 0.161540 0.000000
0.300000 0.187500 0.500000 0.500000 0.500000 0.500000 0.500000 0.500000 0.500000 0.500000 90.000000
0.188766 0.151172 0.441347 0.348402 0.505566 0.506767 0.497877 0.523504 0.326283 0.364959 89.280590
0.188412 0.236163 0.463616 0.582069 0.528068 0.372169 0.487280 0.532496 0.446183 0.400301 89.293039
0.127538 0.203306 0.309648 0.389055 0.424257 0.253152 0.462890 0.611641 0.422560 0.394125 88.522564
0.411781 0.226342 0.509387 0.420133 0.621480 0.390899 0.324795 0.533803 0.200116 0.454006 88.910601
0.358903 0.201611 0.619136 0.570097 0.434156 0.487059 0.533488 0.521021 0.539587 0.571518 89.229001
0.461636 0.456863 0.739819 0.678846 0.155689 0.790045 0.251699 0.845081 0.660543 0.968088 45.573547
0.337674 0.191415 0.526642 0.339674 0.391688 0.415273 0.535747 0.459989 0.080780 0.406349 88.979412
0.935211 0.193403 0.516124 0.453008 0.381182 0.740276 0.534035 0.386582 0.439125 0.483718 0.000000
0.349493 0.245888 0.561389 0.303488 0.435371 0.449056 0.495774 0.473749 0.441998 0.417295 89.301234
0.333764 0.149668 0.460966 0.558886 0.506600 0.563665 0.529553 0.516185 0.508247 0.439997 89.540909
0.240575 0.130164 0.409544 0.341594 0.521116 0.448347 0.471962 0.458667 0.511934 0.311545 89.318826
0.244452 0.131112 0.351805 0.415191 0.426200 0.517352 0.490016 0.477221 0.512888 0.476697 89.460409
0.400217 0.169553 0.604957 0.576627 0.491915 0.537563 0.502765 0.386927 0.541004 0.484415 89.364902
0.278547 0.204959 0.553497 0.317276 0.322932 0.517095 0.509696 0.341848 0.396529 0.443280 89.300197
0.226615 0.156110 0.395174 0.378231 0.437736 0.473222 0.507383 0.396375 0.413198 0.467424 89.444129
0.352648 0.259212 0.418952 0.490966 0.381721 0.298606 0.426457 0.466603 0.505420 0.545597 89.185293
0.946391 0.887920 0.607786 0.407278 0.474424 0.668349 0.496140 0.517809 0.866244 0.101698 0.000000
0.212932 0.148717 0.453775 0.567882 0.359840 0.447841 0.413674 0.516552 0.472997 0.487966 89.429980
0.406039 0.181122 0.503699 0.370697 0.175206 0.580069 0.545802 0.120562 0.717673 0.254290 84.552012
0.245588 0.204485 0.571025 0.454366 0.462362 0.459657 0.473844 0.506405 0.495136 0.454786 89.644800
0.295522 0.179922 0.499342 0.385328 0.569330 0.381867 0.505251 0.466910 0.555549 0.568898 89.304976
0.294240 0.154145 0.550825 0.446716 0.411152 0.474767 0.478517 0.426266 0.520356 0.468010 89.631864
0.332572 0.172464 0.465921 0.491127 0.441527 0.524919 0.427809 0.532633 0.460726 0.527675 89.684047
0.419977 0.185130 0.469660 0.533210 0.410428 0.531561 0.483664 0.413950 0.353423 0.511448 89.405018
0.312462 0.285613 0.454772 0.420797 0.510558 0.474174 0.485981 0.479334 0.505967 0.405773 89.166289
0.301103 0.155521 0.486422 0.449756 0.457826 0.271612 0.495953 0.525774 0.532914 0.520929 89.454957
0.268526 0.128283 0.423610 0.547128 0.536348 0.525042 0.370321 0.469537 0.530434 0.440358 89.474619
0.083802 0.122498 0.046551 0.291089 0.793479 0.539931 0.164251 0.831008 0.415610 0.433444 78.692667
0.203775 0.250859 0.472909 0.456625 0.385497 0.371315 0.292757 0.356996 0.535677 0.365622 89.084071
0.718833 0.939835 0.897489 0.654205 0.725293 0.397235 0.399688 0.799729 0.164235 0.413190 0.000000
0.377488 0.172720 0.530393 0.624267 0.471218 0.522806 0.501147 0.555300 0.411966 0.518058 89.315958
0.348111 0.110100 0.557769 0.681268 0.400373 0.400537 0.708336 0.550040 0.620189 0.704246 82.905592
0.162944 0.152604 0.362227 0.468740 0.530238 0.535109 0.575936 0.522263 0.371996 0.502744 89.159503
0.275114 0.206385 0.434618 0.470797 0.349966 0.416185 0.498544 0.533453 0.541182 0.521963 89.533818
0.278392 0.205895 0.583333 0.491035 0.450025 0.432845 0.588349 0.455954 0.457217 0.415936 89.229921
0.300000 0.187500 0.500000 0.500000 0.500000 0.500000 0.500000 0.500000 0.500000 0.500000 90.000000
0.297613 0.153557 0.505402 0.615334 0.349004 0.547653 0.387836 0.553613 0.425033 0.305974 89.167497
0.288853 0.078266 0.409977 0.394481 0.564122 0.597175 0.502854 0.465719 0.560522 0.531456 89.038114
0.373879 0.118789 0.502508 0.429111 0.382153 0.411970 0.411748 0.396107 0.381969 0.440953 89.307115
0.256022 0.190200 0.664581 0.613500 0.596937 0.492268 0.453563 0.551566 0.552404 0.358927 89.016650
0.295140 0.281073 0.613687 0.525315 0.396319 0.257389 0.446290 0.483794 0.364418 0.544695 88.939146
0.749179 0.437898 0.470276 0.568917 0.815539 0.067481 0.973224 0.653504 0.664483 0.374870 44.319607
0.379800 0.181612 0.603929 0.477765 0.413701 0.523458 0.586688 0.507063 0.507663 0.536702 89.192281
0.410091 0.202046 0.460679 0.559713 0.362501 0.582513 0.406800 0.493168 0.534448 0.345740 89.218574
0.350980 0.638104 0.552154 0.498903 0.447199 0.464293 0.489820 0.863081 0.571763 0.432746 65.220929
0.287066 0.173930 0.502424 0.385525 0.464266 0.556332 0.389126 0.409339 0.464384 0.335886 89.419516
0.419210 0.110214 0.533590 0.472757 0.548095 0.497847 0.418154 0.459128 0.485845 0.484923 89.350644
0.306167 0.163285 0.459563 0.598830 0.499005 0.507937 0.272007 0.518144 0.535034 0.545987 89.339864
0.251979 0.139503 0.348434 0.196251 0.532620 0.519098 0.561605 0.402061 0.525672 0.433038 89.103432
0.216827 0.293788 0.408434 0.367619 0.685650 0.633431 0.311727 0.453588 0.357678 0.698538 83.961464
0.278356 0.218789 0.668434 0.420711 0.606794 0.528695 0.538336 0.474899 0.418888 0.500003 89.128828
0.383477 0.692620 0.808595 0.644345 0.799094 0.058623 0.213464 0.786933 0.656635 0.085305 61.300269
0.249346 0.179687 0.591452 0.573898 0.534807 0.388251 0.504405 0.543719 0.485863 0.452941 89.463601
0.250240 0.215038 0.357756 0.322876 0.573281 0.446689 0.437810 0.443467 0.497122 0.395062 89.333002
0.323777 0.216156 0.455457 0.497285 0.403668 0.486236 0.494521 0.489427 0.451226 0.376071 89.586867
0.348847 0.209584 0.282904 0.627839 0.466502 0.470046 0.442222 0.489324 0.364580 0.423971 89.198406
0.234051 0.099737 0.508771 0.436608 0.522807 0.443311 0.561942 0.433981 0.370922 0.469990 89.255672
0.300000 0.187500 0.500000 0.500000 0.500000 0.500000 0.500000 0.500000 0.500000 0.500000 90.000000
0.399760 0.224937 0.537437 0.399006 0.618781 0.432713 0.367730 0.498580 0.622440 0.480955 88.386219
0.009008 0.851766 0.420807 0.976447 0.990479 0.972261 0.023898 0.372212 0.338099 0.604781 0.000000
0.260878 0.187078 0.424010 0.604308 0.416231 0.356179 0.403216 0.519990 0.414443 0.478223 89.377935
0.368356 0.260954 0.505049 0.441291 0.513968 0.489580 0.341661 0.519281 0.413022 0.507318 89.270686
0.277913 0.187926 0.404342 0.641380 0.583463 0.469222 0.549367 0.442953 0.426349 0.610112 88.421211
0.335758 0.228223 0.428850 0.426220 0.561366 0.458239 0.443470 0.489939 0.521662 0.489911 89.543901
0.346751 0.848874 0.329267 0.458457 0.567445 0.463078 0.436886 0.599586 0.347189 0.571571 0.000000
0.225602 0.206739 0.401437 0.540864 0.446103 0.508508 0.393615 0.530764 0.503847 0.514495 89.537705
0.262404 0.192729 0.572685 0.655079 0.476307 0.427779 0.565951 0.549117 0.523169 0.445212 89.103995
0.327209 0.163066 0.370726 0.418457 0.211516 0.638305 0.479761 0.448612 0.387784 0.407256 88.729863
0.319561 0.187711 0.537995 0.447846 0.541884 0.571911 0.548392 0.490005 0.542779 0.510888 89.497610
0.032654 0.625564 0.943599 0.840437 0.142021 0.604800 0.033087 0.707556 0.436692 0.284721 67.178612
0.285381 0.159050 0.388004 0.395195 0.459558 0.551955 0.424906 0.415207 0.408358 0.386679 89.427728
0.306962 0.201486 0.306888 0.571395 0.457138 0.420444 0.423067 0.491356 0.336441 0.512306 89.370465
0.224088 0.205030 0.545623 0.513984 0.545741 0.485166 0.474869 0.469537 0.413655 0.474513 89.602919
0.345071 0.172082 0.599205 0.463066 0.377086 0.265980 0.433231 0.431453 0.500815 0.497816 89.308114
0.002252 0.149958 0.170486 0.921542 0.687902 0.915630 0.342236 0.358003 0.415554 0.843869 64.156789
0.331213 0.195215 0.484936 0.473371 0.557086 0.446008 0.438803 0.412215 0.463163 0.458155 89.645380
0.275996 0.249004 0.475079 0.421253 0.380164 0.432693 0.514074 0.435757 0.482250 0.419262 89.386879
0.212900 0.166741 0.485421 0.518275 0.491687 0.538668 0.395614 0.505857 0.548897 0.519773 89.531400
0.213809 0.189141 0.550558 0.250530 0.534362 0.360679 0.425416 0.478715 0.450754 0.449597 89.282273
0.296117 0.151320 0.515062 0.469008 0.470774 0.424260 0.511049 0.577462 0.561843 0.470940 89.287360
0.231433 0.197950 0.617235 0.399974 0.390557 0.441880 0.461700 0.415712 0.405384 0.581147 89.067704
0.323690 0.186012 0.290251 0.557624 0.412718 0.482533 0.492277 0.520119 0.418373 0.432258 89.442154
0.399945 0.220049 0.244301 0.677388 0.468610 0.549331 0.519159 0.569189 0.857631 0.513226 71.868427
0.351899 0.212810 0.267294 0.446587 0.589256 0.503951 0.466126 0.544131 0.536077 0.359342 89.236225
0.338836 0.170485 0.525015 0.494643 0.524096 0.486785 0.595405 0.687908 0.436586 0.594093 86.603505
0.973427 0.832358 0.525155 0.638340 0.883367 0.946668 0.995298 0.263240 0.700641 0.270121 41.889002
0.300000 0.187500 0.500000 0.500000 0.500000 0.500000 0.500000 0.500000 0.500000 0.500000 90.000000
0.677328 0.047410 0.586921 0.436487 0.043134 0.564197 0.921645 0.611144 0.276106 0.815290 0.000000
0.230450 0.140447 0.508432 0.547501 0.589924 0.375107 0.345279 0.382222 0.458732 0.424401 89.269131
0.243958 0.198948 0.313300 0.452201 0.483966 0.527217 0.382623 0.466359 0.536312 0.513040 89.460305
0.414810 0.158799 0.435132 0.523010 0.455492 0.473999 0.535995 0.559715 0.546503 0.514075 89.361216
0.327178 0.076085 0.450618 0.627341 0.318466 0.514276 0.303868 0.317692 0.397884 0.317847 88.860081
0.106946 0.149070 0.613871 0.444254 0.662339 0.567349 0.470102 0.547913 0.418421 0.391810 88.675688
0.297386 0.171825 0.498037 0.483955 0.401337 0.350375 0.490478 0.440212 0.500337 0.476460 89.593748
0.291156 0.138882 0.558948 0.520715 0.588729 0.544137 0.513337 0.539641 0.522371 0.495537 89.458360
0.242938 0.172863 0.529322 0.518458 0.422017 0.467548 0.336598 0.417133 0.508493 0.523516 89.517016
0.547713 0.742039 0.932529 0.574509 0.837246 0.912234 0.085179 0.378730 0.924204 0.594357 29.055291
0.354615 0.116547 0.469868 0.511565 0.491215 0.539358 0.529301 0.310402 0.531814 0.563355 89.255030
0.298572 0.217071 0.414477 0.528249 0.507273 0.375432 0.343856 0.443493 0.510695 0.533095 89.474684
0.882157 0.533118 0.925749 0.273304 0.013922 0.523239 0.991262 0.465403 0.517236 0.822257 0.000000
0.147513 0.319595 0.436529 0.958725 0.553520 0.505729 0.264160 0.415016 0.523190 0.491039 86.107948
0.288779 0.660176 0.990431 0.006639 0.629390 0.886770 0.741088 0.851267 0.450117 0.671461 61.129300
0.377217 0.155503 0.480920 0.404320 0.446109 0.418995 0.392288 0.507021 0.383220 0.436026 89.441655
0.389831 0.185748 0.487955 0.538543 0.482830 0.557849 0.438410 0.497171 0.515764 0.444462 89.551624
0.351366 0.184206 0.452892 0.530715 0.379948 0.480803 0.303056 0.509286 0.474818 0.532256 89.458157
0.319820 0.161859 0.447052 0.502177 0.457370 0.411767 0.481018 0.447279 0.433808 0.523444 89.661658
0.169963 0.214455 0.183194 0.545470 0.507299 0.141509 0.448618 0.408133 0.522524 0.516049 88.865692
0.244003 0.152322 0.503166 0.507385 0.517893 0.560382 0.510982 0.458388 0.450314 0.454693 89.580948
0.318722 0.177338 0.436139 0.609894 0.484992 0.432746 0.435771 0.511129 0.454332 0.435329 89.489362
0.240727 0.183537 0.253834 0.487728 0.478377 0.538502 0.449346 0.407427 0.563905 0.488519 89.294288
0.338162 0.207148 0.552638 0.421446 0.526620 0.419603 0.477759 0.389203 0.541113 0.501639 89.562262
0.365233 0.164735 0.663818 0.487792 0.594735 0.509786 0.468159 0.438353 0.529152 0.529968 89.215253
0.242581 0.081334 0.216822 0.494005 0.482823 0.465701 0.365270 0.472973 0.263705 0.408785 88.953907
0.192611 0.230049 0.383573 0.503718 0.548208 0.482549 0.446824 0.482164 0.441538 0.557595 89.333336
0.304919 0.170542 0.423844 0.425320 0.471554 0.411267 0.446071 0.434278 0.410462 0.365681 89.511132
0.384073 0.197488 0.438111 0.370903 0.642596 0.369891 0.583055 0.449772 0.444881 0.323181 88.849993
0.670136 0.528405 0.446245 0.293743 0.677621 0.320668 0.504305 0.521902 0.867584 0.895336 25.863599
0.195655 0.232865 0.346160 0.499326 0.673053 0.506293 0.497118 0.452181 0.455538 0.655749 86.641537
0.238625 0.234992 0.584101 0.494131 0.491601 0.459905 0.413207 0.493866 0.548733 0.433186 89.424341
0.289908 0.185700 0.540557 0.549422 0.419059 0.399871 0.488404 0.380151 0.418021 0.436583 89.540259
0.299964 0.190420 0.541418 0.495003 0.612167 0.351824 0.513330 0.472199 0.504833 0.544665 89.359720
0.264330 0.185880 0.576504 0.563840 0.465274 0.449832 0.454595 0.406185 0.512973 0.518229 89.586669
0.294273 0.187733 0.483682 0.508816 0.616009 0.490023 0.482929 0.464161 0.522178 0.487678 89.451190
0.351289 0.112040 0.437330 0.534425 0.470273 0.329297 0.367687 0.476793 0.490564 0.502528 89.338003
0.208737 0.216666 0.556353 0.466593 0.513957 0.489833 0.518764 0.501200 0.536395 0.475661 89.561328
0.277940 0.095716 0.587018 0.393344 0.482354 0.502058 0.488189 0.427184 0.487524 0.483717 89.357906
0.185616 0.189153 0.645988 0.467905 0.450546 0.575615 0.562089 0.398491 0.437421 0.583709 88.851015
0.346871 0.147011 0.292758 0.522045 0.449957 0.501091 0.492720 0.555115 0.329460 0.511462 89.294209
0.400323 0.174784 0.464833 0.748443 0.160919 0.370182 0.338471 0.565047 0.324395 0.371083 88.236309
