# gen=0 mediating population
# x0..x(D-1) f0 f1 consensus
0.271687 0.952860 0.592731 48.120901 0.048583 0.048583
0.744409 0.486175 0.601111 46.201657 0.055680 0.055680
0.256139 0.750794 0.125260 45.866710 0.048583 0.048583
0.983718 0.288311 0.607095 42.725805 0.324939 0.324939
0.782742 0.150951 0.479837 41.189540 0.055680 0.055680
0.172053 0.860029 0.147258 41.156955 0.048583 0.048583
0.860035 0.177060 0.349664 37.811636 0.055680 0.055680
0.939489 0.330201 0.720713 35.974918 0.055680 0.055680
0.801226 0.302571 0.517539 85.476124 33.180160 33.180160
0.014799 0.656657 0.484442 20.399084 28.887678 20.399084
0.061585 0.527707 0.120917 20.399084 28.887678 20.399084
0.048128 0.828762 0.189540 20.399084 28.887678 20.399084
0.011557 0.340864 0.182720 20.399084 13.138366 13.138366
0.038363 0.449309 0.452871 20.399084 13.138366 13.138366
0.076329 0.129106 0.414273 20.399084 13.138366 13.138366
0.088416 0.174922 0.953352 20.399084 13.138366 13.138366
0.536457 0.627715 0.555135 22.382890 0.048583 0.048583
0.143243 0.804758 0.538587 20.399084 0.060422 0.060422
0.166636 0.740283 0.356824 20.399084 0.048583 0.048583
0.159908 0.890811 0.391135 42.259948 0.048583 0.048583
0.141622 0.646862 0.387726 20.399084 0.048583 0.048583
0.155025 0.701085 0.522801 20.399084 0.049715 0.049715
0.174008 0.540983 0.503502 20.399084 0.048583 0.048583
0.180052 0.563891 0.773041 20.399084 0.048583 0.048583
0.772817 0.394373 0.559325 66.830038 0.552231 0.552231
0.379604 0.571416 0.542777 21.234243 0.048583 0.048583
0.402997 0.506941 0.361014 22.266514 0.048583 0.048583
0.396269 0.657468 0.395325 36.217317 0.048583 0.048583
0.377983 0.413520 0.391916 20.399084 0.055680 0.055680
0.391386 0.467742 0.526991 20.399084 0.055680 0.055680
0.410369 0.307640 0.507692 20.399084 0.107312 0.107312
0.416413 0.330549 0.777231 20.399084 0.055680 0.055680
0.528682 0.526682 0.321400 22.382890 0.048583 0.048583
0.135469 0.703725 0.304851 20.399084 0.048583 0.048583
0.158862 0.639250 0.123089 20.399084 0.048583 0.048583
0.152134 0.789778 0.157400 26.527214 0.048583 0.048583
0.133848 0.545829 0.153990 20.399084 0.048583 0.048583
0.147251 0.600052 0.289066 20.399084 0.048583 0.048583
0.166234 0.439950 0.269767 20.399084 0.055680 0.055680
0.172278 0.462858 0.539306 20.399084 0.055680 0.055680
0.892472 0.295441 0.562317 75.044315 11.233122 11.233122
0.499259 0.472484 0.545768 20.399084 0.055680 0.055680
0.522652 0.408009 0.364006 22.493881 0.055680 0.055680
0.515923 0.558536 0.398317 22.382890 0.048583 0.048583
0.497638 0.314588 0.394907 20.399084 0.055680 0.055680
0.511041 0.368810 0.529983 22.382890 0.100066 0.100066
0.530024 0.208708 0.510684 22.382890 0.055680 0.055680
0.536067 0.231617 0.780223 22.382890 0.055680 0.055680
0.791984 0.226761 0.498688 63.201636 0.229106 0.229106
0.398770 0.403804 0.482140 20.399084 0.055680 0.055680
0.422164 0.339329 0.300377 20.399084 0.055680 0.055680
0.397150 0.245907 0.331279 20.399084 0.055680 0.055680
0.429535 0.140028 0.447055 20.399084 0.055680 0.055680
0.435579 0.162936 0.716594 20.399084 0.055680 0.055680
0.486639 0.581300 0.332399 20.439179 0.048583 0.048583
0.093426 0.758343 0.315850 20.399084 0.048583 0.048583
0.116819 0.693868 0.134088 20.399084 0.048583 0.048583
0.110091 0.844395 0.168399 20.792438 0.048583 0.048583
0.091805 0.600446 0.164989 20.399084 0.048583 0.048583
0.124191 0.494567 0.280766 20.399084 0.048583 0.048583
0.130235 0.517475 0.550305 20.399084 0.048583 0.048583
0.830630 0.239815 0.433602 68.810702 0.055680 0.055680
0.437417 0.416859 0.417053 20.399084 0.055680 0.055680
0.460810 0.352384 0.235291 20.399084 0.055680 0.055680
0.454082 0.502911 0.269602 20.764886 0.048583 0.048583
0.435796 0.258962 0.266192 20.399084 0.055680 0.055680
0.468182 0.153083 0.381969 20.399084 0.055680 0.055680
0.474226 0.175991 0.651508 20.399084 0.055680 0.055680
0.870357 0.316386 0.619126 66.444940 0.055680 0.055680
0.477144 0.493429 0.602577 20.399084 0.055680 0.055680
0.500537 0.428954 0.420815 20.399084 0.055680 0.055680
0.493809 0.579481 0.455126 21.717063 0.048583 0.048583
0.475523 0.335532 0.451717 20.399084 0.138224 0.138224
0.488926 0.389755 0.586792 20.399084 0.055680 0.055680
0.507909 0.229653 0.567493 22.382890 0.055680 0.055680
0.513953 0.252561 0.837032 22.382890 0.055680 0.055680
0.673311 0.124345 0.753618 22.382890 0.055680 0.055680
0.603375 0.270729 0.789238 22.382890 0.055680 0.055680
0.013762 0.828258 0.007358 20.399084 28.887678 20.399084
0.824025 0.067465 0.928697 22.382890 0.055680 0.055680
0.137720 0.175898 0.398364 20.399084 0.055680 0.055680
0.567004 0.437855 0.905938 22.382890 0.055680 0.055680
0.463335 0.516010 0.806162 20.399084 0.048583 0.048583
0.979200 0.250384 0.460485 29.580282 0.055680 0.055680
0.742911 0.971659 0.536303 0.000106 0.048583 0.000106
0.847566 0.515144 0.022818 22.382890 8.256619 8.256619
0.195422 0.393256 0.258800 20.399084 0.055680 0.055680
0.988555 0.709520 0.016827 22.382890 8.256619 8.256619
0.306438 0.413127 0.006888 20.399084 12.537248 12.537248
0.497828 0.809274 0.608948 20.399084 0.048583 0.048583
0.758720 0.639046 0.958675 22.382890 0.048583 0.048583
0.219704 0.045461 0.257389 23.896375 0.055680 0.055680
0.657149 0.560994 0.189769 22.382890 0.048583 0.048583
0.521241 0.006527 0.457977 22.382890 0.055680 0.055680
0.355719 0.991222 0.835075 21.626210 0.048583 0.048583
0.564130 0.009087 0.959775 22.382890 0.055680 0.055680
0.406948 0.449745 0.571323 20.399084 0.055680 0.055680
0.593670 0.536595 0.580730 23.974929 0.048583 0.048583
0.262974 0.440089 0.864929 20.399084 0.055680 0.055680
0.525177 0.076408 0.249280 22.382890 0.055680 0.055680
0.650381 0.933657 0.253075 0.000106 0.048583 0.000106
0.612354 0.885896 0.718897 0.008896 0.048583 0.008896
0.652574 0.090695 0.922506 22.382890 0.055680 0.055680
0.007542 0.353914 0.767991 20.399084 13.138366 13.138366
0.478465 0.943259 0.372977 20.399084 0.048583 0.048583
0.994110 0.557184 0.042834 22.382890 8.256619 8.256619
0.819713 0.251658 0.709440 23.916682 0.055680 0.055680
0.601293 0.895981 0.791783 0.008896 0.048583 0.008896
0.746320 0.410738 0.654441 37.564583 0.055680 0.055680
0.760739 0.746544 0.452821 22.382890 0.048583 0.048583
0.304894 0.009645 0.355758 23.896375 0.055680 0.055680
0.839266 0.054492 0.335450 31.634334 0.055680 0.055680
0.347347 0.577434 0.385644 25.756923 0.084766 0.084766
0.367355 0.687843 0.257812 36.577708 0.319578 0.319578
0.437019 0.133092 0.555195 20.399084 0.055680 0.055680
0.603579 0.790826 0.837496 22.382890 0.048583 0.048583
0.815385 0.859327 0.741062 0.008896 0.048583 0.008896
0.251074 0.934675 0.817657 25.660232 0.048583 0.048583
0.424331 0.746889 0.114712 20.399084 0.068539 0.068539
0.916921 0.285416 0.032185 22.382890 16.560357 16.560357
0.504053 0.600161 0.850410 20.399084 0.048583 0.048583
0.488740 0.438096 0.171161 20.399084 0.055680 0.055680
0.122838 0.878678 0.179336 30.658421 0.048583 0.048583
0.664227 0.488594 0.561814 31.195151 0.055680 0.055680
0.832928 0.377165 0.039337 22.382890 12.537248 12.537248
0.402359 0.166017 0.229400 20.399084 0.055680 0.055680
0.280059 0.458708 0.543066 20.399084 0.055680 0.055680
0.157516 0.973555 0.388934 45.243926 0.048583 0.048583
0.971029 0.691720 0.705885 22.382890 0.048583 0.048583
0.633026 0.135892 0.355144 22.382890 0.055680 0.055680
0.978240 0.426815 0.652765 40.345465 0.057120 0.057120
0.272496 0.676723 0.165836 41.275920 0.048583 0.048583
0.184184 0.199339 0.965444 20.399084 0.055680 0.055680
0.297731 0.436426 0.792111 20.399084 0.055680 0.055680
0.773278 0.199052 0.452367 58.028922 0.061407 0.061407
0.076702 0.587409 0.633862 20.399084 5.873942 5.873942
0.007514 0.766475 0.343852 20.399084 28.887678 20.399084
0.013760 0.132803 0.949094 20.399084 13.138366 13.138366
0.858062 0.753491 0.317964 22.382890 0.048583 0.048583
0.362645 0.537981 0.055396 20.399084 8.256619 8.256619
0.688314 0.403609 0.988960 22.382890 0.055680 0.055680
0.591106 0.525530 0.388024 22.382890 0.048583 0.048583
0.032510 0.541542 0.082108 20.399084 28.887678 20.399084
0.367471 0.983644 0.655622 20.399084 0.048583 0.048583
0.344303 0.089479 0.463951 20.399084 0.055680 0.055680
0.428976 0.366271 0.897807 20.399084 0.055680 0.055680
0.659739 0.878261 0.310100 0.000106 0.048583 0.000106
0.908753 0.357417 0.753771 31.830673 0.055680 0.055680
0.327107 0.159635 0.219580 20.399084 0.055680 0.055680
0.125126 0.366013 0.312426 20.399084 0.055680 0.055680
0.206452 0.905645 0.142721 33.987483 0.048583 0.048583
0.879911 0.681871 0.728042 24.379065 0.048583 0.048583
0.476219 0.660218 0.189539 20.399084 0.048583 0.048583
0.552665 0.429455 0.504776 23.272980 0.055680 0.055680
0.502889 0.813714 0.166702 20.399084 0.048583 0.048583
0.933187 0.492544 0.953178 22.382890 0.055680 0.055680
0.032857 0.622655 0.851872 20.399084 5.873942 5.873942
0.954974 0.361077 0.043055 22.382890 12.537248 12.537248
0.048177 0.154586 0.009961 20.399084 14.358055 14.358055
0.230011 0.807003 0.442854 50.732609 12.709230 12.709230
0.784983 0.781571 0.841617 22.382890 0.048583 0.048583
0.387155 0.260244 0.860473 20.399084 0.055680 0.055680
0.905966 0.535666 0.203341 22.382890 0.048583 0.048583
0.142173 0.326634 0.223433 20.399084 0.055680 0.055680
0.493938 0.091546 0.665223 20.399084 0.055680 0.055680
0.085092 0.873743 0.123351 20.399084 28.887678 20.399084
0.554766 0.296092 0.861676 22.382890 0.055680 0.055680
0.109318 0.585372 0.493538 20.399084 0.048583 0.048583
0.642090 0.150250 0.100272 22.382890 0.055680 0.055680
0.676471 0.408802 0.574732 33.013372 0.082135 0.082135
0.940093 0.474738 0.944536 22.382890 0.055680 0.055680
0.758959 0.246385 0.328668 35.116286 0.055680 0.055680
0.459094 0.220655 0.125278 20.399084 0.055680 0.055680
0.173834 0.780102 0.815199 20.399084 0.079528 0.079528
0.524595 0.138276 0.026205 22.382890 12.537248 12.537248
0.827182 0.097346 0.819662 22.382890 0.055680 0.055680
0.644531 0.724481 0.101555 22.382890 0.048583 0.048583
0.242640 0.881004 0.756798 24.735940 0.048583 0.048583
0.551684 0.654666 0.835666 22.382890 0.048583 0.048583
0.940310 0.132412 0.742482 22.382890 0.055680 0.055680
0.576534 0.002338 0.595858 22.382890 0.055680 0.055680
0.214848 0.632746 0.542603 20.399084 0.078900 0.078900
0.027147 0.634570 0.975268 20.399084 5.873942 5.873942
0.845154 0.414034 0.660862 64.511293 0.055680 0.055680
0.308608 0.275992 0.805135 20.399084 0.055680 0.055680
0.256691 0.084086 0.237285 20.399084 0.055680 0.055680
0.777231 0.921521 0.766776 0.040471 0.048583 0.040471
0.498098 0.086971 0.747567 20.399084 0.055680 0.055680
0.623329 0.529256 0.738136 22.382890 0.048583 0.048583
0.927884 0.000730 0.685750 22.382890 0.055680 0.055680
0.206846 0.287604 0.374856 20.399084 0.055680 0.055680
0.077495 0.062088 0.977891 20.399084 13.138366 13.138366
0.682633 0.206451 0.582126 22.901322 0.055680 0.055680
0.865558 0.073798 0.499238 31.653758 0.055680 0.055680
0.816903 0.289338 0.243838 22.382890 0.055680 0.055680
0.631230 0.802507 0.172649 22.382890 0.048583 0.048583
0.981108 0.366009 0.277757 22.382890 0.055680 0.055680
0.294429 0.804638 0.043363 21.922479 8.256619 8.256619
0.171363 0.552170 0.349741 20.399084 0.048583 0.048583
0.158589 0.479142 0.806936 20.399084 0.055680 0.055680
0.400275 0.277656 0.550938 20.399084 0.055680 0.055680
0.634560 0.240013 0.957414 22.382890 0.055680 0.055680
0.562804 0.885392 0.371306 0.000106 0.048583 0.000106
0.135232 0.004342 0.253239 23.896375 0.055680 0.055680
0.541203 0.863962 0.674425 0.008896 0.048583 0.008896
0.633484 0.876025 0.292885 0.000106 0.048583 0.000106
0.930700 0.332410 0.878811 22.382890 0.055680 0.055680
0.424271 0.459153 0.540228 20.399084 0.055680 0.055680
0.520269 0.108563 0.156724 22.382890 0.055680 0.055680
0.008915 0.645332 0.188109 20.399084 28.887678 20.399084
0.640754 0.531603 0.515928 24.808136 0.048583 0.048583
0.965933 0.644544 0.072914 22.382890 8.256619 8.256619
0.853463 0.304806 0.198793 22.382890 0.055680 0.055680
0.055006 0.351707 0.118133 20.399084 13.138366 13.138366
0.827923 0.098491 0.474749 37.359425 0.055680 0.055680
0.136595 0.581999 0.137261 20.399084 0.048583 0.048583
0.784531 0.809052 0.763168 22.382890 0.048583 0.048583
0.154531 0.734368 0.404928 20.399084 0.048583 0.048583
0.957180 0.693030 0.879036 22.382890 0.048583 0.048583
0.382540 0.105548 0.694882 20.399084 0.055680 0.055680
0.549995 0.646894 0.003543 22.382890 8.256619 8.256619
0.986366 0.121960 0.205798 22.382890 0.055680 0.055680
0.924470 0.642807 0.292460 22.382890 0.048583 0.048583
0.847265 0.602361 0.886517 22.382890 0.048583 0.048583
0.602124 0.353450 0.957528 22.382890 0.055680 0.055680
0.380969 0.284981 0.665601 20.399084 0.055680 0.055680
0.316214 0.596569 0.440448 22.951374 0.146631 0.146631
0.899840 0.467416 0.883583 22.382890 0.055680 0.055680
0.009467 0.887522 0.116158 20.399084 28.887678 20.399084
0.724239 0.265067 0.284137 27.730089 0.055680 0.055680
0.784860 0.964784 0.927502 0.008896 0.048583 0.008896
0.503604 0.729413 0.441895 20.399084 0.048583 0.048583
0.380074 0.826565 0.766711 28.451847 0.048583 0.048583
0.234038 0.626518 0.071827 24.557761 8.256619 8.256619
0.768543 0.087606 0.806610 22.382890 0.055680 0.055680
0.174619 0.795063 0.440174 20.742096 0.084708 0.084708
0.646600 0.268591 0.667033 22.382890 0.055680 0.055680
0.941444 0.271779 0.327570 22.382890 0.055680 0.055680
0.384152 0.648242 0.842643 20.399084 0.048583 0.048583
0.011890 0.897889 0.965089 20.399084 5.873942 5.873942
0.098377 0.911047 0.856664 20.399084 0.052253 0.052253
0.290951 0.655324 0.168564 40.881387 0.048583 0.048583
0.940201 0.853216 0.077409 0.000106 8.256619 0.000106
0.413704 0.450653 0.405195 20.399084 0.055680 0.055680
0.333450 0.242987 0.262270 20.399084 0.055680 0.055680
0.363982 0.613194 0.773473 20.399084 0.048583 0.048583
0.325703 0.864030 0.326624 28.821995 1.714834 1.714834
0.723265 0.669462 0.336903 22.382890 0.048583 0.048583
0.765668 0.527454 0.851651 22.382890 0.048583 0.048583
0.691180 0.608941 0.344711 22.382890 0.048583 0.048583
0.717864 0.271358 0.599874 27.578025 0.055680 0.055680
0.638951 0.323646 0.733436 22.382890 0.055680 0.055680
0.478922 0.665833 0.338126 20.399084 0.048583 0.048583
0.850863 0.641546 0.196170 22.382890 0.048583 0.048583
0.641639 0.452468 0.774478 22.382890 0.055680 0.055680
0.850124 0.715853 0.887207 22.382890 0.048583 0.048583
0.874554 0.434886 0.433448 25.197643 0.055680 0.055680
0.538447 0.392323 0.700339 22.382890 0.055680 0.055680
0.779213 0.721048 0.242374 22.382890 0.048583 0.048583
0.887616 0.943449 0.048021 0.000106 8.256619 0.000106
0.913341 0.558792 0.696134 32.480028 0.048583 0.048583
0.020502 0.964807 0.172204 20.399084 28.887678 20.399084
0.827718 0.194522 0.980973 22.382890 0.055680 0.055680
0.930579 0.067726 0.892214 22.382890 0.055680 0.055680
0.763804 0.115868 0.594125 23.057494 0.055680 0.055680
0.132385 0.428271 0.637045 20.399084 0.055680 0.055680
0.883219 0.788236 0.439962 22.382890 0.048583 0.048583
0.256723 0.437849 0.811203 20.399084 0.055680 0.055680
0.148420 0.878492 0.140645 36.705681 0.048583 0.048583
0.769202 0.627374 0.288220 22.382890 0.048583 0.048583
0.293680 0.844789 0.200370 29.989774 2.534086 2.534086
0.211426 0.110048 0.558662 20.399084 0.055680 0.055680
0.873156 0.679899 0.357885 22.382890 0.048583 0.048583
0.047672 0.562631 0.938699 20.399084 5.873942 5.873942
0.007283 0.568355 0.113224 20.399084 28.887678 20.399084
0.656421 0.658608 0.629287 22.382890 0.048583 0.048583
0.776033 0.031568 0.347995 28.961705 0.055680 0.055680
0.411945 0.997632 0.062666 20.399084 8.256619 8.256619
0.953066 0.453238 0.371878 22.382890 0.055680 0.055680
0.105912 0.398147 0.015724 20.399084 12.537248 12.537248
0.618231 0.366084 0.423173 29.770035 0.055680 0.055680
0.020327 0.638669 0.294462 20.399084 28.887678 20.399084
0.187291 0.136115 0.437687 20.399084 0.055680 0.055680
0.257659 0.154654 0.496887 20.399084 0.055680 0.055680
0.396298 0.532699 0.337547 24.951641 0.048683 0.048683
0.584925 0.993933 0.875134 0.008896 0.048583 0.008896
0.370566 0.566373 0.705213 20.399084 0.048583 0.048583
0.055003 0.681240 0.277813 20.399084 28.887678 20.399084
0.342386 0.520418 0.578780 20.399084 0.048583 0.048583
0.173334 0.923434 0.665361 23.961804 0.327888 0.327888
0.943033 0.599321 0.597061 22.382890 0.048583 0.048583
0.401716 0.950938 0.925367 20.399084 0.048583 0.048583
0.997706 0.241364 0.494012 30.554556 0.071360 0.071360
0.890200 0.373491 0.350652 22.382890 0.055680 0.055680
0.579398 0.039921 0.390096 22.382890 0.055680 0.055680
0.096979 0.521685 0.868771 20.399084 0.048583 0.048583
0.523548 0.222439 0.734841 22.382890 0.055680 0.055680
0.416987 0.793318 0.743706 25.951800 0.048583 0.048583
0.013992 0.737472 0.080748 20.399084 28.887678 20.399084
0.559484 0.515554 0.869425 22.382890 0.048583 0.048583
