# gen=50 mediating population
# x0..x(D-1) f0 f1 consensus
0.767736 1.000000 0.392608 0.545097 0.912458 8.099678 5.623235 5.623235
0.977186 0.656858 0.442359 0.361671 0.612271 8.099678 13.083233 8.099678
0.915449 0.620349 0.545833 0.787912 0.106845 8.099678 5.623235 5.623235
0.960096 0.728952 0.117034 0.754186 0.667164 8.099678 5.623235 5.623235
0.666206 0.502980 0.155423 0.581589 0.713867 8.099678 5.623235 5.623235
0.998539 1.000000 0.054368 0.546387 1.000000 8.099678 5.623235 5.623235
0.749570 0.832058 0.642113 0.976185 0.576140 8.099678 5.623235 5.623235
0.937715 0.874977 0.263260 0.475643 0.199831 8.099678 6.958826 6.958826
0.816522 0.437407 0.052360 0.525922 0.651362 0.450761 5.623235 0.450761
0.706138 0.857684 0.241295 0.309915 0.951288 8.099678 5.623235 5.623235
0.930901 0.621005 0.610996 0.679533 0.473039 8.099678 5.712984 5.712984
0.931404 0.647305 0.634108 0.510945 0.724514 8.099678 9.602248 8.099678
0.933260 0.774279 0.620516 0.594783 0.450034 8.099678 10.435671 8.099678
0.948850 0.627247 0.365022 0.676342 0.106423 8.099678 5.623235 5.623235
0.854168 0.969124 0.007616 0.487790 0.830940 8.099678 5.623235 5.623235
0.744873 0.739500 0.617780 0.290328 0.751161 8.099678 5.623235 5.623235
0.849653 0.644412 0.366853 0.358161 0.818534 8.099678 8.483883 8.099678
0.875605 0.637974 0.309454 0.767962 0.602142 8.099678 5.623235 5.623235
0.815481 0.827889 0.894969 0.544116 0.964103 0.013843 0.006960 0.006960
0.866055 0.887457 0.417472 0.538672 0.406600 8.099678 9.256393 8.099678
0.889172 0.866009 0.186665 0.518408 0.000000 8.099678 5.623235 5.623235
0.722099 0.405683 0.251145 0.386081 0.993572 0.457035 5.623235 0.457035
0.605709 0.695541 0.216405 0.888162 0.680604 8.099678 5.623235 5.623235
0.631598 0.795847 0.354685 0.781061 0.255961 8.099678 5.623235 5.623235
0.754174 0.488693 0.184231 0.481594 0.561332 8.099678 5.623235 5.623235
0.834109 0.958997 0.372734 0.648297 0.954155 8.099678 5.623235 5.623235
0.781025 0.630462 0.476121 0.390671 1.000000 8.099678 5.851810 5.851810
0.839791 0.926131 0.322007 0.358699 0.712421 8.099678 5.623235 5.623235
0.957846 0.699059 0.008086 0.894663 0.823441 8.099678 5.623235 5.623235
0.963993 0.895200 0.463758 0.409931 0.407628 8.099678 14.533103 8.099678
0.805494 0.713513 0.384204 0.684627 0.000000 8.099678 5.623235 5.623235
1.000000 0.959211 0.537808 0.620358 0.547315 8.099678 5.623235 5.623235
0.715719 0.815231 0.558308 0.583972 0.796802 8.099678 5.691784 5.691784
0.588007 0.718158 0.600290 0.486059 0.094144 8.099678 5.623235 5.623235
0.605904 0.510823 0.275148 0.698572 0.726345 8.099678 5.623235 5.623235
0.738298 0.934347 0.280937 1.000000 0.489958 8.099678 5.623235 5.623235
0.894836 0.732722 0.297602 0.729012 0.829679 8.099678 5.623235 5.623235
0.644000 0.887457 0.113522 0.326898 0.646058 8.099678 5.623235 5.623235
0.868787 0.799608 0.283649 0.351744 0.560844 8.099678 11.746405 8.099678
0.945530 0.945091 0.251553 0.660102 0.915746 8.099678 5.623235 5.623235
0.598257 0.947117 0.517601 0.590059 0.386949 8.099678 5.623235 5.623235
0.804204 0.706869 0.502124 0.545353 0.681297 8.099678 10.447300 8.099678
0.713532 0.514577 0.068749 0.573324 0.345320 8.099678 5.623235 5.623235
0.936001 0.676877 0.527032 0.613787 0.721830 8.099678 5.623235 5.623235
0.911743 0.857497 0.243519 0.330357 0.378960 8.099678 8.593546 8.099678
0.819397 0.854559 0.610649 0.542275 0.617807 8.099678 8.922459 8.099678
0.891064 0.731693 0.003606 0.309324 0.696629 8.099678 5.623235 5.623235
0.919128 1.000000 0.398002 0.341690 0.894177 8.099678 5.623235 5.623235
0.682069 0.846735 0.238504 0.770057 0.624138 8.099678 5.623235 5.623235
0.744038 0.802338 0.634126 0.694797 0.642364 8.099678 5.916185 5.916185
0.859506 0.799861 0.411613 0.765489 0.174406 8.099678 5.623235 5.623235
0.670002 0.859279 0.258056 0.381716 0.390048 8.099678 5.623235 5.623235
0.582565 0.666509 0.053898 0.825212 1.000000 8.099678 5.623235 5.623235
0.849596 0.885080 0.224159 0.805167 0.527655 8.099678 5.623235 5.623235
1.000000 0.909978 0.614150 0.422075 0.435297 8.099678 11.594321 8.099678
0.796935 0.717302 0.349169 0.596289 0.524109 8.099678 9.432202 8.099678
0.983450 0.640325 0.362707 0.643537 0.878241 8.099678 5.623235 5.623235
0.595351 0.707165 0.056292 1.000000 0.821941 8.099678 5.623235 5.623235
0.625783 0.758114 0.339505 0.566285 0.857317 8.099678 5.623235 5.623235
1.000000 0.911686 0.472687 0.519555 0.463544 8.099678 5.623235 5.623235
0.916493 0.970093 0.192486 0.851757 0.237249 8.099678 5.623235 5.623235
0.694534 0.701747 0.160921 0.517554 0.738191 8.099678 5.623235 5.623235
0.843460 0.598487 0.139557 0.450578 0.583224 8.099678 5.712611 5.712611
0.168785 0.725264 0.913644 0.313342 0.026290 0.006960 0.727971 0.006960
0.793768 0.715484 0.563209 0.587149 0.023762 8.099678 5.623235 5.623235
0.853985 0.698346 0.382234 0.472717 0.658001 8.099678 11.074001 8.099678
0.922426 0.557218 0.255829 0.584916 0.559541 8.099678 5.623235 5.623235
0.868925 0.868393 0.330686 0.986873 1.000000 8.099678 5.623235 5.623235
0.862144 0.718861 0.464086 0.390101 0.722027 8.099678 14.287562 8.099678
0.830486 0.799791 0.259889 0.435475 0.456382 8.099678 9.329282 8.099678
0.896010 0.588468 0.426902 0.396549 0.725752 8.099678 7.260623 7.260623
0.891050 0.839989 0.378126 0.805590 0.279798 8.099678 5.623235 5.623235
0.618751 0.653335 0.314916 0.739816 0.491153 8.099678 5.623235 5.623235
0.941484 0.943729 0.422349 0.441142 0.260273 8.099678 10.246925 8.099678
0.878060 0.683142 0.048016 0.769909 0.190431 8.099678 5.623235 5.623235
1.000000 0.561603 0.328567 0.283129 0.519628 8.099678 5.623235 5.623235
1.000000 0.633225 0.118523 0.830951 0.784216 8.099678 5.623235 5.623235
0.756379 0.492903 0.620740 0.630049 0.632256 8.099678 5.623235 5.623235
0.696003 0.831101 0.402591 0.436535 0.134039 8.099678 5.623235 5.623235
1.000000 0.777200 0.400525 0.434982 0.340645 8.099678 10.506112 8.099678
0.841564 0.717831 0.269462 0.323471 0.712528 8.099678 8.278879 8.099678
0.890443 0.765109 0.525459 0.661281 0.376350 8.099678 8.974273 8.099678
0.911560 0.970817 0.164382 0.606280 0.782036 8.099678 5.623235 5.623235
0.882223 1.000000 0.569451 0.487757 0.398620 8.099678 8.238830 8.099678
0.855914 0.510989 0.000120 0.907612 0.670879 8.099678 5.623235 5.623235
0.964399 0.834125 0.189959 0.371923 0.200541 8.099678 5.979033 5.979033
0.702052 0.482958 0.343769 0.319782 0.370353 8.099678 5.623235 5.623235
0.912528 0.734615 0.332544 0.303051 0.635367 8.099678 15.078855 8.099678
0.602053 0.866002 0.483513 0.288622 0.116846 8.099678 5.623235 5.623235
1.000000 0.729414 0.257565 0.413330 0.289066 8.099678 6.351645 6.351645
1.000000 0.897971 0.392521 0.325828 0.336287 8.099678 10.019125 8.099678
0.829623 0.962307 0.578792 0.511705 0.580392 8.099678 6.246340 6.246340
0.901868 0.630586 0.110365 0.862795 0.022373 8.099678 5.623235 5.623235
0.871620 0.496132 0.484608 0.826967 0.438337 8.099678 5.623235 5.623235
0.978562 0.675811 0.328311 0.320500 0.540768 8.099678 10.186785 8.099678
0.938136 0.772357 0.599372 0.480206 0.123648 8.099678 5.623235 5.623235
0.910828 0.688865 0.531069 0.532604 0.595261 8.099678 20.996428 8.099678
0.727129 0.039251 0.672194 0.612665 0.314982 0.457035 1.071671 0.457035
0.943826 0.578077 0.469673 0.617422 0.173470 8.099678 5.623235 5.623235
0.933573 0.966554 0.534801 0.896540 0.135862 8.099678 5.623235 5.623235
0.743409 0.984959 0.128928 0.595653 0.098962 8.099678 5.623235 5.623235
0.905338 0.640680 0.435699 0.593895 0.464542 8.099678 8.147390 8.099678
0.342574 0.025804 0.415630 0.408139 0.790053 1.556528 0.414898 0.414898
0.892978 1.000000 0.000000 1.000000 1.000000 8.099678 5.623235 5.623235
0.608389 0.546112 0.102335 0.548665 0.789159 8.099678 5.623235 5.623235
0.983045 1.000000 0.011216 0.528427 0.629793 8.099678 5.623235 5.623235
0.836302 0.753645 0.626744 0.505724 0.754914 8.099678 9.638818 8.099678
0.982528 1.000000 0.627302 0.346840 0.457145 8.099678 7.397356 7.397356
0.846315 0.859118 0.461948 0.612418 0.359412 8.099678 13.384407 8.099678
0.748470 0.946407 0.392529 0.966379 0.556725 8.099678 5.623235 5.623235
0.777164 0.962621 0.528179 0.512208 0.194811 8.099678 5.623235 5.623235
0.600937 0.838876 0.650898 0.244760 0.209277 8.099678 5.368632 5.368632
0.828462 0.776159 0.455034 0.613802 0.525672 8.099678 8.894435 8.099678
1.000000 0.537524 0.497156 0.330585 0.744110 8.099678 5.791295 5.791295
0.868511 0.888837 0.588431 0.771395 0.198568 8.099678 5.772401 5.772401
0.769251 0.139327 0.712971 0.434392 0.772624 0.457035 1.284076 0.457035
0.795592 0.858767 0.096876 0.843490 0.673782 8.099678 5.623235 5.623235
0.609906 0.953225 0.243763 0.360051 0.000000 8.099678 5.623235 5.623235
0.687914 0.603103 0.424194 0.727956 0.618122 8.099678 5.623235 5.623235
0.833389 0.682384 0.521839 0.721678 0.954801 8.099678 5.623235 5.623235
0.950352 0.964580 0.293601 0.672018 0.745937 8.099678 5.623235 5.623235
0.847643 0.857547 0.525721 0.554301 0.496835 8.099678 23.700075 8.099678
0.842341 0.539253 0.333873 0.616541 0.586439 8.099678 5.793559 5.793559
0.854789 0.759636 0.136597 0.799774 0.429859 8.099678 5.623235 5.623235
0.913255 0.657798 0.543500 0.428342 0.789046 8.099678 9.690610 8.099678
0.724288 0.577090 0.363339 0.716947 0.799091 8.099678 5.623235 5.623235
0.610587 0.834000 0.464822 0.552870 0.290911 8.099678 5.623235 5.623235
0.921731 0.270715 0.955035 0.969081 0.424371 0.457035 0.006960 0.006960
0.773577 0.620936 0.254387 1.000000 0.000000 8.099678 5.623235 5.623235
0.879121 1.000000 0.403813 0.679919 0.000000 8.099678 5.645543 5.645543
0.688434 0.736760 0.404760 0.910695 0.601675 8.099678 5.623235 5.623235
0.819704 0.485479 0.123588 0.361915 0.192553 8.099678 5.623235 5.623235
0.682929 0.545811 0.080547 0.725193 0.525094 8.099678 5.623235 5.623235
0.741071 0.800349 0.203195 0.482679 0.553942 8.099678 6.163422 6.163422
0.677421 0.681286 0.349459 0.784971 0.881170 8.099678 5.623235 5.623235
0.841274 0.664466 0.208478 0.576502 0.831728 8.099678 5.623235 5.623235
0.640104 0.804775 0.944788 0.002777 0.768900 6.199070 5.368632 5.368632
0.659707 0.977680 0.348528 0.997113 0.898188 8.099678 5.623235 5.623235
0.960927 0.700476 0.412606 0.719711 0.390969 8.099678 5.623235 5.623235
0.833434 0.902870 0.292716 0.548236 0.285547 8.099678 7.955088 7.955088
0.842760 0.870954 0.590901 0.640247 0.799395 8.099678 5.623235 5.623235
0.920035 0.965934 0.474494 0.334968 0.522887 8.099678 8.207874 8.099678
0.697341 0.942900 0.402120 0.683775 0.410504 8.099678 5.698375 5.698375
0.775966 0.934392 0.217712 0.283352 0.618463 8.099678 5.631252 5.631252
0.894487 0.929128 0.368096 0.338562 0.440270 8.099678 11.519478 8.099678
0.910539 0.826066 0.322592 0.575759 0.218623 8.099678 7.524282 7.524282
1.000000 1.000000 0.084659 0.388946 0.611270 8.099678 5.623235 5.623235
0.874513 0.721532 0.611886 0.654445 0.544141 8.099678 9.502542 8.099678
1.000000 0.841478 0.062195 0.512482 0.421186 8.099678 5.623235 5.623235
0.653652 1.000000 0.116156 0.530790 0.755257 8.099678 5.623235 5.623235
0.661014 0.848127 0.029948 0.447313 0.011861 8.099678 5.623235 5.623235
0.877430 0.888831 0.268353 0.668232 0.083512 8.099678 5.623235 5.623235
0.755601 0.878831 0.320859 0.440291 0.327533 8.099678 5.623235 5.623235
1.000000 1.000000 0.377821 0.981557 0.872704 8.099678 5.623235 5.623235
0.846803 0.750095 0.171193 0.298229 0.574579 8.099678 6.750861 6.750861
0.896642 0.810297 0.123253 0.675920 0.933281 8.099678 5.623235 5.623235
0.799261 0.676676 0.430802 0.748058 0.312325 8.099678 5.623235 5.623235
0.905070 0.882999 0.172526 0.875314 1.000000 8.099678 5.623235 5.623235
0.986964 0.876503 0.558314 0.526943 0.055571 8.099678 5.623235 5.623235
0.726294 0.637520 0.000000 0.369301 0.574579 8.099678 5.623235 5.623235
1.000000 0.824999 0.617763 0.635570 0.000000 8.099678 5.623235 5.623235
0.685791 0.790587 0.313694 0.034234 0.068911 0.938905 0.964813 0.938905
0.753680 1.000000 0.500644 0.573853 0.648121 8.099678 5.623235 5.623235
0.826122 1.000000 0.146333 0.838352 0.706557 8.099678 5.623235 5.623235
0.796857 0.415194 0.982671 0.428171 0.482109 0.457035 5.368632 0.457035
0.909250 1.000000 0.414247 1.000000 1.000000 8.099678 5.623235 5.623235
0.935977 0.853323 0.306584 0.191563 0.222964 8.099678 0.964813 0.964813
0.950556 0.756004 0.047728 0.474140 1.000000 8.099678 5.623235 5.623235
1.000000 0.988846 0.475167 0.430803 0.026882 8.099678 5.623235 5.623235
1.000000 0.564324 0.392866 0.457649 0.000000 8.099678 5.623235 5.623235
0.836131 0.575016 0.000000 0.867131 0.293276 8.099678 5.623235 5.623235
0.849824 0.859874 0.416975 0.987448 0.619621 8.099678 5.623235 5.623235
0.451101 0.341442 0.513540 0.103759 0.857201 2.272217 0.369051 0.369051
0.876680 0.844325 0.555945 0.446773 0.618041 15.029031 25.586705 15.029031
0.586042 0.594801 0.221299 1.000000 0.030109 8.099678 5.623235 5.623235
0.950434 0.765689 0.560506 0.331088 0.759517 8.099678 9.425086 8.099678
0.796086 0.918385 0.371857 0.548330 0.662191 8.099678 5.623235 5.623235
0.804616 0.615813 0.242590 0.454012 0.653152 8.099678 6.920217 6.920217
0.762696 0.691740 0.406280 0.745570 0.801604 8.099678 5.623235 5.623235
0.766838 0.797870 0.104202 0.373230 0.625587 8.099678 5.623235 5.623235
0.958400 0.326936 0.638341 0.775042 0.159920 0.457035 5.623235 0.457035
0.689282 0.577371 0.366996 0.471683 0.441629 8.099678 5.623235 5.623235
0.952152 0.088968 0.598001 0.339058 0.846270 0.457035 1.284076 0.457035
0.893716 0.616089 0.539937 0.450544 0.000000 8.099678 5.623235 5.623235
0.920187 0.889190 0.332171 0.426168 0.326715 8.099678 16.363374 8.099678
0.805190 0.636186 0.146486 0.743037 0.356741 8.099678 5.623235 5.623235
0.510241 0.608885 0.854138 0.770306 0.868292 0.013843 3.828506 0.013843
0.915095 0.959574 0.095132 0.559863 0.017046 8.099678 5.623235 5.623235
0.894811 0.747269 0.519599 0.730753 0.155139 8.099678 5.623235 5.623235
0.676510 0.767111 0.431664 0.351205 0.070061 8.099678 5.623235 5.623235
1.000000 0.671245 0.230222 0.647382 0.813346 8.099678 5.623235 5.623235
0.966281 0.989862 0.348238 0.494720 0.474342 8.099678 5.623235 5.623235
1.000000 0.673884 0.529386 0.575661 0.352745 8.099678 6.205837 6.205837
0.967230 0.769479 0.513019 0.511066 0.842320 8.099678 5.623235 5.623235
0.730660 0.535107 0.370036 0.999886 0.815202 8.099678 5.623235 5.623235
0.836493 0.259831 0.104122 0.496505 0.070061 0.450761 5.623235 0.450761
1.000000 0.694534 0.554186 0.408276 0.579678 8.099678 11.896915 8.099678
0.642650 0.815744 0.886353 0.215021 0.624226 6.199070 5.368632 5.368632
0.830557 0.534702 0.395258 0.666783 0.028341 8.099678 5.623235 5.623235
0.850314 0.834856 0.461873 0.337200 0.713542 8.099678 12.081752 8.099678
0.932988 0.749957 0.401290 0.594032 0.308126 8.099678 9.614868 8.099678
0.900225 0.916340 0.584978 0.537453 0.133531 8.099678 5.623235 5.623235
0.732601 0.912375 0.530560 0.933153 0.088124 8.099678 5.623235 5.623235
0.932617 0.781117 0.487122 0.428096 0.515126 36.143188 48.371647 36.143188
0.154578 0.126931 0.031634 0.335894 0.663191 2.606915 0.839224 0.839224
0.991512 0.837080 0.403982 0.448884 0.764007 8.099678 5.623235 5.623235
0.773007 0.850663 0.477170 0.479350 0.272079 8.099678 5.623235 5.623235
0.798774 0.864359 0.344236 0.375123 0.000000 8.099678 5.623235 5.623235
0.639055 0.667067 0.463484 0.643799 0.284736 8.099678 5.623235 5.623235
0.650375 0.056370 0.978279 0.408787 0.151719 0.457035 1.284076 0.457035
0.660040 0.788708 0.457892 0.748496 0.560066 8.099678 5.623235 5.623235
0.754211 0.708252 0.489022 0.615720 0.215818 8.099678 5.623235 5.623235
0.919913 0.760256 0.634242 0.523020 0.577838 8.099678 15.888444 8.099678
0.791696 0.748597 0.510402 0.772051 0.557127 8.099678 5.623235 5.623235
0.748867 0.106283 0.108913 0.961023 0.410897 0.450761 1.016881 0.450761
0.890397 0.907114 0.002272 0.357341 0.027686 8.099678 5.623235 5.623235
0.913427 0.830007 0.089659 0.603036 0.386577 8.099678 5.623235 5.623235
0.746545 0.758582 0.240789 0.431477 1.000000 8.099678 5.623235 5.623235
0.711296 0.525912 0.279376 0.788972 0.000000 8.099678 5.623235 5.623235
0.177654 0.421670 0.015939 0.867999 0.187519 1.150253 0.839224 0.839224
0.830577 0.656453 0.240617 0.475801 0.278597 8.099678 5.623235 5.623235
1.000000 0.850308 0.416117 0.695318 0.844802 8.099678 5.623235 5.623235
0.959315 0.973651 0.566767 0.518262 0.266255 8.099678 8.968562 8.099678
0.514609 0.535035 0.139946 0.801669 0.933585 8.099678 0.019417 0.019417
1.000000 0.796545 0.411678 0.782259 0.251073 8.099678 5.623235 5.623235
0.913525 0.744542 0.177416 0.374593 0.395561 8.099678 7.361491 7.361491
0.323093 0.492938 0.149382 0.157900 0.659378 0.095998 0.006960 0.006960
0.860500 0.871745 0.456614 0.775822 1.000000 8.099678 5.623235 5.623235
1.000000 1.000000 0.004792 0.721019 1.000000 8.099678 5.623235 5.623235
0.763938 0.637434 0.241446 0.696906 0.529614 8.099678 5.623235 5.623235
0.844500 1.000000 0.472627 0.513669 0.343234 8.099678 7.814311 7.814311
1.000000 0.803910 0.539937 0.857855 0.000000 8.099678 5.623235 5.623235
0.883062 0.655783 0.214451 0.423244 0.465776 8.099678 6.549219 6.549219
1.000000 0.880579 0.280496 0.690052 0.229772 8.099678 5.623235 5.623235
0.592253 0.569112 0.330482 0.556658 0.814971 8.099678 5.623235 5.623235
0.986454 0.581284 0.977513 0.781171 0.069181 0.013843 0.006960 0.006960
0.718561 0.635270 0.506758 0.750366 0.000000 8.099678 5.623235 5.623235
0.940071 0.415793 0.044948 0.393257 0.925916 0.450761 5.623235 0.450761
0.784798 1.000000 0.489382 0.424805 0.004534 8.099678 5.623235 5.623235
0.789516 1.000000 0.463352 0.459995 0.477276 8.099678 5.753393 5.753393
0.686412 0.678533 0.278018 0.682699 0.000000 8.099678 5.623235 5.623235
0.923822 0.979788 0.480731 0.645780 0.080274 8.099678 6.052431 6.052431
0.758981 0.578760 0.000000 1.000000 0.000000 8.099678 5.623235 5.623235
0.766716 0.660781 0.405536 0.586774 0.646394 8.099678 6.879776 6.879776
0.713039 1.000000 0.450411 0.584255 0.526210 8.099678 5.644707 5.644707
0.322241 0.859092 0.051876 0.333592 0.699518 0.095998 0.006960 0.006960
0.926596 0.593553 0.020040 0.449819 0.053992 8.099678 5.623235 5.623235
0.855440 0.679606 0.502757 0.720070 0.726096 8.099678 5.623235 5.623235
0.810369 0.794242 0.476922 0.731378 0.292553 8.099678 5.639176 5.639176
0.525117 0.548634 0.866163 0.016305 0.272943 6.199070 0.727971 0.727971
0.975328 0.600368 0.239219 0.488886 0.211469 8.099678 5.623235 5.623235
0.286752 0.936158 0.133273 0.422408 0.144825 0.095998 0.006960 0.006960
0.875672 1.000000 0.478309 0.283651 0.646965 8.099678 5.844065 5.844065
0.711155 1.000000 0.610649 0.542275 1.000000 8.099678 5.623235 5.623235
0.600175 0.762642 0.000000 0.572137 0.000000 8.099678 5.623235 5.623235
0.854392 0.886636 0.627752 0.422822 0.222752 8.099678 5.623235 5.623235
0.701600 0.526159 0.341797 0.429160 0.151788 8.099678 5.623235 5.623235
0.847955 0.891370 0.685799 0.627413 0.806364 0.013843 0.006960 0.006960
0.881369 0.863350 0.186539 0.162132 0.622222 0.938905 0.964813 0.938905
0.005222 0.153443 0.118433 0.785502 0.232164 2.606915 0.839224 0.839224
1.000000 0.657524 0.642113 0.531507 0.576140 8.099678 8.003707 8.003707
0.847078 0.834536 0.628981 0.635861 0.494080 8.099678 8.547211 8.099678
0.852447 0.929108 0.605193 0.354017 0.737848 8.099678 6.589578 6.589578
0.134489 0.011727 0.027827 0.176675 0.179231 2.606915 0.839224 0.839224
0.589231 0.557448 0.504912 0.948066 0.717618 8.099678 5.623235 5.623235
1.000000 0.846932 0.405393 0.491276 0.221965 8.099678 7.680052 7.680052
0.933631 0.752290 0.338769 0.463733 0.345746 8.550286 9.192044 8.550286
0.666680 0.901724 0.499845 0.655945 0.824224 8.099678 5.623235 5.623235
0.624038 0.927801 0.377348 0.976768 0.753041 8.099678 5.623235 5.623235
0.866682 0.564810 0.080950 0.672635 0.929330 8.099678 5.623235 5.623235
0.674091 0.829796 0.199414 0.709967 0.331717 8.099678 5.623235 5.623235
0.769146 0.598183 0.283873 0.414494 0.867669 8.099678 5.902892 5.902892
1.000000 0.869600 0.423307 0.637899 0.000000 8.099678 5.644022 5.644022
0.916525 0.799028 0.223496 1.000000 1.000000 8.099678 5.623235 5.623235
0.273650 0.163027 0.254532 0.638956 0.389881 2.606915 0.414898 0.414898
0.701078 0.982593 0.298851 0.991797 1.000000 8.099678 5.623235 5.623235
0.926594 0.916227 0.538494 0.303831 0.619350 8.099678 10.607284 8.099678
0.895145 0.632706 0.346233 0.419733 0.591635 8.099678 8.796781 8.099678
0.118759 0.991511 0.213468 0.659907 0.598558 1.150253 0.006960 0.006960
0.805952 0.815353 0.504627 0.812075 0.454504 8.099678 5.623235 5.623235
0.915356 0.947629 0.295359 0.904801 0.348381 8.099678 5.623235 5.623235
0.809826 0.696838 0.078105 0.866026 0.787128 8.099678 5.623235 5.623235
0.571115 0.804978 0.164075 0.646199 0.275039 8.099678 5.623235 5.623235
0.670173 0.659360 0.224533 0.680364 0.338147 8.099678 5.623235 5.623235
0.867789 0.769675 0.172898 0.585789 0.556486 8.099678 5.623235 5.623235
0.826424 1.000000 0.334854 0.298581 0.507466 8.099678 5.808509 5.808509
0.744687 0.743871 0.394994 0.792270 0.502604 8.099678 5.623235 5.623235
0.961555 1.000000 0.399667 0.513344 0.093587 8.099678 6.221423 6.221423
0.722774 0.775186 0.198954 0.999452 0.468372 8.099678 5.623235 5.623235
0.954737 0.983275 0.469669 0.336791 0.220861 8.099678 5.623235 5.623235
0.560819 0.540442 0.438056 0.314046 0.868958 8.099678 0.006960 0.006960
1.000000 0.669478 0.370543 0.428083 0.412835 8.099686 7.930091 7.930091
1.000000 0.997523 0.000000 0.465307 0.831123 8.099678 5.623235 5.623235
0.894487 0.781348 0.312793 0.523925 0.813502 8.099678 5.623235 5.623235
0.823912 0.697090 0.287380 0.480965 0.581473 8.099678 10.897190 8.099678
0.837363 0.582704 0.505952 0.872918 0.012445 8.099678 5.623235 5.623235
0.965544 0.817760 0.360437 0.386042 0.417918 8.099678 11.768606 8.099678
0.378561 0.092403 0.614363 0.094620 0.086055 1.556528 0.369051 0.369051
0.894487 0.774772 0.539937 0.313636 0.552670 8.099678 5.623235 5.623235
0.925373 0.725676 0.000000 0.671044 0.109220 8.099678 5.623235 5.623235
