# Party-1 optima (Phase 1b)
# x0..x(D-1) party_fit f0 f1 consensus
0.526337 0.921647 78.462773 53.242469 78.462773 53.242469
0.296181 0.735519 77.959540 37.333700 77.959540 37.333700
0.541143 0.880599 73.742972 47.229572 73.742972 47.229572
0.267290 0.764365 69.550850 36.191917 69.550850 36.191917
0.863295 0.286449 66.484498 56.700882 66.484498 56.700882
0.285407 0.135205 63.734447 3.862317 63.734447 3.862317
0.274793 0.192897 59.141690 14.416385 59.141690 14.416385
0.202767 0.662270 49.412536 7.339503 49.412536 7.339503
