# gen=0 mediating population
# x0..x(D-1) f0 f1 consensus
0.012792 0.438710 0.631681 0.394609 0.150466 0.507289 0.134743 0.670420 0.742533 0.826942 49.379224 46.870889 46.870889
0.284671 0.296186 0.966562 0.111213 0.174724 0.901110 0.770175 0.039191 0.644929 0.143572 49.379224 41.077540 41.077540
0.229189 0.311122 0.991738 0.040394 0.511272 0.660504 0.309844 0.357122 0.348233 0.471546 49.379224 41.077540 41.077540
0.151377 0.429197 0.853407 0.342396 0.727487 0.713061 0.467889 0.073019 0.416162 0.531095 49.379224 46.870889 46.870889
0.344915 0.212528 0.393487 0.196819 0.715832 0.846918 0.079630 0.487856 0.236302 0.834794 49.379224 0.016357 0.016357
0.200604 0.247045 0.543291 0.307516 0.542267 0.337976 0.296327 0.167777 0.180543 0.239903 49.379224 41.077540 41.077540
0.483206 0.369658 0.701384 0.277468 0.991883 0.256231 0.824183 0.614784 0.281488 0.539801 49.379224 41.077540 41.077540
0.489476 0.084696 0.912633 0.400331 0.018296 0.701613 0.407157 0.179958 0.146503 0.927426 49.379224 41.077540 41.077540
0.781559 0.377592 0.335990 0.569097 0.489808 0.365444 0.266206 0.164614 0.811354 0.928754 44.974613 51.114095 44.974613
0.621188 0.459851 0.206174 0.954973 0.357728 0.540316 0.940288 0.073211 0.086946 0.645174 42.966506 51.114095 42.966506
0.573967 0.350670 0.230383 0.281721 0.826077 0.498082 0.952365 0.229102 0.862663 0.384832 42.966506 51.114095 42.966506
0.868460 0.196198 0.072413 0.465217 0.563023 0.949000 0.457675 0.860630 0.982519 0.041333 42.966506 51.114095 42.966506
0.835221 0.210810 0.037491 0.440555 0.121381 0.011767 0.050139 0.474114 0.661924 0.794451 42.966506 51.114095 42.966506
0.907933 0.426929 0.116682 0.264408 0.918750 0.379483 0.879959 0.305813 0.548717 0.666046 42.966506 51.114095 42.966506
0.585134 0.157567 0.088870 0.456471 0.702319 0.264201 0.910531 0.344203 0.610362 0.543924 42.967503 51.114095 42.967503
0.890535 0.029392 0.216056 0.646432 0.991466 0.775820 0.936242 0.911161 0.506369 0.345264 42.966506 51.114095 42.966506
0.397175 0.408151 0.483835 0.481853 0.320137 0.436367 0.200474 0.417517 0.776944 0.877848 49.379224 46.870889 46.870889
0.316990 0.449281 0.418927 0.674791 0.254097 0.523802 0.537516 0.371815 0.414740 0.736058 37.218525 40.982254 37.218525
0.293379 0.394690 0.431032 0.338165 0.488271 0.502686 0.543554 0.449761 0.802598 0.605887 49.379224 0.016357 0.016357
0.440626 0.317454 0.352047 0.429913 0.356744 0.728145 0.296209 0.765525 0.862526 0.434137 0.000934 0.016357 0.000934
0.424006 0.324760 0.334586 0.417582 0.135923 0.259528 0.092441 0.572267 0.702229 0.810696 0.000934 0.016357 0.000934
0.460362 0.432820 0.374181 0.329509 0.534608 0.443386 0.507351 0.488116 0.645625 0.746494 0.000934 41.270671 0.000934
0.298963 0.298138 0.360275 0.425540 0.426392 0.385745 0.522637 0.507311 0.676447 0.685433 0.000934 0.016357 0.000934
0.451663 0.234051 0.423868 0.520521 0.570966 0.641555 0.535492 0.790790 0.624451 0.586103 37.218525 0.016357 0.016357
0.533115 0.336889 0.651276 0.340155 0.332266 0.633277 0.518190 0.101903 0.728142 0.536163 49.379224 50.965626 49.379224
0.452929 0.378019 0.586368 0.533093 0.266226 0.720713 0.855231 0.056201 0.365938 0.394373 37.218525 50.788621 37.218525
0.429319 0.323428 0.598472 0.196467 0.500400 0.699596 0.861270 0.134146 0.753796 0.264202 49.379224 41.077540 41.077540
0.576565 0.246192 0.519488 0.288215 0.368873 0.925055 0.613925 0.449910 0.813724 0.092453 41.461942 50.965626 41.461942
0.559946 0.253498 0.502026 0.275884 0.148052 0.456439 0.410157 0.256652 0.653427 0.469012 41.461942 50.965626 41.461942
0.596302 0.361558 0.541622 0.187810 0.546737 0.640296 0.825067 0.172502 0.596823 0.404809 41.461942 50.965626 41.461942
0.434902 0.226876 0.527716 0.283842 0.438521 0.582656 0.840353 0.191697 0.627646 0.343748 49.379224 41.077540 41.077540
0.587603 0.162789 0.591309 0.378822 0.583095 0.838465 0.853208 0.475176 0.575649 0.244418 41.461942 51.031864 41.461942
0.505374 0.344357 0.663864 0.304746 0.500540 0.512974 0.288025 0.260868 0.579794 0.700150 49.379224 50.965626 49.379224
0.425189 0.385487 0.598956 0.497684 0.434500 0.600410 0.625066 0.215166 0.217590 0.558360 49.379224 50.788621 49.379224
0.401578 0.330896 0.611060 0.161057 0.668674 0.579293 0.631105 0.293112 0.605448 0.428189 49.379224 41.077540 41.077540
0.548824 0.253660 0.532076 0.252806 0.537147 0.804752 0.383760 0.608876 0.665376 0.256439 41.461942 50.965626 41.461942
0.532205 0.260966 0.514614 0.240475 0.316326 0.336136 0.179992 0.415618 0.505079 0.632998 49.379224 50.965626 49.379224
0.568561 0.369026 0.554210 0.152401 0.715011 0.519993 0.594902 0.331467 0.448475 0.568796 41.461942 50.965626 41.461942
0.407162 0.234344 0.540304 0.248433 0.606795 0.462353 0.610187 0.350662 0.479297 0.507735 49.379224 41.219489 41.219489
0.559862 0.170257 0.603897 0.343413 0.751369 0.718162 0.623043 0.634141 0.427301 0.408405 41.461942 51.888038 41.461942
0.466468 0.403394 0.594699 0.455747 0.608647 0.539253 0.367047 0.118817 0.613758 0.729924 49.379224 46.870889 46.870889
0.386282 0.444524 0.529791 0.648685 0.542608 0.626688 0.704089 0.073115 0.251554 0.588134 37.218525 38.939815 37.218525
0.362672 0.389933 0.541895 0.312059 0.776782 0.605572 0.710127 0.151061 0.639412 0.457964 49.379224 41.077540 41.077540
0.509918 0.312697 0.462910 0.403807 0.645255 0.831031 0.462782 0.466825 0.699341 0.286214 49.379224 50.965626 49.379224
0.493299 0.320003 0.445449 0.391476 0.424434 0.362414 0.259014 0.273567 0.539043 0.662773 49.379224 41.080819 41.080819
0.529655 0.428063 0.485045 0.303402 0.823118 0.546272 0.673924 0.189416 0.482439 0.598570 49.379224 50.965626 49.379224
0.368255 0.293382 0.471139 0.399434 0.714903 0.488631 0.689210 0.208611 0.513262 0.537510 49.379224 41.078994 41.078994
0.520956 0.229294 0.534732 0.494414 0.859476 0.744441 0.702066 0.492090 0.461265 0.438179 49.379224 46.577786 46.577786
0.563237 0.295060 0.364739 0.382958 0.602820 0.606181 0.172918 0.326235 0.523828 0.881774 41.461942 51.114095 41.461942
0.483051 0.336190 0.299830 0.575896 0.536780 0.693617 0.509959 0.280534 0.161624 0.739984 0.000934 0.016357 0.000934
0.459441 0.281599 0.311935 0.239270 0.770954 0.672500 0.515998 0.358479 0.549482 0.609813 0.000934 0.016357 0.000934
0.606687 0.204363 0.232950 0.331018 0.639427 0.897959 0.268653 0.674243 0.609411 0.438063 42.966506 51.114095 42.966506
0.590068 0.211669 0.215489 0.318687 0.418606 0.429343 0.064885 0.480985 0.449113 0.814622 42.973687 51.114095 42.973687
0.626424 0.319729 0.255084 0.230613 0.817291 0.613200 0.479795 0.396835 0.392510 0.750420 42.971351 51.114095 42.971351
0.465024 0.185048 0.241178 0.326645 0.709075 0.555559 0.495081 0.416030 0.423332 0.689359 0.000934 0.016357 0.000934
0.617725 0.120960 0.304771 0.421625 0.853649 0.811369 0.507936 0.699508 0.371335 0.590029 41.461942 51.114095 41.461942
0.491081 0.312318 0.439641 0.438307 0.516037 0.351710 0.281266 0.166195 0.495949 0.584328 49.379224 41.077766 41.077766
0.410896 0.353448 0.374733 0.631245 0.449998 0.439146 0.618308 0.120494 0.133745 0.442538 0.000934 0.016357 0.000934
0.387285 0.298857 0.386837 0.294619 0.684172 0.418029 0.624346 0.198439 0.521603 0.312368 0.000934 0.016357 0.000934
0.534532 0.221621 0.307852 0.386367 0.552645 0.643488 0.377001 0.514203 0.581531 0.140618 0.000945 51.114095 0.000945
0.517912 0.228927 0.290391 0.374036 0.331824 0.174872 0.173233 0.320945 0.421234 0.517177 0.000934 51.114095 0.000934
0.554268 0.336987 0.329987 0.285962 0.730508 0.358729 0.588143 0.236795 0.364630 0.452974 41.461942 51.114095 41.461942
0.392869 0.202306 0.316081 0.381994 0.622293 0.301089 0.603429 0.255990 0.395453 0.391914 0.000935 0.016357 0.000935
0.545569 0.138218 0.379674 0.476974 0.766866 0.556898 0.616285 0.539469 0.343456 0.292583 44.974613 46.577786 44.974613
0.632382 0.373625 0.518687 0.423282 0.740845 0.310837 0.545194 0.389699 0.546421 0.734277 41.461942 50.965626 41.461942
0.552197 0.414755 0.453779 0.616220 0.674806 0.398273 0.882236 0.343998 0.184217 0.592487 44.975863 46.577786 44.975863
0.528587 0.360164 0.465883 0.279594 0.908980 0.377156 0.888274 0.421943 0.572075 0.462316 49.379224 50.965626 49.379224
0.675833 0.282928 0.386898 0.371342 0.777453 0.602616 0.640929 0.737707 0.632004 0.290567 41.461942 50.965626 41.461942
0.659213 0.290234 0.369437 0.359011 0.556632 0.133999 0.437161 0.544449 0.471706 0.667126 41.461942 51.114095 41.461942
0.695570 0.398294 0.409033 0.270938 0.955316 0.317857 0.852071 0.460299 0.415103 0.602923 41.461942 50.965626 41.461942
0.534170 0.263613 0.395127 0.366969 0.847101 0.260216 0.867357 0.479494 0.445925 0.541862 49.379224 50.965626 49.379224
0.686870 0.199525 0.458720 0.461950 0.991674 0.516025 0.880212 0.762972 0.393928 0.442532 44.974613 46.577786 44.974613
0.635517 0.231144 0.624312 0.484714 0.254052 0.533529 0.336681 0.172286 0.478929 0.928090 44.974613 46.578307 44.974613
0.555332 0.272274 0.559403 0.677652 0.188012 0.620964 0.673723 0.126585 0.116725 0.786300 44.992283 46.577786 44.992283
0.531721 0.217683 0.571508 0.341026 0.422186 0.599848 0.679761 0.204530 0.504583 0.656129 49.379224 51.089715 49.379224
0.678968 0.140447 0.492523 0.432774 0.290659 0.825307 0.432416 0.520294 0.564511 0.484380 41.461942 46.577786 41.461942
0.662348 0.147753 0.475062 0.420443 0.069838 0.356690 0.228648 0.327036 0.404214 0.860939 41.461942 50.965626 41.461942
0.698705 0.255813 0.514657 0.332370 0.468523 0.540548 0.643558 0.242886 0.347610 0.796736 41.461942 51.011140 41.461942
0.537305 0.121132 0.500752 0.428401 0.360307 0.482907 0.658844 0.262081 0.378432 0.735675 41.461942 46.577786 41.461942
0.690005 0.057044 0.564345 0.523382 0.504881 0.738717 0.671699 0.545560 0.326436 0.636345 44.974613 46.577786 44.974613
0.550160 0.798712 0.134871 0.811004 0.850514 0.716580 0.917968 0.385628 0.055032 0.279372 44.138243 39.312013 39.312013
0.281360 0.142691 0.369995 0.849936 0.532526 0.344853 0.229482 0.351351 0.299422 0.560174 0.000934 0.016357 0.000934
0.418717 0.561327 0.299422 0.302136 0.218014 0.890917 0.712821 0.582462 0.220488 0.440504 45.647531 41.270671 41.270671
0.142099 0.565182 0.013411 0.829184 0.435098 0.681463 0.348887 0.793685 0.342662 0.114366 45.647531 40.982254 40.982254
0.649884 0.873049 0.929693 0.716646 0.751194 0.267385 0.148942 0.760625 0.788468 0.981290 45.674464 50.042958 45.674464
0.926895 0.526114 0.979981 0.886517 0.734475 0.196333 0.779657 0.672476 0.200002 0.645609 45.686386 50.042958 45.686386
0.870178 0.812789 0.102647 0.866921 0.341096 0.194870 0.988847 0.504284 0.132243 0.213330 44.138243 39.312013 39.312013
0.432419 0.980874 0.561734 0.645817 0.308462 0.467434 0.464992 0.016778 0.657738 0.322984 47.254441 38.939691 38.939691
0.570676 0.844927 0.859335 0.516210 0.790950 0.552672 0.622056 0.642560 0.642912 0.504290 45.775901 50.042958 45.775901
0.227519 0.402792 0.660487 0.074428 0.116244 0.316562 0.228059 0.555210 0.760292 0.819617 49.379224 46.870889 46.870889
0.965437 0.035036 0.432151 0.766164 0.625972 0.363050 0.512988 0.387307 0.555594 0.921498 44.974613 46.577786 44.974613
0.110923 0.633076 0.846328 0.989401 0.588799 0.808123 0.987789 0.507566 0.606795 0.527949 47.254441 38.939691 38.939691
0.580984 0.962686 0.921096 0.815063 0.651668 0.084606 0.477622 0.627107 0.212074 0.197674 45.674464 50.042958 45.674464
0.344458 0.052596 0.481129 0.904291 0.820601 0.392679 0.671939 0.039752 0.114721 0.637028 37.218525 50.788621 37.218525
0.173157 0.144887 0.216824 0.324043 0.719307 0.350333 0.484091 0.597380 0.716675 0.879098 0.000934 0.016357 0.000934
0.045974 0.882636 0.727989 0.315720 0.916381 0.092811 0.240353 0.147621 0.002399 0.446215 41.038404 46.870889 41.038404
0.550235 0.473934 0.240675 0.427596 0.583340 0.970235 0.709914 0.565444 0.772350 0.072919 42.966506 38.381183 38.381183
0.330715 0.395588 0.101679 0.445932 0.540574 0.614919 0.006310 0.521245 0.013712 0.695623 0.000934 0.016357 0.000934
0.199051 0.384676 0.436718 0.481832 0.917002 0.561251 0.497563 0.249626 0.581723 0.990798 49.379224 41.077540 41.077540
0.237259 0.173095 0.489821 0.384550 0.670911 0.509159 0.217346 0.052815 0.292169 0.488735 49.379224 41.077540 41.077540
0.383362 0.736454 0.680568 0.857073 0.673268 0.614208 0.037499 0.641113 0.248501 0.968773 47.254441 38.939691 38.939691
0.453603 0.530269 0.165939 0.070783 0.336701 0.691388 0.390907 0.985552 0.767421 0.090064 45.647531 41.270671 41.270671
0.198557 0.973112 0.082979 0.922472 0.944092 0.525626 0.112454 0.772864 0.062541 0.776727 45.647531 40.982254 40.982254
0.758173 0.311631 0.932174 0.381263 0.301060 0.803291 0.917573 0.531073 0.673894 0.033790 41.461942 50.965626 41.461942
0.550931 0.050766 0.379479 0.076985 0.508975 0.142709 0.896204 0.976048 0.864532 0.951362 41.461942 50.965626 41.461942
0.373640 0.264770 0.295190 0.609377 0.657466 0.579891 0.273922 0.602273 0.353370 0.979793 0.000934 0.016357 0.000934
0.793611 0.428408 0.339111 0.103509 0.062672 0.250100 0.414470 0.135913 0.978706 0.294206 41.461942 51.114095 41.461942
0.955089 0.398352 0.482810 0.780521 0.253501 0.849666 0.895589 0.356552 0.254508 0.192011 44.974613 46.577786 44.974613
0.539674 0.656126 0.850562 0.508062 0.502113 0.230206 0.138207 0.351085 0.418291 0.708711 45.775901 50.042958 45.775901
0.842417 0.287981 0.730768 0.603469 0.712402 0.501913 0.057334 0.491488 0.808885 0.443183 44.974613 46.577786 44.974613
0.744422 0.488209 0.568097 0.808937 0.399518 0.511832 0.781275 0.411589 0.586269 0.390738 44.987628 50.042958 44.987628
0.320056 0.902112 0.861087 0.245727 0.081930 0.172884 0.512355 0.713069 0.142998 0.360910 41.038404 46.870889 41.038404
0.176349 0.443425 0.020712 0.870205 0.087149 0.121498 0.934496 0.382606 0.628372 0.990959 0.000934 40.982254 0.000934
0.116043 0.424221 0.364684 0.952513 0.349623 0.220882 0.578211 0.224295 0.549265 0.121525 0.000934 40.982254 0.000934
0.010790 0.024965 0.082201 0.767957 0.800787 0.373199 0.753114 0.647537 0.117300 0.602763 0.000934 0.016357 0.000934
0.226108 0.249807 0.830329 0.674479 0.492385 0.209351 0.611779 0.906634 0.834715 0.368514 37.218525 50.797238 37.218525
0.256700 0.149608 0.060717 0.055256 0.802804 0.943778 0.179596 0.293197 0.744765 0.643187 0.000934 0.016357 0.000934
0.073838 0.876097 0.497936 0.584077 0.360075 0.278998 0.508595 0.793047 0.387538 0.998823 47.254441 38.939691 38.939691
0.335739 0.713709 0.733295 0.426738 0.005908 0.761416 0.927018 0.625067 0.938340 0.200943 41.038404 46.870889 41.038404
0.303555 0.933824 0.414883 0.639746 0.939536 0.478269 0.119787 0.856218 0.799384 0.118296 47.254441 40.982254 40.982254
0.110777 0.335666 0.920912 0.129739 0.941486 0.105025 0.148084 0.510231 0.894174 0.111667 49.379224 41.077540 41.077540
0.351644 0.623933 0.453215 0.165855 0.229165 0.049339 0.993079 0.725706 0.669192 0.123086 41.038404 46.870889 41.038404
0.745171 0.176510 0.680579 0.669177 0.771131 0.558114 0.255386 0.193009 0.429653 0.982060 44.974613 46.600747 44.974613
0.665823 0.094881 0.919417 0.797861 0.742571 0.962717 0.742444 0.674779 0.760627 0.277669 44.974613 46.577786 44.974613
0.930794 0.952412 0.427593 0.537361 0.777801 0.828719 0.164365 0.455126 0.572076 0.552833 45.674464 39.312013 39.312013
0.512747 0.872086 0.458678 0.875428 0.570939 0.075236 0.850491 0.332092 0.279017 0.249422 47.254441 39.312013 39.312013
0.235302 0.388704 0.512805 0.575017 0.602102 0.231394 0.780499 0.313477 0.334008 0.578318 37.218525 50.788621 37.218525
0.680737 0.550321 0.305035 0.475096 0.999995 0.231660 0.625320 0.753927 0.885085 0.513114 44.138243 38.381183 38.381183
0.705692 0.158841 0.108702 0.958161 0.533436 0.422964 0.932213 0.536206 0.525564 0.549827 42.966506 51.114095 42.966506
0.169322 0.794116 0.981995 0.367872 0.019981 0.034291 0.270725 0.657712 0.625146 0.175767 41.038404 46.870889 41.038404
0.872854 0.747037 0.388305 0.857891 0.893650 0.682406 0.130202 0.767883 0.384629 0.060661 44.138243 39.312013 39.312013
0.612272 0.462276 0.056795 0.783087 0.482185 0.269382 0.458273 0.637352 0.237534 0.227438 42.966506 39.312013 39.312013
0.084699 0.862658 0.623189 0.199066 0.356120 0.437168 0.069518 0.803054 0.090980 0.032190 41.038404 46.870889 41.038404
0.416941 0.868780 0.268300 0.481410 0.313709 0.489297 0.479869 0.047988 0.757066 0.872432 45.647531 41.271364 41.271364
0.218654 0.972851 0.366802 0.269858 0.627683 0.917421 0.015291 0.319250 0.641745 0.749009 45.647531 41.270671 41.270671
0.520170 0.274576 0.336457 0.234309 0.602887 0.403493 0.402087 0.726953 0.829636 0.026016 0.000934 51.114095 0.000934
0.190677 0.806032 0.963401 0.546449 0.922289 0.857571 0.390493 0.348449 0.183134 0.951712 47.254441 38.939691 38.939691
0.162140 0.981016 0.966266 0.413319 0.049793 0.940590 0.080549 0.036324 0.793036 0.579596 41.038404 46.870889 41.038404
0.590479 0.001728 0.279030 0.871456 0.954462 0.314986 0.650587 0.460666 0.432330 0.929688 44.974613 51.114095 44.974613
0.374543 0.955704 0.353267 0.864239 0.681726 0.616425 0.146037 0.758662 0.916928 0.342185 45.647531 40.982254 40.982254
0.683694 0.304286 0.301739 0.371122 0.171529 0.644631 0.065202 0.433842 0.498770 0.081352 41.461942 51.114095 41.461942
0.638112 0.731243 0.720163 0.371162 0.425041 0.418160 0.655251 0.502533 0.873991 0.047304 45.775901 49.926021 45.775901
0.286878 0.054693 0.571635 0.305288 0.056994 0.465823 0.138481 0.916749 0.443192 0.258967 49.379224 41.077540 41.077540
0.564945 0.431004 0.558605 0.529380 0.993641 0.373382 0.762329 0.143943 0.934506 0.807844 44.974613 46.577786 44.974613
0.429554 0.800401 0.879663 0.319172 0.335441 0.760933 0.098201 0.987068 0.878463 0.348661 41.038404 46.870889 41.038404
0.945704 0.262052 0.938213 0.417526 0.875059 0.861242 0.155193 0.396762 0.898672 0.565502 41.461942 50.965626 41.461942
0.747727 0.646001 0.234066 0.224652 0.523492 0.137432 0.991657 0.272442 0.689919 0.285172 44.138243 38.381183 38.381183
0.605301 0.946715 0.279060 0.045437 0.825425 0.806066 0.765329 0.040203 0.616999 0.409619 44.138243 38.381183 38.381183
0.383308 0.096373 0.977260 0.203803 0.702186 0.463606 0.107198 0.067475 0.816837 0.255852 49.379224 41.077540 41.077540
0.932300 0.885860 0.180177 0.287685 0.547074 0.552110 0.183707 0.302406 0.553173 0.565725 44.138243 38.381183 38.381183
0.651066 0.942268 0.596244 0.010513 0.658193 0.081925 0.417211 0.776496 0.112021 0.524495 45.775901 49.926021 45.775901
0.953375 0.361191 0.932239 0.784606 0.291489 0.618395 0.844468 0.060467 0.985996 0.732389 44.974613 46.577786 44.974613
0.259549 0.611328 0.599158 0.163100 0.766828 0.516485 0.368955 0.841598 0.137266 0.877072 41.038404 46.870889 41.038404
0.641866 0.654378 0.558795 0.821275 0.319067 0.439711 0.210569 0.398096 0.480667 0.833519 45.674464 50.042958 45.674464
0.930555 0.219509 0.739470 0.299535 0.666217 0.174652 0.606930 0.324505 0.158938 0.962511 41.461942 50.965626 41.461942
0.830213 0.408485 0.321348 0.102809 0.199717 0.627721 0.545091 0.407547 0.943545 0.413759 41.461942 51.114095 41.461942
0.926557 0.104456 0.133434 0.557687 0.630502 0.732661 0.694422 0.098573 0.174915 0.379504 42.966506 51.114095 42.966506
0.411332 0.726213 0.856994 0.364653 0.131031 0.722384 0.499022 0.430765 0.062461 0.647935 41.038404 46.871444 41.038404
0.291102 0.390678 0.862418 0.607270 0.078107 0.840728 0.949466 0.015088 0.275353 0.599817 37.218525 50.788621 37.218525
0.805205 0.720549 0.492766 0.466738 0.875367 0.644403 0.874596 0.501889 0.549920 0.208384 45.775901 38.381183 38.381183
0.484581 0.835455 0.448673 0.307550 0.493548 0.045385 0.728682 0.128682 0.863461 0.381223 41.038404 46.870889 41.038404
0.524230 0.440283 0.848338 0.875766 0.539245 0.822303 0.155812 0.715387 0.609265 0.215498 37.218525 46.577786 37.218525
0.555592 0.339761 0.469029 0.409710 0.437314 0.197098 0.269369 0.183554 0.444672 0.845963 41.461942 50.965626 41.461942
0.037489 0.588506 0.802459 0.983313 0.293861 0.505526 0.507701 0.241293 0.243331 0.342211 47.254441 38.939691 38.939691
0.389342 0.366342 0.560119 0.580717 0.547039 0.011850 0.097261 0.341141 0.881680 0.166530 37.218525 50.788621 37.218525
0.947590 0.237272 0.402879 0.587783 0.555920 0.917421 0.658734 0.290011 0.266238 0.120572 44.974613 46.577786 44.974613
0.275929 0.728535 0.711110 0.822421 0.696125 0.176419 0.752301 0.027579 0.580200 0.245515 47.254441 38.939691 38.939691
0.388422 0.227601 0.952490 0.738521 0.039465 0.629883 0.467698 0.207580 0.106116 0.343345 37.218525 50.788621 37.218525
0.998190 0.592488 0.346823 0.152679 0.996346 0.441118 0.478490 0.972374 0.007875 0.382065 44.138243 38.381183 38.381183
0.551544 0.259276 0.051264 0.162775 0.137209 0.947870 0.449087 0.345112 0.763589 0.122046 42.966506 51.114095 42.966506
0.883207 0.636846 0.862861 0.293223 0.681511 0.715972 0.781691 0.973612 0.377518 0.426051 45.775901 49.926021 45.775901
0.005955 0.495236 0.161658 0.111255 0.266130 0.703316 0.650872 0.114092 0.618614 0.288282 0.000934 41.270671 0.000934
0.806943 0.070254 0.341244 0.474112 0.094085 0.060428 0.297108 0.108488 0.453393 0.084914 44.974613 51.114095 44.974613
0.021196 0.240002 0.514678 0.408871 0.146427 0.933617 0.153669 0.475728 0.656410 0.163269 49.379224 41.077540 41.077540
0.499610 0.912822 0.337656 0.643190 0.288600 0.006154 0.423609 0.784826 0.889636 0.124924 45.647531 40.982254 40.982254
0.800575 0.665615 0.530875 0.632866 0.113086 0.115597 0.641113 0.647384 0.942298 0.280681 45.674464 50.042958 45.674464
0.092876 0.414836 0.052833 0.134789 0.657636 0.340156 0.891134 0.183940 0.429461 0.654719 0.000934 41.270671 0.000934
0.840845 0.789213 0.545680 0.208942 0.228389 0.611763 0.279142 0.282937 0.034270 0.838030 45.775901 49.926021 45.775901
0.934716 0.598613 0.664795 0.060626 0.145367 0.114019 0.255762 0.654017 0.541695 0.752849 45.775901 49.926021 45.775901
0.899248 0.186643 0.403029 0.376035 0.622712 0.032576 0.376575 0.752294 0.868380 0.439728 41.461942 50.965626 41.461942
0.497321 0.093613 0.250693 0.573246 0.688187 0.625897 0.221025 0.866429 0.191959 0.831709 0.000934 0.016357 0.000934
0.473330 0.169328 0.170296 0.938841 0.816982 0.582208 0.032653 0.713088 0.907947 0.524343 0.000934 0.016357 0.000934
0.107546 0.393817 0.703002 0.466623 0.517475 0.300194 0.557388 0.007897 0.711668 0.406704 49.379224 41.077540 41.077540
0.720616 0.637527 0.424757 0.793601 0.403227 0.583133 0.761382 0.231299 0.180255 0.765639 45.674464 39.312013 39.312013
0.704648 0.985816 0.776608 0.463812 0.500292 0.671490 0.266499 0.300134 0.020961 0.349899 45.775901 50.042958 45.775901
0.384444 0.469333 0.069081 0.121345 0.158961 0.192882 0.724094 0.205458 0.518332 0.214888 0.000934 41.270671 0.000934
0.900669 0.326857 0.528869 0.972142 0.818474 0.348454 0.431324 0.928489 0.805275 0.130966 44.974613 46.577786 44.974613
0.054737 0.547033 0.747049 0.055325 0.655642 0.085549 0.238642 0.254190 0.526475 0.420256 41.038404 46.870889 41.038404
0.740266 0.606430 0.800480 0.698894 0.735990 0.804169 0.678009 0.476373 0.995869 0.598938 45.674464 50.042958 45.674464
0.948283 0.856663 0.777200 0.625048 0.741619 0.482734 0.531095 0.537614 0.233750 0.010487 45.674464 50.042958 45.674464
0.145329 0.782848 0.115100 0.942404 0.501922 0.040761 0.243178 0.179931 0.883695 0.584201 45.647531 40.982254 40.982254
0.056664 0.434352 0.482362 0.809224 0.174487 0.960257 0.851956 0.211157 0.668576 0.548228 37.218525 38.939691 37.218525
0.678695 0.758674 0.389599 0.875774 0.470817 0.094548 0.547809 0.227385 0.938951 0.962124 44.138243 39.312013 39.312013
0.331727 0.921529 0.930993 0.382022 0.526240 0.378422 0.773975 0.630267 0.262970 0.108856 41.038404 46.870889 41.038404
0.729171 0.146736 0.297576 0.088841 0.834703 0.515266 0.438648 0.891765 0.101398 0.541534 41.461942 51.114095 41.461942
0.252580 0.709187 0.189946 0.064080 0.844367 0.522907 0.474104 0.068856 0.869794 0.912320 45.647531 41.321477 41.321477
0.673429 0.603555 0.771816 0.816937 0.870907 0.887066 0.679848 0.259403 0.959711 0.533404 45.674464 50.042958 45.674464
0.428195 0.866136 0.348595 0.511346 0.128711 0.528682 0.801927 0.898036 0.056093 0.242749 45.647531 40.982254 40.982254
0.638991 0.508484 0.432088 0.357736 0.030045 0.550624 0.723745 0.417141 0.804564 0.340056 45.775901 38.381183 38.381183
0.232371 0.473320 0.409449 0.568824 0.313825 0.760579 0.726984 0.052661 0.472085 0.811902 37.218525 40.982254 37.218525
0.454036 0.301712 0.149959 0.496821 0.812023 0.430314 0.143750 0.211012 0.321426 0.657605 0.000934 0.016357 0.000934
0.936470 0.862276 0.041551 0.476175 0.330534 0.156065 0.612497 0.353927 0.525789 0.825984 44.138243 38.381183 38.381183
0.249388 0.331140 0.902481 0.430287 0.476648 0.779609 0.604707 0.523436 0.063171 0.775899 49.379224 41.077540 41.077540
0.459806 0.715329 0.579495 0.478227 0.117990 0.888111 0.373940 0.510320 0.600225 0.753873 41.038404 46.870889 41.038404
0.486003 0.282603 0.905363 0.545336 0.002102 0.368778 0.167060 0.297946 0.589085 0.540527 37.218525 50.788621 37.218525
0.607886 0.741455 0.936475 0.995548 0.034676 0.041500 0.687673 0.364855 0.885076 0.924699 45.674464 50.042958 45.674464
0.685337 0.532128 0.126585 0.569124 0.985806 0.399654 0.062619 0.042377 0.991021 0.673652 44.138243 39.312013 39.312013
0.109648 0.132854 0.130784 0.363257 0.026446 0.937263 0.491378 0.556811 0.226757 0.070689 0.000935 0.016357 0.000935
0.480689 0.044551 0.510898 0.016893 0.389296 0.913567 0.178426 0.885503 0.027276 0.971842 49.379224 41.077540 41.077540
0.967323 0.119775 0.430599 0.865283 0.554861 0.823548 0.597034 0.622169 0.166548 0.248994 44.974613 46.577786 44.974613
0.731640 0.731007 0.704460 0.415110 0.993261 0.238293 0.028167 0.383014 0.550367 0.073657 45.775901 50.042958 45.775901
0.140718 0.396949 0.613222 0.142827 0.884679 0.812067 0.603368 0.352334 0.477623 0.112274 49.379224 41.077540 41.077540
0.328710 0.596955 0.078739 0.672361 0.204665 0.402929 0.335555 0.995036 0.049065 0.438761 45.647531 40.982254 40.982254
0.197484 0.205823 0.361928 0.740632 0.143890 0.768773 0.234306 0.647744 0.981763 0.338457 0.000934 0.016357 0.000934
0.190400 0.485210 0.450336 0.770713 0.202835 0.710904 0.660706 0.493109 0.769828 0.329057 37.218525 38.939691 37.218525
0.609491 0.952678 0.564420 0.249630 0.873644 0.009230 0.234152 0.824443 0.697334 0.818611 45.775901 49.926021 45.775901
0.585261 0.060474 0.201378 0.499139 0.240028 0.110702 0.298274 0.755606 0.061916 0.423002 42.966506 51.114095 42.966506
0.761182 0.826626 0.613848 0.524580 0.348873 0.725540 0.484870 0.457993 0.506280 0.581770 45.674464 50.043783 45.674464
0.398323 0.910904 0.119984 0.168522 0.776051 0.867552 0.093873 0.647529 0.596590 0.072966 45.647531 41.556599 41.556599
0.696473 0.305293 0.123920 0.738213 0.516041 0.946313 0.738854 0.261092 0.752831 0.869150 42.966506 51.114095 42.966506
0.487515 0.727663 0.182888 0.755626 0.961771 0.171216 0.271767 0.155581 0.572868 0.143896 45.647531 40.982254 40.982254
0.484366 0.264571 0.519657 0.455011 0.247491 0.138056 0.262084 0.315750 0.915421 0.244961 49.379224 41.077540 41.077540
0.186098 0.077605 0.197892 0.896409 0.421303 0.468915 0.384984 0.496359 0.823747 0.507690 0.001069 0.016357 0.001069
0.256964 0.593733 0.714926 0.659051 0.531887 0.048193 0.386980 0.783008 0.782151 0.676226 47.254441 38.939691 38.939691
0.730340 0.528317 0.120943 0.679741 0.587142 0.535919 0.186355 0.503356 0.426431 0.263798 44.138243 39.312013 39.312013
0.544906 0.194558 0.697670 0.527758 0.309322 0.440148 0.037130 0.459324 0.053840 0.822687 44.974613 46.577786 44.974613
0.443528 0.448031 0.949507 0.930348 0.866028 0.580863 0.723766 0.405683 0.869879 0.311458 37.218525 38.939691 37.218525
0.794433 0.600186 0.819892 0.749918 0.415398 0.677865 0.532166 0.161594 0.185629 0.518061 45.674464 51.248890 45.674464
0.981753 0.347177 0.224559 0.928667 0.300272 0.943581 0.439639 0.390576 0.968974 0.710102 42.966506 51.114095 42.966506
0.355051 0.818083 0.329018 0.354110 0.739961 0.101184 0.950453 0.979867 0.152113 0.555483 45.647531 41.270671 41.270671
0.745760 0.205799 0.455121 0.067023 0.415208 0.933808 0.523177 0.517257 0.361632 0.521452 41.461942 50.965626 41.461942
0.689611 0.379412 0.366264 0.212382 0.687900 0.315421 0.064993 0.635233 0.293837 0.254238 41.461942 51.114095 41.461942
0.934666 0.822651 0.841577 0.816217 0.912025 0.881111 0.971059 0.288441 0.483766 0.562171 45.674464 50.042958 45.674464
0.520160 0.526115 0.410910 0.033294 0.953604 0.210617 0.126872 0.590343 0.005925 0.115881 41.038404 38.381183 38.381183
0.112462 0.524350 0.222804 0.641780 0.749408 0.708006 0.118746 0.463100 0.874273 0.153331 45.647531 40.982254 40.982254
0.504920 0.885032 0.978960 0.996934 0.018897 0.687107 0.799712 0.273824 0.300112 0.464450 47.254441 50.042958 47.254441
0.070173 0.404407 0.576167 0.402632 0.900091 0.211500 0.299959 0.763124 0.389380 0.917026 49.379224 46.870889 46.870889
0.553107 0.338158 0.358623 0.324655 0.127858 0.462656 0.559475 0.186148 0.889233 0.507407 41.461942 51.114095 41.461942
0.196970 0.111147 0.025731 0.064584 0.051891 0.687498 0.626093 0.713434 0.985821 0.248559 0.000934 0.016357 0.000934
0.995518 0.605587 0.222195 0.561855 0.239700 0.075872 0.376535 0.442994 0.829494 0.669976 44.138243 39.312013 39.312013
0.273636 0.918061 0.323743 0.528553 0.476132 0.828676 0.993010 0.011248 0.975440 0.821922 45.647531 40.982254 40.982254
0.091901 0.423765 0.417860 0.363549 0.240915 0.189890 0.471783 0.561784 0.668666 0.850744 49.379224 41.270671 41.270671
0.501531 0.754866 0.914654 0.228882 0.259699 0.268325 0.829888 0.640143 0.399048 0.568291 41.038404 49.926021 41.038404
0.789565 0.720676 0.570424 0.445378 0.023472 0.213866 0.817944 0.907981 0.743179 0.201230 45.775901 50.042958 45.775901
0.543286 0.725223 0.085429 0.120169 0.073879 0.729029 0.439826 0.122703 0.523776 0.566570 44.138243 38.381183 38.381183
0.036626 0.695586 0.866189 0.611372 0.381695 0.893885 0.183125 0.077997 0.593048 0.146553 47.254441 38.939691 38.939691
0.896298 0.447412 0.710526 0.657583 0.065800 0.306894 0.007191 0.993992 0.258432 0.753424 44.974613 46.577786 44.974613
0.519905 0.357299 0.661934 0.644011 0.215485 0.380644 0.922340 0.939241 0.050482 0.653950 37.218525 46.577786 37.218525
0.800275 0.650295 0.801335 0.059967 0.096701 0.193246 0.812365 0.728852 0.219862 0.014318 45.775901 49.926021 45.775901
0.107348 0.968313 0.203760 0.954581 0.780208 0.036269 0.393121 0.233940 0.504656 0.360545 45.647531 40.982254 40.982254
0.411004 0.993418 0.933475 0.544587 0.501688 0.033328 0.286914 0.805360 0.772278 0.772303 47.254441 38.939691 38.939691
0.069130 0.804788 0.634467 0.081460 0.957473 0.056160 0.270475 0.092806 0.935298 0.927835 41.038404 46.870889 41.038404
0.480677 0.608193 0.003376 0.671731 0.448430 0.252871 0.285874 0.662835 0.754450 0.204494 45.647531 40.982254 40.982254
0.582289 0.388710 0.935604 0.658658 0.125304 0.047878 0.504783 0.742249 0.613893 0.339730 44.974613 46.577786 44.974613
0.054969 0.277384 0.092221 0.171929 0.712169 0.198534 0.403876 0.133894 0.204975 0.303734 0.000934 0.016357 0.000934
0.913523 0.079506 0.138420 0.815943 0.097849 0.462347 0.348925 0.521696 0.968080 0.229457 42.966506 51.114095 42.966506
0.176620 0.659881 0.738769 0.741640 0.011988 0.483203 0.149822 0.128308 0.931753 0.259288 47.254441 38.939691 38.939691
0.689774 0.790026 0.295133 0.567341 0.320637 0.219240 0.678603 0.093430 0.199677 0.740268 44.138353 39.312013 39.312013
0.002552 0.921466 0.670897 0.428801 0.105711 0.509955 0.799605 0.203858 0.706453 0.070979 41.038404 46.870889 41.038404
0.067314 0.676312 0.524101 0.555171 0.789597 0.874305 0.860405 0.699499 0.509553 0.718122 47.254441 38.939691 38.939691
0.070822 0.010083 0.441146 0.838664 0.790230 0.126841 0.023630 0.072482 0.518725 0.941154 37.218525 50.788621 37.218525
0.752858 0.337396 0.388747 0.550373 0.936683 0.639480 0.046022 0.085530 0.671628 0.102400 44.974613 46.577786 44.974613
0.247393 0.717692 0.386772 0.697653 0.170288 0.845578 0.110189 0.814688 0.249008 0.921887 45.647531 40.982254 40.982254
0.997605 0.156272 0.242259 0.585378 0.121384 0.348001 0.334801 0.325343 0.940728 0.393102 42.966506 51.114095 42.966506
0.747984 0.221919 0.755667 0.657994 0.320386 0.099399 0.958985 0.797581 0.537165 0.205502 44.974613 46.577786 44.974613
0.219090 0.581809 0.597294 0.726379 0.730619 0.959690 0.503974 0.302818 0.827586 0.318093 47.254441 38.939691 38.939691
0.596190 0.655327 0.229157 0.148423 0.995984 0.664334 0.451680 0.409619 0.002821 0.696423 44.138243 38.381183 38.381183
0.109019 0.798330 0.292594 0.260164 0.584589 0.067458 0.462168 0.215668 0.279709 0.693708 45.647531 41.270671 41.270671
0.435670 0.083660 0.474054 0.036577 0.850743 0.639792 0.676265 0.927580 0.671571 0.960117 49.379224 41.077540 41.077540
0.355324 0.563054 0.087341 0.544568 0.083840 0.629156 0.303508 0.706801 0.183665 0.832862 45.647531 40.982254 40.982254
0.899360 0.005172 0.158400 0.669513 0.863872 0.059661 0.827300 0.754221 0.235838 0.162104 42.966506 51.114095 42.966506
0.232063 0.602759 0.904424 0.032227 0.880954 0.377034 0.350865 0.770184 0.784132 0.612595 41.038404 46.870889 41.038404
0.483036 0.932889 0.577691 0.009673 0.608218 0.489069 0.127531 0.727587 0.044124 0.761957 41.038404 46.870889 41.038404
0.884340 0.882371 0.023368 0.284243 0.290890 0.360951 0.259450 0.416866 0.958919 0.289346 44.138243 38.381183 38.381183
0.088180 0.515291 0.605570 0.325077 0.953828 0.442177 0.447926 0.262326 0.109603 0.969771 41.038404 46.870889 41.038404
0.318334 0.919797 0.013330 0.470045 0.225888 0.170726 0.584149 0.723515 0.118480 0.512811 45.647531 41.270671 41.270671
0.361905 0.580803 0.009128 0.968333 0.343453 0.775472 0.516917 0.971254 0.877250 0.418851 45.647531 40.982254 40.982254
0.993938 0.862419 0.064721 0.044705 0.645299 0.560090 0.133996 0.024152 0.402172 0.961330 44.138243 38.381183 38.381183
0.566604 0.594988 0.964268 0.022621 0.945997 0.051084 0.371152 0.022915 0.431339 0.605790 45.775901 49.926021 45.775901
0.925623 0.223172 0.273435 0.229589 0.806684 0.708742 0.622496 0.058106 0.179808 0.845962 41.461942 51.114095 41.461942
0.478849 0.233517 0.468018 0.855161 0.536199 0.268937 0.363229 0.407032 0.038111 0.086457 37.218525 50.788621 37.218525
0.908101 0.575577 0.624493 0.422417 0.467612 0.715255 0.561668 0.110999 0.875225 0.753347 45.825340 50.042958 45.825340
0.818075 0.731120 0.608685 0.502162 0.895221 0.546652 0.791721 0.034727 0.159584 0.144715 45.775901 50.042958 45.775901
0.272188 0.020502 0.087959 0.959363 0.378134 0.153965 0.497638 0.607416 0.925584 0.739021 0.000934 0.016357 0.000934
0.589146 0.856844 0.881094 0.881095 0.874310 0.240150 0.158775 0.318238 0.522573 0.306345 45.674464 50.042958 45.674464
0.123351 0.810830 0.818411 0.082272 0.708093 0.105976 0.174664 0.676010 0.002262 0.049217 41.038404 46.870889 41.038404
0.677322 0.148116 0.553919 0.457747 0.836112 0.917009 0.117422 0.174782 0.487038 0.467361 44.974613 46.577786 44.974613
0.635759 0.102168 0.262866 0.270707 0.474002 0.456707 0.658841 0.396548 0.396003 0.416050 42.966506 51.114095 42.966506
0.960388 0.526704 0.633925 0.719402 0.624474 0.068862 0.101094 0.733259 0.514714 0.378455 45.674464 50.042958 45.674464
0.542325 0.268171 0.565109 0.273631 0.019594 0.562152 0.191793 0.667937 0.123124 0.470920 41.461942 50.965626 41.461942
0.051063 0.611859 0.462049 0.599527 0.173450 0.157522 0.330218 0.646906 0.198726 0.739364 47.254441 38.939691 38.939691
0.981549 0.312685 0.254804 0.938699 0.073364 0.477563 0.262374 0.969389 0.515354 0.918359 42.966506 51.114095 42.966506
0.920290 0.073882 0.063420 0.720239 0.351372 0.801517 0.518538 0.651969 0.721968 0.630141 42.966506 51.114095 42.966506
0.034698 0.871721 0.298527 0.354626 0.888808 0.990015 0.136655 0.470069 0.999144 0.907583 45.647531 41.270671 41.270671
0.635820 0.727944 0.821828 0.814896 0.080710 0.173176 0.279539 0.002081 0.956973 0.503374 45.674464 50.042958 45.674464
0.700177 0.129654 0.075210 0.567561 0.321613 0.549242 0.048284 0.370803 0.098859 0.991988 42.966506 51.115238 42.966506
0.772448 0.567609 0.719416 0.905863 0.083132 0.227351 0.501889 0.172130 0.831042 0.373658 45.674464 50.042958 45.674464
0.119389 0.872815 0.095637 0.074461 0.893973 0.676251 0.202679 0.148863 0.931717 0.938227 45.647531 41.270671 41.270671
0.845205 0.782635 0.177397 0.188001 0.786210 0.520586 0.805816 0.904884 0.725099 0.486076 44.138243 38.381183 38.381183
0.474969 0.814915 0.887944 0.762458 0.834883 0.836805 0.082172 0.824630 0.842324 0.500356 47.254441 38.939691 38.939691
