# gen=50 party=0
# sp x0..x(D-1) party_fit
0 0.012792 0.438710 0.631681 0.394609 0.150466 0.507289 0.134743 0.670420 0.742533 0.826942 86.837808
1 0.284671 0.296186 0.966562 0.111213 0.174724 0.901110 0.770175 0.039191 0.644929 0.143572 86.837808
2 0.229189 0.311122 0.991738 0.040394 0.511272 0.660504 0.309844 0.357122 0.348233 0.471546 86.837808
3 0.151377 0.429197 0.853407 0.342396 0.727487 0.713061 0.467889 0.073019 0.416162 0.531095 86.837808
4 0.344915 0.212528 0.393487 0.196819 0.715832 0.846918 0.079630 0.487856 0.236302 0.834794 86.837808
5 0.200604 0.247045 0.543291 0.307516 0.542267 0.337976 0.296327 0.167777 0.180543 0.239903 86.837808
6 0.483206 0.369658 0.701384 0.277468 0.991883 0.256231 0.824183 0.614784 0.281488 0.539801 86.837808
7 0.489476 0.084696 0.912633 0.400331 0.018296 0.701613 0.407157 0.179958 0.146503 0.927426 86.837808
