# gen=100 CA size=200
# x0..x(D-1) consensus
0.884888 0.347496 0.267611 38.393485
0.254466 0.911678 0.817351 43.730812
0.058215 0.850535 0.525147 50.641035
0.325209 0.023839 0.047750 26.053191
0.097666 0.645592 0.836368 30.126747
0.840810 0.039257 0.446647 26.053191
0.133401 0.777386 0.856720 37.123425
0.696940 0.462336 0.261975 67.634000
0.130466 0.379438 0.594886 26.053191
0.049347 0.868511 0.455854 62.555141
0.749420 0.501192 0.373405 28.018484
0.043382 0.762443 0.530581 41.028452
0.918411 0.318329 0.816371 39.600164
0.800922 0.806356 0.139560 27.361778
0.413761 0.066509 0.582344 51.665439
0.883082 0.209926 0.192511 26.053191
0.903362 0.332850 0.273365 27.745552
0.373983 0.583229 0.472050 43.301356
0.914269 0.587721 0.797686 32.405329
0.656459 0.477256 0.124152 26.340996
0.714310 0.519076 0.333153 41.591855
0.316343 0.111062 0.139492 34.155712
0.282135 0.121696 0.071224 34.389574
0.328602 0.610272 0.362781 26.976868
0.047010 0.886166 0.931541 26.135751
0.278029 0.077401 0.171338 30.846993
0.865107 0.888417 0.123199 32.038088
0.724648 0.450537 0.159008 27.252027
0.892763 0.939522 0.098460 46.425804
0.694804 0.540105 0.130263 26.081512
0.721965 0.351568 0.302593 26.452485
0.289867 0.108707 0.120614 46.131276
0.903469 0.977118 0.196820 29.638542
0.042274 0.841021 0.462060 42.320794
0.873918 0.612612 0.751214 30.184896
0.819346 0.598660 0.776124 26.244923
0.101476 0.820307 0.883477 43.625503
0.060063 0.914504 0.501984 35.468353
0.918035 0.280983 0.789539 34.685098
0.829104 0.947495 0.714038 74.973699
0.714979 0.445582 0.255764 67.279590
0.716523 0.498869 0.287067 66.428554
0.007192 0.793507 0.881011 26.555512
0.339254 0.811004 0.487869 66.001939
0.000000 0.699862 0.923633 28.368236
0.707780 0.538354 0.278022 38.845081
0.330748 0.772459 0.574071 26.317088
0.122197 0.722038 0.822999 46.091782
0.358599 0.620935 0.384891 30.248864
0.351211 0.820414 0.503059 41.950247
0.030559 0.841723 0.883257 26.598645
0.296245 0.148575 0.000000 37.091670
0.370909 0.809240 0.320413 28.603284
0.336221 0.820199 0.452560 81.158558
0.929420 0.355387 0.825076 33.173619
0.712185 0.441889 0.296430 48.855915
0.875736 0.599106 0.782074 56.039177
0.732814 0.420672 0.218546 27.482659
0.699887 0.461710 0.339912 36.825609
0.273928 0.867030 0.822481 68.477160
0.042415 0.868357 0.896398 27.053056
0.700978 0.423636 0.263737 34.271491
0.040676 0.859728 0.493765 35.764358
0.421981 0.090134 0.620835 29.270911
0.330859 0.792790 0.634406 26.845368
0.066272 0.888967 0.310150 26.434385
0.750483 0.500700 0.340044 30.654214
0.142510 0.718783 0.814751 28.456944
0.908454 0.955740 0.131214 74.122349
0.120285 0.689939 0.840231 35.454334
0.681148 0.453410 0.191620 38.984308
0.168318 0.347631 0.710687 38.898978
0.081157 1.000000 0.436406 26.264513
0.704956 0.459711 0.130090 30.296241
0.008995 0.750469 0.911634 32.093307
0.192199 0.324709 0.808391 30.141646
0.921830 0.335586 0.779351 53.995160
0.071036 0.968808 0.429503 34.549855
0.919571 1.000000 0.120676 37.348722
0.701061 0.384844 0.301157 28.790072
0.699130 0.492265 0.163572 40.697975
0.736269 0.473075 0.376095 29.907238
0.367224 0.811758 0.470651 30.400826
0.053026 0.851139 0.372612 35.785422
0.114528 0.393066 0.673548 54.082503
0.880735 0.955953 0.133471 40.997562
0.376959 0.581822 0.513675 58.264901
0.019496 0.688771 0.871041 26.833604
0.000000 0.745628 0.938434 28.830900
0.859420 0.311086 0.241844 57.472677
0.820814 0.581190 0.815932 34.290756
0.148240 0.361870 0.743790 53.537990
0.308896 0.834343 0.614917 31.145237
0.725671 0.469557 0.257747 56.917930
0.062220 0.840044 0.571278 28.710428
0.255477 0.115584 0.174046 26.395502
0.200034 0.319851 0.857944 27.090411
0.857894 0.981583 0.740690 28.917908
0.297240 0.107592 0.000000 26.661057
0.819369 0.405545 0.212653 26.084620
0.911341 0.269909 0.726525 35.422672
0.715836 0.394242 0.133550 26.145790
0.937396 1.000000 0.145915 38.811683
0.142664 0.810357 0.852230 35.377776
0.277510 0.192550 0.064439 30.630960
0.091836 0.715402 0.821742 33.103350
0.299805 0.164611 0.112323 85.512870
0.147451 0.357852 0.644515 32.502897
0.711208 0.440009 0.194520 47.994049
0.711698 0.527428 0.381109 28.542645
0.029279 0.807510 0.899522 36.369970
0.902541 1.000000 0.159091 27.492983
0.724033 0.492884 0.215502 49.551255
0.079795 0.857644 0.869966 28.722230
0.374988 0.764647 0.467498 35.102826
0.063576 0.814236 0.480752 41.339326
0.732020 0.484581 0.181661 31.252971
0.561152 0.288057 0.814424 27.553322
0.678738 0.525632 0.268319 26.083444
0.563807 0.301306 0.871948 29.916804
0.923062 0.336490 0.735362 45.846314
0.486496 0.227888 0.158032 79.295338
0.059676 0.728608 0.900749 41.652793
0.694806 0.488408 0.306493 34.243890
0.695588 0.510412 0.356710 28.557836
0.344875 0.769781 0.536867 28.844707
0.347452 0.591990 0.410978 31.716977
0.476017 0.256766 0.147721 51.900130
0.138328 0.773433 0.823311 33.765481
0.074177 0.678043 0.877082 30.588845
0.271943 0.042778 0.138118 26.400345
0.939813 0.318284 0.783475 60.834831
0.342533 0.802087 0.527293 44.784205
0.048784 0.926945 0.351030 26.066769
0.809781 0.407282 0.126512 26.196328
0.738404 0.515633 0.282808 30.482497
0.178958 0.352144 0.749451 36.790746
0.000000 0.806276 0.959898 26.355858
0.000548 0.824824 0.925646 27.784822
0.138535 0.670781 0.816955 30.102958
0.941352 0.264272 0.762240 27.577147
0.891461 0.963883 0.074558 27.817402
0.916773 1.000000 0.814038 26.602446
0.561926 0.231832 0.884736 71.594222
0.089243 0.888788 0.875640 26.794066
0.877510 0.907463 0.165349 31.822315
0.041295 0.742610 0.869422 44.362033
0.846767 0.940979 0.767799 33.820428
0.748277 0.464094 0.310039 29.460411
0.709932 0.514647 0.232741 50.747171
0.365212 0.774135 0.431711 40.658828
0.933801 1.000000 0.195277 26.609237
0.038889 0.784541 0.876419 34.697763
0.310588 0.130491 0.114605 55.549010
0.053031 0.756504 0.435959 28.340550
0.314037 0.605888 0.458406 28.539383
0.564435 0.234393 0.914828 71.341587
0.739273 0.532897 0.363913 26.209217
0.381224 0.608100 0.480479 61.884572
0.707055 0.529374 0.164547 28.113115
0.912675 0.313304 0.706781 30.263320
0.890075 0.595599 0.757083 86.017248
0.515251 0.174951 0.164609 30.863174
0.166703 0.351184 0.813402 36.054208
0.069851 0.720888 0.866439 69.688881
0.051024 0.660208 0.851609 26.967582
0.495477 0.174338 0.141446 32.962780
0.697019 0.471674 0.225279 69.930732
0.707886 0.557147 0.317462 27.909350
0.015596 0.786801 0.927823 28.677333
0.067279 0.952026 0.401611 42.303258
0.730292 0.421057 0.348656 30.799104
0.901161 0.341232 0.827718 26.694659
0.340636 0.798882 0.557383 36.669930
0.915688 0.381432 0.575645 26.053191
0.629403 0.631667 0.036139 26.053191
0.927124 0.001118 0.062629 26.053191
0.514024 0.001809 0.480175 26.053191
0.261572 0.034244 0.867368 26.053191
0.345518 0.680015 0.656365 26.053191
0.418686 0.252210 0.914229 26.053191
0.856353 0.953110 0.450153 26.053191
0.637766 0.157634 0.760028 26.053191
0.789969 0.397764 0.503215 26.053191
0.964537 0.024002 0.384072 26.053191
0.289327 0.827512 0.575127 37.533261
0.729036 0.309024 0.564824 26.053191
0.722842 0.129787 0.875743 26.053191
0.225048 0.930342 0.281620 26.053191
0.530427 0.321290 0.791293 26.053191
0.186037 0.212122 0.796458 26.053191
0.136512 0.045723 0.964569 26.053191
0.043455 0.922495 0.698006 26.053191
0.240955 0.014170 0.737843 26.053191
0.205379 0.107922 0.557125 26.053191
0.333049 0.213224 0.328561 26.053191
0.957271 0.387436 0.764822 26.153065
0.807092 0.982201 0.711506 26.053191
0.408768 0.368992 0.413900 26.053191
0.444144 0.985437 0.959817 26.053191
