# gen=10 party 1 competing subpops
# subpop_id x0..xd fitness
0 0.500000 0.064504 0.500000 0.522725 0.500000 0.291171 0.500000 0.202988 0.500000 0.538480 0.000000
0 0.500000 0.083627 0.500000 0.484596 0.500000 0.252128 0.500000 0.253026 0.500000 0.377349 0.000000
0 0.500000 0.000000 0.500000 0.467870 0.500000 0.319562 0.500000 0.295895 0.500000 0.541125 0.000000
0 0.500000 0.089250 0.500000 0.390611 0.500000 0.337531 0.500000 0.232900 0.500000 0.511889 0.000000
0 0.500000 0.152722 0.500000 0.486691 0.500000 0.316311 0.500000 0.067783 0.500000 0.509127 0.000000
1 0.500000 0.897036 0.500000 0.358232 0.500000 0.205957 0.500000 0.722114 0.500000 0.843276 0.000000
1 0.500000 0.937999 0.500000 0.309673 0.500000 0.104641 0.500000 0.729582 0.500000 0.911002 0.000000
1 0.500000 0.845311 0.500000 0.257512 0.500000 0.293057 0.500000 0.703402 0.500000 0.912458 0.000000
1 0.500000 0.874007 0.500000 0.316356 0.500000 0.308414 0.500000 0.733776 0.500000 0.746214 0.000000
2 0.500000 0.447040 0.500000 0.031968 0.500000 0.310941 0.500000 0.716828 0.500000 0.155344 0.000000
2 0.500000 0.358710 0.500000 0.035484 0.500000 0.360862 0.500000 0.783176 0.500000 0.206370 0.000000
2 0.500000 0.542179 0.500000 0.046711 0.500000 0.220766 0.500000 0.748174 0.500000 0.162696 0.000000
2 0.500000 0.438928 0.500000 0.020754 0.500000 0.324267 0.500000 0.786929 0.500000 0.053338 0.000000
2 0.500000 0.390777 0.500000 0.145396 0.500000 0.295719 0.500000 0.704020 0.500000 0.174106 0.000000
2 0.500000 0.476517 0.500000 0.000000 0.500000 0.359291 0.500000 0.793357 0.500000 0.235645 0.000000
3 0.500000 0.464378 0.500000 0.649983 0.500000 0.807566 0.500000 0.596888 0.500000 0.938949 0.000000
3 0.500000 0.378950 0.500000 0.711909 0.500000 0.723410 0.500000 0.577342 0.500000 0.941955 0.000000
3 0.500000 0.456700 0.500000 0.707139 0.500000 0.881534 0.500000 0.629047 0.500000 0.831057 0.000000
3 0.500000 0.533315 0.500000 0.645634 0.500000 0.756876 0.500000 0.682343 0.500000 0.951102 0.000000
3 0.500000 0.356678 0.500000 0.707723 0.500000 0.844265 0.500000 0.585478 0.500000 0.895393 0.000000
3 0.500000 0.442343 0.500000 0.708030 0.500000 0.947324 0.500000 0.554981 0.500000 1.000000 0.000000
3 0.500000 0.464981 0.500000 0.598578 0.500000 0.798717 0.500000 0.567736 0.500000 0.821905 0.000000
4 0.500000 0.461737 0.500000 0.981339 0.500000 0.607225 0.500000 0.197805 0.500000 0.034115 0.000000
4 0.500000 0.459671 0.500000 0.949421 0.500000 0.722689 0.500000 0.237660 0.500000 0.018169 0.000000
4 0.500000 0.532288 0.500000 0.961041 0.500000 0.500425 0.500000 0.133305 0.500000 0.000000 0.000000
4 0.500000 0.402283 0.500000 0.937494 0.500000 0.665182 0.500000 0.084683 0.500000 0.014784 0.000000
4 0.500000 0.478877 0.500000 0.974291 0.500000 0.600910 0.500000 0.078164 0.500000 0.140895 0.000000
5 0.500000 0.166077 0.500000 0.524272 0.500000 0.727130 0.500000 0.410910 0.500000 0.287709 0.000000
5 0.500000 0.136683 0.500000 0.409611 0.500000 0.702045 0.500000 0.335818 0.500000 0.229407 0.000000
5 0.500000 0.057136 0.500000 0.538459 0.500000 0.731629 0.500000 0.341896 0.500000 0.308576 0.000000
5 0.500000 0.258587 0.500000 0.592845 0.500000 0.664769 0.500000 0.382468 0.500000 0.283104 0.000000
5 0.500000 0.103239 0.500000 0.533441 0.500000 0.629879 0.500000 0.395687 0.500000 0.395241 0.000000
6 0.500000 0.442236 0.500000 0.536468 0.500000 0.380007 0.500000 0.454308 0.500000 0.821892 0.000000
6 0.500000 0.351574 0.500000 0.431826 0.500000 0.387282 0.500000 0.422844 0.500000 0.836641 0.000000
6 0.500000 0.391361 0.500000 0.436339 0.500000 0.235312 0.500000 0.369998 0.500000 0.721675 0.000000
6 0.500000 0.297345 0.500000 0.563340 0.500000 0.380777 0.500000 0.486082 0.500000 0.756021 0.000000
6 0.500000 0.540429 0.500000 0.573306 0.500000 0.297886 0.500000 0.510792 0.500000 0.856326 0.000000
7 0.500000 0.301025 0.500000 0.000601 0.500000 0.172439 0.500000 0.031960 0.500000 0.723952 0.000000
7 0.500000 0.272395 0.500000 0.043782 0.500000 0.215359 0.500000 0.061902 0.500000 0.840454 0.000000
7 0.500000 0.328064 0.500000 0.000000 0.500000 0.042587 0.500000 0.099001 0.500000 0.719307 0.000000
7 0.500000 0.213488 0.500000 0.000000 0.500000 0.079815 0.500000 0.023326 0.500000 0.721439 0.000000
