# gen=100 CA size=200
# x0..x(D-1) consensus
0.280905 0.155628 0.263406 0.696236 0.323703 11.848642
0.194474 0.179993 0.248136 0.579386 0.309494 7.934247
0.200783 0.106159 0.533543 0.906787 0.406342 5.249067
0.190766 0.153261 0.391475 0.639557 0.311368 7.683164
0.180314 0.159262 0.243100 0.560372 0.205120 10.958433
0.220139 0.184197 0.309930 0.638498 0.384470 5.417365
0.212428 0.089470 0.265768 0.768393 0.263551 6.118388
0.299809 0.187777 0.273968 0.682196 0.234430 5.372961
0.238740 0.116156 0.221817 0.715698 0.169088 6.721757
0.167127 0.132526 0.336910 0.547572 0.442177 5.239848
0.179711 0.115060 0.311114 0.499182 0.128175 5.168287
0.276032 0.116709 0.396610 0.831578 0.329712 8.399604
0.145688 0.132236 0.394384 0.688587 0.327954 13.463697
0.261588 0.115004 0.267023 0.749755 0.217343 10.596679
0.279221 0.137283 0.267827 0.606346 0.200079 15.771371
0.175508 0.166575 0.143210 0.557852 0.208611 6.317191
0.232096 0.078805 0.373975 0.732681 0.147992 5.746474
0.238678 0.136534 0.311304 0.547572 0.288774 7.152782
0.179997 0.121135 0.292564 0.653833 0.455572 5.164875
0.163235 0.094722 0.341193 0.683209 0.300669 9.440685
0.155343 0.147172 0.327961 0.683264 0.266044 12.435522
0.265447 0.135673 0.412760 0.783497 0.187352 5.760519
0.232282 0.131202 0.368146 0.766579 0.454859 5.344721
0.171867 0.111781 0.366987 0.633517 0.293508 15.813526
0.261930 0.149402 0.170965 0.757501 0.219342 6.492095
0.119041 0.116412 0.308689 0.718680 0.498476 5.151565
0.213910 0.115156 0.437985 0.672946 0.270071 11.486559
0.230163 0.156759 0.403889 0.778880 0.324397 6.580548
0.320741 0.146017 0.345901 0.692490 0.189035 5.382096
0.163159 0.175699 0.243941 0.503558 0.261392 6.202793
0.286481 0.129030 0.392009 0.645277 0.178686 6.682598
0.217212 0.150647 0.301985 0.719071 0.177156 6.684880
0.294551 0.094059 0.414364 0.805326 0.284742 5.231474
0.247000 0.131369 0.394109 0.664639 0.102964 5.398790
0.230363 0.175666 0.108979 0.486011 0.278734 5.813235
0.190627 0.074785 0.345901 0.834610 0.313527 5.280621
0.198007 0.097756 0.491247 0.719911 0.335019 5.809890
0.174640 0.095431 0.480709 0.805839 0.324403 8.079941
0.093708 0.118375 0.305224 0.655538 0.255677 5.371895
0.281631 0.114715 0.123788 0.633874 0.193292 5.357909
0.153726 0.149772 0.264349 0.626081 0.423673 7.828474
0.346787 0.111117 0.243918 0.735898 0.182924 5.401884
0.227419 0.108176 0.195153 0.700765 0.159945 5.412110
0.185643 0.086574 0.488173 0.772585 0.290252 6.141178
0.285198 0.153036 0.335323 0.628756 0.150580 7.556747
0.151929 0.137833 0.398121 0.788211 0.399081 9.268007
0.319930 0.150854 0.276460 0.729456 0.201884 7.613520
0.240190 0.150724 0.159248 0.759340 0.308981 6.295438
0.083517 0.129757 0.291671 0.629371 0.357149 6.257997
0.203780 0.143616 0.119633 0.518995 0.232693 7.397893
0.185330 0.133488 0.443652 0.622974 0.318832 5.730126
0.318318 0.113473 0.249777 0.723373 0.173620 6.499200
0.303082 0.155324 0.184719 0.562453 0.074965 6.720761
0.268477 0.123091 0.529158 0.852513 0.358712 5.231755
0.252279 0.120950 0.250392 0.645321 0.039665 6.175363
0.150150 0.155691 0.233912 0.716181 0.284753 5.639133
0.135911 0.111234 0.171067 0.551916 0.213666 5.838182
0.306568 0.115421 0.212375 0.735554 0.210869 6.665196
0.248536 0.109955 0.321460 0.754076 0.327023 10.350962
0.212253 0.134298 0.373140 0.769491 0.222561 11.595699
0.247721 0.184536 0.229441 0.650064 0.280547 6.368938
0.119357 0.135654 0.453144 0.754743 0.362834 6.990359
0.347466 0.136847 0.168166 0.727310 0.194170 5.230528
0.172577 0.111066 0.305517 0.875854 0.406448 5.449283
0.275479 0.134526 0.243206 0.596600 0.352715 5.308431
0.301482 0.123446 0.383856 0.699286 0.143340 6.486428
0.192601 0.106211 0.342442 0.739708 0.094775 5.783286
0.142671 0.136661 0.263770 0.591703 0.307877 18.123591
0.240445 0.100170 0.379659 0.742989 0.365164 5.708644
0.292949 0.130768 0.199760 0.579570 0.255745 6.329280
0.172422 0.095431 0.365108 0.701744 0.247763 12.219365
0.329665 0.130011 0.227493 0.772147 0.202266 5.728767
0.249951 0.108922 0.254669 0.694634 0.122038 7.383494
0.231912 0.088460 0.488631 0.801371 0.332289 5.253703
0.127413 0.153868 0.314002 0.722748 0.405861 6.932037
0.220978 0.118418 0.451110 0.594713 0.184225 5.234536
0.306662 0.148489 0.180584 0.482915 0.109892 5.579514
0.225607 0.119004 0.518286 0.692966 0.229827 5.198839
0.266808 0.178069 0.230153 0.615312 0.368451 5.393548
0.124569 0.125608 0.312583 0.675836 0.455707 6.689084
0.217216 0.126666 0.432530 0.725783 0.198528 7.304137
0.136043 0.127438 0.272640 0.702716 0.227166 6.555297
0.142925 0.145192 0.453329 0.732069 0.413857 5.281856
0.101944 0.117209 0.271962 0.644485 0.317617 6.352948
0.262643 0.178803 0.122812 0.532002 0.191468 6.670493
0.280131 0.140747 0.174404 0.759711 0.184778 5.589372
0.156344 0.145965 0.301654 0.663759 0.396295 14.835019
0.223314 0.135937 0.230042 0.759325 0.329479 11.153255
0.313535 0.128147 0.302584 0.577890 0.075175 5.545606
0.269257 0.089520 0.282502 0.734988 0.178390 6.877001
0.286394 0.130670 0.300101 0.668803 0.187250 14.988787
0.158333 0.111885 0.268684 0.641512 0.339705 9.370150
0.246482 0.164331 0.186393 0.498349 0.227231 7.083573
0.219422 0.093348 0.327892 0.649503 0.102579 5.692544
0.096458 0.137833 0.411684 0.736830 0.441373 5.726271
0.208819 0.174631 0.397516 0.632607 0.290655 5.543527
0.176390 0.090248 0.190650 0.605078 0.170349 5.235383
0.174427 0.136016 0.421501 0.639135 0.308981 7.634269
0.232680 0.109519 0.312604 0.666026 0.359681 5.764176
0.083152 0.120708 0.430357 0.560057 0.260119 5.450194
0.264019 0.082688 0.286652 0.704834 0.117608 5.789014
0.196948 0.132644 0.196016 0.680738 0.346120 8.214280
0.286906 0.161537 0.216202 0.715295 0.146598 6.579969
0.141308 0.143312 0.471162 0.699997 0.308962 6.525373
0.213727 0.137175 0.209859 0.782745 0.376388 6.098337
0.131301 0.151342 0.396443 0.620679 0.375550 5.542888
0.207665 0.179365 0.361162 0.722811 0.395172 5.663903
0.169546 0.085717 0.346593 0.819003 0.331086 5.669797
0.241848 0.148225 0.235637 0.815186 0.274702 6.795405
0.213827 0.084641 0.349092 0.801520 0.214575 5.715603
0.194483 0.143616 0.287199 0.686880 0.229032 21.084526
0.163684 0.093892 0.392861 0.672378 0.401649 5.197992
0.241501 0.126136 0.368511 0.541997 0.131735 5.462060
0.305908 0.135830 0.205729 0.711600 0.091964 5.520845
0.192553 0.173582 0.126114 0.481192 0.170427 5.561491
0.227701 0.124123 0.207427 0.463746 0.154859 5.288418
0.145674 0.173477 0.241663 0.528534 0.238149 6.018775
0.272650 0.142965 0.118008 0.533640 0.081921 5.872751
0.329513 0.165052 0.184517 0.781050 0.246927 5.650854
0.259555 0.136640 0.430285 0.849882 0.404728 5.589331
0.102875 0.097839 0.470680 0.729312 0.214758 5.162023
0.206081 0.137283 0.319925 0.749362 0.291041 28.574125
0.214678 0.168450 0.169730 0.498573 0.372791 5.316987
0.132734 0.131117 0.256361 0.580817 0.229476 12.605159
0.179780 0.151559 0.131777 0.564412 0.362679 5.554822
0.165238 0.096288 0.386626 0.630374 0.216527 6.507112
0.239411 0.143564 0.242922 0.549618 0.278742 11.759853
0.173216 0.119191 0.357425 0.519012 0.272235 6.662968
0.272081 0.112460 0.333518 0.777771 0.295535 12.792613
0.258429 0.150057 0.261862 0.737872 0.385545 7.467878
0.249153 0.108651 0.267614 0.815119 0.274457 7.108390
0.264357 0.120333 0.138139 0.581336 0.138013 6.250567
0.157362 0.121395 0.390660 0.682199 0.188503 8.114136
0.267989 0.124455 0.313647 0.538667 0.211440 6.011190
0.299920 0.132640 0.319429 0.634711 0.156539 9.293711
0.105184 0.152155 0.262813 0.522662 0.255940 6.975714
0.233815 0.114125 0.449059 0.883172 0.358508 6.649779
0.293585 0.128671 0.259803 0.654644 0.045072 6.478189
0.112853 0.129043 0.448811 0.796486 0.299855 5.434003
0.325972 0.142118 0.211259 0.822761 0.199726 5.185150
0.130188 0.120306 0.213730 0.563716 0.248298 8.694428
0.212485 0.148142 0.188879 0.627236 0.216798 19.455762
0.228348 0.153324 0.358851 0.699330 0.354753 10.631984
0.229577 0.139818 0.459060 0.742361 0.266726 8.499947
0.150596 0.108640 0.345846 0.594332 0.360467 6.278717
0.133125 0.144535 0.206899 0.596636 0.360151 8.434707
0.120004 0.115727 0.330250 0.598415 0.259407 10.773778
0.231711 0.139908 0.232257 0.535165 0.105859 8.094493
0.191139 0.137949 0.261712 0.621145 0.252468 52.677452
0.203260 0.126446 0.264542 0.680351 0.247115 39.285184
0.180488 0.156591 0.379226 0.665795 0.295110 13.006020
0.155016 0.086150 0.351402 0.757090 0.223114 5.250362
0.303681 0.109963 0.251733 0.681446 0.251045 6.334538
0.129182 0.145325 0.196366 0.532239 0.389068 5.936412
0.190922 0.128976 0.319443 0.497894 0.229779 7.340206
0.250049 0.174651 0.317348 0.684396 0.269541 7.626822
0.126913 0.090993 0.495843 0.767413 0.279389 5.541845
0.273938 0.135695 0.297860 0.637552 0.401854 5.349101
0.141606 0.154388 0.181622 0.656872 0.379113 5.513439
0.168445 0.118551 0.403084 0.818499 0.283757 9.608452
0.195638 0.117386 0.217377 0.498241 0.129797 5.748107
0.235477 0.111040 0.310692 0.652479 0.137003 9.765679
0.154182 0.099234 0.253999 0.623198 0.277440 7.421251
0.271903 0.126947 0.265865 0.696304 0.027107 5.635094
0.161101 0.133559 0.301677 0.753216 0.374025 13.232689
0.255263 0.132969 0.396031 0.897555 0.367145 5.746355
0.305772 0.174111 0.169060 0.626565 0.066861 5.230212
0.120452 0.186322 0.270623 0.582961 0.329276 5.186825
0.270583 0.114985 0.147272 0.672463 0.221262 6.172165
0.254747 0.170296 0.354527 0.793129 0.391480 5.440330
0.159873 0.142416 0.388209 0.727870 0.473314 7.020295
0.203886 0.145130 0.103664 0.477007 0.146246 6.081061
0.191857 0.128520 0.224730 0.823344 0.365892 6.231444
0.191386 0.149059 0.228859 0.602701 0.444950 5.502014
0.168445 0.150057 0.378329 0.690556 0.268923 10.833797
0.238566 0.111040 0.310692 0.614674 0.296716 6.461648
0.204742 0.111357 0.320503 0.705142 0.157367 10.964491
0.074795 0.151657 0.207150 0.573251 0.353155 5.243948
0.228745 0.123979 0.186521 0.759378 0.328021 7.326709
0.303529 0.162007 0.299219 0.677145 0.190766 7.837712
0.319159 0.156897 0.317373 0.734880 0.292939 5.639473
0.260005 0.183376 0.171167 0.528534 0.167448 6.672672
0.194976 0.131189 0.271840 0.600830 0.106112 7.002922
0.166959 0.083937 0.520625 0.860975 0.325957 5.575023
0.244455 0.164769 0.167047 0.598811 0.173110 9.279665
0.207172 0.117820 0.266036 0.626843 0.068502 6.397750
0.074049 0.135916 0.270240 0.619012 0.450893 5.378089
0.210685 0.178359 0.165602 0.603805 0.289481 6.512554
0.139466 0.177070 0.195296 0.572345 0.414831 5.379533
0.142788 0.126953 0.396710 0.844391 0.440609 6.406166
0.247208 0.097200 0.384942 0.680751 0.214330 6.224339
0.156647 0.114599 0.461734 0.805216 0.410591 8.205204
0.210841 0.082795 0.313472 0.755501 0.288192 6.439166
0.223365 0.107041 0.345887 0.720796 0.075035 5.677226
0.285392 0.141310 0.304431 0.601894 0.148334 10.396943
0.164664 0.148142 0.129593 0.627236 0.273432 6.291763
0.314467 0.136156 0.317404 0.902549 0.315004 5.335803
0.150552 0.121560 0.217881 0.680963 0.415770 5.605111
0.144735 0.174111 0.329209 0.616321 0.344587 7.319786
0.082824 0.145099 0.363928 0.680225 0.325821 6.520923
