# gen=50 mediating population
# x0..x(D-1) f0 f1 consensus
0.312966 0.455610 0.831547 21.928464 19.887910 19.887910
0.822163 0.000000 0.000000 10.733378 9.241343 9.241343
0.972280 0.984879 0.567288 8.637038 7.994694 7.994694
0.586610 0.288087 0.423117 17.871970 8.637038 8.637038
1.000000 0.124322 0.706844 8.637038 8.637038 8.637038
0.266246 0.323592 0.074763 8.059115 8.140221 8.059115
0.361977 0.000000 0.000000 10.733378 9.241343 9.241343
0.203635 0.262014 0.054755 8.059115 8.140221 8.059115
0.806228 0.507178 0.799793 8.637038 8.637038 8.637038
0.656140 0.190626 0.940252 9.177312 15.279493 9.177312
0.550181 0.515151 0.545874 8.637038 8.637038 8.637038
0.521826 0.000000 0.100942 10.733378 9.241343 9.241343
0.982260 0.290111 0.690985 8.637038 8.637038 8.637038
0.164868 0.489913 0.074317 8.059115 8.140221 8.059115
0.680177 0.058103 0.155992 10.733378 15.264589 10.733378
0.673317 0.000000 0.000000 10.733378 9.241343 9.241343
0.981243 0.378844 0.532496 8.637038 8.637038 8.637038
0.919962 0.057511 0.130052 10.733378 9.241343 9.241343
0.539181 0.180117 0.595438 8.637038 8.637038 8.637038
1.000000 0.000000 0.000000 10.733378 9.241343 9.241343
0.452970 0.342963 0.049867 8.038143 9.241343 8.038143
0.833936 0.646806 0.311965 8.038143 7.994694 7.994694
0.622018 0.402485 0.779966 8.637038 13.577209 8.637038
0.549835 0.050049 1.000000 10.733378 8.637038 8.637038
0.557944 0.252531 0.788240 8.637038 8.637038 8.637038
0.680248 0.420907 1.000000 31.023554 8.637038 8.637038
0.514768 0.035739 0.311843 10.733378 8.637038 8.637038
0.014546 0.509808 0.648806 8.059115 8.140221 8.059115
0.789490 0.042163 1.000000 10.733378 8.637038 8.637038
0.934625 0.020328 0.768579 10.733378 8.637038 8.637038
0.087029 0.111812 0.358026 8.059115 7.796663 7.796663
0.977999 0.305139 0.718958 8.637038 8.637038 8.637038
0.949168 0.173228 0.467167 8.637038 8.637038 8.637038
0.787057 0.000000 0.606370 10.733378 8.637038 8.637038
0.887366 0.441656 0.671881 8.637038 8.637038 8.637038
0.913945 0.049647 0.188166 10.733378 9.241343 9.241343
0.504151 0.378580 0.366861 42.000379 8.637038 8.637038
0.692474 0.384612 0.550161 8.637038 8.637038 8.637038
0.836739 0.417570 0.454063 8.637038 8.637038 8.637038
0.426894 0.442961 0.286035 14.338544 8.637038 8.637038
0.427948 0.501069 0.871390 8.637038 14.155463 8.637038
0.050701 0.466933 0.362862 8.059115 8.140221 8.059115
0.842339 0.361576 0.948973 8.637038 8.637038 8.637038
0.334901 0.752901 0.797380 64.333947 33.057943 33.057943
0.377254 0.062445 0.631522 10.733378 8.637038 8.637038
0.532512 0.024864 0.721832 10.733378 8.637038 8.637038
0.646861 0.160148 0.739547 8.637038 8.637038 8.637038
0.663026 0.000000 0.778081 10.733378 8.637038 8.637038
0.850551 0.420575 0.381776 8.038143 8.637038 8.038143
0.851549 0.135845 0.742120 8.637038 8.637038 8.637038
0.067327 0.165394 0.611743 8.059115 8.140221 8.059115
0.997701 0.000000 1.000000 10.733378 8.637038 8.637038
0.781837 0.191253 0.522928 8.637038 8.637038 8.637038
0.497364 0.055221 0.615891 10.733378 8.637038 8.637038
0.551105 0.403151 0.878791 77.324266 76.032768 76.032768
0.390405 0.394366 0.433477 39.865006 8.637038 8.637038
0.300500 0.181552 0.155959 8.059115 8.140221 8.059115
0.860948 0.000000 0.000000 10.733378 9.241343 9.241343
0.358799 0.165303 0.429680 8.038143 8.637038 8.038143
0.066240 0.242840 0.070710 8.059115 8.140221 8.059115
0.000656 0.168188 0.217791 8.059115 8.140221 8.059115
0.167792 0.071076 0.031742 8.059115 7.796663 7.796663
0.091067 0.861424 0.101871 7.734010 8.140221 7.734010
1.000000 0.480771 0.000000 8.038143 9.241343 8.038143
0.789931 0.339132 0.614100 8.637038 8.637038 8.637038
0.696940 0.403433 0.003165 8.038143 9.241343 8.038143
0.781806 0.000000 0.348389 10.733378 8.637038 8.637038
1.000000 0.000000 0.164463 10.733378 9.241343 9.241343
0.444015 0.578158 0.441703 8.637038 7.994694 7.994694
0.328137 0.550780 0.165841 8.059115 8.140221 8.059115
0.597414 0.632864 0.815684 21.021194 8.010334 8.010334
1.000000 0.000000 0.000000 10.733378 9.241343 9.241343
1.000000 0.000000 0.466899 10.733378 8.637038 8.637038
0.932054 0.453709 1.000000 8.637038 8.637038 8.637038
0.550660 0.525054 0.483620 8.637038 8.637038 8.637038
0.729892 0.814226 0.000000 8.038143 7.994694 7.994694
0.011026 0.462175 0.511354 8.059115 8.140221 8.059115
0.953880 0.650724 0.201388 8.038143 7.994694 7.994694
0.830427 0.827243 0.858676 8.637038 7.898370 7.898370
0.749682 0.877326 0.487092 8.637038 7.994694 7.994694
0.093542 0.680521 0.486884 8.059115 8.140221 8.059115
0.720182 0.192863 0.869814 8.637038 13.113422 8.637038
0.748142 0.655505 0.591624 8.637038 15.559683 8.637038
0.884056 0.244187 0.324901 8.038143 8.637038 8.038143
0.192272 0.497817 0.770892 8.529039 8.140221 8.140221
0.941287 0.477101 0.450306 8.637038 8.637038 8.637038
0.486791 0.284207 0.515562 8.637038 8.637038 8.637038
0.015678 0.020199 0.506956 8.059115 7.796663 7.796663
0.245804 0.249353 0.299460 8.059115 8.140221 8.059115
0.662723 0.880759 0.840185 8.637038 7.898370 7.898370
0.507639 0.120731 0.047910 8.038143 9.241343 8.038143
0.651513 0.063422 0.574881 10.733378 8.637038 8.637038
0.188825 0.132758 0.438033 8.078176 8.140221 8.078176
0.315585 0.498683 0.851548 15.177982 21.304914 15.177982
0.572795 0.328125 0.620056 8.637038 9.232576 8.637038
0.451161 0.116692 0.520391 8.637038 8.637038 8.637038
0.301490 0.480981 0.860231 17.764349 16.710762 16.710762
0.665464 0.000000 0.451760 10.733378 8.637038 8.637038
0.507275 0.381841 0.723753 8.727478 10.486499 8.727478
0.542202 0.010572 0.757213 10.733378 8.637038 8.637038
0.293327 0.029291 0.477111 8.059115 7.796663 7.796663
0.785559 0.182968 0.369712 8.038143 8.637038 8.038143
0.074190 0.925863 0.023407 7.734010 8.140221 7.734010
0.551774 0.175130 0.391731 9.758799 8.637038 8.637038
0.896878 0.157579 1.000000 8.637038 8.637038 8.637038
0.336185 0.715492 0.336492 8.059115 8.140221 8.059115
0.249793 0.597305 0.235410 8.059115 8.140221 8.059115
0.812771 0.000000 0.197505 10.733378 9.241343 9.241343
0.925563 0.823023 0.747916 8.637038 7.994694 7.994694
0.105828 0.454925 0.958128 8.059115 7.396824 7.396824
0.026265 0.172645 0.143880 8.059115 8.140221 8.059115
0.000000 0.161991 0.000000 8.059115 8.140221 8.059115
0.931347 0.298600 0.052165 8.038143 9.241343 8.038143
0.306399 0.272433 0.790847 57.162998 64.379125 57.162998
1.000000 0.000000 0.000000 10.733378 9.241343 9.241343
0.161335 0.329647 0.337951 8.059115 8.140221 8.059115
0.735493 0.000000 0.000000 10.733378 9.241343 9.241343
0.165491 0.146738 0.051088 8.059115 8.140221 8.059115
0.167644 0.480483 0.939531 8.059115 7.396824 7.396824
0.730543 0.752441 0.596531 8.637038 7.994694 7.994694
0.328883 0.818415 0.597824 33.994495 8.140221 8.140221
0.838003 0.921445 0.897680 8.637038 7.898370 7.898370
0.413272 0.463265 0.376227 66.740104 8.637038 8.637038
0.293927 0.424574 0.332315 8.059115 8.140221 8.059115
0.389951 0.412567 0.992414 8.637038 8.637038 8.637038
0.000945 0.357538 0.693644 8.059115 8.140221 8.059115
0.546192 0.441200 0.911769 25.663086 35.881610 25.663086
0.056566 0.856518 0.945217 7.734010 7.396824 7.396824
0.812470 0.710880 0.082102 8.038143 7.994694 7.994694
0.837558 0.482447 0.767712 8.637038 8.637038 8.637038
0.992446 0.383979 0.900262 8.637038 8.637038 8.637038
0.794672 0.298020 1.000000 8.637038 8.637038 8.637038
0.725925 0.814350 0.709579 8.637038 7.994694 7.994694
0.544595 0.062946 0.479088 10.733378 8.637038 8.637038
0.246530 0.263561 0.207984 8.059115 8.140221 8.059115
0.926242 0.613709 0.718474 8.637038 28.300388 8.637038
0.815837 0.001552 0.022033 10.733378 9.241343 9.241343
1.000000 0.058046 0.000000 10.733378 9.241343 9.241343
0.532237 0.520701 1.000000 8.637038 8.637038 8.637038
0.507960 0.853024 0.472688 8.637038 7.994694 7.994694
0.430509 0.222679 0.934205 8.637038 8.637038 8.637038
0.266988 0.235811 0.649968 22.807257 21.607797 21.607797
0.941714 0.340108 0.449403 8.637038 8.637038 8.637038
0.420258 0.506959 0.921705 8.637038 15.201262 8.637038
0.264939 0.724031 0.816892 8.059115 32.910386 8.059115
0.184082 0.517227 0.495233 8.059115 8.140221 8.059115
0.735961 0.000000 0.347377 10.733378 8.637038 8.637038
0.846609 0.206469 0.109456 8.038143 9.241343 8.038143
0.256776 0.600774 0.302335 8.059115 8.140221 8.059115
0.452970 0.259461 0.418306 16.319600 8.637038 8.637038
0.459672 0.505532 0.680292 13.774682 9.585719 9.585719
0.013374 0.576547 0.790347 8.059115 8.140221 8.059115
0.023297 0.673277 0.486834 8.059115 8.140221 8.059115
0.858117 0.042388 0.367764 10.733378 8.637038 8.637038
0.878793 0.726939 0.983084 8.637038 7.898370 7.898370
0.933668 0.368995 0.027044 8.038143 9.241343 8.038143
0.677426 0.102303 0.462522 8.637038 8.637038 8.637038
0.797163 0.643498 0.245629 8.038143 7.994694 7.994694
0.289367 0.360201 0.938282 38.687919 7.396824 7.396824
0.595557 0.069819 0.198911 10.733378 12.483544 10.733378
0.692055 0.397476 0.278425 8.905865 8.637038 8.637038
0.835728 0.053487 0.879137 17.116391 8.637038 8.637038
0.545405 0.545221 0.831083 42.541142 42.030808 42.030808
0.972737 0.184528 0.828099 8.637038 8.637038 8.637038
0.664538 0.192299 0.983132 10.976751 11.905816 10.976751
0.075447 0.736851 0.315939 8.059115 8.140221 8.059115
0.560539 0.350275 0.870953 74.391348 72.349587 72.349587
0.420922 0.011053 0.750452 10.733378 8.637038 8.637038
0.546064 0.610259 0.661798 8.637038 11.055008 8.637038
0.804948 0.071433 0.000000 10.733378 9.241343 9.241343
0.402943 0.352341 0.842871 8.637038 8.637038 8.637038
0.762398 0.340840 0.394168 8.783292 8.637038 8.637038
0.160389 0.987939 0.806319 7.734010 7.396824 7.396824
0.052099 0.668112 0.095137 8.059115 8.140221 8.059115
0.656251 0.958869 0.406333 8.038143 7.994694 7.994694
0.310413 0.599783 0.670472 8.059115 8.140221 8.059115
0.185905 0.784331 0.639604 9.190247 8.140221 8.140221
0.916299 0.000000 0.771855 10.733378 8.637038 8.637038
0.620275 0.455404 0.139526 8.038143 16.248791 8.038143
0.255026 0.283634 0.461836 9.731171 8.140221 8.140221
0.842190 0.065893 0.194322 10.733378 9.241343 9.241343
0.469384 0.000000 0.570049 10.733378 8.637038 8.637038
0.611940 0.226983 0.673179 8.637038 9.032616 8.637038
0.694343 0.518457 0.435817 15.973090 8.637038 8.637038
0.310418 0.721876 0.293150 8.059115 8.140221 8.059115
0.597529 0.403661 0.508165 8.637038 8.637038 8.637038
0.689803 0.830998 0.450729 8.637038 7.994694 7.994694
0.429420 0.264060 0.694556 12.501461 8.637038 8.637038
0.355077 0.875172 0.936000 8.637038 7.898370 7.898370
0.949443 0.007135 0.622726 10.733378 8.637038 8.637038
0.060731 0.534432 0.612409 8.059115 8.140221 8.059115
0.627340 0.317836 0.146023 8.038143 43.466536 8.038143
0.722001 0.465315 0.661583 8.637038 8.637038 8.637038
0.186274 0.425853 0.703958 9.399397 8.140221 8.140221
0.305933 0.160369 0.749520 33.990043 35.154456 33.990043
0.740186 0.336085 0.097455 8.038143 9.871120 8.038143
0.318710 0.307590 0.560730 11.476320 9.906550 9.906550
0.915159 0.734019 0.412033 8.038143 7.994694 7.994694
0.768686 0.000000 0.873392 10.733378 8.637038 8.637038
0.568292 0.000000 0.028096 10.733378 9.241343 9.241343
0.528553 0.479765 0.729541 9.612202 19.760082 9.612202
0.706249 0.224766 0.651459 8.637038 8.752706 8.637038
0.655536 0.281055 0.000628 8.038143 9.241343 8.038143
1.000000 0.000000 0.000000 10.733378 9.241343 9.241343
0.728573 0.161766 0.801427 8.637038 14.896898 8.637038
0.916960 0.732581 0.001733 8.038143 7.994694 7.994694
0.681134 0.059396 0.757118 19.437515 8.637038 8.637038
0.676990 0.280247 0.310885 9.337458 8.637038 8.637038
0.478898 0.717222 0.094432 8.038143 7.994694 7.994694
0.840217 0.302022 0.746591 8.637038 8.637038 8.637038
0.490487 0.965308 0.124629 8.038143 7.994694 7.994694
0.999895 0.926493 0.834283 8.637038 7.898370 7.898370
0.301490 0.480981 0.860231 17.764349 16.710762 16.710762
0.948661 0.877766 0.234977 8.038143 7.994694 7.994694
0.155830 0.685523 0.776162 8.059115 8.140221 8.059115
0.709997 0.442153 0.820561 8.637038 8.637038 8.637038
0.423945 0.513841 0.504443 8.637038 8.637038 8.637038
0.142459 0.541474 0.321422 8.059115 8.140221 8.059115
0.477682 0.919468 0.434585 8.038143 7.994694 7.994694
0.529936 0.072180 0.657096 10.733378 8.637038 8.637038
0.396080 0.855860 0.720158 8.637038 7.994694 7.994694
0.615447 0.313520 0.975443 51.839259 32.342232 32.342232
0.549357 0.404904 0.460527 8.637038 8.637038 8.637038
0.419067 0.660986 0.984020 8.637038 7.898370 7.898370
0.371739 0.841296 0.599988 8.637038 7.994694 7.994694
0.310069 0.097384 0.782809 20.795284 23.731938 20.795284
0.851244 0.019145 1.000000 10.733378 8.637038 8.637038
0.785717 0.459776 1.000000 8.637038 8.637038 8.637038
0.403299 0.233438 0.966569 8.637038 8.637038 8.637038
0.824451 0.195434 0.535064 8.637038 8.637038 8.637038
0.322972 0.259334 0.672498 23.004846 42.429448 23.004846
0.532887 0.260824 0.324265 10.647918 8.637038 8.637038
0.302136 0.093283 1.000000 20.020539 16.847450 16.847450
0.381396 0.641304 0.819457 8.637038 18.440151 8.637038
0.456593 0.045625 0.447878 10.733378 8.637038 8.637038
0.846462 0.042005 0.634746 12.596765 8.637038 8.637038
0.422287 0.045709 0.215868 10.733378 8.637038 8.637038
0.141712 0.413302 0.984664 8.059115 7.396824 7.396824
0.366911 0.907771 0.386496 8.038143 7.994694 7.994694
0.618818 0.305168 0.413961 18.712060 8.637038 8.637038
0.427948 0.501069 0.871390 8.637038 14.155463 8.637038
0.561117 0.192740 0.858200 14.964592 8.637038 8.637038
0.245775 0.693303 0.273235 8.059115 8.140221 8.059115
0.580195 0.149061 0.111777 8.038143 9.874956 8.038143
0.985085 0.042163 0.473045 10.878723 8.637038 8.637038
0.530946 0.394789 0.321704 21.454695 8.637038 8.637038
0.724257 0.000000 0.098332 10.733378 9.241343 9.241343
0.413286 0.906435 0.559386 8.637038 7.994694 7.994694
0.147269 0.139008 0.193821 8.059115 8.140221 8.059115
0.084707 0.655142 0.982710 8.059115 7.396824 7.396824
0.253046 0.649517 0.037735 8.059115 8.140221 8.059115
1.000000 0.117975 0.650710 8.637038 8.637038 8.637038
0.388338 0.044359 0.093300 10.733378 9.241343 9.241343
0.712696 0.897404 0.356425 8.038143 7.994694 7.994694
0.062812 0.446196 0.322872 8.059115 8.140221 8.059115
0.730891 0.492813 0.892170 8.637038 8.637038 8.637038
1.000000 0.000000 0.000000 10.733378 9.241343 9.241343
1.000000 0.000000 0.935040 10.733378 8.637038 8.637038
0.439892 0.000000 1.000000 10.733378 8.637038 8.637038
0.125453 0.341889 0.506326 8.059115 8.140221 8.059115
0.128654 0.813402 0.313484 7.734010 8.140221 7.734010
0.222970 0.112333 0.881769 14.531187 7.796663 7.796663
0.004336 0.120085 0.316565 8.059115 7.796663 7.796663
0.394007 0.360488 1.000000 8.637038 8.637038 8.637038
0.805271 0.254645 0.868119 8.637038 8.637038 8.637038
0.334001 0.273319 0.240969 8.059115 8.140221 8.059115
0.383423 0.183975 0.228813 8.038143 8.637038 8.038143
0.978277 0.340714 0.935760 8.637038 8.637038 8.637038
0.690493 0.000000 0.229264 10.733378 8.637038 8.637038
0.996495 0.590002 0.871701 8.637038 7.898370 7.898370
0.862229 0.332010 0.095976 8.038143 9.241343 8.038143
0.233882 0.984944 0.548169 7.734010 8.140221 7.734010
0.618359 0.226276 0.639334 8.637038 9.592047 8.637038
0.447192 0.359976 0.492404 8.637038 8.637038 8.637038
0.986482 0.834860 0.519717 8.637038 7.994694 7.994694
0.491838 0.225458 0.780132 18.087733 8.637038 8.637038
0.265494 0.618977 0.867077 8.059115 24.601172 8.059115
0.680198 0.164655 1.000000 9.428997 11.641556 9.428997
0.426568 0.000000 0.391725 10.733378 8.637038 8.637038
0.661763 0.000000 0.872992 10.733378 8.637038 8.637038
0.290017 0.236187 0.234354 8.059115 8.140221 8.059115
0.590253 0.768479 0.770379 11.272426 7.994694 7.994694
0.243266 0.276354 0.649230 21.621429 8.140221 8.140221
0.234526 0.106301 0.570543 11.584023 15.046996 11.584023
0.502659 0.081761 0.867038 23.444550 8.637038 8.637038
0.817894 0.956758 0.741844 8.637038 7.994694 7.994694
1.000000 0.062726 0.122696 10.733378 9.241343 9.241343
0.767338 0.769196 0.205738 8.038143 7.994694 7.994694
0.329432 0.116854 1.000000 28.700299 29.090472 28.700299
0.588017 0.027540 0.159034 10.733378 11.136479 10.733378
0.867130 0.675306 0.457813 8.637038 7.994694 7.994694
0.627101 0.365989 0.122531 8.038143 22.225563 8.038143
0.025126 0.638653 0.581641 8.059115 8.140221 8.059115
0.991118 0.220979 0.509157 8.637038 8.637038 8.637038
0.093247 0.196181 0.934929 8.059115 7.396824 7.396824
0.638146 0.771318 0.222510 8.038143 7.994694 7.994694
0.280309 0.835902 0.083481 7.734010 8.140221 7.734010
0.977166 0.913350 0.029968 8.038143 7.994694 7.994694
0.248922 0.270725 0.773408 39.446902 19.283111 19.283111
0.538438 0.333997 0.248053 8.038143 8.637038 8.038143
