# gen=200 CA size=200
# x0..x(D-1) consensus
0.046354 0.321869 0.084547 0.785892 0.899122 0.546099 0.423042 0.994328 0.324233 0.747453 58.940449
0.234099 0.075708 0.164933 0.739810 0.690605 0.572898 0.544572 0.341314 0.476344 0.870370 58.483882
0.120299 0.139240 0.177404 0.585694 0.798259 0.567391 0.695707 0.900083 0.724493 0.927729 58.465880
0.134802 0.008070 0.077598 0.174754 0.207273 0.312717 0.141956 0.107855 0.237473 0.866811 58.455868
0.030927 0.146057 0.067304 0.819243 0.094047 0.888536 0.935937 0.530896 0.169545 0.933488 58.455868
0.270115 0.522416 0.221670 0.280836 0.892443 0.130625 0.220883 0.771579 0.183508 0.472615 49.260174
0.375779 0.119782 0.048758 0.206962 0.247489 0.643941 0.962502 0.939372 0.277450 0.699553 58.455868
0.058800 0.326746 0.003025 0.689930 0.178031 0.111440 0.818539 0.133776 0.865559 0.727826 58.455868
0.377535 0.248395 0.417946 0.844822 0.073622 0.060363 0.752739 0.886527 0.287065 0.457412 52.229040
0.146641 0.326795 0.437615 0.958342 0.531921 0.211242 0.019677 0.312349 0.912447 0.749014 52.229040
0.410588 0.036475 0.444734 0.430185 0.032022 0.243581 0.357406 0.054944 0.607208 0.145318 53.883467
0.307294 0.261375 0.428607 0.187140 0.661816 0.446990 0.009396 0.871502 0.694726 0.634759 53.883467
0.418680 0.227842 0.249226 0.355649 0.543100 0.070112 0.979534 0.460968 0.842834 0.095375 58.455868
0.212758 0.001096 0.182578 0.979162 0.365880 0.275588 0.203474 0.771439 0.927461 0.916691 58.455868
0.484420 0.333252 0.053951 0.171471 0.294926 0.256095 0.660658 0.435809 0.299442 0.411317 58.455868
0.253764 0.100257 0.375415 0.311564 0.994386 0.324430 0.122745 0.384648 0.033650 0.211040 53.883467
0.061105 0.187746 0.091431 0.638233 0.688234 0.605702 0.556457 0.569676 0.476131 0.541349 58.940585
0.136283 0.306544 0.172167 0.498543 0.643992 0.352962 0.603075 0.636033 0.402164 0.650895 58.940464
0.095277 0.254022 0.190669 0.583099 0.603165 0.279586 0.725206 0.681040 0.449289 0.645445 58.940454
0.204878 0.172445 0.089641 0.541017 0.641262 0.511457 0.484858 0.613093 0.467616 0.500567 58.941976
0.212449 0.213347 0.180404 0.736594 0.625230 0.459874 0.638832 0.658038 0.431074 0.513532 58.940455
0.238149 0.206906 0.149362 0.699334 0.686325 0.342374 0.687080 0.525968 0.438995 0.488093 58.940456
0.262243 0.188083 0.140662 0.571700 0.768556 0.415426 0.633490 0.650842 0.504161 0.629412 58.940516
0.123960 0.223108 0.178706 0.549554 0.690432 0.592055 0.554527 0.702736 0.380850 0.712450 58.940452
0.080055 0.227109 0.111309 0.609147 0.695331 0.496134 0.664563 0.442833 0.447084 0.587957 58.940462
0.097985 0.222821 0.155375 0.534411 0.785068 0.559246 0.530212 0.711461 0.469782 0.695725 58.940755
0.075206 0.154998 0.202784 0.728567 0.602581 0.538814 0.689779 0.710411 0.393859 0.482988 58.940457
0.263329 0.209146 0.146491 0.712327 0.710313 0.436017 0.502823 0.715404 0.508137 0.589076 58.940449
0.130602 0.180439 0.150983 0.587773 0.723214 0.636341 0.694606 0.520557 0.409496 0.563867 58.940836
0.029352 0.267211 0.154885 0.627985 0.591734 0.391731 0.737588 0.585128 0.418755 0.534841 58.940450
0.165662 0.188355 0.074860 0.551685 0.813123 0.559486 0.531292 0.552240 0.481150 0.464971 58.940655
0.183377 0.192698 0.125426 0.535278 0.773640 0.454656 0.592006 0.639554 0.543201 0.566829 58.942451
0.236356 0.183964 0.137161 0.726489 0.650062 0.517109 0.653402 0.541559 0.485857 0.446504 58.940530
0.086269 0.232263 0.208895 0.646407 0.640869 0.372301 0.516480 0.624381 0.442380 0.549214 58.941177
0.113092 0.199548 0.214465 0.686828 0.727213 0.377398 0.628567 0.512881 0.411670 0.515756 58.940505
0.202861 0.204729 0.120608 0.620604 0.693810 0.534153 0.679008 0.428811 0.393763 0.493872 58.940575
0.103033 0.172870 0.120902 0.724066 0.688234 0.503197 0.631896 0.581018 0.538322 0.487253 58.940614
0.172457 0.191281 0.123000 0.646407 0.640869 0.495876 0.435931 0.750987 0.578349 0.538159 58.943035
0.089137 0.175124 0.144131 0.924115 0.732429 0.466078 0.539057 0.925292 0.000000 0.833507 58.940449
0.302612 0.257822 0.094030 1.000000 0.700936 0.533952 0.809468 1.000000 0.000000 0.657262 58.940449
0.256608 0.216313 0.030838 1.000000 0.791616 0.497208 0.723568 0.870911 0.366892 0.583838 58.940449
0.136856 0.114391 0.000000 0.858150 0.543456 0.372730 0.782810 0.739044 0.050300 0.904023 58.940449
0.116545 0.100453 0.081241 0.842738 0.704254 0.000000 0.657757 1.000000 0.000000 0.866860 58.940449
0.090336 0.164635 0.053329 0.982038 0.634551 0.533881 0.707498 0.616359 0.119794 0.581670 58.940449
0.160261 0.198177 0.152631 1.000000 0.794216 0.477810 0.369203 0.690788 0.331293 0.570351 58.940449
0.242756 0.251481 0.162431 1.000000 1.000000 0.453030 0.505919 0.740206 0.239699 0.542721 58.940449
0.093159 0.305638 0.129882 0.591443 0.930965 0.374141 0.453661 0.592622 0.394103 0.715401 58.940449
0.193740 0.221907 0.000000 0.603756 0.875533 0.630957 0.591471 0.663757 0.402801 0.756726 58.940449
0.077592 0.276091 0.169053 0.740686 0.712664 0.520331 0.891480 0.533799 0.130423 0.745804 58.940449
0.236044 0.225246 0.000000 0.731009 0.711624 0.624219 0.581829 0.686278 0.165060 0.785224 58.940449
0.217061 0.099942 0.202963 0.979630 0.792773 0.366350 0.489399 0.661621 0.319972 0.597805 58.940449
0.238100 0.299742 0.118762 0.591443 1.000000 0.227528 0.498888 0.744836 0.343877 0.514058 58.940449
0.000000 0.068495 0.070161 0.693530 0.736366 0.674712 0.654071 1.000000 0.200964 0.657321 58.940449
0.097642 0.216546 0.149637 1.000000 0.843774 0.478509 0.715499 0.588580 0.333541 0.590373 58.940449
0.291445 0.168821 0.062733 0.669498 0.929407 0.344775 0.731949 1.000000 0.000000 0.705654 58.940449
0.076192 0.173614 0.000000 0.846702 0.693832 0.510826 0.892133 0.608862 0.216671 0.857913 58.940449
0.227516 0.348345 0.000000 0.748340 1.000000 0.358856 0.652808 0.872720 0.214501 0.897520 58.940449
0.142383 0.324055 0.069785 0.830887 1.000000 0.304925 0.450343 0.909985 0.083840 0.818749 58.940449
0.287422 0.210455 0.136216 0.669219 0.651383 0.571910 0.760647 0.813768 0.316543 0.576109 58.940449
0.164706 0.259025 0.208511 0.635040 0.714267 0.292318 0.906273 0.700189 0.199346 0.495716 58.940449
0.158901 0.281234 0.103489 0.828334 1.000000 0.658040 0.355040 0.717522 0.115318 0.650913 58.940449
0.156452 0.148626 0.129312 0.842738 0.712981 0.054346 0.645369 0.676058 0.077200 0.256473 58.940449
0.211281 0.317960 0.031482 0.820468 0.854700 0.271944 0.695707 0.940381 0.255743 0.640417 58.940449
0.296685 0.256401 0.071547 1.000000 0.643992 0.537706 0.588038 1.000000 0.000000 0.743683 58.940449
0.187351 0.239235 0.169984 1.000000 0.603890 0.459900 0.734687 1.000000 0.000000 0.831173 58.940449
0.000000 0.130164 0.154993 0.637253 0.770522 0.157218 0.794441 0.635584 0.311924 0.455915 58.940449
0.000000 0.168676 0.131740 0.780813 0.947992 0.059383 0.444219 0.879437 0.305063 0.879461 58.940449
0.109596 0.261896 0.148344 0.581199 1.000000 0.387891 0.438424 0.971063 0.055504 0.349984 58.940449
0.037648 0.320045 0.166617 1.000000 1.000000 0.353135 0.506195 0.889945 0.222773 0.668207 58.940449
0.094828 0.202521 0.091492 0.646055 1.000000 0.720208 0.619583 0.618959 0.004671 0.475614 58.940449
0.239000 0.262534 0.154547 0.679260 0.936433 0.347695 0.604944 0.852835 0.315456 0.577299 58.940449
0.000000 0.185517 0.133677 0.528165 0.915299 0.255803 0.722837 0.709137 0.171781 0.774186 58.940449
0.103682 0.161140 0.051377 0.667314 0.941903 0.293150 0.476138 0.771259 0.443256 0.548476 58.940449
0.000000 0.216569 0.148289 0.727466 0.833496 0.760038 0.458844 0.738403 0.026550 0.670218 58.940449
0.202861 0.204729 0.081716 0.620604 0.917500 0.299578 0.679008 0.842757 0.558844 0.748858 58.940449
0.000000 0.221761 0.119435 0.841611 0.637468 0.340580 0.590036 0.868856 0.351508 0.649191 58.940449
0.237498 0.089799 0.088627 0.911514 0.809172 0.391838 0.660997 0.796669 0.445168 0.836644 58.940449
0.109993 0.046823 0.152911 1.000000 0.767854 0.370317 0.370421 0.801628 0.340686 0.543402 58.940449
0.287705 0.084390 0.077503 0.894974 0.727807 0.411344 0.658735 0.650735 0.178083 0.971245 58.940449
0.138646 0.177717 0.000515 0.590151 0.953799 0.453354 0.773419 0.478012 0.150904 0.631861 58.940449
0.206153 0.294402 0.078328 0.817633 0.834750 0.429463 0.563752 0.986624 0.000000 0.610581 58.940449
0.073866 0.104670 0.092180 0.899643 0.751601 0.431224 0.372963 0.743910 0.102718 0.571358 58.940449
0.184884 0.129694 0.117004 0.951656 0.911283 0.367640 0.659300 0.621074 0.103721 0.750840 58.940449
0.222782 0.163009 0.050543 1.000000 0.734117 0.588128 0.619097 0.997308 0.284379 0.921587 58.940449
0.306560 0.197640 0.089641 1.000000 0.840132 0.372796 0.492349 0.711497 0.496785 0.500567 58.940449
0.266658 0.210633 0.074197 0.800952 0.943279 0.374106 0.484915 0.723596 0.158687 0.214768 58.940449
0.111474 0.108527 0.112273 0.760696 0.771630 0.419759 0.513143 0.727551 0.512415 0.900317 58.940449
0.188089 0.201379 0.084275 0.926630 0.710109 0.774202 0.638355 0.493814 0.198416 0.626131 58.940449
0.240157 0.183323 0.065261 0.490789 1.000000 0.447620 0.718844 0.578222 0.106993 0.559096 58.940449
0.236974 0.187509 0.129117 1.000000 0.710550 0.382663 0.872129 0.661031 0.362568 0.540757 58.940449
0.032306 0.142720 0.032550 0.884907 1.000000 0.374789 0.629197 0.471106 0.155540 0.330405 58.940449
0.245709 0.269373 0.059381 0.792033 0.544997 0.136067 0.743616 0.742760 0.246958 0.505636 58.940449
0.000000 0.148649 0.058670 0.583685 0.659136 0.563738 0.643366 1.000000 0.000000 0.643459 58.940449
0.189283 0.266119 0.000000 0.567513 0.968703 0.245586 0.673887 0.692789 0.113731 0.541209 58.940449
0.184520 0.101072 0.026876 0.728567 1.000000 0.423857 0.642020 0.785866 0.000000 0.868781 58.940449
0.094068 0.243064 0.105135 1.000000 0.822625 0.558942 0.660525 0.584228 0.516204 0.870672 58.940449
0.044628 0.084950 0.000000 0.871691 0.905231 0.488711 0.697031 0.576151 0.242708 0.667156 58.940449
0.272152 0.209713 0.032477 0.713753 0.670885 0.284329 0.755414 0.961053 0.270151 0.315574 58.940449
0.000000 0.236616 0.204440 0.554118 0.755833 0.310171 0.553962 0.832456 0.362471 0.633308 58.940449
0.110096 0.053424 0.081979 0.788028 0.962135 0.442300 0.724638 0.909263 0.339317 0.910057 58.940449
0.081070 0.340464 0.043455 0.841330 1.000000 0.443085 0.434628 1.000000 0.101876 0.833723 58.940449
0.188205 0.204647 0.017078 0.854309 0.843729 0.657378 0.674064 0.963961 0.351943 0.687570 58.940449
0.111905 0.187592 0.073037 0.765026 0.741215 0.657173 0.966831 0.711906 0.103779 0.713293 58.940449
0.000000 0.229405 0.132293 0.892856 0.661387 0.462069 0.247136 0.561714 0.211428 0.788880 58.940449
0.212449 0.066090 0.043233 1.000000 0.880611 0.377747 0.769531 0.712669 0.195782 0.911110 58.940449
0.000000 0.099502 0.136216 0.753687 0.713616 0.542677 0.807368 0.704360 0.115142 0.619682 58.940449
0.081073 0.098403 0.053623 0.728567 1.000000 0.217422 0.830664 0.560685 0.015843 0.434890 58.940449
0.280813 0.148070 0.115730 0.996702 1.000000 0.335829 0.520074 1.000000 0.000000 0.495734 58.940449
0.000000 0.168030 0.134858 1.000000 0.631154 0.648604 0.660960 0.758422 0.116520 0.962454 58.940449
0.065430 0.169701 0.084404 0.969713 0.921369 0.247160 0.544572 0.576445 0.562424 0.605458 58.940449
0.000000 0.119831 0.114990 0.646055 1.000000 0.683143 0.530576 0.660969 0.116811 0.505539 58.940449
0.040097 0.163576 0.142137 0.693797 0.864046 0.240197 0.560003 1.000000 0.380773 0.857469 58.940449
0.337875 0.243517 0.078002 0.783153 0.817535 0.298592 0.651769 1.000000 0.192352 0.429527 58.940449
0.155485 0.282174 0.119532 1.000000 0.788255 0.235587 0.714458 0.530092 0.407462 0.617198 58.940449
0.000000 0.194761 0.103738 0.782250 0.746667 0.432920 0.471041 0.792207 0.000000 0.984455 58.940449
0.084324 0.233259 0.000000 1.000000 0.939819 0.581235 0.586435 0.674557 0.129175 0.982411 58.940449
0.151516 0.170840 0.109966 1.000000 0.727841 0.310374 0.748514 0.552240 0.317256 0.825093 58.940449
0.088559 0.295884 0.174220 1.000000 0.850586 0.327463 0.556841 1.000000 0.000000 0.831782 58.940449
0.099219 0.272356 0.177250 0.582826 0.643448 0.623121 0.713567 0.754315 0.359296 0.810725 58.940449
0.142622 0.085381 0.102198 0.549092 1.000000 0.295740 0.793271 0.939850 0.000000 0.716201 58.940449
0.022484 0.173474 0.178192 0.939683 0.725522 0.534099 0.562677 0.886390 0.336067 0.986670 58.940449
0.211507 0.201812 0.076094 0.679715 0.600363 0.194457 0.388633 0.834212 0.152723 0.749729 58.940449
0.138524 0.126989 0.035929 0.726772 0.799014 0.679986 0.600316 0.866106 0.250125 0.864308 58.940449
0.276034 0.078012 0.044467 0.979630 0.707978 0.467107 0.804065 0.650961 0.334452 0.573406 58.940449
0.215771 0.092582 0.071395 1.000000 0.676199 0.429902 0.370668 1.000000 0.339109 0.704184 58.940449
0.150483 0.121335 0.089436 1.000000 0.632570 0.373169 0.563742 0.530916 0.486056 0.753193 58.940449
0.186035 0.206314 0.089762 0.594428 0.825041 0.409618 0.707165 0.567823 0.390398 0.527996 58.940449
0.251729 0.086896 0.110341 0.951656 0.822326 0.315562 0.676454 0.910811 0.161709 0.674921 58.940449
0.135822 0.256544 0.000000 0.884907 0.981245 0.458279 0.706921 0.471106 0.154914 0.530769 58.940449
0.219560 0.236788 0.115395 0.791590 0.536183 0.312708 0.375218 1.000000 0.000000 0.708858 58.940449
0.210934 0.086716 0.088679 0.685573 0.791650 0.423746 0.554341 0.777374 0.000000 0.888358 58.940449
0.123012 0.138629 0.127787 1.000000 0.637299 0.499818 0.907616 0.722833 0.000000 0.697808 58.940449
0.105849 0.198035 0.069742 0.434988 0.741397 0.328554 0.530082 0.748905 0.034905 0.723442 58.940449
0.264560 0.248289 0.141586 1.000000 0.927855 0.422685 0.708907 0.720613 0.450435 0.340437 58.940449
0.203543 0.170728 0.106876 0.895929 0.787275 0.099233 0.452791 0.756159 0.151860 0.377219 58.940449
0.113205 0.340537 0.000000 0.713012 0.734729 0.533502 0.425736 0.854736 0.386872 0.617721 58.940449
0.022803 0.331821 0.081711 0.697772 1.000000 0.424266 0.718263 0.710649 0.000000 0.905806 58.940449
0.037899 0.147221 0.109917 0.635357 0.750560 0.455575 0.870284 0.746314 0.142869 0.750537 58.940449
0.168201 0.304033 0.159080 0.889985 0.618656 0.377088 0.345658 0.925066 0.498809 0.636652 58.940449
0.000000 0.215883 0.128092 0.855127 0.923576 0.456612 0.420504 0.841383 0.377987 0.980458 58.940449
0.236899 0.174546 0.079946 0.761239 0.682032 0.833265 0.827456 0.613834 0.174742 0.604961 58.940449
0.236821 0.133860 0.082453 0.823423 0.454079 0.484837 0.511149 0.866254 0.250137 0.704654 58.940449
0.210097 0.219214 0.163799 0.839800 0.879140 0.227387 0.687406 0.854030 0.453871 0.588044 58.940449
0.103090 0.143220 0.102915 0.541920 0.857853 0.540965 0.788005 0.762049 0.390156 0.466194 58.940449
0.258808 0.200257 0.150164 0.785068 0.710550 0.354209 0.766885 0.679594 0.356618 0.495730 58.940449
0.041618 0.086445 0.104673 0.873390 0.539650 0.430090 0.452791 0.726774 0.000000 0.449836 58.940449
0.122729 0.273596 0.126812 1.000000 1.000000 0.538276 0.843173 0.803154 0.500870 0.804065 58.940449
0.000000 0.288096 0.072900 0.544670 1.000000 0.260046 0.664939 0.682763 0.000000 0.728880 58.940449
0.015517 0.164990 0.139498 0.690946 0.911428 0.343113 0.598223 0.964156 0.330726 0.570274 58.940449
0.000000 0.102903 0.091631 0.969851 0.948104 0.580128 0.423081 0.835172 0.375452 0.602318 58.940449
0.207318 0.141442 0.090708 0.592610 0.889750 0.532661 0.848595 0.624944 0.218635 0.815978 58.940449
0.207032 0.326850 0.041951 1.000000 0.724448 0.362595 0.650399 1.000000 0.157072 0.346428 58.940449
0.000000 0.122403 0.093969 0.546435 0.878981 0.363380 0.455247 0.474696 0.106828 0.552592 58.940449
0.098733 0.094926 0.038780 1.000000 0.948376 0.537421 0.360316 0.958014 0.195804 0.568796 58.940449
0.114426 0.215754 0.142059 0.928263 0.840497 0.389817 0.309216 0.994328 0.323608 0.347044 58.940449
0.077226 0.178585 0.085496 0.725077 0.954260 0.314540 0.547995 0.595602 0.043108 0.496108 58.940449
0.000000 0.198982 0.137759 0.588947 1.000000 0.434600 0.433845 0.916050 0.000000 0.579796 58.940449
0.208109 0.135755 0.087544 1.000000 0.706388 0.479400 0.739201 0.619161 0.473190 0.727096 58.940449
0.269833 0.199353 0.023590 0.812343 0.671215 0.621077 0.819005 0.663757 0.362752 0.688701 58.940449
0.000000 0.307372 0.136884 0.726081 1.000000 0.428020 0.477788 0.842031 0.194429 0.586134 58.940449
0.112973 0.282763 0.137909 0.953746 1.000000 0.518391 0.572031 1.000000 0.194429 0.576839 58.940449
0.058689 0.248778 0.111316 0.858499 0.902452 0.265797 0.390978 0.988043 0.169962 0.453490 58.940449
0.194278 0.265500 0.013624 0.899910 0.733593 0.561647 0.666691 0.748002 0.299135 0.858791 58.940449
0.015222 0.311631 0.070925 0.791360 1.000000 0.285894 0.592372 0.325751 0.067467 0.779765 58.940449
0.000000 0.099201 0.107052 1.000000 0.926215 0.195616 0.494949 1.000000 0.158325 0.691399 58.940449
0.055574 0.140633 0.044249 0.962895 0.685562 0.303231 0.597021 0.536759 0.508137 0.816201 58.940449
0.000000 0.282227 0.072030 0.556852 0.973374 0.571131 0.485537 1.000000 0.191740 0.657613 58.940449
0.286360 0.210447 0.106691 0.986274 0.802524 0.467319 0.357893 0.889745 0.110339 0.786069 58.940449
0.139658 0.138820 0.042091 0.586822 0.920726 0.407860 0.598267 0.861046 0.000000 0.901624 58.940449
0.149350 0.171542 0.040858 1.000000 0.899943 0.284527 0.366397 0.851780 0.000000 0.726106 58.940449
0.044139 0.167039 0.094250 0.480468 1.000000 0.278818 0.680583 0.584414 0.299228 0.452538 58.940449
0.060626 0.170463 0.014111 0.728567 0.942134 0.374751 0.685757 0.630561 0.225354 0.400203 58.940449
0.038086 0.121432 0.125830 0.625918 1.000000 0.348388 0.614179 0.905041 0.472352 0.782817 58.940449
0.203634 0.266386 0.021723 1.000000 0.919886 0.358305 0.450554 1.000000 0.000000 0.681504 58.940449
0.108858 0.115996 0.054370 0.721596 0.598755 0.685932 0.801443 0.946067 0.132770 0.766353 58.940449
0.138356 0.126747 0.049924 0.824081 0.862204 0.304770 0.459693 0.709395 0.576932 0.626436 58.940449
0.236992 0.167631 0.070760 0.731353 0.791650 0.384566 0.309129 1.000000 0.000000 0.849762 58.940449
0.237044 0.213338 0.063605 0.713474 0.724958 0.144538 0.498328 0.692769 0.193671 1.000000 58.940449
0.060369 0.219010 0.106789 1.000000 0.918347 0.158172 0.694606 1.000000 0.178090 0.807848 58.940449
0.071749 0.242742 0.079829 0.704262 0.855275 0.319010 0.489984 0.914455 0.226421 0.919564 58.940449
0.094914 0.097952 0.161835 1.000000 0.733810 0.260083 0.771166 0.520976 0.123820 1.000000 58.940449
0.027560 0.091443 0.081057 1.000000 0.916477 0.396445 0.436562 1.000000 0.471977 0.600323 58.940449
0.271690 0.130457 0.037661 1.000000 0.524197 0.528791 0.515863 0.870637 0.199965 0.586402 58.940449
0.109830 0.158268 0.045436 0.830672 0.887009 0.494041 0.846431 0.443033 0.202116 0.355220 58.940449
0.136133 0.162018 0.111316 1.000000 1.000000 0.366542 0.418247 1.000000 0.187892 0.656602 58.940449
0.085702 0.234312 0.063973 1.000000 1.000000 0.465910 0.795717 0.591230 0.250729 0.819282 58.940449
0.085285 0.332127 0.113072 0.785731 0.985130 0.430801 0.821473 0.728105 0.000000 0.946165 58.940449
0.000000 0.165659 0.035992 0.847962 0.602787 0.606789 0.543082 0.974717 0.059742 0.837840 58.940449
0.178420 0.249063 0.081535 0.621018 0.529856 0.181263 0.520238 0.746420 0.133705 0.810873 58.940449
0.013090 0.197530 0.178497 0.604814 0.988449 0.186788 0.522945 0.760455 0.311837 0.595513 58.940449
0.106973 0.157410 0.097616 1.000000 0.751552 0.592055 0.554527 0.567564 0.437334 0.689594 58.940449
0.267167 0.266552 0.061159 0.809487 0.767995 0.455128 0.695816 0.625863 0.517849 0.860672 58.940449
0.000000 0.231525 0.077601 0.847962 0.653637 0.581704 0.612589 0.878402 0.207840 0.870487 58.940449
0.147338 0.207984 0.048299 0.741205 1.000000 0.549253 0.918061 0.429839 0.177947 0.821388 58.940449
0.018950 0.360529 0.071697 0.635572 1.000000 0.457930 0.544451 0.698761 0.175158 0.553424 58.940449
0.220757 0.234971 0.096496 0.632825 0.450059 0.373430 0.695437 0.727948 0.244096 0.652241 58.940449
0.065783 0.188189 0.095481 0.688278 0.781381 0.504031 0.448388 0.695675 0.326564 0.452705 58.940449
0.215296 0.183144 0.088191 0.806689 0.922879 0.472995 0.991621 0.835068 0.520661 0.658467 58.940449
0.000000 0.141467 0.057575 0.823612 0.856836 0.661225 0.373875 0.782725 0.158766 0.684841 58.940449
0.156059 0.271213 0.169043 1.000000 0.953200 0.304701 0.455475 0.883872 0.243922 0.585290 58.940449
