# Party-0 optima (Phase 1b)
# x0..x(D-1) party_fit f0 f1 consensus
0.965892 0.648180 76.464713 76.464713 61.730498 61.730498
0.957807 0.621295 75.052134 75.052134 59.973224 59.973224
0.250913 0.540606 73.570641 73.570641 56.196725 56.196725
0.914920 0.710648 67.623576 67.623576 8.383196 8.383196
0.904114 0.674575 59.334238 59.334238 41.486830 41.486830
0.170603 0.602332 57.535969 57.535969 0.173741 0.173741
0.176492 0.507201 51.227750 51.227750 28.696390 28.696390
0.059876 0.820032 50.943707 50.943707 6.821955 6.821955
