# gen=0 mediating population
# x0..x(D-1) f0 f1 consensus
0.876265 0.366994 0.434480 0.540756 0.926595 7.339022 4.122066 4.122066
0.658030 0.254288 0.441461 0.219109 0.874559 7.019516 4.122066 4.122066
0.116015 0.955547 0.272969 0.978630 0.635314 6.826933 1.027139 1.027139
0.773669 0.164365 0.544217 0.636124 0.863118 6.480524 4.122066 4.122066
0.684038 0.218796 0.378002 0.481870 0.896452 6.238507 4.122066 4.122066
0.476100 0.360643 0.220233 0.867120 0.518312 6.078077 4.805985 4.805985
0.649799 0.114273 0.159624 0.629405 0.754245 6.078077 7.164996 6.078077
0.446164 0.022169 0.344321 0.844931 0.210124 6.078077 4.805985 4.805985
0.488368 0.861389 0.046897 0.725010 0.385416 1.809531 8.641240 1.809531
0.149290 0.431879 0.764443 0.874061 0.238445 0.839491 7.105095 0.839491
0.040870 0.479777 0.771000 0.697637 0.916022 0.839491 7.105095 0.839491
0.219644 0.374470 0.563746 0.090603 0.050519 0.839491 7.105095 0.839491
0.332062 0.364727 0.610641 0.947449 0.462147 0.839491 7.105095 0.839491
0.169270 0.275959 0.746310 0.791435 0.413049 1.744522 7.105095 1.744522
0.352536 0.585033 0.808796 0.962700 0.041598 0.839491 7.105095 0.839491
0.327323 0.619556 0.867156 0.854924 0.783523 0.839491 7.105095 0.839491
0.682316 0.614191 0.240688 0.632883 0.656006 1.809531 3.453416 1.809531
0.512778 0.399437 0.599461 0.707408 0.582520 4.149443 4.122066 4.122066
0.458568 0.423385 0.602740 0.619196 0.921309 4.149443 4.122066 4.122066
0.547954 0.370732 0.499113 0.315680 0.488557 6.078077 4.145141 4.145141
0.604164 0.365861 0.522560 0.744102 0.694371 6.078077 4.122066 4.122066
0.522768 0.321476 0.590395 0.666095 0.669822 4.149443 4.122066 4.122066
0.614401 0.476013 0.621638 0.751728 0.484097 1.185242 1.817660 1.185242
0.601794 0.493275 0.650818 0.697840 0.855059 1.654644 3.171239 1.654644
0.573199 0.557838 0.244179 0.472060 0.629988 1.809531 3.453416 1.809531
0.403660 0.343084 0.602952 0.546585 0.556502 0.839491 4.122066 0.839491
0.349450 0.367032 0.606230 0.458373 0.895290 0.839491 7.105095 0.839491
0.438837 0.314379 0.502603 0.154856 0.462539 6.078077 4.122066 4.122066
0.495046 0.309508 0.526051 0.583279 0.668353 6.078077 4.122066 4.122066
0.413650 0.265123 0.593886 0.505272 0.643804 1.744522 4.122066 1.744522
0.505283 0.419660 0.625128 0.590904 0.458079 4.149443 4.122066 4.122066
0.492677 0.436922 0.654308 0.537016 0.829041 4.149443 1.311782 1.311782
0.302191 0.908468 0.159933 0.851820 0.510365 4.941206 1.027139 1.027139
0.132653 0.693713 0.518706 0.926345 0.436880 0.839491 4.736772 0.839491
0.078443 0.717662 0.521984 0.838134 0.775668 0.839491 1.027139 0.839491
0.167829 0.665008 0.418357 0.534617 0.342917 5.127326 4.736772 4.736772
0.224039 0.660137 0.441805 0.963039 0.548731 3.939284 4.736772 3.939284
0.142643 0.615753 0.509639 0.885032 0.524182 0.839491 4.736772 0.839491
0.234276 0.770290 0.540882 0.970665 0.338456 0.839491 1.027139 0.839491
0.221669 0.787552 0.570062 0.916777 0.709418 0.839491 1.027139 0.839491
0.631018 0.512877 0.295557 0.680567 0.624267 1.809531 1.311782 1.311782
0.461480 0.298122 0.654330 0.755092 0.550781 4.149443 4.122066 4.122066
0.407269 0.322071 0.657609 0.666880 0.889570 1.744522 4.122066 1.744522
0.496656 0.269417 0.553982 0.363363 0.456819 6.078077 4.274794 4.274794
0.552866 0.264546 0.577429 0.791786 0.662633 4.149443 4.122066 4.122066
0.471470 0.220162 0.645264 0.713779 0.638083 4.149443 4.122066 4.122066
0.563103 0.374699 0.676507 0.799412 0.452358 4.149443 4.122066 4.122066
0.550496 0.391960 0.705687 0.745524 0.823320 4.149443 4.122066 4.122066
0.586203 0.540092 0.212450 0.603440 0.640934 1.809531 3.453416 1.809531
0.416664 0.325337 0.571223 0.677965 0.567448 0.839491 4.122066 0.839491
0.362454 0.349286 0.574501 0.589753 0.906237 0.839491 7.105095 0.839491
0.451841 0.296633 0.470874 0.286237 0.473485 6.078077 4.124953 4.124953
0.508050 0.291761 0.494322 0.714659 0.679299 6.083858 4.122066 4.122066
0.426654 0.247377 0.562156 0.636652 0.654750 4.149443 4.122066 4.122066
0.518287 0.401914 0.593399 0.722285 0.469025 4.149443 4.122066 4.122066
0.505680 0.419176 0.622579 0.668397 0.839987 4.149443 4.122066 4.122066
0.482234 0.611016 0.133565 0.796065 0.451864 1.809531 4.885950 1.809531
0.312695 0.396261 0.492338 0.870590 0.378379 0.839491 4.736772 0.839491
0.258485 0.420210 0.495617 0.782379 0.717167 0.839491 4.736772 0.839491
0.347872 0.367556 0.391990 0.478862 0.284416 2.821580 4.736772 2.821580
0.404081 0.362685 0.415437 0.907284 0.490230 2.821580 4.122066 2.821580
0.322685 0.318301 0.483272 0.829277 0.465681 1.744522 4.736772 1.744522
0.414318 0.472838 0.514515 0.914910 0.279955 0.839491 1.311782 0.839491
0.401712 0.490099 0.543695 0.861022 0.650918 0.839491 1.419611 0.839491
0.569083 0.487831 0.103261 0.677208 0.569830 1.809531 3.513644 1.809531
0.399545 0.273076 0.462034 0.751733 0.496345 1.744522 4.122066 1.744522
0.345335 0.297025 0.465312 0.663521 0.835133 1.744522 4.736772 1.744522
0.434721 0.244371 0.361685 0.360004 0.402382 6.078077 4.122066 4.122066
0.490931 0.239500 0.385133 0.788427 0.608196 6.078077 4.122066 4.122066
0.409535 0.195116 0.452967 0.710420 0.583647 1.744522 4.122066 1.744522
0.501168 0.349653 0.484210 0.796053 0.397921 6.078077 4.122066 4.122066
0.488561 0.366915 0.513390 0.742164 0.768884 6.078077 4.122066 4.122066
0.467266 0.441779 0.195609 0.784970 0.297770 6.078077 3.453416 3.453416
0.297727 0.227024 0.554382 0.859496 0.224284 1.744522 7.105095 1.744522
0.243517 0.250973 0.557660 0.771284 0.563073 1.744522 7.105095 1.744522
0.332904 0.198319 0.454033 0.467767 0.130322 1.744522 4.736772 1.744522
0.389113 0.193448 0.477481 0.896190 0.336136 1.744522 4.122066 1.744522
0.307717 0.149064 0.545316 0.818183 0.311586 1.924979 4.736772 1.924979
0.399350 0.303601 0.576558 0.903815 0.125861 1.744522 4.122066 1.744522
0.386743 0.320862 0.605738 0.849927 0.496823 1.744522 4.122066 1.744522
0.360836 0.144310 0.654539 0.857700 0.481699 1.770119 7.105095 1.770119
0.555407 0.146689 0.763206 0.475892 0.092439 4.149443 4.122066 4.122066
0.577731 0.667548 0.616929 0.178625 0.192167 1.043228 1.609929 1.043228
0.561920 0.540135 0.922073 0.521787 0.979696 1.186521 1.419135 1.186521
0.663257 0.764647 0.780584 0.208723 0.479803 1.043228 1.609929 1.043228
0.782475 0.185309 0.420884 0.141465 0.261921 6.078077 4.122066 4.122066
0.078925 0.741341 0.942363 0.392819 0.052436 0.839491 0.927282 0.839491
0.246213 0.549198 0.742429 0.939515 0.088988 0.839491 7.105095 0.839491
0.170090 0.474358 0.335728 0.446040 0.675030 2.821580 4.736772 2.821580
0.578493 0.146018 0.383116 0.370916 0.774133 6.078077 4.122066 4.122066
0.020743 0.091919 0.797516 0.147716 0.419255 1.744522 8.224671 1.744522
0.203114 0.180325 0.168339 0.902760 0.211513 1.744522 4.736772 1.744522
0.925480 0.516356 0.776020 0.231892 0.148986 1.043228 1.609929 1.043228
0.122309 0.729270 0.563263 0.184226 0.179943 2.247288 1.027139 1.027139
0.718450 0.064552 0.495207 0.487908 0.122755 6.078077 4.122066 4.122066
0.112036 0.986593 0.833227 0.685468 0.178574 0.892777 0.927282 0.892777
0.385654 0.954201 0.842582 0.744934 0.051301 0.839491 1.311782 0.839491
0.750202 0.838071 0.432768 0.686707 0.680465 1.809531 1.311782 1.311782
0.637772 0.474835 0.025592 0.493006 0.087552 1.809531 3.453416 1.809531
0.643064 0.170633 0.568502 0.295466 0.913153 4.149443 4.122066 4.122066
0.980980 0.613369 0.890150 0.543021 0.316875 1.043228 1.311782 1.043228
0.733807 0.548950 0.425502 0.972038 0.591012 1.809531 1.311782 1.311782
0.088753 0.248792 0.248574 0.967941 0.021653 1.744522 4.736772 1.744522
0.965477 0.349535 0.702426 0.687612 0.092667 4.149443 4.233055 4.149443
0.093775 0.132714 0.896682 0.048951 0.557986 1.744522 7.105095 1.744522
0.748981 0.944562 0.287732 0.803525 0.817583 1.809531 3.453416 1.809531
0.610947 0.533471 0.747996 0.301379 0.241733 1.058350 1.609929 1.058350
0.273617 0.034625 0.308431 0.661106 0.948950 1.744522 4.736772 1.744522
0.840464 0.908925 0.905527 0.445285 0.934997 1.043228 1.311782 1.043228
0.278588 0.616890 0.423665 0.784411 0.601033 3.781382 4.736772 3.781382
0.380837 0.636007 0.052800 0.944899 0.290579 2.821580 4.355425 2.821580
0.550871 0.553765 0.281996 0.706244 0.935113 1.809531 3.453416 1.809531
0.470649 0.913793 0.974325 0.551215 0.749219 1.043228 1.311782 1.043228
0.269485 0.628871 0.477144 0.225193 0.185330 2.821580 4.736772 2.821580
0.439142 0.088807 0.577522 0.423513 0.651735 4.149443 4.122066 4.122066
0.627552 0.829172 0.342736 0.721078 0.690867 1.809531 1.311782 1.311782
0.344458 0.286942 0.617691 0.576970 0.930058 1.744522 7.105095 1.744522
0.278461 0.866063 0.335697 0.890581 0.479507 12.042953 1.027139 1.027139
0.852636 0.569358 0.850760 0.084727 0.558418 1.043228 1.609929 1.043228
0.601278 0.772745 0.162239 0.565792 0.001678 1.809531 7.035044 1.809531
0.955018 0.737698 0.038288 0.430785 0.121054 1.809531 3.453416 1.809531
0.900994 0.779740 0.345969 0.356801 0.334702 1.809531 1.311782 1.311782
0.034519 0.879469 0.801283 0.434060 0.599335 0.839491 1.009653 0.839491
0.765450 0.593635 0.257465 0.150922 0.694042 3.072211 3.453416 3.072211
0.229512 0.874033 0.586075 0.821615 0.170811 0.839491 1.027139 0.839491
0.451460 0.864836 0.018841 0.536621 0.136862 1.809531 8.396086 1.809531
0.041979 0.743774 0.570171 0.530004 0.497948 1.010813 1.027139 1.010813
0.262291 0.608776 0.178402 0.888822 0.905193 2.861713 4.736772 2.861713
0.325660 0.126319 0.448530 0.756084 0.608435 1.744522 4.736772 1.744522
0.206390 0.018685 0.033330 0.153425 0.660019 1.744522 4.736772 1.744522
0.064949 0.315302 0.235886 0.209794 0.807641 1.744522 5.191041 1.744522
0.185781 0.171366 0.931506 0.650029 0.532858 1.744522 7.105095 1.744522
0.539158 0.662127 0.911858 0.906064 0.349570 1.097922 1.560356 1.097922
0.278769 0.426652 0.470630 0.707622 0.608255 2.821580 4.736772 2.821580
0.476065 0.871376 0.038048 0.339339 0.914842 1.809531 3.453416 1.809531
0.542606 0.128376 0.505637 0.326150 0.895581 6.078077 4.122066 4.122066
0.092672 0.768809 0.126056 0.377748 0.099226 2.821580 1.027139 1.027139
0.261443 0.895055 0.368968 0.580748 0.559792 17.479896 1.027139 1.027139
0.535022 0.986921 0.898099 0.340684 0.996261 1.043228 1.609929 1.043228
0.450654 0.855647 0.774357 0.398624 0.580983 1.043228 1.311782 1.043228
0.316011 0.364270 0.203062 0.984367 0.137451 2.821580 4.736772 2.821580
0.375878 0.144419 0.045477 0.954093 0.876479 1.744522 5.100377 1.744522
0.605647 0.576660 0.385435 0.878053 0.897176 1.809531 1.311782 1.311782
0.221638 0.278701 0.339248 0.315547 0.550948 1.744522 6.766931 1.744522
0.313300 0.333543 0.111678 0.107818 0.088196 2.821580 4.736772 2.821580
0.230438 0.028855 0.145341 0.969303 0.372891 1.744522 4.736772 1.744522
0.539254 0.079052 0.427107 0.615180 0.267713 6.078077 4.122066 4.122066
0.410758 0.319454 0.620847 0.276398 0.887515 1.744522 4.122066 1.744522
0.965415 0.893427 0.049985 0.698437 0.644555 1.809531 3.453416 1.809531
0.046905 0.367486 0.174557 0.571349 0.424570 2.821580 4.736772 2.821580
0.161614 0.985264 0.630443 0.358374 0.947929 0.839491 1.027139 0.839491
0.609800 0.986002 0.031808 0.589852 0.909919 1.809531 3.453416 1.809531
0.236609 0.476923 0.976826 0.419451 0.424492 0.839491 7.105095 0.839491
0.184977 0.159570 0.413863 0.097169 0.479435 1.744522 5.036441 1.744522
0.107887 0.943620 0.813806 0.463840 0.398932 1.699662 0.927282 0.927282
0.277792 0.893414 0.806187 0.692971 0.291322 0.961486 0.927282 0.927282
0.902601 0.955209 0.178043 0.425702 0.439078 1.809531 3.453416 1.809531
0.016870 0.133746 0.790631 0.172085 0.626907 1.744522 8.601334 1.744522
0.670874 0.023135 0.554481 0.598032 0.020614 6.078077 4.122066 4.122066
0.254094 0.111265 0.707321 0.217464 0.115440 1.744522 7.105095 1.744522
0.774197 0.744839 0.836769 0.543627 0.539888 1.463457 1.311782 1.311782
0.830388 0.461056 0.693804 0.203224 0.073106 1.043228 1.609929 1.043228
0.686861 0.454020 0.058200 0.616852 0.217368 6.078077 3.453416 3.453416
0.668017 0.364417 0.824109 0.411793 0.453957 4.150298 6.436025 4.150298
0.810093 0.206061 0.388569 0.831066 0.107617 6.078077 4.122066 4.122066
0.950581 0.822458 0.622014 0.980999 0.985896 1.043228 1.311782 1.043228
0.703870 0.165899 0.033507 0.661696 0.548360 6.078077 5.743306 5.743306
0.706694 0.969843 0.401281 0.767670 0.955707 1.809531 1.311782 1.311782
0.620508 0.278328 0.564908 0.038977 0.141078 4.149443 4.403728 4.149443
0.861729 0.546331 0.396044 0.163286 0.282460 1.809531 1.609929 1.609929
0.764101 0.937817 0.174830 0.250887 0.405826 1.809531 3.453416 1.809531
0.663074 0.927037 0.443139 0.570272 0.827587 1.809531 1.311782 1.311782
0.911399 0.990646 0.527569 0.150695 0.209891 1.043228 1.609929 1.043228
0.459356 0.139217 0.143441 0.648430 0.269793 6.078077 4.805985 4.805985
0.780240 0.226626 0.262015 0.661136 0.402684 6.078077 4.805985 4.805985
0.071011 0.183343 0.160664 0.663181 0.479397 1.744522 4.736772 1.744522
0.112967 0.876353 0.725927 0.091481 0.169201 3.762760 0.927282 0.927282
0.138630 0.666314 0.265336 0.324114 0.212164 3.243077 4.736772 3.243077
0.623014 0.601539 0.024847 0.547267 0.670253 1.809531 3.490530 1.809531
0.803971 0.652600 0.604436 0.362777 0.261307 1.043228 1.311782 1.043228
0.668899 0.434789 0.857807 0.387473 0.293219 4.149443 1.311782 1.311782
0.052575 0.674537 0.616713 0.483190 0.295781 1.127758 7.105095 1.127758
0.666136 0.939354 0.609457 0.530657 0.265686 1.043228 1.311782 1.043228
0.840318 0.171696 0.970135 0.535293 0.400090 4.149443 4.122066 4.122066
0.377553 0.770274 0.505506 0.838673 0.332994 0.839491 1.311782 0.839491
0.939525 0.444401 0.543629 0.979427 0.728974 6.078077 1.311782 1.311782
0.890229 0.950337 0.073729 0.072962 0.684374 1.809531 3.453416 1.809531
0.203982 0.815382 0.342166 0.263884 0.468792 4.878897 1.027139 1.027139
0.225858 0.281963 0.656593 0.735850 0.754751 1.744522 7.105095 1.744522
0.451103 0.704728 0.751415 0.348085 0.119264 1.043228 1.609929 1.043228
0.060062 0.195845 0.085302 0.025442 0.321684 1.744522 4.736772 1.744522
0.993713 0.810610 0.324722 0.039147 0.525822 1.809531 1.609929 1.609929
0.600560 0.603183 0.025716 0.135371 0.773378 1.809531 3.453416 1.809531
0.517396 0.643413 0.300184 0.625564 0.672244 1.809531 1.311782 1.311782
0.758999 0.520650 0.046983 0.454498 0.958219 1.809531 3.453416 1.809531
0.181649 0.132027 0.961654 0.760975 0.798659 1.744522 7.105095 1.744522
0.676860 0.057963 0.519689 0.169653 0.040179 6.078077 4.122066 4.122066
0.863970 0.487710 0.771953 0.486310 0.813855 1.043228 1.311782 1.043228
0.461341 0.016943 0.660717 0.029214 0.055277 4.149443 4.122066 4.122066
0.670672 0.612469 0.059814 0.692538 0.480536 1.809531 4.236020 1.809531
0.887329 0.554591 0.266364 0.549371 0.655750 1.809531 3.453416 1.809531
0.181138 0.631962 0.861729 0.351653 0.207767 1.140505 7.105095 1.140505
0.785450 0.641029 0.066572 0.935517 0.022205 1.809531 3.453416 1.809531
0.590551 0.661309 0.321435 0.337115 0.185880 1.809531 1.609929 1.609929
0.098770 0.857528 0.511622 0.017235 0.518682 1.055466 1.027139 1.027139
0.658339 0.948013 0.691574 0.534319 0.840500 1.043228 1.311782 1.043228
0.797938 0.274276 0.593240 0.413333 0.396571 8.268946 16.514516 8.268946
0.895070 0.073473 0.257705 0.550982 0.578073 6.078077 4.805985 4.805985
0.257031 0.964473 0.142270 0.288977 0.013086 2.821580 1.027139 1.027139
0.645800 0.697365 0.529024 0.534943 0.685332 1.043228 1.366564 1.043228
0.790726 0.806903 0.108535 0.860721 0.365369 1.809531 3.453416 1.809531
0.762447 0.595102 0.138591 0.754702 0.711064 1.809531 3.453416 1.809531
0.279032 0.915796 0.704262 0.778493 0.967336 0.839491 0.927282 0.839491
0.761400 0.131796 0.731446 0.875150 0.859671 4.149443 4.122066 4.122066
0.578558 0.489009 0.947962 0.427512 0.347649 1.043228 1.371932 1.043228
0.361470 0.151987 0.292911 0.802019 0.340062 1.744522 4.736772 1.744522
0.951356 0.185561 0.187751 0.797937 0.852604 6.078077 6.313944 6.078077
0.544107 0.074230 0.011149 0.969632 0.311247 6.078077 4.805985 4.805985
0.896368 0.242579 0.701825 0.410273 0.874526 4.149443 4.123061 4.123061
0.666267 0.005373 0.828101 0.510587 0.715474 4.149443 4.122066 4.122066
0.954047 0.432463 0.405682 0.438096 0.045329 6.078077 4.122066 4.122066
0.460221 0.497758 0.147457 0.769778 0.262364 1.809531 4.061185 1.809531
0.493312 0.127242 0.019538 0.498095 0.936092 6.078077 4.805985 4.805985
0.217281 0.618583 0.112175 0.909817 0.038955 2.821580 4.736772 2.821580
0.649939 0.772187 0.048510 0.825808 0.786112 1.809531 3.453416 1.809531
0.634196 0.617995 0.684519 0.382528 0.660058 1.325726 1.311782 1.311782
0.722903 0.869145 0.559469 0.398351 0.382022 1.043228 1.311782 1.043228
0.159766 0.628305 0.497768 0.089930 0.908932 0.839491 4.736772 0.839491
0.614529 0.618801 0.363524 0.239255 0.677736 1.809531 5.725949 1.809531
0.745064 0.783950 0.925292 0.613113 0.643852 1.043228 1.311782 1.043228
0.065679 0.212215 0.005562 0.213515 0.458345 1.744522 4.736772 1.744522
0.102705 0.859158 0.654675 0.985344 0.255298 0.839491 0.927282 0.839491
0.539376 0.900260 0.975884 0.538298 0.046333 1.043228 1.311782 1.043228
0.115448 0.357361 0.146446 0.296582 0.968283 2.821580 4.736772 2.821580
0.771715 0.726201 0.318681 0.843547 0.326666 1.809531 1.311782 1.311782
0.383977 0.054134 0.958763 0.131551 0.669922 1.744522 4.122066 1.744522
0.540014 0.750225 0.437470 0.104281 0.451589 1.809531 1.643298 1.643298
0.603892 0.755765 0.107102 0.647783 0.641327 1.809531 4.329792 1.809531
0.582954 0.540398 0.274461 0.699238 0.120986 1.809531 3.453416 1.809531
0.033963 0.001297 0.213221 0.942258 0.979662 1.744522 4.736772 1.744522
0.801818 0.138612 0.249312 0.829200 0.540434 6.078077 5.208192 5.208192
0.975018 0.520519 0.929672 0.037493 0.524545 1.043228 1.609929 1.043228
0.543699 0.680628 0.681042 0.449739 0.045510 1.043228 1.311782 1.043228
0.113759 0.246243 0.507315 0.503407 0.646471 1.744522 4.736772 1.744522
0.708010 0.646368 0.557087 0.712509 0.977843 1.043228 1.311782 1.043228
0.111599 0.490509 0.848122 0.778566 0.698011 0.839491 7.105095 0.839491
0.172419 0.757161 0.782675 0.313497 0.077134 2.652850 0.927282 0.927282
0.152596 0.908103 0.637717 0.256262 0.554192 3.561112 1.027139 1.027139
0.730870 0.051381 0.281975 0.558480 0.361195 6.078077 4.805985 4.805985
0.782216 0.126668 0.371900 0.317473 0.629254 8.207918 4.122066 4.122066
0.157997 0.358304 0.037388 0.610854 0.683633 2.821580 4.736772 2.821580
0.574576 0.063132 0.491462 0.500298 0.101788 6.078077 4.122066 4.122066
0.394425 0.854621 0.946162 0.486683 0.232268 0.839491 1.311782 0.839491
0.037100 0.589622 0.159090 0.976652 0.175262 2.821580 4.736772 2.821580
0.124790 0.478786 0.314033 0.866136 0.984156 2.821580 4.736772 2.821580
0.151135 0.160367 0.630200 0.997297 0.461511 1.744522 7.105095 1.744522
0.115842 0.858313 0.139784 0.276439 0.208045 2.842063 1.027139 1.027139
0.949323 0.795612 0.041412 0.137321 0.843916 1.809531 3.453416 1.809531
0.762140 0.577113 0.282128 0.469218 0.781353 1.809531 3.453416 1.809531
0.733362 0.236256 0.803133 0.656086 0.841201 4.149443 4.122066 4.122066
0.944551 0.869885 0.260768 0.900487 0.738074 1.809531 3.453416 1.809531
0.030589 0.701964 0.335023 0.459447 0.991205 2.821580 1.027139 1.027139
0.833479 0.113020 0.058704 0.552712 0.269250 6.078077 4.805985 4.805985
0.939873 0.924028 0.831687 0.478602 0.484270 1.043228 1.311782 1.043228
0.358950 0.287084 0.576243 0.893261 0.062823 1.744522 7.105095 1.744522
0.375157 0.702932 0.871399 0.004159 0.419407 0.839491 1.609929 0.839491
0.887267 0.851624 0.715444 0.275306 0.016564 1.043228 1.609929 1.043228
0.813176 0.249719 0.720685 0.078853 0.566161 4.485488 6.293092 4.485488
0.931822 0.443234 0.297531 0.035530 0.295758 6.078077 1.609929 1.609929
0.192277 0.243539 0.846461 0.235865 0.582829 1.744522 7.105095 1.744522
0.479166 0.471334 0.588650 0.045295 0.122430 1.043228 1.609929 1.043228
0.070291 0.519647 0.428611 0.688139 0.528968 2.957631 4.736772 2.957631
0.578004 0.782597 0.840352 0.592426 0.857677 1.043228 2.111661 1.043228
0.467922 0.800645 0.081958 0.418072 0.538288 1.809531 4.163844 1.809531
0.124259 0.108153 0.330888 0.656804 0.053269 1.744522 4.736772 1.744522
0.060568 0.018437 0.777866 0.010697 0.452571 1.744522 7.105095 1.744522
0.645110 0.616285 0.225955 0.790612 0.372499 1.809531 3.453416 1.809531
0.150223 0.136924 0.168569 0.243156 0.830940 1.744522 4.736772 1.744522
0.808546 0.233249 0.871840 0.677550 0.233699 4.277027 4.359304 4.277027
0.265906 0.362511 0.370656 0.221312 0.244074 2.821580 4.736772 2.821580
0.145822 0.625778 0.118959 0.503902 0.242649 2.983832 4.736772 2.983832
0.796611 0.689539 0.796913 0.293925 0.470307 1.083858 1.609929 1.083858
0.694927 0.669282 0.678835 0.893754 0.314755 1.043438 1.382296 1.043438
0.015567 0.489533 0.536375 0.058001 0.764234 0.839491 4.736772 0.839491
0.264152 0.841620 0.558423 0.620332 0.480866 1.112414 1.027139 1.027139
0.044148 0.835370 0.309243 0.142880 0.388573 2.937871 1.027139 1.027139
0.251298 0.491868 0.946949 0.017927 0.469343 0.839491 7.105095 0.839491
0.628450 0.216997 0.331164 0.419150 0.268699 6.078077 4.805985 4.805985
0.734178 0.869128 0.457865 0.692637 0.413049 1.809531 1.311782 1.311782
0.277503 0.694706 0.706640 0.935530 0.222974 0.839491 0.927282 0.839491
0.978846 0.726263 0.436076 0.127926 0.551824 1.809531 1.609929 1.609929
0.751922 0.278492 0.276138 0.322973 0.608086 6.078077 4.805985 4.805985
0.846767 0.758167 0.336465 0.242958 0.091890 1.809531 1.609929 1.609929
0.497679 0.597965 0.169621 0.059213 0.640073 1.839516 3.453416 1.839516
0.759069 0.427977 0.969582 0.582561 0.189864 4.149443 4.128869 4.128869
0.141488 0.763941 0.100691 0.598354 0.564864 4.062969 1.147782 1.147782
0.974374 0.336786 0.540765 0.582853 0.900167 6.314119 4.122066 4.122066
0.087389 0.252486 0.686781 0.660423 0.743058 1.744522 7.105095 1.744522
0.755360 0.968089 0.244544 0.302817 0.562756 1.809531 3.453416 1.809531
0.881748 0.573532 0.197029 0.545257 0.516997 2.144717 3.453416 2.144717
