# Consensus Archive (basin-tagged)
# x0..x(D-1) f0 f1 consensus
0.639836 0.990701 0.261443 33.663062 17.784938 17.784938
0.334161 0.518567 0.497957 43.434570 6.946603 6.946603
0.855879 0.745718 0.749269 35.213698 37.834861 35.213698
0.296887 0.680017 0.668905 23.413852 6.946603 6.946603
0.597053 0.837442 0.138576 18.642372 39.672277 18.642372
0.595263 0.908754 0.158174 44.849479 52.034810 44.849479
0.805421 0.195612 0.215033 18.636529 20.649052 18.636529
0.779144 0.820184 0.237291 19.828490 19.627468 19.627468
0.646484 0.939773 0.168883 58.003569 61.369065 58.003569
0.653366 0.244936 0.559088 5.711210 46.035209 5.711210
0.587080 0.347075 0.378750 5.711210 28.165461 5.711210
0.588173 1.000000 0.209287 29.618945 18.794671 18.794671
0.702136 0.815178 0.156238 52.961729 31.536894 31.536894
0.624887 0.186889 0.568681 5.711210 20.637700 5.711210
0.869285 0.633534 0.685754 32.123776 35.637617 32.123776
0.739948 0.962523 0.263828 24.910764 21.919634 21.919634
0.675363 0.811888 0.209747 21.150751 28.763758 21.150751
0.660107 0.837525 0.198245 31.200243 47.833183 31.200243
0.781730 0.825625 0.206175 32.019080 26.066758 26.066758
0.698785 1.000000 0.208353 19.917032 19.852380 19.852380
0.745625 0.671796 0.683611 16.662051 24.339670 16.662051
0.774372 0.661412 0.702402 29.146890 43.713921 29.146890
0.593107 0.918215 0.104492 23.249511 22.319087 22.319087
0.670843 0.907891 0.194009 87.091972 87.030868 87.030868
0.724023 0.681851 0.808621 28.561186 24.267665 24.267665
0.872360 0.695971 0.727428 55.205547 40.332471 40.332471
0.764392 0.709938 0.730641 39.092612 36.561589 36.561589
0.664182 0.936527 0.210899 74.891051 63.573462 63.573462
0.730068 0.959129 0.230740 31.129621 39.184978 31.129621
0.659449 0.912107 0.118879 38.653536 35.839803 35.839803
0.706272 0.827079 0.126488 47.872362 34.662300 34.662300
0.792256 0.903264 0.262401 23.487930 22.718893 22.718893
0.869584 0.684877 0.716074 58.828375 39.880615 39.880615
0.808414 0.807490 0.201747 22.809315 16.674428 16.674428
0.666430 1.000000 0.156905 18.534403 18.868528 18.534403
0.722582 0.700022 0.744894 20.599796 30.112659 20.599796
0.731775 0.885566 0.189375 67.528907 73.940643 67.528907
0.753284 0.826335 0.182557 47.606804 37.500891 37.500891
0.621324 0.844911 0.187708 22.147071 51.525065 22.147071
0.616257 0.967283 0.190928 49.987963 39.090121 39.090121
0.682007 0.819966 0.142812 48.479146 32.902869 32.902869
0.822605 0.660872 0.858362 51.866359 29.031535 29.031535
0.791379 0.889129 0.168972 23.303841 46.605450 23.303841
0.898318 0.669688 0.782563 40.619652 43.684200 40.619652
0.108079 0.114352 0.736514 24.590992 23.150770 23.150770
0.654699 0.900718 0.176394 83.124212 84.060205 83.124212
0.915741 0.617507 0.739235 22.191077 20.186961 20.186961
0.713393 1.000000 0.245976 21.037627 17.283462 17.283462
0.603465 0.878866 0.198422 27.011839 53.083586 27.011839
0.829036 0.597475 0.756033 28.527610 37.615214 28.527610
0.116281 0.121739 0.690361 21.449646 21.313238 21.313238
0.844997 0.768987 0.716670 22.115297 19.206297 19.206297
0.759112 0.706906 0.881510 30.405304 20.198406 20.198406
0.900536 0.665383 0.870623 18.864091 17.037023 17.037023
0.733781 0.820277 0.228510 24.909636 31.065792 24.909636
0.672902 0.918475 0.157702 65.022277 74.410703 65.022277
0.729257 0.848712 0.099164 38.120858 21.759727 21.759727
0.824172 0.687975 0.775409 89.997571 89.999171 89.997571
0.879383 0.665929 0.657609 26.909311 19.430372 19.430372
0.772175 0.766288 0.782051 27.370635 28.187319 27.370635
0.928666 0.716553 0.739636 21.275305 19.372759 19.372759
0.758938 0.604957 0.748438 17.283825 30.432271 17.283825
0.735347 0.699742 0.854325 35.791390 20.260614 20.260614
0.769774 0.657024 0.782615 45.541280 48.181597 45.541280
0.549038 0.939068 0.226007 16.682525 28.117603 16.682525
0.729429 0.636836 0.755526 16.942902 30.185614 16.942902
0.117323 0.137828 0.770092 39.323905 39.678558 39.323905
0.721293 0.927631 0.167356 37.475764 60.532388 37.475764
0.695969 0.794793 0.174428 28.235201 21.703505 21.703505
0.938050 0.643479 0.753596 23.559833 18.954337 18.954337
0.927205 0.708626 0.812097 16.738062 34.309846 16.738062
0.775225 0.676734 0.806407 57.176812 47.339881 47.339881
0.125321 0.178012 0.776135 27.182731 28.240028 27.182731
0.812290 0.878783 0.233678 21.761984 29.740102 21.761984
0.850514 0.778158 0.744971 20.588215 23.321216 20.588215
0.639985 0.893866 0.225359 47.191344 52.648624 47.191344
0.677692 0.787687 0.148124 23.969528 17.935480 17.935480
0.799099 0.685766 0.896158 30.613602 20.989593 20.989593
0.811345 0.678099 0.698143 50.990296 44.409872 44.409872
0.734140 0.700804 0.785761 33.280517 36.795927 33.280517
0.812437 0.647916 0.710065 49.005695 61.750291 49.005695
0.803156 0.810591 0.137266 20.146613 18.819189 18.819189
0.790657 0.227126 0.282225 24.754588 25.136231 24.754588
0.634512 0.945344 0.248941 47.404836 35.285397 35.285397
0.860535 0.622651 0.645415 18.716369 25.107434 18.716369
0.664758 0.892022 0.231351 60.701927 55.801955 55.801955
0.662184 1.000000 0.223528 36.466418 19.297199 19.297199
0.659977 1.000000 0.199159 30.605220 20.426308 20.426308
0.783651 0.646269 0.772247 47.034505 57.048508 47.034505
0.775548 0.753120 0.834907 35.739763 34.487398 34.487398
0.820879 0.653708 0.649494 24.272801 26.717882 24.272801
0.825973 0.249426 0.593744 20.204985 17.162860 17.162860
0.640973 1.000000 0.195010 36.257167 20.445413 20.445413
0.756773 0.336101 0.390352 5.727639 12.786457 5.727639
0.602323 1.000000 0.194703 34.249116 19.894883 19.894883
0.627074 0.894481 0.137806 56.596065 50.014799 50.014799
0.901454 0.725999 0.734837 26.517975 23.913412 23.913412
0.610345 0.894389 0.097758 28.389388 20.719197 20.719197
0.776836 0.198724 0.224089 16.883066 25.821355 16.883066
0.888249 0.737279 0.702473 22.216262 17.316469 17.316469
0.748247 0.838719 0.209279 40.867264 40.221524 40.221524
0.636212 1.000000 0.164361 23.250408 19.603596 19.603596
0.780400 0.706919 0.844879 50.515472 40.799818 40.799818
0.812546 0.686921 0.732440 73.329585 65.262149 65.262149
0.829694 0.632817 0.811606 49.025239 39.273346 39.273346
0.772652 0.752147 0.739930 31.117689 26.339216 26.339216
0.797792 0.718964 0.734347 61.461283 44.364329 44.364329
0.771937 0.609488 0.800519 19.724268 23.764031 19.724268
0.719344 0.802752 0.185041 37.091648 25.585394 25.585394
0.789702 0.621033 0.727699 32.604099 45.040249 32.604099
0.832722 0.707181 0.719278 64.848559 49.211994 49.211994
0.677829 0.850994 0.226174 38.077239 48.646883 38.077239
0.761068 0.656601 0.751108 33.516377 52.894718 33.516377
0.762454 0.737375 0.789399 40.028209 36.744982 36.744982
0.814808 0.785807 0.732937 22.512900 17.153272 17.153272
0.580884 0.895666 0.223528 19.154954 33.790511 19.154954
0.850855 0.575481 0.771349 17.160328 20.226278 17.160328
0.812861 0.732163 0.903851 22.618473 29.008546 22.618473
0.925347 0.661411 0.794331 23.542071 26.438313 23.542071
0.833672 0.730402 0.894002 25.261214 31.919941 25.261214
0.838792 0.622028 0.787299 41.793578 45.716079 41.793578
0.716292 0.753121 0.776665 19.218903 16.956021 16.956021
0.698899 0.879428 0.147296 75.253972 64.409943 64.409943
0.816444 0.720106 0.842441 51.531418 67.449589 51.531418
0.854612 0.645195 0.721969 53.890931 53.646701 53.646701
0.614263 1.000000 0.191815 33.740764 20.184556 20.184556
0.570671 0.872979 0.099754 18.853924 19.220792 18.853924
0.822977 0.706214 0.794214 83.525043 85.747619 83.525043
0.903439 0.635776 0.767402 31.862882 28.285211 28.285211
0.767789 0.226212 0.335100 18.436817 17.745306 17.745306
0.674702 0.977044 0.245211 39.912246 27.198939 27.198939
0.742023 0.706809 0.706118 21.582820 22.557402 21.582820
0.643126 0.890763 0.281704 20.520706 18.198746 18.198746
0.832460 0.733670 0.867366 34.549879 50.462936 34.549879
0.803334 0.640907 0.874390 28.998620 18.357482 18.357482
0.916772 0.746093 0.794104 16.702247 28.984706 16.702247
0.880305 0.691778 0.770188 54.546172 58.695425 54.546172
0.589096 0.983127 0.261420 23.733670 18.001510 18.001510
0.814169 0.750976 0.838847 42.384307 52.290194 42.384307
0.667799 0.883359 0.138305 65.782986 53.630877 53.630877
0.607246 0.947039 0.211831 42.774524 46.574263 42.774524
0.746478 0.909253 0.219959 51.705912 59.307273 51.705912
0.835174 0.621694 0.668905 24.176623 41.744533 24.176623
0.680605 0.931725 0.132530 37.632650 46.029779 37.632650
0.739024 0.911257 0.137570 27.266769 38.564022 27.266769
0.885143 0.733352 0.767001 33.387023 38.224995 33.387023
0.618512 0.811004 0.102764 19.584629 18.691514 18.691514
0.813089 0.595412 0.715432 26.818179 37.870942 26.818179
0.903932 0.621239 0.702458 26.240319 22.730540 22.730540
0.812546 0.266851 0.575925 17.769346 20.738625 17.769346
0.623171 0.918029 0.200196 55.955324 67.290808 55.955324
0.714582 0.923703 0.238722 52.213193 43.896168 43.896168
0.883985 0.736590 0.735872 28.080982 26.506797 26.506797
0.639038 0.983162 0.134006 19.111174 24.230246 19.111174
0.898023 0.594597 0.672693 17.558836 17.326600 17.326600
0.867431 0.754680 0.819214 29.379607 43.010218 29.379607
0.703864 0.720279 0.764571 17.599240 18.611273 17.599240
0.736026 0.817780 0.105035 36.958747 21.068385 21.068385
0.682381 0.896127 0.185303 89.990919 89.986428 89.986428
0.792556 0.685902 0.777352 74.648528 78.159889 74.648528
0.841401 0.693430 0.829198 63.401123 58.019630 58.019630
0.877937 0.701221 0.805624 42.431527 64.798905 42.431527
0.862241 0.648770 0.847627 44.274309 24.233236 24.233236
0.574596 0.963188 0.201052 28.526359 28.403710 28.403710
0.801345 0.654985 0.812955 53.247928 48.127205 48.127205
0.655810 0.955571 0.134736 28.418417 44.043423 28.418417
0.794745 0.600497 0.830854 18.683037 17.004292 17.004292
0.798983 0.728003 0.761090 58.368228 57.435919 57.435919
0.873166 0.671200 0.734867 66.245827 52.123796 52.123796
0.818594 0.235318 0.238426 19.370917 25.574353 19.370917
0.620429 0.860849 0.154453 37.012938 62.281950 37.012938
0.831224 0.586994 0.815333 21.469491 16.949048 16.949048
0.644177 0.993955 0.227633 45.262785 21.142953 21.142953
0.120510 0.153145 0.797671 35.115510 35.329104 35.115510
0.847958 0.662486 0.691389 42.935493 44.313018 42.935493
0.756117 0.802369 0.160046 39.006132 23.981928 23.981928
0.725817 0.724515 0.833230 32.605594 24.402411 24.402411
0.798378 0.197450 0.276374 24.769446 18.065087 18.065087
0.717109 0.965442 0.199162 27.045130 38.370269 27.045130
0.823486 0.630234 0.759850 53.598420 62.459368 53.598420
0.773517 0.859851 0.179322 37.640156 45.140866 37.640156
0.797621 0.582825 0.760950 17.186951 28.707335 17.186951
0.557868 0.943390 0.134505 22.585682 22.881740 22.585682
0.855385 0.601282 0.710641 26.795396 31.846817 26.795396
0.822827 0.745290 0.778475 53.287263 61.232578 53.287263
0.828294 0.780475 0.768064 26.768573 34.737257 26.768573
0.884049 0.695984 0.862762 24.273449 28.223441 24.273449
0.787541 0.692919 0.699326 40.897632 33.945226 33.945226
0.695128 0.934681 0.212893 68.066222 63.977409 63.977409
0.764735 0.850747 0.144967 35.396708 45.752881 35.396708
0.851829 0.732679 0.911168 19.010745 23.002281 19.010745
0.759883 0.662523 0.841282 32.680891 23.558881 23.558881
0.823989 0.216294 0.230123 20.893059 21.506211 20.893059
0.711915 0.846203 0.192315 60.746233 57.892227 57.892227
0.593511 0.870284 0.131405 30.825463 39.375228 30.825463
0.926274 0.669111 0.703312 33.153329 18.987559 18.987559
0.880052 0.643497 0.802333 41.516159 37.102528 37.102528
0.875299 0.758229 0.856154 17.902154 34.421505 17.902154
0.871370 0.636667 0.746376 44.439478 42.311227 42.311227
0.723060 0.868581 0.257913 29.192162 28.699316 28.699316
