# gen=200 party=1
# sp x0..x(D-1) party_fit
0 0.052697 0.587382 0.311053 0.069811 0.777329 29.793483
1 0.174455 0.227124 0.328918 0.441846 0.999211 29.793483
2 0.096534 0.431071 0.313591 0.861674 0.205035 29.793483
3 0.489123 0.406773 0.127539 0.353895 0.180697 29.793483
4 0.211637 0.565950 0.219712 0.291883 0.154644 29.793483
5 0.260641 0.244216 0.735734 0.837519 0.849996 29.793483
6 0.120445 0.206431 0.697960 0.423496 0.130084 29.793483
7 0.079516 0.039456 0.237078 0.086267 0.306410 29.793483
