# gen=100 party=1
# sp x0..x(D-1) party_fit
0 0.564975 0.482142 0.778189 0.915536 0.568928 0.759674 0.727413 0.361151 0.644901 0.102763 53.884690
1 0.641388 0.813188 0.489593 0.942238 0.186119 0.376349 0.461115 0.623574 0.548860 0.690672 53.884690
2 0.627152 0.739404 0.892720 0.956945 0.069750 0.503776 0.375868 0.685498 0.479948 0.130108 53.884690
3 0.557470 0.643393 0.825809 0.821173 0.280619 0.552608 0.594833 0.271857 0.776749 0.519502 53.884690
4 0.867071 0.929434 0.785915 0.982760 0.744813 0.910613 0.905906 0.333162 0.265737 0.842956 53.884690
5 0.819912 0.803770 0.382450 0.853688 0.422644 0.331885 0.247185 0.415478 0.748930 0.208445 53.884690
6 0.945994 0.539435 0.378826 0.225067 0.206326 0.422164 0.669189 0.568956 0.541182 0.740442 52.665563
7 0.993177 0.837501 0.839020 0.628274 0.322190 0.373920 0.915989 0.385239 0.909339 0.930769 52.665563
