# gen=50 mediating population
# x0..x(D-1) f0 f1 consensus
0.613662 0.547905 0.010808 0.985721 0.464896 0.672652 0.715158 0.175765 1.000000 1.000000 0.276614 0.728074 0.276614
0.665583 0.394909 0.067727 1.000000 1.000000 1.000000 0.058954 0.011877 1.000000 0.256776 0.276614 0.728074 0.276614
0.560515 0.433077 0.000000 1.000000 1.000000 0.989408 0.161640 0.171457 1.000000 0.554501 0.276614 0.728074 0.276614
0.659866 0.576631 0.224536 1.000000 0.964916 0.000000 0.270016 0.000000 1.000000 0.799314 0.276614 0.728074 0.276614
0.479970 0.569727 0.244024 1.000000 0.018450 0.344980 0.920686 0.700300 0.000000 0.000000 0.276614 0.728074 0.276614
0.600550 0.507149 0.044864 1.000000 0.929055 0.142766 1.000000 0.742930 0.316661 0.120164 0.276614 0.728074 0.276614
0.464638 0.431877 0.073794 0.955701 1.000000 0.506596 0.452602 0.624725 0.106342 0.296839 0.276614 0.728074 0.276614
0.433127 0.513013 0.072483 1.000000 0.658819 0.000000 0.547208 0.312039 0.000000 0.676949 0.276614 0.728074 0.276614
0.483046 0.420731 0.365858 1.000000 0.416560 0.920778 0.065962 0.268006 1.000000 0.322928 0.276614 0.728074 0.276614
0.541960 0.443851 0.327749 0.961101 0.951663 0.835287 0.114719 0.463471 0.388481 0.633523 0.276614 0.728074 0.276614
0.628016 0.531411 0.166184 1.000000 0.435781 0.426366 0.072542 0.355652 0.919566 0.746914 0.276614 0.728074 0.276614
0.473079 0.417242 0.442838 0.989215 0.527287 0.740297 0.132023 0.607697 0.955367 0.276656 0.276614 0.728074 0.276614
0.533545 0.516740 0.208950 1.000000 0.922776 0.031929 0.874010 0.294660 0.119792 0.002166 0.276614 0.728074 0.276614
0.647688 0.440570 0.275012 0.991277 0.901902 0.785035 0.287327 0.336822 0.252050 0.541892 0.276614 0.728074 0.276614
0.602920 0.478617 0.000000 1.000000 0.963100 0.398541 0.000000 0.186036 0.367287 0.964454 0.276614 0.728074 0.276614
0.497335 0.516536 0.000000 1.000000 1.000000 0.102318 0.841839 0.421967 1.000000 0.685965 0.276614 0.728074 0.276614
0.584698 0.537459 0.243929 1.000000 0.396501 0.898042 0.187319 0.000000 0.474934 0.127887 0.276614 0.728074 0.276614
0.552998 0.389434 0.462088 1.000000 1.000000 0.693676 0.268098 0.421736 0.522802 0.716085 0.276614 0.728074 0.276614
0.680013 0.415718 0.321956 1.000000 0.952746 0.626211 0.279647 0.288646 0.636118 0.643260 0.276614 0.728074 0.276614
0.610106 0.561732 0.114626 1.000000 0.839463 0.385861 0.894476 0.962238 1.000000 0.740601 0.276614 0.728074 0.276614
0.677785 0.379862 0.083715 1.000000 0.000000 0.431452 0.460581 0.000000 0.768632 0.697127 0.276614 0.728074 0.276614
0.611247 0.395172 0.496444 1.000000 0.030032 0.000000 0.491237 0.683823 0.484359 0.058011 0.276614 0.728074 0.276614
0.701618 0.446793 0.242279 1.000000 0.402892 0.163092 1.000000 0.450840 0.485279 0.766554 0.276614 0.728074 0.276614
0.643018 0.414141 0.160719 0.925290 0.891198 1.000000 0.000000 0.000000 0.807881 0.612895 0.276614 0.728074 0.276614
0.543581 0.461534 0.000000 1.000000 1.000000 1.000000 0.061184 0.245901 0.000000 0.723873 0.276614 0.728074 0.276614
0.534230 0.513030 0.000000 1.000000 0.775558 0.000000 0.000000 0.626353 0.571425 0.890164 0.276614 0.728074 0.276614
0.611532 0.477544 0.000000 0.997304 1.000000 0.004121 0.405279 0.112115 0.920222 0.817100 0.276614 0.728074 0.276614
0.449518 0.416185 0.000145 0.991549 1.000000 0.280761 0.280650 0.472274 0.425994 0.178428 0.276614 0.728074 0.276614
0.653873 0.456883 0.000000 1.000000 0.409969 0.255680 0.000000 0.054366 0.598146 0.612240 0.276614 0.728074 0.276614
0.612317 0.374137 0.000000 0.958647 1.000000 0.449215 0.095458 0.495355 0.189639 0.446796 0.276614 0.728074 0.276614
0.626763 0.509316 0.215009 1.000000 0.825378 0.989408 0.000000 0.053707 0.671404 0.495021 0.276614 0.728074 0.276614
0.552472 0.557466 0.000000 1.000000 1.000000 0.827847 0.074240 0.593323 0.982754 0.625006 0.276614 0.728074 0.276614
0.535007 0.519133 0.000000 1.000000 0.656269 0.708196 0.277188 0.527779 0.739348 0.779421 0.276614 0.728074 0.276614
0.572952 0.459288 0.000000 0.919522 0.972615 0.229552 0.105069 0.321636 0.454001 0.761934 0.276614 0.728074 0.276614
0.557634 0.467087 0.000000 0.998652 0.519342 0.000000 0.687887 0.218259 0.000000 0.932541 0.276614 0.728074 0.276614
0.567560 0.444813 0.103628 0.961305 0.901542 0.000000 0.571861 0.306855 0.392546 0.791415 0.276614 0.728074 0.276614
0.657179 0.586427 0.000000 0.959129 1.000000 0.461342 0.264957 0.357862 0.592083 1.000000 0.276614 0.728074 0.276614
0.604507 0.379344 0.482233 0.987365 1.000000 0.201008 0.000000 0.241244 0.048254 0.933454 0.276614 0.728074 0.276614
0.645428 0.545784 0.166003 1.000000 0.000000 0.000000 1.000000 0.944943 0.426608 0.126605 0.276614 0.728074 0.276614
0.616726 0.478390 0.224606 1.000000 0.065908 0.919749 1.000000 0.372018 0.026919 0.293835 0.276614 0.728074 0.276614
0.533572 0.534497 0.147296 0.928304 0.382453 0.477109 0.830149 0.699682 0.360695 1.000000 0.276614 0.728074 0.276614
0.633492 0.512437 0.471207 1.000000 0.315637 0.615916 0.145226 0.988206 0.000000 0.809066 0.276614 0.728074 0.276614
0.498490 0.556376 0.000000 1.000000 0.843862 1.000000 0.456462 0.616326 0.769422 0.924178 0.276614 0.728074 0.276614
0.618540 0.504260 0.160978 1.000000 1.000000 0.423841 0.000000 0.474087 0.051005 0.146895 0.276614 0.728074 0.276614
0.486598 0.396877 0.483550 1.000000 0.317244 0.792868 0.457531 0.539653 0.361430 0.452626 0.276614 0.728074 0.276614
0.567046 0.505818 0.259204 1.000000 0.863868 0.000000 0.074098 0.761158 0.279494 0.000000 0.276614 0.728074 0.276614
0.608010 0.498171 0.431637 1.000000 1.000000 0.000000 0.000000 0.486797 0.884816 0.381435 0.276614 0.728074 0.276614
0.589111 0.519145 0.397030 0.980550 0.443418 1.000000 0.000000 0.000000 0.000000 0.732561 0.276614 0.728074 0.276614
0.632353 0.445187 0.422435 1.000000 0.989651 0.828708 0.460581 0.146174 0.000000 0.487718 0.276614 0.728074 0.276614
0.613810 0.536055 0.247528 1.000000 0.663106 0.989408 0.235920 0.205183 0.885708 0.470239 0.276614 0.728074 0.276614
0.654450 0.441986 0.190195 1.000000 0.748505 0.253682 0.038699 0.831915 1.000000 0.383519 0.276614 0.728074 0.276614
0.517525 0.462462 0.339144 1.000000 0.965010 0.492280 0.340357 0.605929 0.730537 0.915631 0.276614 0.728074 0.276614
0.644370 0.369145 0.000000 1.000000 0.795891 0.605898 0.000000 0.000000 0.816312 1.000000 0.276614 0.728074 0.276614
0.574888 0.384931 0.200583 0.979323 0.704188 1.000000 0.508566 0.016985 0.314158 0.307407 0.276614 0.728074 0.276614
0.645923 0.418743 0.102594 1.000000 0.483981 0.187651 0.979041 0.122201 0.435075 0.693728 0.276614 0.728074 0.276614
0.434162 0.533319 0.000000 0.970388 0.658819 0.137096 0.862939 0.532645 0.000000 0.742465 0.276614 0.728074 0.276614
0.699696 0.526041 0.108485 1.000000 0.759788 0.188830 0.956678 0.669234 0.656830 0.679928 0.276614 0.728074 0.276614
0.540032 0.473834 0.099626 0.956929 0.359723 0.977050 0.422735 0.000000 0.833124 0.555037 0.276614 0.728074 0.276614
0.665911 0.496421 0.010837 0.988289 0.103934 0.844269 0.620178 0.341609 0.059523 0.845015 0.276614 0.728074 0.276614
0.661219 0.472967 0.000000 1.000000 0.861149 0.577085 0.744566 0.000000 0.597434 0.182935 0.276614 0.728074 0.276614
0.676192 0.467194 0.000000 1.000000 1.000000 0.000000 0.453220 0.223883 1.000000 0.908009 0.276614 0.728074 0.276614
0.530934 0.568784 0.308977 0.970814 0.475020 0.864096 0.635048 0.146631 0.880334 0.000000 0.276614 0.728074 0.276614
0.680564 0.487926 0.000000 1.000000 0.680405 0.109214 0.894476 0.679105 0.951758 0.716713 0.276614 0.728074 0.276614
0.457320 0.565262 0.332369 1.000000 0.461914 0.269060 0.672621 0.090990 0.656827 0.000000 0.276614 0.728074 0.276614
0.550635 0.540650 0.250000 1.000000 0.646421 0.680827 0.577989 0.668008 0.888519 0.791214 0.276614 0.728074 0.276614
0.527557 0.441826 0.103428 0.947135 0.879894 0.245493 0.285560 0.830551 0.951273 0.245939 0.276614 0.728074 0.276614
0.697071 0.529309 0.146941 1.000000 0.965988 0.239358 0.611270 0.359497 0.451704 0.999386 0.276614 0.728074 0.276614
0.498230 0.506541 0.000000 1.000000 0.494188 0.470074 0.147419 0.406178 0.903941 0.780247 0.276614 0.728074 0.276614
0.521955 0.541965 0.149440 1.000000 0.753634 0.033279 0.687369 0.204665 0.251646 0.000000 0.276614 0.728074 0.276614
0.533260 0.499746 0.005795 1.000000 0.436514 0.251767 0.000000 0.433996 0.551702 0.748544 0.276614 0.728074 0.276614
0.686516 0.513266 0.423188 1.000000 0.813230 0.758042 0.469258 0.000000 0.614921 1.000000 0.276614 0.728074 0.276614
0.571607 0.523468 0.043836 0.946245 1.000000 0.000000 0.138780 0.256460 0.799933 0.719699 0.276614 0.728074 0.276614
0.513114 0.547725 0.185645 1.000000 0.626825 0.046440 0.689873 0.042817 0.356477 0.697176 0.276614 0.728074 0.276614
0.508434 0.555056 0.442214 0.985717 0.893333 0.000000 0.646983 0.977259 0.397132 0.469262 0.276614 0.728074 0.276614
0.661759 0.539457 0.383355 1.000000 0.672468 0.000000 0.000000 0.416185 0.596110 0.815214 0.276614 0.728074 0.276614
0.502932 0.549597 0.386200 1.000000 0.594535 0.068215 0.001995 0.465158 0.876985 0.478374 0.276614 0.728074 0.276614
0.680013 0.433374 0.261136 0.915875 0.569047 0.511687 0.423857 0.622919 0.699573 0.783179 0.276614 0.728074 0.276614
0.514630 0.428717 0.000000 1.000000 1.000000 0.709872 0.467390 0.087781 0.922242 0.941031 0.276614 0.728074 0.276614
0.481270 0.487362 0.041592 1.000000 1.000000 0.662804 0.833232 0.194481 0.180114 0.474488 0.276614 0.728074 0.276614
0.523958 0.547958 0.149440 0.984833 0.753634 0.078038 0.687369 0.258232 0.309238 0.813985 0.276614 0.728074 0.276614
0.495233 0.497380 0.169535 1.000000 0.619466 0.478018 0.566006 0.733082 0.836263 0.585787 0.276614 0.728074 0.276614
0.627138 0.464488 0.245898 0.921441 0.569047 1.000000 0.004605 0.840666 0.254167 1.000000 0.276614 0.728074 0.276614
0.663207 0.403368 0.079541 1.000000 0.676862 1.000000 0.000000 0.000000 0.919507 0.592761 0.276614 0.728074 0.276614
0.677288 0.442284 0.340186 1.000000 1.000000 0.066830 0.000000 0.307118 0.425827 0.963974 0.276614 0.728074 0.276614
0.550791 0.568812 0.397030 1.000000 0.515217 1.000000 0.078269 0.099303 0.000000 0.614149 0.276614 0.728074 0.276614
0.643356 0.549486 0.203974 1.000000 0.758516 1.000000 0.418307 0.531973 0.892570 0.291214 0.276614 0.728074 0.276614
0.624643 0.534349 0.159956 0.936117 0.779612 0.000000 1.000000 1.000000 0.671747 0.682936 0.276614 0.728074 0.276614
0.690323 0.445314 0.343055 1.000000 0.986826 0.477757 0.168287 0.274882 0.100166 0.000000 0.276614 0.728074 0.276614
0.609095 0.428997 0.353043 1.000000 0.480172 1.000000 0.504375 0.027447 0.275258 0.514520 0.276614 0.728074 0.276614
0.498678 0.432909 0.000000 0.946035 0.760600 0.272153 0.000000 0.198059 0.238952 0.878711 0.276614 0.728074 0.276614
0.482245 0.498154 0.000000 1.000000 0.505289 0.555765 1.000000 0.000000 0.320798 0.641043 0.276614 0.728074 0.276614
0.576968 0.516931 0.000000 1.000000 0.861759 0.773906 0.262887 0.225577 1.000000 0.998332 0.276614 0.728074 0.276614
0.494581 0.424310 0.009888 0.922202 0.740086 0.994763 0.417289 0.502432 0.457848 0.201020 0.276614 0.728074 0.276614
0.529444 0.393425 0.384031 0.982008 0.470383 0.000000 0.000000 0.126546 0.643714 1.000000 0.276614 0.728074 0.276614
0.535661 0.586467 0.000000 1.000000 1.000000 0.362149 0.522294 0.658942 0.754820 0.000000 0.276614 0.728074 0.276614
0.480513 0.508327 0.154166 0.940853 0.645386 0.370148 0.204791 0.272643 1.000000 0.831723 0.276614 0.728074 0.276614
0.644530 0.481709 0.121974 1.000000 0.850107 0.000000 0.000000 0.674645 0.000000 0.027423 0.276614 0.728074 0.276614
0.581091 0.415415 0.160866 1.000000 0.819215 0.562724 0.706194 0.168564 0.759427 0.548462 0.276614 0.728074 0.276614
0.566439 0.585190 0.350511 0.994608 1.000000 0.801222 0.153613 0.466555 0.000000 0.565060 0.276614 0.728074 0.276614
0.434323 0.590248 0.063356 1.000000 0.918758 0.000000 0.000000 0.456409 0.000000 0.290350 0.276614 0.728074 0.276614
0.508747 0.531118 0.253973 0.982555 1.000000 0.000000 0.442819 1.000000 0.266143 0.000000 0.276614 0.728074 0.276614
0.482404 0.526979 0.000000 1.000000 0.929745 0.924510 0.552822 0.198241 0.280545 1.000000 0.276614 0.728074 0.276614
0.568952 0.548818 0.156264 0.967687 0.503147 0.911729 0.000000 0.160896 0.718031 0.447536 0.276614 0.728074 0.276614
0.608558 0.432971 0.343540 0.994273 0.690913 0.053621 0.141436 0.582387 0.000000 0.507082 0.276614 0.728074 0.276614
0.559743 0.482676 0.000000 1.000000 0.896551 0.881359 0.000000 0.000000 0.000000 0.747606 0.276614 0.728074 0.276614
0.460105 0.550363 0.092532 0.933052 0.768577 0.814229 0.885120 0.071661 0.170681 1.000000 0.276614 0.728074 0.276614
0.615009 0.474897 0.470194 0.974224 0.711372 0.000000 0.315081 1.000000 0.398126 0.000000 0.276614 0.728074 0.276614
0.686115 0.489766 0.379047 1.000000 0.103934 0.889028 0.174152 0.510345 0.159557 0.749392 0.276614 0.728074 0.276614
0.606630 0.480253 0.031109 1.000000 0.847488 0.793739 0.318861 0.702656 0.786441 0.414825 0.276614 0.728074 0.276614
0.494044 0.506448 0.000000 0.938205 0.529224 1.000000 0.578454 0.198414 0.266189 0.766307 0.276614 0.728074 0.276614
0.436621 0.586391 0.000000 0.961101 1.000000 0.349700 0.820207 0.586470 0.951704 0.886526 0.276614 0.728074 0.276614
0.523779 0.513547 0.395724 1.000000 0.357498 0.049552 0.599475 0.284752 0.077716 0.850362 0.276614 0.728074 0.276614
0.455813 0.468809 0.101348 1.000000 0.436282 0.022443 0.536728 0.001674 0.059207 0.963731 0.276614 0.728074 0.276614
0.475208 0.518497 0.477639 0.979441 0.517277 0.000000 0.466880 0.290575 0.475651 0.742617 0.276614 0.728074 0.276614
0.590457 0.475063 0.070096 1.000000 0.342969 0.763746 0.041069 0.081128 0.580589 0.447198 0.276614 0.728074 0.276614
0.669627 0.431108 0.174906 1.000000 0.726470 0.584043 0.559324 0.000000 0.609291 0.619705 0.276614 0.728074 0.276614
0.660659 0.447169 0.004701 0.935374 0.967905 0.247377 0.000000 0.220109 0.590767 0.795550 0.276614 0.728074 0.276614
0.463840 0.373443 0.324769 0.968340 1.000000 0.365031 0.667311 0.290637 0.000000 0.529355 0.276614 0.728074 0.276614
0.571030 0.552226 0.233706 1.000000 1.000000 0.034775 0.000000 0.462445 0.212913 0.424799 0.276614 0.728074 0.276614
0.562147 0.504676 0.270603 0.977850 1.000000 0.000000 0.000000 0.675686 0.125812 0.073219 0.276614 0.728074 0.276614
0.601357 0.397933 0.040743 1.000000 1.000000 0.321250 0.000000 0.892498 0.196025 0.496526 0.276614 0.728074 0.276614
0.504388 0.425630 0.112405 1.000000 1.000000 1.000000 0.000000 0.000000 0.871261 0.423633 0.276614 0.728074 0.276614
0.606567 0.555946 0.402380 1.000000 1.000000 0.955654 0.000000 0.484315 0.000000 0.054502 0.276614 0.728074 0.276614
0.556796 0.510467 0.318898 0.994608 0.763643 0.897269 0.078269 0.286807 0.000000 0.413930 0.276614 0.728074 0.276614
0.445921 0.537862 0.135024 1.000000 0.490656 0.518963 0.900150 0.282038 0.856782 0.000000 0.276614 0.728074 0.276614
0.654943 0.457110 0.482233 0.980226 0.847585 0.548708 0.000000 0.207160 0.123805 0.933454 0.276614 0.728074 0.276614
0.692455 0.447472 0.000000 1.000000 0.536655 0.420755 0.000000 0.329093 0.726149 0.890304 0.276614 0.728074 0.276614
0.591290 0.397356 0.000000 0.919961 0.512580 0.000000 0.506190 0.000000 1.000000 0.911944 0.276614 0.728074 0.276614
0.523162 0.389663 0.150947 1.000000 0.412842 0.147247 0.000000 0.027516 0.750969 0.952224 0.276614 0.728074 0.276614
0.669015 0.402445 0.049656 1.000000 1.000000 0.148072 0.000000 0.779504 0.320741 0.000000 0.276614 0.728074 0.276614
0.651404 0.542486 0.098143 0.997487 0.636605 0.229671 1.000000 0.536591 0.907188 0.810913 0.276614 0.728074 0.276614
0.612580 0.575739 0.362113 0.948980 0.390166 0.198397 0.721517 0.726788 0.568577 0.789754 0.276614 0.728074 0.276614
0.598108 0.509347 0.089148 1.000000 1.000000 0.000000 1.000000 0.596689 0.390641 0.507258 0.276614 0.728074 0.276614
0.686714 0.437043 0.000000 1.000000 1.000000 0.455395 0.000000 0.321964 0.000000 0.261907 0.276614 0.728074 0.276614
0.571841 0.510439 0.336754 1.000000 0.815854 0.465079 0.757590 0.056846 0.207640 0.842931 0.276614 0.728074 0.276614
0.682084 0.383389 0.282310 1.000000 0.604510 0.666853 0.000000 0.581629 0.917020 0.000000 0.276614 0.728074 0.276614
0.559877 0.375946 0.000000 1.000000 1.000000 0.265795 0.675087 0.068168 0.848898 1.000000 0.276614 0.728074 0.276614
0.481253 0.452781 0.123764 1.000000 0.991350 1.000000 0.138112 0.000000 0.889217 0.817794 0.276614 0.728074 0.276614
0.481577 0.517371 0.000000 0.995294 0.813717 1.000000 0.378708 0.215637 0.378264 0.257146 0.276614 0.728074 0.276614
0.498864 0.374021 0.399482 1.000000 0.679423 0.000000 0.388677 0.475792 0.868238 0.521136 0.276614 0.728074 0.276614
0.617579 0.404137 0.195231 1.000000 1.000000 0.253298 0.000000 0.657650 0.251481 0.034437 0.276614 0.728074 0.276614
0.691424 0.470006 0.000000 0.935374 1.000000 0.000000 0.111314 0.243877 0.790365 0.908763 0.276614 0.728074 0.276614
0.521715 0.444785 0.299998 0.920198 0.327948 0.000000 0.673041 0.669308 0.717851 0.756487 0.276614 0.728074 0.276614
0.578070 0.593731 0.481496 0.915831 0.093570 1.000000 0.464296 0.334075 1.000000 0.840266 0.276614 0.728074 0.276614
0.571388 0.482955 0.222408 1.000000 0.795423 0.000000 0.222628 0.439764 0.558752 0.666389 0.276614 0.728074 0.276614
0.437871 0.504897 0.370859 0.979441 0.517277 0.448187 0.547700 0.062081 0.528122 0.952313 0.276614 0.728074 0.276614
0.623994 0.487148 0.485324 0.975067 0.808206 0.000000 1.000000 0.781003 0.481108 0.155678 0.276614 0.728074 0.276614
0.595422 0.447023 0.000000 0.932057 0.612490 0.000000 1.000000 0.289795 0.699088 0.226697 0.276614 0.728074 0.276614
0.624643 0.503010 0.196931 0.955156 0.857388 0.023819 1.000000 0.512863 0.431456 0.704135 0.276614 0.728074 0.276614
0.525446 0.475225 0.070096 1.000000 0.272714 0.516747 0.413348 0.236543 0.866670 0.462059 0.276614 0.728074 0.276614
0.627899 0.401076 0.000000 1.000000 0.836146 0.532933 0.148488 0.024472 0.816312 0.842983 0.276614 0.728074 0.276614
0.642951 0.436323 0.000000 0.941962 1.000000 0.063655 0.378689 0.079560 0.657662 0.810579 0.276614 0.728074 0.276614
0.698766 0.407607 0.036414 0.994683 0.885493 0.000000 0.047193 0.873226 0.102022 0.000000 0.276614 0.728074 0.276614
0.662931 0.470820 0.000000 1.000000 0.562965 0.719530 0.862297 0.023256 0.114921 1.000000 0.276614 0.728074 0.276614
0.635188 0.460276 0.213561 1.000000 1.000000 0.021645 0.000000 0.628447 0.895058 0.135109 0.276614 0.728074 0.276614
0.525583 0.576710 0.115968 1.000000 1.000000 0.216538 0.206266 0.421752 0.000000 1.000000 0.276614 0.728074 0.276614
0.641769 0.586568 0.439545 0.978495 0.618732 1.000000 0.658549 0.335591 0.730121 0.000000 0.276614 0.728074 0.276614
0.464426 0.455171 0.438291 1.000000 1.000000 0.000000 0.233263 0.644680 0.488201 0.270374 0.276614 0.728074 0.276614
0.603457 0.442197 0.000000 1.000000 0.000000 0.000000 0.736623 0.086439 0.625141 0.853109 0.276614 0.728074 0.276614
0.655268 0.447524 0.222177 1.000000 1.000000 0.000000 0.000000 0.575331 0.479591 0.052607 0.276614 0.728074 0.276614
0.467118 0.569815 0.000000 1.000000 1.000000 0.115993 0.000000 0.477584 0.000000 0.325265 0.276614 0.728074 0.276614
0.680731 0.462268 0.304920 1.000000 0.551967 0.433692 0.087076 0.516280 0.111841 0.359749 0.276614 0.728074 0.276614
0.539086 0.359284 0.000000 0.919961 0.281622 0.000000 0.466751 0.250107 1.000000 1.000000 0.276614 0.728074 0.276614
0.503334 0.503114 0.000000 1.000000 1.000000 0.025438 0.486246 0.394781 1.000000 0.763178 0.276614 0.728074 0.276614
0.671328 0.361780 0.000000 0.994683 1.000000 0.354936 0.000000 0.655063 0.563144 0.788157 0.276614 0.728074 0.276614
0.660748 0.531479 0.000000 0.985721 0.463537 0.961195 1.000000 0.000000 1.000000 1.000000 0.276614 0.728074 0.276614
0.470772 0.459536 0.000000 0.967730 0.658819 0.314564 0.362939 0.561831 0.086251 0.882915 0.276614 0.728074 0.276614
0.583187 0.384630 0.430802 0.934588 0.918565 0.932287 0.268098 0.036693 0.361104 1.000000 0.276614 0.728074 0.276614
0.521955 0.537150 0.140292 0.994975 0.753634 0.505523 0.707812 0.208802 0.551721 0.206722 0.276614 0.728074 0.276614
0.545063 0.491137 0.302292 0.975521 1.000000 0.000000 0.000000 0.519679 0.970238 0.875824 0.276614 0.728074 0.276614
0.612015 0.510157 0.431637 0.969666 1.000000 0.089519 0.000000 0.593931 1.000000 0.528452 0.276614 0.728074 0.276614
0.546581 0.423770 0.259785 0.939629 0.192298 0.459875 0.592630 0.489913 0.505986 0.903405 0.276614 0.728074 0.276614
0.486114 0.425385 0.115985 0.982020 0.645517 0.711353 0.677578 0.000000 0.453463 0.635413 0.276614 0.728074 0.276614
0.625979 0.436924 0.149278 1.000000 0.906224 0.086827 0.240212 0.439851 0.938492 0.970924 0.276614 0.728074 0.276614
0.470735 0.423515 0.453747 1.000000 0.172122 1.000000 0.000000 0.000000 0.000000 0.371856 0.276614 0.728074 0.276614
0.685701 0.556042 0.000000 1.000000 0.852561 1.000000 0.000000 0.415931 0.593540 0.545850 0.276614 0.728074 0.276614
0.689042 0.503970 0.412318 1.000000 1.000000 0.000000 0.209495 0.631092 0.484359 0.422186 0.276614 0.728074 0.276614
0.502513 0.475856 0.403056 1.000000 0.749844 1.000000 0.087008 0.518855 0.000000 0.890381 0.276614 0.728074 0.276614
0.476940 0.483776 0.374628 0.945906 0.261915 0.874117 1.000000 0.000000 0.446097 0.925974 0.276614 0.728074 0.276614
0.653970 0.471091 0.253835 0.984780 1.000000 0.000000 0.285166 0.953186 0.622366 0.296753 0.276614 0.728074 0.276614
0.551766 0.432183 0.000000 1.000000 1.000000 0.658713 0.115860 0.005027 0.822209 0.957897 0.276614 0.728074 0.276614
0.518026 0.569645 0.404934 0.961902 0.982909 0.954260 0.147839 0.340579 0.000000 0.743430 0.276614 0.728074 0.276614
0.654431 0.452511 0.158509 1.000000 0.763377 0.937863 0.000000 0.000000 0.982309 0.002168 0.276614 0.728074 0.276614
0.652936 0.523526 0.307710 0.969666 1.000000 0.165136 0.000000 0.456244 1.000000 0.798331 0.276614 0.728074 0.276614
0.681979 0.434526 0.181798 1.000000 0.901902 0.785035 0.300519 0.000000 0.618979 1.000000 0.276614 0.728074 0.276614
0.598854 0.538928 0.319334 0.949904 1.000000 0.000000 0.000000 0.788123 1.000000 0.698057 0.276614 0.728074 0.276614
0.625247 0.554205 0.000000 1.000000 1.000000 0.596316 0.238717 0.251499 0.135521 0.818571 0.276614 0.728074 0.276614
0.483354 0.405906 0.108707 0.971066 1.000000 0.000000 0.000000 0.290978 0.546489 0.310192 0.276614 0.728074 0.276614
0.530276 0.452674 0.004180 0.950358 0.919491 0.248247 0.544862 0.373023 1.000000 1.000000 0.276614 0.728074 0.276614
0.682173 0.437888 0.251616 1.000000 0.858110 0.097442 0.000000 0.599600 0.277867 0.189786 0.276614 0.728074 0.276614
0.577136 0.505309 0.188401 0.972076 0.846600 0.286108 0.938489 0.424168 0.199088 0.171887 0.276614 0.728074 0.276614
0.639384 0.449443 0.000000 1.000000 1.000000 1.000000 0.333232 0.000000 0.084054 0.624666 0.276614 0.728074 0.276614
0.677521 0.420045 0.126235 0.920951 0.655222 0.501477 0.100406 0.610447 0.748849 0.146198 0.276614 0.728074 0.276614
0.626234 0.443416 0.000000 1.000000 1.000000 0.000000 0.106318 0.832962 0.434161 0.000000 0.276614 0.728074 0.276614
0.548782 0.442684 0.000000 0.961101 0.780146 0.631171 0.241981 0.000000 0.488423 1.000000 0.276614 0.728074 0.276614
0.685704 0.436085 0.021615 0.930088 0.206275 0.642477 1.000000 0.395730 1.000000 1.000000 0.276614 0.728074 0.276614
0.671358 0.515490 0.484729 1.000000 0.746383 0.026323 0.214504 0.307397 0.694020 0.000000 0.276614 0.728074 0.276614
0.555270 0.525921 0.000000 1.000000 0.921498 0.251767 0.000000 0.379750 0.549318 0.745842 0.276614 0.728074 0.276614
0.656370 0.483416 0.157826 0.941047 0.789731 0.000000 0.332634 0.533193 0.914764 0.099708 0.276614 0.728074 0.276614
0.661032 0.508040 0.030475 0.988868 1.000000 0.689396 1.000000 0.088953 0.961920 0.000000 0.276614 0.728074 0.276614
0.555283 0.570267 0.000000 1.000000 1.000000 0.231987 0.161498 0.524446 0.071107 0.901320 0.276614 0.728074 0.276614
0.509859 0.437282 0.387504 1.000000 0.671114 0.812168 0.000000 0.392228 0.159557 0.439963 0.276614 0.728074 0.276614
0.552721 0.527086 0.089809 0.977737 0.868043 0.063858 0.771234 0.541105 0.911332 0.600876 0.276614 0.728074 0.276614
0.496590 0.531356 0.000000 0.963761 0.951404 0.756371 0.387362 0.915870 1.000000 0.482464 0.276614 0.728074 0.276614
0.514389 0.539132 0.053939 1.000000 0.889390 0.038441 0.000000 0.438945 1.000000 0.581886 0.276614 0.728074 0.276614
0.471705 0.502495 0.047176 1.000000 0.362854 0.445743 0.000000 0.018038 0.322209 0.957897 0.276614 0.728074 0.276614
0.658352 0.535442 0.097479 1.000000 1.000000 0.527121 0.238868 0.094900 1.000000 0.729606 0.276614 0.728074 0.276614
0.628355 0.427592 0.050942 1.000000 1.000000 0.938556 0.006344 0.000000 0.331553 0.881493 0.276614 0.728074 0.276614
0.501292 0.540767 0.100860 1.000000 0.331212 0.000000 1.000000 0.358785 0.457753 1.000000 0.276614 0.728074 0.276614
0.623862 0.561383 0.473189 0.934737 1.000000 0.000000 0.000000 0.341795 1.000000 0.710338 0.276614 0.728074 0.276614
0.598261 0.451271 0.000000 0.990275 0.848518 1.000000 0.225980 0.000000 0.000000 0.990946 0.276614 0.728074 0.276614
0.520901 0.459358 0.293882 0.930656 0.849749 0.183143 0.162191 0.220697 0.000000 1.000000 0.276614 0.728074 0.276614
0.597987 0.444247 0.094187 1.000000 1.000000 0.261446 0.308412 0.000000 0.976731 0.569919 0.276614 0.728074 0.276614
0.676951 0.444203 0.256098 1.000000 1.000000 0.507904 0.564702 0.553988 0.289183 0.525055 0.276614 0.728074 0.276614
0.701801 0.410882 0.083743 1.000000 0.459487 0.508123 0.414974 0.000000 0.895062 1.000000 0.276614 0.728074 0.276614
0.423848 0.577328 0.000000 1.000000 1.000000 0.000000 0.219188 0.538422 0.364197 0.246762 0.276614 0.728074 0.276614
0.577329 0.519031 0.067543 1.000000 1.000000 0.000000 0.469203 0.326356 1.000000 0.916216 0.276614 0.728074 0.276614
0.487163 0.457237 0.150560 1.000000 1.000000 0.000000 0.512579 0.214301 0.116229 0.576696 0.276614 0.728074 0.276614
0.598398 0.459723 0.197063 0.994608 0.687683 1.000000 0.000000 0.203240 0.109157 0.514463 0.276614 0.728074 0.276614
0.494039 0.458897 0.049185 0.922202 1.000000 0.494763 0.165101 0.732106 0.762626 0.134477 0.276614 0.728074 0.276614
0.635494 0.524820 0.000000 0.993980 0.880870 0.710278 0.000000 0.389468 0.208826 0.250506 0.276614 0.728074 0.276614
0.591007 0.473022 0.091113 1.000000 0.779159 0.111193 0.536411 0.000000 0.589641 0.276515 0.276614 0.728074 0.276614
0.450136 0.497220 0.113290 1.000000 0.370255 0.841454 0.000000 0.287889 0.338721 0.955638 0.276614 0.728074 0.276614
0.449090 0.417742 0.006544 0.932057 0.564999 0.302347 1.000000 0.556044 0.420597 0.000000 0.276614 0.728074 0.276614
0.553343 0.543698 0.384353 0.979252 0.321913 0.976869 0.438200 0.139733 0.031662 0.618080 0.276614 0.728074 0.276614
0.485026 0.488274 0.166974 0.991549 0.791764 0.194997 0.353264 0.868320 0.492262 0.205075 0.276614 0.728074 0.276614
0.592336 0.494343 0.151365 0.994145 0.490006 0.677281 0.146058 0.894868 0.704920 0.529345 0.276614 0.728074 0.276614
0.566994 0.520421 0.305032 0.961138 0.337208 0.000000 0.259089 0.730808 0.450649 0.000000 0.276614 0.728074 0.276614
0.470216 0.466132 0.000000 1.000000 0.521411 0.133748 0.133784 0.793826 0.403941 0.746518 0.276614 0.728074 0.276614
0.591700 0.464019 0.139650 1.000000 0.884325 0.963403 0.000000 0.116854 1.000000 0.979721 0.276614 0.728074 0.276614
0.531877 0.393509 0.283063 1.000000 0.834027 0.586846 0.013632 0.375695 0.251481 0.004141 0.276614 0.728074 0.276614
0.468756 0.464937 0.013901 1.000000 1.000000 0.000000 0.799163 0.406692 0.672819 0.709976 0.276614 0.728074 0.276614
0.686382 0.413221 0.492075 0.948448 0.037977 0.000000 0.523035 0.823188 0.817853 0.000000 0.276614 0.728074 0.276614
0.582607 0.491138 0.000000 0.979323 1.000000 0.542907 0.000000 0.000000 0.472769 0.785689 0.276614 0.728074 0.276614
0.665281 0.558104 0.000000 0.991908 1.000000 0.819247 1.000000 0.000000 0.673368 0.000000 0.276614 0.728074 0.276614
0.661889 0.463402 0.132747 1.000000 1.000000 0.023819 0.740250 0.659096 0.397745 0.449837 0.276614 0.728074 0.276614
0.611864 0.369524 0.000000 1.000000 0.974741 0.702855 0.338452 0.046813 0.265386 0.753674 0.276614 0.728074 0.276614
0.598762 0.504911 0.309655 1.000000 0.909383 0.988224 0.219100 0.473734 0.000000 0.641250 0.276614 0.728074 0.276614
0.474698 0.499200 0.066050 1.000000 1.000000 0.003867 1.000000 0.124246 0.746480 0.144565 0.276614 0.728074 0.276614
0.581219 0.561118 0.018042 0.917265 0.356422 0.288080 0.506190 0.000000 1.000000 1.000000 0.276614 0.728074 0.276614
0.513343 0.433006 0.055096 0.958647 0.730957 0.583745 0.431768 0.253184 0.278257 0.420492 0.276614 0.728074 0.276614
0.691187 0.410374 0.171613 1.000000 0.906224 0.213476 0.000000 0.661525 1.000000 0.699794 0.276614 0.728074 0.276614
0.534654 0.516560 0.444817 1.000000 0.590845 0.510395 0.366418 0.787619 0.159557 0.533013 0.276614 0.728074 0.276614
0.611247 0.399715 0.438393 1.000000 0.311209 0.465540 0.623872 0.344245 0.000000 0.149488 0.276614 0.728074 0.276614
0.632111 0.457689 0.271936 0.972362 0.972401 0.085778 0.082624 0.711981 1.000000 0.453335 0.276614 0.728074 0.276614
0.444834 0.451278 0.025197 1.000000 1.000000 0.315529 0.476605 0.667016 0.174161 0.756481 0.276614 0.728074 0.276614
0.624394 0.418099 0.000000 0.919540 0.400334 0.075565 0.878689 0.127899 0.575335 0.755039 0.276614 0.728074 0.276614
0.632000 0.480570 0.067028 1.000000 0.794410 0.643134 0.022271 0.971443 0.443020 0.061513 0.276614 0.728074 0.276614
0.420984 0.551492 0.161517 0.987960 1.000000 0.685357 0.000000 0.528480 0.000000 0.054070 0.276614 0.728074 0.276614
0.558794 0.392067 0.000000 1.000000 0.650895 0.621145 0.000000 0.421012 0.534108 0.587248 0.276614 0.728074 0.276614
0.521042 0.410352 0.304303 1.000000 0.232816 1.000000 0.884941 0.000000 0.000000 0.470238 0.276614 0.728074 0.276614
0.683251 0.493201 0.000000 1.000000 0.182996 0.083419 0.334547 0.560303 0.358714 0.741105 0.276614 0.728074 0.276614
0.641744 0.376400 0.021047 1.000000 0.856402 0.719713 0.000000 0.000000 0.000000 1.000000 0.276614 0.728074 0.276614
0.534176 0.414915 0.014311 0.950135 1.000000 0.834655 0.608918 0.566869 0.461479 0.296839 0.276614 0.728074 0.276614
0.524303 0.533219 0.124096 1.000000 1.000000 0.529479 0.000000 0.071580 0.693206 0.553673 0.276614 0.728074 0.276614
0.458371 0.506618 0.018880 1.000000 0.606450 0.000000 1.000000 0.372230 0.420212 0.937031 0.276614 0.728074 0.276614
0.590404 0.535933 0.000000 0.960476 0.687101 0.353057 0.777188 0.760402 1.000000 0.633044 0.276614 0.728074 0.276614
0.634691 0.415690 0.387042 0.966857 0.608291 0.500000 1.000000 0.407486 0.119081 0.173429 0.276614 0.728074 0.276614
0.685216 0.486828 0.402792 1.000000 0.671485 0.381873 0.000000 0.373312 0.579334 0.392156 0.276614 0.728074 0.276614
0.466949 0.497863 0.136107 1.000000 0.757019 0.793005 0.540032 0.602578 1.000000 0.340056 0.276614 0.728074 0.276614
0.606089 0.476453 0.000000 1.000000 0.998000 0.403420 0.690675 0.721082 0.437074 0.534942 0.276614 0.728074 0.276614
0.469463 0.477461 0.324769 0.988546 0.940999 0.229266 0.344641 0.337397 0.000000 0.764905 0.276614 0.728074 0.276614
0.582816 0.408650 0.167429 1.000000 0.185606 1.000000 0.116008 0.292033 0.905843 0.430502 0.276614 0.728074 0.276614
0.509122 0.456287 0.217936 1.000000 0.827068 0.679175 0.200534 0.461606 0.872232 0.890381 0.276614 0.728074 0.276614
0.611752 0.482608 0.042583 1.000000 0.415165 0.319975 0.266844 0.630382 1.000000 0.619585 0.276614 0.728074 0.276614
0.436298 0.564242 0.000000 1.000000 0.706281 1.000000 0.000000 0.319289 0.361108 0.644633 0.276614 0.728074 0.276614
0.540015 0.518651 0.127684 0.930219 0.416371 0.000000 0.498784 0.460086 0.562563 0.333180 0.276614 0.728074 0.276614
0.614942 0.505738 0.000000 0.985194 1.000000 0.608159 0.731720 0.132320 0.882495 0.834435 0.276614 0.728074 0.276614
0.539469 0.456557 0.304719 1.000000 0.907442 0.145696 0.063291 0.679420 0.905321 0.714398 0.276614 0.728074 0.276614
0.600411 0.365929 0.050497 1.000000 0.696223 0.559382 0.123872 0.578003 0.288014 0.187399 0.276614 0.728074 0.276614
0.643665 0.427973 0.187072 1.000000 0.865149 0.347153 0.170058 0.645019 0.527094 0.399490 0.276614 0.728074 0.276614
0.632660 0.560182 0.000000 0.950135 1.000000 0.687371 0.715760 0.472344 0.279538 0.457005 0.276614 0.728074 0.276614
0.616369 0.439988 0.202511 1.000000 0.679942 0.264628 0.000000 0.000000 0.676603 1.000000 0.276614 0.728074 0.276614
0.488776 0.412700 0.229036 0.966654 0.296636 0.873484 0.651501 0.541528 1.000000 0.415070 0.276614 0.728074 0.276614
0.614956 0.444190 0.057313 1.000000 0.919731 0.000000 0.195676 1.000000 0.794392 0.141798 0.276614 0.728074 0.276614
0.450166 0.431643 0.000000 1.000000 0.499469 0.025293 0.000000 0.468479 0.000000 1.000000 0.276614 0.728074 0.276614
0.466219 0.459249 0.156967 0.965110 0.709013 0.000000 0.853450 0.909464 0.879142 0.380988 0.276614 0.728074 0.276614
0.521398 0.410416 0.247528 1.000000 0.943383 0.502647 0.000000 0.581405 0.769428 0.644758 0.276614 0.728074 0.276614
0.609251 0.548960 0.243670 1.000000 0.688576 0.198355 1.000000 0.496226 0.507836 0.689237 0.276614 0.728074 0.276614
0.548441 0.386787 0.338991 1.000000 0.330625 1.000000 0.810581 0.604734 0.036431 0.440068 0.276614 0.728074 0.276614
0.580115 0.540476 0.000000 0.982652 0.588810 0.000000 0.182476 0.860681 0.447408 1.000000 0.276614 0.728074 0.276614
0.645252 0.503364 0.000000 1.000000 1.000000 0.000000 0.127098 1.000000 0.517599 0.000000 0.276614 0.728074 0.276614
0.579974 0.403780 0.000000 0.961101 0.856402 0.840446 0.082551 0.037228 0.255573 1.000000 0.276614 0.728074 0.276614
0.495225 0.554528 0.000000 1.000000 0.859490 0.102318 0.983275 0.562329 0.812571 0.848293 0.276614 0.728074 0.276614
0.452299 0.484935 0.198468 1.000000 0.889464 0.000000 0.510356 0.635209 0.484777 0.549224 0.276614 0.728074 0.276614
0.630757 0.506611 0.333657 1.000000 0.480080 0.709831 0.145226 0.792091 0.132535 0.800901 0.276614 0.728074 0.276614
0.440613 0.554192 0.355895 1.000000 0.402722 0.236765 0.440826 0.000000 0.492460 0.000000 0.276614 0.728074 0.276614
0.624420 0.495163 0.044061 1.000000 0.897543 0.175783 1.000000 0.414986 0.918373 0.348338 0.276614 0.728074 0.276614
0.494162 0.513274 0.192426 0.934846 0.166143 0.000000 0.495111 0.476605 0.338423 0.648435 0.276614 0.728074 0.276614
0.449792 0.501789 0.060950 0.977737 1.000000 0.249915 1.000000 0.646385 0.728972 0.382037 0.276614 0.728074 0.276614
0.531232 0.499400 0.316520 0.973666 1.000000 0.070788 0.084981 0.434744 0.470156 0.381435 0.276614 0.728074 0.276614
0.425703 0.563117 0.185429 1.000000 0.929229 0.155545 0.061569 0.303140 0.179460 0.351685 0.276614 0.728074 0.276614
0.625019 0.361052 0.000000 1.000000 0.681885 0.357415 0.000000 0.026497 0.903516 0.952224 0.276614 0.728074 0.276614
0.619044 0.455706 0.081964 1.000000 1.000000 0.098091 0.000000 0.011420 0.000000 0.228988 0.276614 0.728074 0.276614
0.669444 0.481477 0.415058 1.000000 1.000000 0.000000 0.159017 0.885244 0.782734 0.402675 0.276614 0.728074 0.276614
0.608825 0.553996 0.318954 1.000000 0.224889 0.423245 0.445654 0.071379 0.497307 0.964264 0.276614 0.728074 0.276614
0.452580 0.504569 0.151353 0.920794 0.280708 0.671008 0.195541 0.050602 0.974934 0.311857 0.276614 0.728074 0.276614
0.568521 0.508732 0.259487 0.995965 0.757019 0.750616 0.040032 0.507507 1.000000 0.548203 0.276614 0.728074 0.276614
0.474404 0.527144 0.057436 1.000000 0.272099 0.000000 0.607700 0.000000 0.000000 1.000000 0.276614 0.728074 0.276614
0.569506 0.520371 0.244024 1.000000 0.000000 0.000000 0.988393 0.524107 0.000000 0.043196 0.276614 0.728074 0.276614
