# gen=50 mediating population
# x0..x(D-1) f0 f1 consensus
0.984943 0.990418 13.502222 25.461990 13.502222
0.626586 0.551633 80.871367 0.411133 0.411133
0.000000 0.068796 28.489848 32.520415 28.489848
0.171033 0.059772 28.489848 38.053310 28.489848
0.652268 0.725841 22.564694 23.082464 22.564694
0.916230 0.130923 13.502222 0.003269 0.003269
0.310032 0.071028 28.489848 10.805498 10.805498
0.000000 0.564485 13.185370 31.761290 13.185370
0.222871 0.230991 13.185370 0.008106 0.008106
0.384986 0.808189 13.185370 0.008106 0.008106
0.220368 0.450050 20.861224 0.008106 0.008106
0.852383 0.331814 13.502222 0.003269 0.003269
1.000000 1.000000 13.502222 25.461990 13.502222
0.159837 0.601650 29.707201 0.008106 0.008106
0.291841 0.920665 13.185370 0.008106 0.008106
0.819382 1.000000 13.625805 25.461990 13.625805
0.877722 0.000381 0.000147 0.003269 0.000147
0.727482 0.137421 13.502222 0.003269 0.003269
1.000000 0.965683 13.502222 25.461990 13.502222
0.631796 0.307621 13.502222 0.346357 0.346357
0.427631 0.217580 13.185370 0.008106 0.008106
0.343186 0.459392 13.185370 0.008106 0.008106
0.000000 0.720899 13.185370 31.761290 13.185370
0.000000 0.000000 28.489848 10.805498 10.805498
0.943996 0.237045 13.502222 0.003269 0.003269
0.930608 0.526381 13.502222 0.003269 0.003269
0.941480 0.929107 13.502222 25.461990 13.502222
0.139184 0.566797 17.716326 0.008106 0.008106
0.948145 0.431663 13.502222 0.000133 0.000133
0.597736 0.165271 13.502222 0.003269 0.003269
1.000000 1.000000 13.502222 25.461990 13.502222
0.944452 0.834439 13.502222 0.003269 0.003269
0.496146 0.925119 13.185370 5.187068 5.187068
0.641983 1.000000 13.502222 5.187068 5.187068
0.083823 0.233192 13.185370 0.008106 0.008106
0.652768 0.603601 89.883360 82.373031 82.373031
0.660911 0.294716 13.502222 0.006267 0.006267
0.690617 0.126905 13.502222 0.003269 0.003269
1.000000 1.000000 13.502222 25.461990 13.502222
0.887577 0.906084 13.502222 43.327321 13.502222
0.577017 0.889573 13.502222 5.187068 5.187068
0.398796 0.883267 13.185370 0.008106 0.008106
0.580894 0.040936 0.000147 0.003269 0.000147
0.017673 0.201109 13.185370 31.761290 13.185370
0.003436 0.065772 28.489848 41.011661 28.489848
0.109024 0.558573 13.185370 0.008106 0.008106
0.000000 0.422692 13.185370 31.761290 13.185370
0.109671 0.298675 13.185370 0.008106 0.008106
0.466828 1.000000 13.185370 5.187068 5.187068
0.766773 0.754540 13.502222 0.003269 0.003269
0.439851 0.148399 13.185370 0.008106 0.008106
0.232440 0.529657 30.523833 0.008106 0.008106
0.569006 0.129561 13.502222 0.003269 0.003269
0.817184 1.000000 14.153225 25.461990 14.153225
0.729678 0.781610 40.109897 0.003269 0.003269
0.937328 0.645673 13.502222 0.003269 0.003269
0.214963 0.759047 54.612518 27.647708 27.647708
0.285924 0.446506 15.702986 0.008106 0.008106
0.000000 0.882448 13.185370 31.761290 13.185370
0.430697 0.000000 34.544126 10.805498 10.805498
1.000000 1.000000 13.502222 25.461990 13.502222
0.490529 0.608139 13.185370 0.003269 0.003269
0.384675 0.404428 13.185370 0.008106 0.008106
0.722329 0.698535 28.314020 0.003269 0.003269
0.122925 0.680424 22.500675 0.008106 0.008106
0.009591 0.959489 13.185370 31.761290 13.185370
0.138585 0.806553 65.529590 0.532630 0.532630
1.000000 1.000000 13.502222 25.461990 13.502222
0.845162 0.276898 13.502222 0.003269 0.003269
0.244672 0.759141 24.279505 2.499592 2.499592
0.052871 0.152110 13.185370 0.008106 0.008106
0.142572 0.716832 43.180902 0.008106 0.008106
0.929595 0.881836 13.502222 25.461990 13.502222
0.167170 0.981990 47.587887 0.008106 0.008106
1.000000 1.000000 13.502222 25.461990 13.502222
0.095446 0.182328 13.185370 0.008106 0.008106
0.942439 0.327740 13.502222 0.003269 0.003269
1.000000 1.000000 13.502222 25.461990 13.502222
0.955786 0.406320 13.502222 0.000133 0.000133
0.747751 0.037180 0.000147 0.003269 0.000147
0.605607 0.278589 13.502222 0.003269 0.003269
0.325541 0.642155 13.185370 0.129121 0.129121
0.597635 0.392107 43.469565 0.003269 0.003269
0.003436 0.065772 28.489848 41.011661 28.489848
0.942707 0.309129 13.502222 0.003269 0.003269
0.771424 0.975538 15.816191 5.187068 5.187068
0.961002 0.907874 13.502222 25.461990 13.502222
0.607954 0.011542 0.000147 0.003269 0.000147
1.000000 1.000000 13.502222 25.461990 13.502222
0.431115 0.789288 13.185370 0.008106 0.008106
0.563845 0.279395 20.540680 0.003269 0.003269
0.073032 0.301377 13.185370 0.008106 0.008106
0.342623 0.601389 13.185370 0.043855 0.043855
0.889481 0.800851 13.502222 0.003269 0.003269
1.000000 1.000000 13.502222 25.461990 13.502222
0.000000 0.823154 13.185370 31.761290 13.185370
0.155441 0.036169 28.489848 10.805498 10.805498
0.652958 0.703015 31.243709 33.788744 31.243709
0.000000 0.066112 28.489848 39.905558 28.489848
0.196598 0.794797 73.685270 55.466405 55.466405
1.000000 1.000000 13.502222 25.461990 13.502222
0.060084 0.096727 13.185370 10.805498 10.805498
0.123032 0.218640 13.185370 0.008106 0.008106
0.009591 0.954220 13.185370 31.761290 13.185370
1.000000 1.000000 13.502222 25.461990 13.502222
0.806878 1.000000 15.881363 25.461990 15.881363
0.609615 0.263728 13.502222 0.003269 0.003269
1.000000 1.000000 13.502222 25.461990 13.502222
0.391295 0.205900 13.185370 0.008106 0.008106
0.800254 0.178659 13.502222 0.003269 0.003269
0.147763 0.496156 14.748429 0.008106 0.008106
0.966851 0.910135 13.502222 25.461990 13.502222
0.584886 0.968035 13.502222 5.187068 5.187068
0.233797 0.928135 14.416193 0.008106 0.008106
0.533324 0.927647 13.502222 5.187068 5.187068
0.607508 0.069506 13.502222 0.003269 0.003269
0.949696 1.000000 13.502222 25.461990 13.502222
0.949800 0.570159 13.502222 0.000133 0.000133
0.610867 0.079233 13.502222 0.003269 0.003269
0.822351 0.785512 13.502222 0.003269 0.003269
0.151274 0.020413 28.489848 10.805498 10.805498
1.000000 1.000000 13.502222 25.461990 13.502222
0.474629 0.891125 13.185370 5.187068 5.187068
0.650633 0.493743 30.831086 40.897707 30.831086
0.840010 0.584160 13.502222 0.003269 0.003269
0.048486 0.292940 13.185370 0.008106 0.008106
0.417474 0.030889 28.489848 10.805498 10.805498
0.883416 0.947519 13.502222 25.461990 13.502222
0.000000 0.824395 13.185370 31.761290 13.185370
1.000000 1.000000 13.502222 25.461990 13.502222
0.159222 0.574630 24.828431 0.008106 0.008106
0.867181 0.246292 13.502222 0.003269 0.003269
0.597623 0.985431 13.502222 19.327971 13.502222
0.973880 0.302694 13.502222 0.000133 0.000133
0.743156 0.934021 16.426566 25.254782 16.426566
0.490268 0.467084 13.185370 0.003269 0.003269
0.000000 0.066747 28.489848 39.473244 28.489848
0.962290 0.923530 13.502222 25.461990 13.502222
0.135357 0.533536 15.045121 0.008106 0.008106
0.974761 0.625444 13.502222 0.000133 0.000133
1.000000 1.000000 13.502222 25.461990 13.502222
0.159035 0.978666 56.057786 0.008106 0.008106
0.866217 0.988882 13.502222 25.461990 13.502222
0.056757 0.328388 13.185370 0.008106 0.008106
0.975645 0.071357 13.502222 15.259060 13.502222
0.864015 0.810261 13.502222 0.003269 0.003269
0.345590 0.938294 13.185370 0.008106 0.008106
1.000000 0.989463 13.502222 25.461990 13.502222
0.000000 0.626861 13.185370 31.761290 13.185370
0.332502 0.764266 13.185370 0.008106 0.008106
0.238839 0.034537 42.280304 10.805498 10.805498
0.863755 0.500942 13.502222 0.003269 0.003269
0.661395 0.018623 0.000147 0.003269 0.000147
0.653141 0.575248 80.121761 67.245479 67.245479
1.000000 1.000000 13.502222 25.461990 13.502222
0.705902 0.854213 20.504848 0.003269 0.003269
0.122648 0.671963 21.431710 0.008106 0.008106
1.000000 0.896498 13.502222 25.461990 13.502222
0.356838 0.311284 13.185370 0.008106 0.008106
0.469200 0.957710 13.185370 5.187068 5.187068
0.003436 0.065772 28.489848 41.011661 28.489848
0.119874 0.619159 16.216280 0.008106 0.008106
0.166189 0.371492 13.185370 0.008106 0.008106
0.818705 0.152457 13.502222 0.003269 0.003269
0.357538 0.693644 13.185370 0.008106 0.008106
0.394298 0.789182 13.185370 0.008106 0.008106
0.855185 0.999947 13.502222 25.461990 13.502222
1.000000 1.000000 13.502222 25.461990 13.502222
0.336185 0.715492 13.185370 0.008106 0.008106
0.000000 0.726929 13.185370 31.761290 13.185370
0.323592 0.074763 28.489848 10.805498 10.805498
0.181552 0.155959 13.185370 0.008106 0.008106
0.977359 0.933269 13.502222 25.461990 13.502222
0.329603 0.266246 13.185370 0.008106 0.008106
0.652426 0.377263 13.502222 2.199204 2.199204
0.001733 0.011026 28.489848 10.805498 10.805498
0.764554 0.925459 22.926304 13.833532 13.833532
0.462175 0.511354 13.185370 0.008106 0.008106
1.000000 1.000000 13.502222 25.461990 13.502222
0.152905 0.039075 28.489848 10.805498 10.805498
0.036897 0.285399 13.185370 0.008106 0.008106
0.000000 0.216436 13.185370 31.761290 13.185370
1.000000 0.961461 13.502222 25.461990 13.502222
0.731689 0.860137 34.070984 0.003269 0.003269
0.067327 0.165394 13.185370 0.008106 0.008106
0.739547 0.295271 13.502222 0.003269 0.003269
0.916960 0.732581 13.502222 0.003269 0.003269
0.525054 0.483620 13.502222 0.003269 0.003269
0.000000 0.417410 13.185370 31.761290 13.185370
0.000000 0.551626 13.185370 31.761290 13.185370
0.567288 0.000945 0.000147 0.003269 0.000147
0.646861 0.160148 13.502222 0.003269 0.003269
1.000000 1.000000 13.502222 25.461990 13.502222
0.723753 0.796672 44.910815 0.003269 0.003269
0.806999 0.971724 14.997752 25.461990 14.997752
0.507275 0.381841 13.185370 0.003269 0.003269
0.015897 0.903874 13.185370 31.761290 13.185370
0.969179 0.923108 13.502222 25.461990 13.502222
0.673277 0.486834 13.898842 0.046936 0.046936
0.429680 0.557823 13.185370 0.008106 0.008106
0.000000 0.000000 28.489848 10.805498 10.805498
0.369712 0.066240 28.489848 10.805498 10.805498
0.078449 0.411465 13.185370 0.008106 0.008106
0.164606 0.823523 89.972720 89.927318 89.927318
0.944150 1.000000 13.502222 25.461990 13.502222
0.632864 0.815684 13.502222 0.016465 0.016465
0.034075 0.247146 13.185370 0.008106 0.008106
1.000000 1.000000 13.502222 25.461990 13.502222
0.861901 0.972606 13.502222 25.461990 13.502222
0.913945 0.049647 0.000147 0.003269 0.000147
0.785559 0.182968 13.502222 0.003269 0.003269
0.188166 0.091067 28.489848 10.805498 10.805498
0.327541 0.058887 28.489848 15.766261 15.766261
0.998282 1.000000 13.502222 25.461990 13.502222
0.249702 0.438713 19.195764 0.008106 0.008106
0.327854 0.906824 13.185370 0.008106 0.008106
0.848818 0.279680 13.502222 0.003269 0.003269
0.455298 0.079158 28.489848 10.805498 10.805498
0.434047 0.311540 13.185370 0.008106 0.008106
0.245476 0.546562 27.888012 0.008106 0.008106
0.000540 0.065772 28.489848 39.982987 28.489848
0.000000 0.195826 13.185370 31.761290 13.185370
0.532512 0.024864 0.000147 0.003269 0.000147
1.000000 1.000000 13.502222 25.461990 13.502222
0.861424 0.101871 13.502222 0.003269 0.003269
0.651741 0.609160 88.290054 87.166888 87.166888
0.703958 0.725925 58.899612 0.003269 0.003269
0.797163 0.643498 13.502222 0.003269 0.003269
0.339683 0.320323 13.185370 0.008106 0.008106
1.000000 1.000000 13.502222 25.461990 13.502222
0.245629 0.850551 14.056471 0.008106 0.008106
0.797855 0.052171 0.000147 0.003269 0.000147
0.408600 0.775163 13.185370 0.008106 0.008106
0.420575 0.381776 13.185370 0.008106 0.008106
0.966152 0.965683 13.502222 25.461990 13.502222
0.814350 0.709579 13.502222 0.003269 0.003269
0.316377 0.044320 29.113869 10.805498 10.805498
0.621466 0.486791 73.332514 0.106846 0.106846
0.357980 0.793330 13.185370 0.008106 0.008106
0.866217 0.988882 13.502222 25.461990 13.502222
0.284207 0.515562 15.285125 0.008106 0.008106
0.090393 0.067806 28.489848 33.056370 28.489848
1.000000 1.000000 13.502222 25.461990 13.502222
0.014182 0.568218 13.185370 31.761290 13.185370
0.506956 0.749682 13.185370 0.003269 0.003269
0.235410 0.545717 31.200316 0.008106 0.008106
0.186274 0.425853 13.185683 0.008106 0.008106
0.209529 0.097842 13.185370 10.805498 10.805498
0.903439 1.000000 13.502222 25.461990 13.502222
0.953880 0.650724 13.502222 0.000133 0.000133
0.201388 0.992446 22.636664 0.008106 0.008106
0.383979 0.900262 13.185370 0.008106 0.008106
1.000000 1.000000 13.502222 25.461990 13.502222
0.806230 1.000000 15.943815 25.461990 15.943815
0.877326 0.487092 13.502222 0.003269 0.003269
0.648061 0.620755 77.103149 73.219338 73.219338
0.093542 0.680521 13.185370 0.008106 0.008106
0.171033 0.059772 28.489848 38.053310 28.489848
0.477111 0.192272 13.185370 0.003269 0.003269
0.486884 0.711804 13.185370 0.003269 0.003269
1.000000 1.000000 13.502222 25.461990 13.502222
0.465474 0.659220 13.185370 0.008106 0.008106
0.300877 0.298268 13.185370 0.008106 0.008106
0.573031 1.000000 13.502222 5.187068 5.187068
0.015678 0.020199 28.489848 10.805498 10.805498
0.000000 0.316720 13.185370 31.761290 13.185370
0.858676 0.264939 13.502222 0.003269 0.003269
0.820457 0.985981 13.502222 25.461990 13.502222
1.000000 1.000000 13.502222 25.461990 13.502222
0.838003 0.921445 13.502222 25.461990 13.502222
0.724031 0.816892 43.069566 0.003269 0.003269
0.292833 0.341845 13.258077 0.008106 0.008106
0.376227 0.918483 13.185370 0.008106 0.008106
0.978201 0.196894 13.502222 40.697058 13.502222
0.413272 0.463265 13.185370 0.008106 0.008106
1.000000 1.000000 13.502222 25.461990 13.502222
0.730543 0.752441 34.116884 0.003269 0.003269
0.400359 0.396522 13.185370 0.008106 0.008106
0.940262 1.000000 13.502222 25.461990 13.502222
0.897680 0.333776 13.502222 0.003269 0.003269
0.450151 0.893356 13.185370 0.008106 0.008106
0.172645 0.143880 13.185370 0.008106 0.008106
0.812914 1.000000 15.028739 25.461990 15.028739
0.000000 0.065772 28.489848 39.792026 28.489848
0.000000 0.999499 13.185370 31.761290 13.185370
0.447878 0.188825 13.185370 0.008106 0.008106
0.651741 0.609160 88.290054 87.166888 87.166888
0.018910 0.790353 13.185370 31.761290 13.185370
0.596531 0.026265 0.000147 0.003269 0.000147
0.677071 0.729693 49.707275 0.249612 0.249612
0.856928 0.878707 13.502222 25.461990 13.502222
0.327541 0.058887 28.489848 15.766261 15.766261
0.132758 0.438033 13.185370 0.008106 0.008106
1.000000 1.000000 13.502222 25.461990 13.502222
0.315585 0.498683 13.185370 0.008106 0.008106
0.140450 0.755290 51.734486 0.008106 0.008106
1.000000 0.947779 13.502222 25.461990 13.502222
0.456593 0.045625 28.489848 10.805498 10.805498
0.889582 1.000000 13.502222 25.461990 13.502222
0.851548 0.572795 13.502222 0.003269 0.003269
