# gen=10 mediating population
# x0..x(D-1) f0 f1 consensus
0.000000 0.839365 1.000000 0.328593 0.516201 0.000079 0.005920 0.000079
0.452079 0.318697 0.185943 0.825758 0.647526 0.071098 0.001264 0.001264
0.000000 0.861366 0.748876 0.403793 0.348022 0.000079 0.005920 0.000079
0.485510 0.412907 0.000000 0.741767 0.533924 0.071098 0.001264 0.001264
0.352465 0.819539 0.632243 0.492829 0.000000 0.000079 0.005920 0.000079
0.000000 0.909325 0.883605 0.968354 0.334513 0.000079 0.005920 0.000079
0.078979 0.776923 1.000000 0.455044 0.425830 0.000079 0.005920 0.000079
0.156068 0.946637 0.936512 0.799469 0.493972 0.000079 0.005920 0.000079
0.000000 1.000000 1.000000 0.508933 0.687678 0.000079 0.005920 0.000079
0.144206 0.749970 0.637593 0.659110 0.000000 0.000079 0.005920 0.000079
0.288333 0.769681 0.639454 0.222072 0.635144 0.000079 0.005920 0.000079
0.103360 0.799773 0.568727 0.015445 0.571589 0.000079 0.073366 0.000079
0.163140 0.647528 0.587215 0.353356 0.791220 0.000079 0.052146 0.000079
0.000000 1.000000 0.880214 0.000000 0.731637 0.000079 0.005920 0.000079
0.094943 1.000000 0.851655 0.354130 0.366667 0.000079 0.005920 0.000079
0.000000 1.000000 1.000000 0.350033 0.757210 0.000079 0.005920 0.000079
0.497711 0.154326 0.000000 0.883107 0.894060 0.071098 0.001264 0.001264
0.000000 1.000000 0.984159 0.689872 0.333851 0.000079 0.005920 0.000079
0.264022 0.810556 0.709703 0.665927 0.059816 0.000079 0.005920 0.000079
0.494899 0.441903 0.236703 0.314144 0.562222 0.071098 0.001264 0.001264
0.155623 0.679609 1.000000 0.371196 0.146878 0.000079 0.005920 0.000079
0.475981 0.278142 0.239210 0.329560 0.976181 0.071098 0.001264 0.001264
0.124823 0.675632 0.751934 0.208479 0.593344 0.000079 0.005920 0.000079
0.334035 0.669556 0.533479 0.699915 0.662134 0.000182 0.052623 0.000182
0.085490 0.771468 1.000000 0.000000 1.000000 0.000079 0.005920 0.000079
0.178775 0.668652 0.930098 0.324937 1.000000 0.000079 0.005920 0.000079
0.022852 0.991451 0.868977 0.000000 0.581566 0.000079 0.005920 0.000079
0.000000 0.963835 0.602871 0.000000 0.922482 0.000079 0.052146 0.000079
0.000000 0.987619 0.832066 0.073191 0.032152 0.000079 0.005920 0.000079
0.498046 0.511944 0.288651 0.277553 0.737999 0.071098 0.001264 0.001264
0.097654 1.000000 1.000000 0.809645 0.931298 0.000079 0.005920 0.000079
0.092353 0.744950 0.641242 0.082869 0.284144 0.000079 0.005920 0.000079
0.281228 0.773261 0.571534 0.208936 0.393707 0.000079 0.061944 0.000079
0.310508 0.945520 1.000000 0.000000 0.448794 0.000079 0.005920 0.000079
0.252933 1.000000 1.000000 0.967547 0.227640 0.000079 0.005920 0.000079
0.426706 0.844636 0.627624 0.741667 0.588248 0.000079 0.005920 0.000079
0.474590 0.483641 0.196714 0.699897 0.589597 0.071098 0.001264 0.001264
0.205976 0.718613 0.517109 0.586968 0.038682 0.000079 0.052146 0.000079
0.136179 0.796863 0.758378 0.628839 0.000000 0.000079 0.005920 0.000079
0.000000 0.956995 1.000000 0.017373 0.283828 0.000079 0.005920 0.000079
0.470977 0.431440 0.158847 0.930950 0.256217 0.071098 0.001264 0.001264
0.471406 0.478557 0.217210 0.388941 0.464264 0.071098 0.001264 0.001264
0.477587 0.499940 0.276473 0.675681 0.317742 0.071098 0.001264 0.001264
0.065326 1.000000 1.000000 0.000000 0.994217 0.000079 0.005920 0.000079
0.092983 0.851928 0.880004 0.839792 0.415953 0.000079 0.005920 0.000079
0.000000 0.889066 1.000000 0.616701 0.517403 0.000079 0.005920 0.000079
0.158668 1.000000 1.000000 0.299304 0.570955 0.000079 0.005920 0.000079
0.447408 0.465538 0.257311 0.209943 0.492815 0.071098 0.001264 0.001264
0.463548 0.505054 0.381741 0.000000 0.610756 0.071098 0.001264 0.001264
0.491082 0.456657 0.117692 0.609655 0.585797 0.071098 0.001264 0.001264
0.069141 0.768023 1.000000 0.339970 0.878022 0.000079 0.005920 0.000079
0.349301 0.800037 0.451797 0.531936 0.567655 0.000002 0.116189 0.000002
0.482655 0.064915 0.111195 0.174247 1.000000 0.071098 0.001264 0.001264
0.000000 0.641845 0.673833 0.874566 0.000000 0.000079 0.005920 0.000079
0.001212 0.765230 0.830644 0.181175 0.268138 0.000079 0.005920 0.000079
0.366579 0.674458 0.554866 0.510727 0.457234 0.000135 0.052146 0.000135
0.305286 0.517255 0.272074 0.776157 0.657025 0.000146 0.001264 0.000146
0.000000 0.935960 0.766949 0.054878 0.258641 0.000079 0.005920 0.000079
0.148992 0.628272 1.000000 0.071527 0.484315 0.000079 0.005920 0.000079
0.300644 0.756711 0.916490 0.474999 0.319597 0.000079 0.006298 0.000079
0.013820 0.945532 1.000000 0.000000 0.849642 0.000079 0.005920 0.000079
0.482262 0.442048 0.291615 0.655425 0.474102 0.071098 0.001264 0.001264
0.027205 0.646798 1.000000 0.235245 0.543041 0.000079 0.005920 0.000079
0.503225 0.289436 0.414411 0.189110 0.611652 0.071098 0.000019 0.000019
0.205248 0.849956 0.724453 0.664619 0.803889 0.000079 0.005920 0.000079
0.022648 0.789284 0.784726 0.060896 0.153926 0.000079 0.005920 0.000079
0.000000 0.889252 1.000000 0.700821 0.010285 0.000079 0.005920 0.000079
0.000000 0.878862 0.768711 0.000000 0.434453 0.000079 0.005920 0.000079
0.093865 0.774218 0.603842 0.330835 0.303105 0.000079 0.052146 0.000079
0.072788 0.647025 0.533668 1.000000 0.492368 0.000079 0.052146 0.000079
0.135378 0.884960 0.969668 0.269690 0.369270 0.000079 0.005920 0.000079
0.134581 1.000000 0.688199 0.357485 0.697015 0.000079 0.005920 0.000079
0.444227 0.730347 0.966234 0.395056 0.407467 0.000079 0.005920 0.000079
0.482262 0.381479 0.175970 0.480408 0.312723 0.071098 0.001264 0.001264
0.342374 0.677731 0.529049 0.949028 0.754261 0.000079 0.052146 0.000079
0.154058 0.752329 0.799449 0.073090 0.092943 0.000079 0.005920 0.000079
0.481654 0.485455 0.306167 0.649131 0.716665 0.071098 0.001264 0.001264
0.387226 0.647377 0.785615 0.021869 0.938623 0.000079 0.005920 0.000079
0.255636 0.936802 1.000000 0.703135 0.181245 0.000079 0.005920 0.000079
0.233657 0.619228 0.909218 0.000000 0.413636 0.000079 0.005920 0.000079
0.261654 0.631121 0.652415 0.856053 0.336839 0.009172 0.005920 0.005920
0.000000 1.000000 1.000000 0.571134 0.427666 0.000079 0.005920 0.000079
0.000000 0.858113 1.000000 0.000000 1.000000 0.000079 0.005920 0.000079
0.189436 0.823838 0.797071 0.629094 1.000000 0.000079 0.005920 0.000079
0.953060 0.114019 0.402008 0.585972 0.791220 0.071098 0.000019 0.000019
0.000000 1.000000 0.994379 0.367724 0.000000 0.000079 0.005920 0.000079
0.199713 0.475022 0.194450 0.955770 0.785169 0.000517 0.001264 0.000517
0.000000 0.794596 0.613866 0.047494 0.329632 0.000079 0.005920 0.000079
0.458147 0.196937 0.340544 0.594152 1.000000 0.071098 0.001264 0.001264
0.123906 0.896393 1.000000 0.000000 0.953796 0.000079 0.005920 0.000079
0.454067 0.003618 0.079831 0.604240 0.319301 0.071098 0.001264 0.001264
0.125955 1.000000 1.000000 0.997511 0.737196 0.000079 0.005920 0.000079
0.000000 0.842169 0.518175 1.000000 0.352564 0.000079 0.052146 0.000079
0.285541 0.883224 0.885175 0.373348 0.115480 0.000079 0.005920 0.000079
0.463964 0.303164 0.118599 1.000000 0.777907 0.071098 0.001264 0.001264
0.127591 0.867824 0.621350 0.000000 0.835093 0.000079 0.005920 0.000079
0.499884 0.165802 0.125865 1.000000 0.522630 0.071098 0.001264 0.001264
0.304067 0.951145 0.614916 0.577589 0.838521 0.000079 0.005920 0.000079
0.059504 1.000000 0.971784 0.715879 0.172933 0.000079 0.005920 0.000079
0.460823 0.507839 0.328739 0.395070 0.602077 0.071098 0.001264 0.001264
0.478337 0.379376 0.019751 0.356282 0.604447 0.071098 0.001264 0.001264
0.042607 1.000000 1.000000 0.488404 0.277794 0.000079 0.005920 0.000079
0.000000 0.930756 1.000000 0.041117 0.000000 0.000079 0.005920 0.000079
0.173523 0.937816 1.000000 0.000000 0.526347 0.000079 0.005920 0.000079
0.620776 0.030743 0.229965 0.734173 0.165590 0.071098 0.000019 0.000019
0.244969 1.000000 0.834651 1.000000 0.514295 0.000079 0.005920 0.000079
0.216988 1.000000 1.000000 0.133647 0.000000 0.000079 0.005920 0.000079
0.054584 0.807856 0.981071 0.631098 0.128204 0.000079 0.005920 0.000079
0.091546 0.790216 0.964662 0.583794 0.236787 0.000079 0.005920 0.000079
0.288033 0.669619 0.663986 0.210717 0.024534 0.000079 0.005920 0.000079
0.412608 0.760721 0.655202 0.403975 0.253748 0.000079 0.005920 0.000079
0.230363 1.000000 0.917766 0.563316 1.000000 0.000079 0.005920 0.000079
0.008350 0.718897 0.887516 0.393762 0.258208 0.000079 0.005920 0.000079
0.127191 1.000000 1.000000 0.552445 0.697667 0.000079 0.005920 0.000079
0.597314 0.410101 0.160403 0.258463 0.822036 0.071098 0.000019 0.000019
0.044350 0.976551 0.585272 0.058478 0.002872 0.000079 0.052146 0.000079
0.361504 0.797762 0.555410 0.267701 0.169533 0.000079 0.052146 0.000079
0.193980 0.780658 0.551544 0.395196 0.148579 0.000079 0.052146 0.000079
0.351998 0.854911 0.605559 0.180226 0.676795 0.000079 0.129289 0.000079
0.476511 0.338786 0.150383 0.419228 0.000000 0.071098 0.001264 0.001264
0.000000 0.808502 0.933956 0.309234 0.111459 0.000079 0.005920 0.000079
0.326295 1.000000 0.869122 0.000000 0.243552 0.000079 0.005920 0.000079
0.269754 0.891787 0.908113 0.439734 0.474495 0.000079 0.006104 0.000079
0.486698 0.283763 0.028698 0.000000 0.441973 0.071098 0.001264 0.001264
0.499935 0.507950 0.060033 0.977716 0.438529 0.071098 0.001264 0.001264
0.183539 0.729449 0.670058 0.858443 0.135163 0.000079 0.005920 0.000079
0.000000 0.986801 1.000000 1.000000 0.494770 0.000079 0.005920 0.000079
0.000000 1.000000 0.758519 0.222679 0.000000 0.000079 0.005920 0.000079
0.115564 0.737011 0.673544 0.342719 0.557949 0.000079 0.005920 0.000079
0.108349 0.770280 0.882582 0.660011 0.144410 0.000079 0.005920 0.000079
0.478870 0.177658 0.110945 0.614721 0.289249 0.071098 0.001264 0.001264
0.487784 0.188466 0.000000 0.532895 0.192897 0.071098 0.001264 0.001264
0.135493 0.833650 0.316081 0.872855 0.566090 0.000007 0.060320 0.000007
0.128843 0.611049 0.932179 1.000000 0.899335 0.000079 0.005920 0.000079
0.071604 0.910742 0.577254 0.089853 0.430574 0.000079 0.056285 0.000079
0.116229 0.768444 0.841335 0.401033 0.000000 0.000079 0.005920 0.000079
0.272562 1.000000 0.977361 0.028919 0.000000 0.000079 0.005920 0.000079
0.497030 0.361516 0.048932 0.191982 0.619189 0.071098 0.001264 0.001264
0.216458 1.000000 0.844003 1.000000 1.000000 0.000079 0.005920 0.000079
0.000000 0.966800 0.931194 0.286814 0.062646 0.000079 0.005920 0.000079
0.103898 0.995133 0.682866 0.474137 0.793433 0.000079 0.005920 0.000079
0.123467 0.750715 0.807498 0.039564 0.270248 0.000079 0.005920 0.000079
0.000000 0.818481 0.526036 0.368014 0.355038 0.000079 0.052146 0.000079
0.372381 0.680663 0.850160 0.330081 0.694945 0.000079 0.005920 0.000079
0.071841 0.645958 0.815511 0.921980 0.179008 0.000079 0.005920 0.000079
0.203931 0.737030 0.728621 0.633322 0.762939 0.000079 0.005920 0.000079
0.477233 0.477690 0.155333 0.903002 0.025193 0.071098 0.001264 0.001264
0.485668 0.138561 0.197083 0.489957 1.000000 0.071098 0.001264 0.001264
0.000000 0.781681 0.971503 1.000000 0.380964 0.000079 0.005920 0.000079
0.000000 1.000000 0.680605 0.418076 0.077745 0.000079 0.005920 0.000079
0.229071 0.752329 0.790947 0.396025 0.166756 0.000079 0.005920 0.000079
0.142898 0.683290 0.616825 0.252361 0.633747 0.000079 0.005920 0.000079
0.059739 0.761551 0.998765 0.524307 0.560831 0.000079 0.005920 0.000079
0.251489 0.722191 0.990100 0.000000 0.000000 0.000079 0.005920 0.000079
0.000000 0.834009 0.665440 0.544267 0.644716 0.000079 0.005920 0.000079
0.471791 0.457894 0.371127 0.309719 0.042472 0.071098 0.001264 0.001264
0.000000 0.920260 0.888642 0.155625 0.000000 0.000079 0.005920 0.000079
0.000000 0.867940 1.000000 0.000000 0.504703 0.000079 0.005920 0.000079
0.156895 0.888486 1.000000 0.627598 0.232381 0.000079 0.005920 0.000079
0.468598 0.281089 0.153504 0.611958 0.240317 0.071098 0.001264 0.001264
0.467832 0.366088 0.102438 0.256811 0.075126 0.071098 0.001264 0.001264
0.080705 0.669087 0.986051 0.345778 0.531644 0.000079 0.005920 0.000079
0.153644 1.000000 0.899262 0.235467 0.034876 0.000079 0.005920 0.000079
0.118728 0.895600 0.804478 0.950684 0.352409 0.000079 0.005920 0.000079
0.549705 0.000690 0.431671 0.459232 0.228583 0.071098 0.000019 0.000019
0.102919 0.851393 1.000000 0.000000 0.672343 0.000079 0.005920 0.000079
0.009161 0.889066 0.852495 0.483162 0.441907 0.000079 0.005920 0.000079
0.464530 0.423802 0.232272 0.172940 0.661506 0.071098 0.001264 0.001264
0.189175 1.000000 1.000000 0.920759 0.585321 0.000079 0.005920 0.000079
0.500297 0.426540 0.013757 0.109490 0.010640 0.071098 0.001264 0.001264
0.462158 0.368700 0.270144 0.000000 0.538822 0.071098 0.001264 0.001264
0.320151 0.845680 0.564996 0.705166 0.000000 0.000079 0.052146 0.000079
0.478337 0.433487 0.084253 0.562313 0.268336 0.071098 0.001264 0.001264
0.536393 0.293360 0.278056 0.057560 0.599770 0.071098 0.000019 0.000019
0.486484 0.293360 0.119089 0.119018 0.634402 0.071098 0.001264 0.001264
0.369525 1.000000 0.939251 0.694575 1.000000 0.000079 0.005920 0.000079
0.000000 0.646185 0.573172 0.483402 0.097627 0.000079 0.052146 0.000079
0.042833 0.748049 0.746771 0.678038 0.328948 0.000079 0.005920 0.000079
0.219267 0.788877 0.692261 0.043124 0.655565 0.000079 0.005920 0.000079
0.228860 0.662178 0.829361 0.664988 0.451281 0.000079 0.005920 0.000079
0.500297 0.461162 0.005837 0.433867 0.254730 0.071098 0.001264 0.001264
0.000000 1.000000 0.995947 0.208853 0.868006 0.000079 0.005920 0.000079
0.162854 0.670281 0.530016 0.985555 0.340350 0.000079 0.052146 0.000079
0.474590 0.483641 0.256608 0.954364 0.567617 0.071098 0.001264 0.001264
0.116557 0.708632 0.681936 0.241461 0.019439 0.000079 0.005920 0.000079
0.452938 0.357780 0.155491 0.276804 0.251563 0.071098 0.001264 0.001264
0.221914 0.625680 0.642009 0.615800 0.558387 0.000079 0.005920 0.000079
0.252607 0.870118 0.951428 0.553762 0.781497 0.000079 0.005920 0.000079
0.299105 1.000000 1.000000 0.224137 0.212709 0.000079 0.005920 0.000079
0.235557 0.784129 1.000000 0.450684 0.382945 0.000079 0.005920 0.000079
0.000000 1.000000 0.947267 0.341704 0.230888 0.000079 0.005920 0.000079
0.153703 0.487550 0.286809 1.000000 0.721782 0.000282 0.001264 0.000282
0.262705 0.849830 0.921902 0.270888 0.307245 0.000079 0.015462 0.000079
0.486372 0.366307 0.058136 0.828091 0.393455 0.071098 0.001264 0.001264
0.253090 0.903892 0.971228 1.000000 0.348125 0.000079 0.005920 0.000079
0.257652 0.966761 0.802722 0.523856 0.026856 0.000079 0.005920 0.000079
0.200365 0.777800 0.711959 0.490755 0.343661 0.000079 0.005920 0.000079
0.089079 0.901086 0.903747 0.000000 0.484866 0.000079 0.005938 0.000079
0.450172 0.434685 0.185943 0.655773 0.705623 0.071098 0.001264 0.001264
0.245440 0.626949 0.208148 0.882561 0.955788 0.000002 0.052146 0.000002
0.487878 0.182888 0.379029 0.887678 0.722946 0.071098 0.001264 0.001264
0.000000 0.736855 1.000000 0.828200 0.064102 0.000079 0.005920 0.000079
0.472138 0.028607 0.000000 0.845845 0.333872 0.071098 0.001264 0.001264
0.166754 0.611348 1.000000 0.491687 0.083143 0.000079 0.005920 0.000079
0.449219 0.449660 0.288651 0.000000 0.360742 0.071098 0.001264 0.001264
0.022086 1.000000 0.718181 1.000000 0.000000 0.000079 0.005920 0.000079
0.018904 0.788555 0.738912 0.027063 0.000000 0.000079 0.005920 0.000079
0.164475 0.901636 0.733811 0.635537 0.583511 0.000079 0.005920 0.000079
0.000000 1.000000 0.783185 0.223010 0.550254 0.000079 0.005920 0.000079
0.408287 0.718908 0.526428 0.325979 0.223867 0.000079 0.052146 0.000079
0.487878 0.243457 0.422448 0.366768 0.596411 0.071098 0.001264 0.001264
0.475981 0.227730 0.264385 0.000000 0.864654 0.071098 0.001264 0.001264
0.014704 0.782502 0.928540 0.706393 0.293129 0.000079 0.005920 0.000079
0.107466 0.837486 0.684660 0.009258 0.355906 0.000079 0.005920 0.000079
0.000000 0.977977 0.539103 0.469553 0.604856 0.000079 0.070111 0.000079
0.233657 0.685258 0.909218 0.065650 0.534751 0.000079 0.005920 0.000079
0.270925 0.819486 0.686233 0.966255 0.468710 0.000102 0.005920 0.000102
0.000000 0.763701 0.530379 0.324128 0.049358 0.000079 0.052146 0.000079
0.315396 0.806857 0.656612 0.680226 0.729081 0.000079 0.005920 0.000079
0.256327 0.490391 0.293012 0.998618 0.803662 0.000808 0.001264 0.000808
0.302212 0.937142 0.618908 1.000000 0.366118 0.000079 0.005920 0.000079
0.463548 0.511963 0.381741 0.283478 0.527507 0.071098 0.001264 0.001264
0.480746 0.284355 0.006626 0.301129 0.443861 0.071098 0.001264 0.001264
0.255201 0.927539 0.721357 0.189231 0.947632 0.000079 0.005920 0.000079
0.141066 1.000000 1.000000 0.081274 0.153407 0.000079 0.005920 0.000079
0.075767 0.693881 0.703078 0.766142 0.826588 0.000079 0.005920 0.000079
0.148311 1.000000 0.704991 0.192070 0.013146 0.000079 0.005920 0.000079
0.459129 0.108749 0.035730 0.620346 0.362564 0.071098 0.001264 0.001264
0.059791 0.780799 0.754474 0.609100 0.560639 0.000079 0.005920 0.000079
0.000000 0.650429 0.613992 0.009924 0.677612 0.000079 0.005920 0.000079
0.563942 0.239039 0.239983 0.175114 0.979602 0.071098 0.000019 0.000019
0.009066 0.766529 0.674786 0.000000 1.000000 0.000079 0.005920 0.000079
0.197638 1.000000 0.682065 0.439845 0.069264 0.000079 0.005920 0.000079
0.157292 1.000000 0.834651 0.685588 0.646455 0.000079 0.005920 0.000079
0.064382 0.675441 0.646838 0.639548 0.580069 0.000079 0.005920 0.000079
0.308527 0.755972 0.616110 0.854656 0.435371 0.000279 0.005920 0.000279
0.417021 0.755972 0.616110 0.667013 0.091532 0.000080 0.005920 0.000080
0.144666 0.848246 0.527191 0.000000 1.000000 0.000079 0.130567 0.000079
0.500000 0.462780 0.139515 0.343447 0.000000 0.071098 0.001264 0.001264
0.219951 0.788183 0.940947 0.269921 0.456888 0.000079 0.005920 0.000079
0.000000 0.987820 1.000000 0.236728 0.386211 0.000079 0.005920 0.000079
0.492721 0.089028 0.340544 0.263844 0.908294 0.071098 0.001264 0.001264
0.314351 0.662285 0.655602 0.756260 0.638492 0.000688 0.005920 0.000688
0.038684 0.923921 1.000000 0.187894 0.000000 0.000079 0.005920 0.000079
0.454273 0.315622 0.405030 1.000000 0.260329 0.071098 0.001264 0.001264
0.310508 0.872694 0.838774 0.218316 0.431971 0.000079 0.005920 0.000079
0.487878 0.243457 0.373933 0.999017 0.505720 0.071098 0.001264 0.001264
0.493812 0.436165 0.173771 0.255698 0.747937 0.071098 0.001264 0.001264
0.012764 0.932176 0.786480 0.705362 0.000000 0.000079 0.005920 0.000079
0.000000 1.000000 1.000000 0.187800 0.746933 0.000079 0.005920 0.000079
0.103170 0.936085 0.940474 0.541915 0.091377 0.000079 0.005920 0.000079
0.588048 0.090177 0.054182 0.306899 0.863708 0.071098 0.000019 0.000019
0.136179 0.820086 0.726637 0.555637 0.158293 0.000079 0.005920 0.000079
0.456508 0.471446 0.101668 0.337868 0.273290 0.071098 0.001264 0.001264
0.475518 0.500129 0.367784 0.917990 0.684764 0.071098 0.001264 0.001264
0.211827 0.982878 1.000000 0.585586 0.791220 0.000079 0.005920 0.000079
0.000000 0.701898 0.778110 0.462248 0.204313 0.000079 0.005920 0.000079
0.098310 0.999797 0.852781 0.991114 0.639193 0.000079 0.005920 0.000079
0.000000 0.635571 0.673833 0.374566 0.256841 0.000079 0.005920 0.000079
0.244430 0.879817 0.795397 0.496171 0.878042 0.000079 0.005920 0.000079
0.226473 0.971571 0.608484 0.417585 0.154322 0.000079 0.052146 0.000079
0.000000 1.000000 1.000000 0.950724 0.705257 0.000079 0.005920 0.000079
0.224022 0.727897 0.665503 0.635999 0.922170 0.000079 0.005920 0.000079
0.013465 1.000000 1.000000 0.000000 0.115067 0.000079 0.005920 0.000079
0.283387 0.850482 0.760746 1.000000 0.759568 0.000079 0.005920 0.000079
0.492721 0.109707 0.309064 0.403196 1.000000 0.071098 0.001264 0.001264
0.193280 0.889637 0.675405 0.681414 1.000000 0.000079 0.005920 0.000079
0.218374 0.679834 0.870108 0.353996 0.000000 0.000079 0.005920 0.000079
0.131307 0.890324 0.817967 0.528801 0.105646 0.000079 0.005920 0.000079
0.247812 0.755566 0.633459 0.009660 0.413725 0.000079 0.005920 0.000079
0.474872 0.481676 0.338607 0.211233 0.268360 0.071098 0.001264 0.001264
0.500878 0.373939 0.402364 0.759027 0.309702 0.071098 0.001264 0.001264
0.128828 0.975049 0.969378 0.786206 0.604426 0.000079 0.005920 0.000079
0.451111 0.146217 0.161414 0.125461 0.479380 0.071098 0.001264 0.001264
0.000000 1.000000 1.000000 0.859820 0.322593 0.000079 0.005920 0.000079
0.258996 1.000000 0.821416 0.245752 0.311389 0.000079 0.005920 0.000079
0.000000 1.000000 1.000000 0.000000 0.487944 0.000079 0.005920 0.000079
0.217607 0.822193 0.604016 0.872644 0.112338 0.000079 0.052146 0.000079
0.232773 1.000000 1.000000 1.000000 0.506036 0.000079 0.005920 0.000079
0.000000 1.000000 0.644691 0.008120 0.483888 0.000079 0.005920 0.000079
0.231820 0.677490 0.400780 0.943992 0.741997 0.000406 0.052146 0.000406
0.028595 0.845171 0.665417 0.251985 0.090191 0.000079 0.005920 0.000079
0.477584 0.380176 0.105937 0.115263 0.126499 0.071098 0.001264 0.001264
0.011176 0.211413 0.726778 0.804212 0.843779 0.000002 0.000003 0.000002
0.329721 0.647786 1.000000 0.950843 0.520154 0.000079 0.005920 0.000079
0.497848 0.349041 0.033621 0.000000 0.572569 0.071098 0.001264 0.001264
0.777988 0.092332 0.057926 0.442344 0.055323 0.071098 0.000019 0.000019
0.289043 0.765931 0.513440 0.621338 0.376781 0.000079 0.052146 0.000079
0.000000 0.704396 0.870995 0.917718 0.298755 0.000079 0.005920 0.000079
0.131631 0.187602 0.862979 0.124138 0.883486 0.000004 0.000003 0.000003
0.183540 0.972188 0.886343 1.000000 0.391347 0.000079 0.005920 0.000079
0.180937 0.986064 0.912097 0.613848 0.235117 0.000079 0.005920 0.000079
0.174227 0.945520 1.000000 0.240007 0.792633 0.000079 0.005920 0.000079
0.200264 0.684879 0.868921 0.174737 1.000000 0.000079 0.005920 0.000079
0.271437 0.973041 0.611253 0.183896 0.941247 0.000079 0.160399 0.000079
0.000000 0.953554 1.000000 0.146404 0.269143 0.000079 0.005920 0.000079
0.185919 0.959890 0.964319 0.377918 0.770549 0.000079 0.005920 0.000079
0.386553 0.909359 0.821105 0.449219 0.134705 0.000079 0.005920 0.000079
0.080106 0.834622 1.000000 0.432601 0.676325 0.000079 0.005920 0.000079
0.094129 0.740138 0.561216 0.507723 0.526409 0.000079 0.052146 0.000079
