# gen=10 CA size=200
# x0..x(D-1) consensus
0.265715 0.556130 0.525209 53.644232
0.300456 0.227509 0.645728 51.047116
0.285447 0.588508 0.410383 54.984342
0.230682 0.182643 0.685416 54.097990
0.294967 0.559457 0.310753 51.567151
0.295270 0.628191 0.490653 54.242016
0.179554 0.167701 0.851938 51.537456
0.243506 0.178645 0.637527 51.047116
0.109947 0.849123 0.416679 42.323423
0.022376 0.259450 0.338442 37.009569
0.918398 0.375750 0.253208 49.532973
0.178749 0.987158 0.741063 42.323423
0.149029 0.281941 0.486165 50.779232
0.116194 0.778168 0.302548 42.323423
0.548917 0.916569 0.173804 50.094841
0.747779 0.227799 0.634103 42.529026
0.187831 0.702627 0.470944 52.264923
0.160942 0.217065 0.942825 51.047116
0.238619 0.183115 0.739547 53.626080
0.267318 0.619143 0.334525 55.979246
0.301932 0.577011 0.508449 52.095142
0.190954 0.667149 0.413879 53.858264
0.405228 0.513363 0.519582 50.028000
0.297804 0.162609 0.743020 51.047116
0.405610 0.594550 0.534347 50.028000
0.451494 0.803539 0.242735 50.050717
0.188774 0.596213 0.402037 57.729410
0.154991 0.130973 0.663425 52.976368
0.205732 0.703179 0.396600 51.382458
0.318566 0.730650 0.505440 51.615832
0.190154 0.645937 0.461314 58.879656
0.077205 0.204980 0.628917 52.127746
0.602355 0.738456 0.254087 53.112176
0.200820 0.683338 0.356466 50.464249
0.176726 0.513884 0.527103 53.671499
0.126529 0.221047 0.511929 55.948385
0.349170 0.529790 0.518875 50.028000
0.141500 0.180965 0.777124 57.196127
0.189856 0.232292 0.585790 63.254618
0.411970 0.546458 0.394054 50.028000
0.241302 0.750982 0.537791 49.884177
0.077205 0.254240 0.590283 52.364037
0.184620 0.132333 0.729101 52.765862
0.379247 0.586239 0.396154 50.028000
0.672555 0.700270 0.161682 55.137271
0.286298 0.693360 0.329032 52.170989
0.361704 0.667149 0.479453 50.028000
0.187844 0.249805 0.727379 58.938338
0.296962 0.721395 0.447440 52.817806
0.094969 0.246562 0.786919 53.772099
0.181649 0.119969 0.643166 51.737901
0.242174 0.103630 0.837969 51.105481
0.236179 0.713901 0.700473 53.950669
0.100965 0.213576 0.595190 56.277053
0.515485 0.800992 0.134556 49.950845
0.186347 0.720629 0.673329 52.415539
0.164291 0.224821 0.669051 67.338238
0.106012 0.156749 0.826645 53.157290
0.337598 0.507360 0.187312 50.028000
0.193540 0.254917 0.761458 55.765943
0.643282 0.119364 0.202323 49.724086
0.249319 0.620492 0.476396 59.023780
0.136526 0.581071 0.444163 50.056338
0.331074 0.194386 0.649250 51.047116
0.214725 0.217191 0.600000 58.069406
0.119804 0.183445 0.755916 59.342654
0.269252 0.654263 0.397683 60.127931
0.875761 0.154311 0.308061 49.800500
0.110095 0.151882 0.643429 51.685643
0.314676 0.655866 0.494313 52.168019
0.479948 0.928664 0.058983 49.603843
0.257640 0.653000 0.748409 49.869419
0.258550 0.113608 0.806082 51.050840
0.285424 0.102248 0.719996 51.047116
0.668271 0.724950 0.235882 50.499931
0.144025 0.617631 0.502906 53.574456
0.687375 0.141923 0.195053 49.540864
0.273227 0.193990 0.660717 51.047116
0.354160 0.500840 0.360718 50.028000
0.371577 0.611345 0.438205 50.028000
0.210785 0.117536 0.778786 51.601987
0.228771 0.154649 0.780492 52.445904
0.522343 0.860183 0.095866 51.240835
0.867269 0.152944 0.273938 51.978746
0.236446 0.712294 0.791200 49.953297
0.183219 0.195917 0.739229 58.322841
0.244780 0.707139 0.479639 56.909853
0.339295 0.180587 0.719828 50.715370
0.378260 0.562714 0.242182 50.028000
0.082141 0.199515 0.730527 58.101722
0.461410 0.839125 0.210071 51.324276
0.086077 0.175567 0.833608 53.270877
0.285830 0.128029 0.541045 51.047116
0.117863 0.229010 0.659393 65.012994
0.540124 0.840664 0.112031 52.327342
0.452755 0.913666 0.068930 49.588760
0.212038 0.663625 0.838734 51.470961
0.253896 0.146569 0.685826 51.047116
0.316659 0.508257 0.157688 49.827198
0.324263 0.532113 0.278655 50.028000
0.268474 0.636354 0.269165 53.335674
0.218624 0.115883 0.937352 51.047116
0.526949 0.752046 0.000000 49.532973
0.370369 0.639946 0.375399 50.028000
0.713561 0.415654 0.289138 49.532973
0.174559 0.206774 0.545325 62.675315
0.466839 0.810830 0.000000 49.532973
0.318192 0.558727 0.255442 50.048304
0.377380 0.637327 0.282732 50.028000
0.448233 0.876546 0.210077 51.678559
0.321420 0.103567 0.687609 49.837339
0.922126 0.339414 0.219370 49.532973
0.820318 0.315604 0.126787 49.532973
0.688652 0.715531 0.185123 53.404671
0.279773 0.199642 0.554248 51.047116
0.408850 0.570698 0.310706 50.028000
0.636091 0.120016 0.253975 49.551941
0.790143 0.330568 0.309804 49.532973
0.209084 0.140386 0.752844 52.648332
0.621179 0.315470 0.429503 49.532973
0.251881 0.649287 0.780311 50.949048
0.282981 0.069870 0.835773 51.047116
0.330951 0.109537 0.878642 51.047116
0.557978 0.666818 0.213795 49.532973
1.000000 0.387853 0.301393 49.532973
1.000000 0.398826 0.102467 49.532973
0.342032 0.149922 0.724848 51.047116
0.988052 0.408814 0.045327 49.532973
0.798311 0.316846 0.243966 49.532973
0.923260 0.429843 0.275750 49.532973
0.297597 0.644629 0.254697 51.813064
0.437769 0.744255 0.124946 49.532973
0.331828 0.718312 0.421499 50.827962
0.211605 0.184419 0.830711 51.666404
0.210723 0.686812 0.536810 63.405001
0.436110 0.737590 0.000000 49.532973
0.705673 0.347768 0.372465 49.532973
0.219403 0.089496 0.756800 51.047116
0.222454 0.632808 0.311727 54.370113
0.743930 0.340805 0.153552 49.532973
0.354306 0.522831 0.305156 50.028000
0.732368 0.106662 0.198285 50.119864
0.889961 0.394577 0.128095 49.532973
0.311707 0.681929 0.351602 53.480516
0.183514 0.142767 0.682867 53.688499
0.144499 0.242858 0.825831 53.211648
0.235243 0.684746 0.310290 51.202562
0.571591 0.843389 0.214121 57.529544
0.745012 0.337173 0.391732 49.532973
0.192738 0.635382 0.833532 52.162752
0.404534 0.561052 0.226989 50.028000
0.298461 0.704056 0.398509 53.833638
0.246992 0.248535 0.511804 51.047116
0.239634 0.093375 0.672279 51.047116
0.578857 0.785203 0.119168 52.325733
0.510357 0.764138 0.223341 51.233409
0.345116 0.673962 0.337187 50.278322
0.318839 0.500990 0.351602 50.408653
0.278847 0.654633 0.524380 56.207254
0.904009 0.325371 0.000000 49.532973
0.335574 0.621294 0.262679 50.536368
0.653887 0.360484 0.427957 49.532973
0.268631 0.732760 0.679495 51.449847
0.636553 0.782218 0.171717 59.002622
0.659980 0.771368 0.121522 55.044450
0.688105 0.376673 0.313455 49.532973
0.124908 0.242776 0.468921 53.153114
0.570179 0.616272 0.097004 49.532973
0.894181 0.159987 0.259816 50.190329
0.320123 0.718822 0.361470 49.685394
0.495792 0.821584 0.237594 53.637897
0.729128 0.386801 0.242812 49.532973
0.180772 0.575509 0.404872 56.844128
0.631742 0.653838 0.092334 49.532973
0.730350 0.379175 0.167786 49.532973
0.228753 0.568112 0.485331 57.028026
1.000000 0.326790 0.121094 49.532973
0.474461 0.665191 0.122879 49.532973
0.166889 0.226613 0.854719 51.047116
0.197506 0.624469 0.528637 60.875708
0.849739 0.372114 0.071269 49.532973
0.168777 0.192871 1.000000 51.047116
0.574631 0.706187 0.000000 49.532973
0.526375 0.835006 0.140957 53.355780
0.245873 0.699364 0.435175 56.453323
0.152129 0.536674 0.523964 55.184473
0.197024 0.164808 0.510994 51.047116
0.678122 0.325371 0.091022 49.532973
0.484340 0.779841 0.015964 49.532973
0.261192 0.248098 0.699006 53.056566
0.777809 0.389805 0.235347 49.532973
0.240302 0.678749 0.708355 52.757602
0.191282 0.594493 0.475124 61.157385
0.162430 0.161904 0.798945 54.144105
0.133985 0.190766 0.708284 62.199729
0.452228 0.841362 0.091865 49.532973
0.322422 0.674255 0.522277 50.507045
0.277322 0.186703 0.629745 51.047116
0.258446 0.611027 0.380610 58.677172
1.000000 0.364390 0.466025 49.532973
