# Party-0 optima (Phase 1b)
# x0..x(D-1) party_fit f0 f1 consensus
0.718191 0.845114 0.049388 0.071488 0.508549 0.795772 0.620630 0.919634 0.867619 0.371694 4.101165 4.101165 1.783273 1.783273
0.810486 0.982938 0.035560 0.026646 0.193275 0.251069 0.609565 0.343645 0.324117 0.639126 4.101165 4.101165 1.783273 1.783273
0.780528 0.874321 0.092797 0.558727 0.788884 0.368696 0.264538 0.490943 0.170690 0.967453 4.101165 4.101165 1.783273 1.783273
0.955087 0.965649 0.794544 0.287061 0.210436 0.437787 0.451115 0.381256 0.499905 0.379994 4.075953 4.075953 1.099626 1.099626
0.666506 0.781821 0.704494 0.002174 0.166690 0.591098 0.229703 0.216013 0.486626 0.867680 4.075953 4.075953 1.783273 1.783273
0.720897 0.921258 0.660389 0.475169 0.939441 0.087201 0.903095 0.870286 0.980177 0.556180 4.075953 4.075953 1.783273 1.783273
0.903469 0.814463 0.960305 0.297239 0.673209 0.273674 0.793623 0.790068 0.355143 0.898176 4.075953 4.075953 1.099626 1.099626
0.696003 0.831101 0.402591 0.436535 0.134039 0.447955 0.507548 0.289199 0.514865 0.812291 4.075953 4.075953 1.783273 1.783273
