# gen=50 CA size=200
# x0..x(D-1) consensus
0.727564 0.341249 0.763949 0.444459 0.591853 7.617747
0.413631 0.723158 0.033544 0.508066 0.534572 7.821461
0.986403 0.496855 0.640699 0.103576 0.721359 8.574907
0.836983 0.415474 0.994240 0.558926 0.700672 5.325201
0.512068 0.318098 0.612095 0.642094 0.947463 7.617747
0.679514 0.234724 0.720833 0.697454 0.227057 7.617747
0.153110 0.903260 0.389383 0.219158 0.268121 7.844976
0.051986 0.950880 0.410003 0.307150 0.463373 7.844976
0.457966 0.352089 0.996616 0.572067 0.283188 8.523101
0.004293 0.949164 0.429514 0.346986 0.654258 7.844976
0.726022 0.468162 0.804808 0.203155 0.972954 10.203337
0.678881 0.494433 0.679696 0.074876 0.709640 10.093482
0.365929 0.645206 0.596731 0.395723 0.623055 6.656748
0.588119 0.447180 0.785783 0.487902 0.368265 5.325201
0.585453 0.473006 0.918625 0.120789 0.644451 9.588073
0.765784 0.442950 1.000000 0.106080 0.721797 10.203337
0.788435 0.474367 0.797847 0.052227 0.508902 10.203337
0.648485 0.424357 0.797582 0.127853 0.406980 9.455617
0.674384 0.507606 0.824997 0.091512 0.956451 9.722375
0.711259 0.482881 0.766491 0.163611 0.909067 10.203337
0.783834 0.446897 0.898680 0.189069 1.000000 10.203337
0.609597 0.492247 0.668650 0.181950 0.745454 10.203337
0.431153 0.638135 0.420581 0.519705 0.339624 7.821461
0.534102 0.237615 0.172657 0.667103 0.814234 7.951371
0.668478 0.437092 0.776842 0.127414 0.468853 10.203337
0.615242 0.482807 0.825219 0.217329 0.498238 10.203337
0.673882 0.479583 0.829223 0.170369 0.936114 10.203337
0.656265 0.437051 1.000000 0.116721 0.583429 10.109009
0.743824 0.644643 0.272392 0.395276 0.669989 14.019040
0.628319 0.479517 0.862113 0.189067 0.622580 10.203337
0.755716 0.431830 0.886956 0.068188 1.000000 9.632918
0.812362 0.506222 0.771602 0.086928 0.858943 10.203337
0.655071 0.267108 0.458168 0.779298 0.842798 8.523101
0.759278 0.512813 0.772678 0.155920 0.579534 10.203337
0.732718 0.498101 0.711459 0.000000 0.775342 9.980804
0.730961 0.468025 1.000000 0.064252 0.656212 9.638038
0.742920 0.425507 0.721332 0.079010 0.749899 10.203337
0.684818 0.473337 0.950686 0.029581 0.515578 9.433691
0.768121 0.483991 0.773317 0.186425 0.653691 10.203337
0.782143 0.494327 0.774170 0.053867 0.515135 10.203337
0.854737 0.488929 0.764951 0.201444 0.886948 10.203337
0.854843 0.435075 0.761192 0.101524 0.667205 10.203337
0.681193 0.412803 0.807910 0.072926 0.732803 10.203337
0.832123 0.455980 0.677095 0.132270 0.487703 9.543345
0.745335 0.443413 0.779868 0.232460 0.759650 10.203337
0.612464 0.483733 0.740512 0.232321 1.000000 10.203337
0.721604 0.467350 0.880924 0.055145 0.482184 10.203337
0.806389 0.451659 0.798928 0.000000 0.506104 9.522834
0.762060 0.489565 0.693097 0.000000 0.715178 9.930284
0.762361 0.493083 0.859620 0.147018 0.532429 10.203337
0.684818 0.473337 0.877998 0.167136 0.608985 10.203337
0.762819 0.648826 0.273970 0.366656 0.664993 13.752684
0.851183 0.488256 0.928336 0.000000 1.000000 8.633901
0.778116 0.432018 0.785162 0.000000 0.678858 9.924861
0.705714 0.489749 0.896334 0.018121 0.641069 10.167156
0.643265 0.443055 0.905287 0.068944 0.816759 9.976278
0.702885 0.420911 0.771304 0.233161 0.919222 10.203337
0.629006 0.500664 0.675142 0.195340 0.701991 10.203337
0.712930 0.475688 0.879685 0.111641 0.503042 10.203337
0.661646 0.477963 0.640603 0.248874 1.000000 10.203337
0.637486 0.521969 0.748091 0.151872 1.000000 9.444164
0.709619 0.457323 0.709443 0.106913 0.856365 10.203337
0.578419 0.428767 0.987306 0.241827 0.764539 9.795853
0.733725 0.433153 0.767953 0.241133 0.634243 10.203337
0.706809 0.418199 0.758913 0.213860 1.000000 10.203337
0.848625 0.411949 0.810471 0.192479 0.797769 10.203337
0.806558 0.499079 0.831340 0.000000 0.536970 9.618035
0.736842 0.435057 0.922051 0.221248 0.911095 10.203337
0.242076 0.977072 0.325978 0.364221 0.486653 9.675875
0.751944 0.490411 0.723927 0.241726 0.495370 10.203337
0.783110 0.436896 0.749679 0.095383 0.599678 10.203337
0.632910 0.442976 0.829045 0.109889 0.636026 10.203337
0.670776 0.482155 0.813735 0.032841 0.548055 10.107055
0.575479 0.498376 0.782112 0.250469 0.940318 9.760340
0.700043 0.447787 0.822149 0.000000 0.523597 9.593823
0.801140 0.473543 0.853707 0.000000 0.699348 10.203337
0.638794 0.466532 0.853287 0.084328 0.831507 10.203337
0.734431 0.411984 0.857163 0.098830 0.522560 10.203337
0.732675 0.476582 0.635799 0.185042 0.974586 10.203337
0.707259 0.450093 0.934839 0.157993 0.560650 10.203337
0.758761 0.435141 0.790576 0.005438 0.718428 10.198312
0.675483 0.451145 0.928140 0.129411 0.509730 10.203337
0.678252 0.519136 0.667136 0.169377 0.790850 10.203337
0.690922 0.471425 0.726929 0.107331 1.000000 9.580186
0.766715 0.516733 0.822276 0.000000 0.861753 9.554204
0.734793 0.488794 0.703782 0.134510 0.793163 10.203337
0.807765 0.497455 0.900905 0.218695 0.654258 9.587889
0.864860 0.758603 0.811128 0.593005 0.339999 22.088293
0.714037 0.413618 1.000000 0.127518 0.757773 10.203337
0.894125 0.475948 0.722638 0.030514 0.660353 9.442142
0.736882 0.660649 0.179829 0.654925 0.615454 10.297446
0.795777 0.419078 0.599228 0.211372 0.827548 9.535995
0.718179 0.498059 0.589289 0.185668 0.950112 9.805527
0.588412 0.459430 0.821983 0.140461 0.759836 10.203337
0.801166 0.427425 0.826451 0.179052 0.608614 10.203337
0.838250 0.414703 0.862544 0.199170 0.661832 10.203337
0.745223 0.505415 0.745675 0.217717 0.785598 10.203337
0.850975 0.412524 0.733263 0.178681 0.591853 10.203337
0.762767 0.439925 0.928878 0.130256 0.906017 10.203337
0.646656 0.437374 0.748761 0.218244 1.000000 10.203337
0.276496 0.946163 0.321442 0.360012 0.338053 9.699097
0.684004 0.466890 0.945177 0.213936 1.000000 9.511011
0.649811 0.466798 0.817944 0.038868 0.579669 10.020045
0.648942 0.500664 0.603532 0.157618 0.757535 9.581655
0.709340 0.433005 0.666566 0.240342 0.572755 10.203337
0.755707 0.494180 0.699629 0.212252 1.000000 10.203337
0.649135 0.447957 0.694383 0.235861 0.581799 10.203337
0.649636 0.475434 0.894375 0.000000 0.557396 9.463913
0.662750 0.450004 0.819721 0.214753 0.830531 10.203337
0.756791 0.453291 1.000000 0.162923 0.587573 10.203337
0.746792 0.427425 0.972613 0.157523 0.371334 9.748181
0.622633 0.443413 0.731375 0.192486 0.665416 10.203337
0.904938 0.735861 0.814027 0.507457 0.339999 14.432241
0.805800 0.490069 0.727619 0.123484 0.483737 10.203337
0.842080 0.457373 0.793980 0.209103 0.599138 10.203337
0.751694 0.483212 0.867240 0.000000 0.738833 10.203337
0.222042 0.963807 0.277160 0.346986 0.397992 10.312420
0.650563 0.434750 0.825557 0.165966 0.383396 9.889437
0.766827 0.432662 0.827506 0.000000 0.766922 10.068612
0.696645 0.516143 0.668598 0.113382 0.727449 10.203337
0.593687 0.438809 0.734971 0.129199 0.734066 9.563798
0.831696 0.451804 0.578147 0.248187 0.912637 9.908552
0.739405 0.501659 0.756899 0.000000 0.768192 10.203337
0.677355 0.253682 0.170348 0.787210 0.854001 9.478324
0.655574 0.472285 0.903370 0.000000 0.679505 9.525892
0.839440 0.477136 0.817752 0.208938 0.647893 10.203337
0.576707 0.426887 0.928204 0.182752 0.650378 10.175370
0.708464 0.427382 0.844034 0.216224 1.000000 10.203337
0.631234 0.447520 0.970310 0.175890 0.744012 10.203337
0.878237 0.441698 0.933932 0.166433 0.689913 10.105536
0.683573 0.450299 0.706297 0.133787 0.959286 9.994138
0.689487 0.492123 0.830372 0.015004 0.611625 10.203337
0.677806 0.459236 0.899297 0.000000 0.651701 9.793707
0.694570 0.428893 0.834401 0.070640 0.670849 10.203337
0.845168 0.451896 0.732263 0.157500 0.829062 10.203337
0.682503 0.429155 0.736297 0.253634 0.312176 9.523998
0.635416 0.512647 0.804897 0.182847 0.841657 10.203337
0.863709 0.495408 0.771005 0.036466 0.551008 9.425237
0.682438 0.481564 0.855137 0.083568 0.682439 10.203337
0.817070 0.509725 0.817373 0.000000 0.811514 9.706429
0.712108 0.447878 0.754827 0.099610 0.975234 10.164018
0.673281 0.514980 0.697104 0.172387 1.000000 10.114377
0.685962 0.490634 0.721900 0.210746 0.839779 10.203337
0.562394 0.439586 0.848293 0.244751 0.713940 10.203337
0.635275 0.480142 0.809512 0.249509 0.895057 10.203337
0.679514 0.435164 1.000000 0.128529 0.844371 9.889061
0.276225 0.878596 0.265768 0.294178 0.347546 12.233876
0.553971 0.414020 0.839239 0.201114 0.716947 10.112828
0.721747 0.441833 0.722779 0.175289 0.571098 10.203337
0.804662 0.506906 0.792660 0.161644 0.584685 10.203337
0.798615 0.438821 0.859508 0.027804 0.466558 9.493097
0.707628 0.429202 0.697754 0.104759 0.799985 10.203337
0.789414 0.473481 0.924843 0.142303 0.577916 10.203337
0.727731 0.677088 0.232342 0.494677 0.770448 21.082708
0.554531 0.412170 0.946105 0.225901 0.681909 9.831454
0.611624 0.416633 1.000000 0.164377 0.576245 9.893205
0.782128 0.480589 0.806911 0.254482 0.540157 10.203337
0.696019 0.481635 1.000000 0.187072 0.681528 9.512148
0.806199 0.490593 0.716043 0.000000 0.751780 9.958717
0.781463 0.728620 0.209508 0.385957 0.640791 17.835067
0.627207 0.178353 0.196906 0.823434 1.000000 10.233172
0.811766 0.443636 0.695336 0.032853 0.650176 9.871435
0.750548 0.445704 0.861707 0.002301 0.832692 10.203337
0.693190 0.452018 0.677154 0.129142 0.527439 9.957148
0.658269 0.470258 0.746848 0.191244 0.383740 9.771929
0.786938 0.501948 0.719664 0.000000 0.730750 10.053825
0.734302 0.485798 0.800945 0.058366 1.000000 9.910955
0.794194 0.498957 0.721957 0.048549 1.000000 9.500998
0.645499 0.479911 0.919578 0.186319 0.876131 10.203337
0.685033 0.473494 0.797955 0.196962 0.890464 10.203337
0.609462 0.481886 0.847151 0.206737 0.598698 10.203337
0.812486 0.449049 0.860191 0.207578 0.776577 10.203337
0.883987 0.427258 0.887473 0.086469 0.711056 10.203337
0.855068 0.492984 0.770830 0.193042 0.576409 10.129330
0.712566 0.668154 0.197959 0.547057 0.557761 9.843888
0.578172 0.207186 0.256282 0.731744 0.722599 10.552509
0.839016 0.489979 0.670207 0.113246 1.000000 9.503719
0.823602 0.423381 0.734973 0.104937 0.854434 10.203337
0.878311 0.460494 0.850118 0.162170 0.908843 10.203337
0.798073 0.432891 0.911592 0.152692 0.902626 10.203337
0.635902 0.472572 0.957213 0.103576 0.759893 9.694680
0.781601 0.427903 1.000000 0.216110 0.890540 10.083154
0.763568 0.444270 1.000000 0.116721 0.830448 9.829502
0.598237 0.503984 0.761930 0.126840 0.762505 10.068236
0.728319 0.438423 0.788784 0.169758 0.505587 10.203337
0.650530 0.441018 0.990074 0.089785 0.631504 9.807389
0.833663 0.451537 0.865770 0.205792 0.581241 10.203337
0.844751 0.453677 0.729955 0.120774 0.528086 10.203337
0.913114 0.454949 0.756447 0.177435 0.732220 10.203337
0.673591 0.488056 0.861279 0.134442 0.719440 10.203337
0.760508 0.500537 0.734678 0.074348 0.996725 9.890586
0.760309 0.475149 0.730345 0.102749 0.766027 10.203337
0.857791 0.430893 0.747638 0.229556 0.866535 10.203337
0.811861 0.469516 0.869091 0.148216 1.000000 9.961254
0.884508 0.440343 0.750536 0.117784 1.000000 9.573599
0.740732 0.429701 0.917486 0.248504 0.761526 10.203337
0.611501 0.492158 0.743123 0.179061 0.973773 10.122284
0.767074 0.483381 0.864077 0.006927 0.562295 10.203337
0.643265 0.432564 0.868273 0.054137 0.525464 9.755716
0.616749 0.488214 0.808505 0.213836 0.582622 10.203337
