# gen=100 CA size=200
# x0..x(D-1) consensus
0.598705 0.188538 0.204950 0.565182 0.802339 7.971885
0.780972 0.388044 0.779262 0.504875 0.730976 7.617747
0.578569 0.103237 0.101074 0.732698 0.852885 7.617747
0.620870 0.144746 0.201650 0.857409 0.795003 12.195859
0.601427 0.516362 0.671566 0.092444 0.867169 8.956976
0.943375 0.302906 0.709839 0.350826 0.681458 7.617747
0.226980 0.029275 0.610949 0.595800 0.195553 5.994030
0.277365 0.961951 0.264736 0.311524 0.316642 11.072449
0.790541 0.739036 0.853746 0.507876 0.432561 24.239007
0.815683 0.711012 0.788457 0.698184 0.368256 10.705999
0.812844 0.796311 0.814098 0.535330 0.293453 11.860182
0.800553 0.477250 0.871188 0.330329 0.438738 5.325201
0.853365 0.746000 0.886458 0.502249 0.259699 14.025812
0.503976 0.208659 0.695106 0.550338 0.463265 7.617747
0.779915 0.496744 0.659344 0.104756 0.732744 10.203337
0.663316 0.415904 0.832856 0.250368 0.896148 10.203337
0.608696 0.195627 0.245324 0.711346 0.609962 10.295516
0.857853 0.470438 0.657808 0.256766 0.824250 10.203337
0.469796 0.259342 0.609518 0.339692 0.443104 8.523101
0.789093 0.456565 0.752827 0.028564 0.658812 10.203337
0.850360 0.424964 0.862379 0.125320 0.728920 10.203337
0.956713 0.519282 0.761357 0.261547 0.655824 5.325201
0.694822 0.507650 0.765776 0.157753 1.000000 10.203337
0.748902 0.437386 0.872640 0.221817 0.726582 10.203337
0.849687 0.449004 0.680651 0.131263 0.656982 10.203337
0.666222 0.413180 0.836266 0.203222 0.827390 10.203337
0.665622 0.496192 0.849130 0.223191 1.000000 10.203337
0.746828 0.457689 0.777123 0.056350 0.912841 10.203337
0.664330 0.433228 1.000000 0.232932 0.654764 10.203337
0.601825 0.478120 0.763631 0.234574 0.976037 10.203337
0.684351 0.437195 0.840479 0.083650 0.833803 10.203337
0.756811 0.213418 0.584373 0.317807 0.084756 7.617747
0.643531 0.501361 0.805122 0.154480 0.655925 10.203337
0.029314 0.835377 0.019992 0.644931 0.835578 7.821461
0.678769 0.426610 0.832444 0.119316 0.596669 10.203337
0.200265 0.985966 0.082322 0.403637 0.308899 7.821461
0.726957 0.448061 0.622607 0.219928 0.670281 10.203337
0.679058 0.423719 0.751280 0.113238 0.542114 10.203337
0.736351 0.465931 0.721707 0.250698 0.653605 10.203337
0.186279 1.000000 0.000000 0.000000 0.171775 7.821461
0.742874 0.477274 0.696872 0.246175 0.562406 10.203337
0.772383 0.477507 0.702235 0.102336 0.755196 10.203337
0.763751 0.480246 0.896788 0.200687 0.793224 10.203337
0.774075 0.429879 0.690058 0.131055 0.727323 10.203337
0.762271 0.483821 0.750446 0.000000 0.806752 10.203337
0.864860 0.758603 0.811128 0.593005 0.339999 22.088293
0.646488 0.487513 0.853628 0.051817 0.609476 10.203337
0.627724 0.443996 0.766453 0.189351 0.763285 10.203337
0.648961 0.433553 0.840325 0.172652 0.816112 10.203337
0.805347 0.441664 0.900944 0.035319 0.771712 10.203337
0.765042 0.433045 0.798006 0.168197 0.528469 10.203337
0.635802 0.481672 0.692520 0.130497 0.674023 10.203337
0.748955 0.442968 0.844730 0.104526 1.000000 10.203337
0.609037 0.459007 0.931662 0.173198 0.722794 10.203337
0.818752 0.471034 0.836668 0.128926 0.470923 10.203337
0.826152 0.433499 0.862574 0.181381 0.504950 10.203337
0.832963 0.459869 0.766750 0.007243 0.705945 10.203337
0.624512 0.413387 1.000000 0.249853 0.705453 10.203337
0.703550 0.490498 0.753983 0.158627 0.714993 10.203337
0.759169 0.419869 0.799067 0.220716 0.594514 10.203337
0.767722 0.464346 0.838093 0.217903 0.411345 10.203337
0.750919 0.434948 0.962135 0.113614 0.767048 10.203337
0.822426 0.418785 0.792395 0.250271 0.405048 10.203337
0.819438 0.455858 0.773000 0.057775 0.804823 10.203337
0.815838 0.448907 0.653159 0.201713 0.972350 10.203337
0.838088 0.744554 0.794431 0.453406 0.419551 20.959568
0.673881 0.519798 0.760137 0.146454 0.858169 10.203337
0.792307 0.471911 0.830164 0.145800 1.000000 10.203337
0.730135 0.493417 0.743865 0.151575 0.493170 10.203337
0.667002 0.428307 0.944615 0.072366 0.673347 10.203337
0.817507 0.428942 0.993493 0.177763 0.625484 10.203337
0.651345 0.421498 0.741400 0.238635 0.489157 10.203337
0.837784 0.458244 0.779262 0.087750 0.883715 10.203337
0.779727 0.424788 1.000000 0.156871 0.531924 10.203337
0.671381 0.487221 0.814600 0.191659 0.578812 10.203337
0.755575 0.511943 0.659781 0.188245 0.610100 10.203337
0.835568 0.415835 1.000000 0.232932 0.793168 10.203337
0.767623 0.475255 0.834253 0.000000 0.688213 10.203337
0.884582 0.435320 0.855539 0.169635 0.581879 10.203337
0.775455 0.490333 0.734139 0.212759 0.787606 10.203337
0.854406 0.443330 0.702144 0.114750 0.819551 10.203337
0.748586 0.461408 0.755720 0.052618 0.833418 10.203337
0.680827 0.432115 0.752054 0.232892 0.758752 10.203337
0.717817 0.467498 0.661784 0.112300 0.821064 10.203337
0.671126 0.476191 0.762305 0.073543 0.767607 10.203337
0.622623 0.436957 0.888545 0.237963 0.602822 10.203337
0.860789 0.419485 0.911890 0.162576 0.730730 10.203337
0.788063 0.438119 0.810094 0.076925 0.780843 10.203337
0.786774 0.426931 0.810350 0.147399 0.880438 10.203337
0.683454 0.451023 0.745665 0.183515 0.763296 10.203337
0.808408 0.434004 0.941764 0.159637 0.925692 10.203337
0.835948 0.425174 0.736996 0.145234 0.833565 10.203337
0.792710 0.473020 0.663666 0.112862 0.887027 10.203337
0.783820 0.451180 0.825434 0.041689 0.577156 10.203337
0.680661 0.467434 0.642987 0.183821 0.683760 10.203337
0.794504 0.431288 0.743834 0.070980 0.605593 10.203337
0.771287 0.501780 0.685226 0.201773 0.622392 10.203337
0.697273 0.461744 0.844856 0.117383 0.855036 10.203337
0.812844 0.697457 0.811128 0.662004 0.285039 24.182054
0.780023 0.507828 0.722926 0.062368 0.586135 10.203337
0.647788 0.465620 0.811530 0.228180 0.775596 10.203337
0.870208 0.451788 0.748028 0.256766 0.720525 10.203337
0.829223 0.413402 0.830230 0.255550 0.474464 10.203337
0.777295 0.749605 0.811284 0.509072 0.493606 10.243251
0.733039 0.476645 0.747008 0.154198 1.000000 10.203337
0.759487 0.517024 0.672847 0.092444 0.751923 10.203337
0.717626 0.474905 0.781239 0.000000 0.817750 10.203337
0.786418 0.449202 0.967420 0.237821 0.642937 10.203337
0.724954 0.425186 0.930571 0.221792 0.786535 10.203337
0.749227 0.493685 0.760110 0.100332 1.000000 10.203337
0.729211 0.491960 0.896165 0.158259 0.527215 10.203337
0.712659 0.438232 0.959308 0.111459 0.654863 10.203337
0.652841 0.453033 0.828425 0.151887 0.730485 10.203337
0.833600 0.441018 0.760549 0.141460 0.453062 10.203337
0.710230 0.519055 0.690558 0.209513 0.639617 10.203337
0.790778 0.450177 0.951303 0.199084 0.730976 10.203337
0.766950 0.453952 0.866222 0.041375 0.816292 10.203337
0.837689 0.431714 0.821990 0.158311 0.892173 10.203337
0.707628 0.490642 0.604760 0.247060 0.782042 10.203337
0.716230 0.469244 0.840199 0.082506 0.598320 10.203337
0.869538 0.425576 0.833069 0.127080 0.730976 10.203337
0.703740 0.420033 0.873392 0.111459 0.776762 10.203337
0.786232 0.499226 0.669368 0.239046 0.619725 10.203337
0.689113 0.470042 0.822501 0.145284 0.471279 10.203337
0.578101 0.142598 0.218030 0.818567 0.832097 12.934141
0.679574 0.466664 0.804339 0.123454 0.842041 10.203337
0.836596 0.483193 0.867198 0.060260 0.615583 10.203337
0.795297 0.450754 0.686355 0.120607 0.901515 10.203337
0.773507 0.452815 0.856509 0.152667 0.716014 10.203337
0.691644 0.420280 0.919447 0.167933 0.863246 10.203337
0.741395 0.484238 0.823496 0.000000 0.708016 10.203337
0.824400 0.434749 0.748399 0.191887 0.613221 10.203337
0.810846 0.421641 0.884319 0.100900 0.634238 10.203337
0.619955 0.502731 0.817120 0.227186 0.674380 10.203337
0.699362 0.426809 1.000000 0.190515 0.840310 10.203337
0.774894 0.506593 0.764893 0.182809 0.642642 10.203337
0.640921 0.495587 0.708834 0.255261 0.938907 10.203337
0.625958 0.415917 0.829112 0.235643 0.771887 10.203337
0.635369 0.487485 0.760110 0.100332 0.864781 10.203337
0.652260 0.504922 0.680253 0.152954 0.756080 10.203337
0.829471 0.422935 0.828964 0.178743 0.854601 10.203337
0.874048 0.441058 0.820084 0.083241 0.625161 10.203337
0.782257 0.452868 0.839875 0.198615 0.792783 10.203337
0.841625 0.452285 0.691655 0.217594 1.000000 10.203337
0.650381 0.481478 0.889417 0.247193 0.535090 10.203337
0.884370 0.459616 0.721980 0.080069 0.415395 8.979347
0.763166 0.471952 0.735249 0.151645 0.693028 10.203337
0.624830 0.425526 0.853956 0.209057 0.966213 10.203337
0.704144 0.419817 0.856797 0.165903 1.000000 10.203337
0.656941 0.453154 0.940081 0.158336 0.501192 10.203337
0.749326 0.431727 0.646470 0.228757 0.822431 10.203337
0.802842 0.415086 0.769573 0.173667 1.000000 10.203337
0.754738 0.479185 0.896138 0.178612 0.947261 10.203337
0.760378 0.446111 0.701500 0.234697 0.880438 10.203337
0.780972 0.471334 0.825004 0.208299 0.880438 10.203337
0.694598 0.419573 0.969497 0.214772 0.822351 10.203337
0.683912 0.435391 0.893280 0.237963 0.730523 10.203337
0.807938 0.458929 0.766392 0.141404 0.883285 10.203337
0.695607 0.493184 0.763574 0.101514 0.515146 10.203337
0.728977 0.438437 0.803138 0.257394 0.936976 10.203337
0.749320 0.478476 0.806276 0.048983 0.589060 10.203337
0.646561 0.492687 0.885785 0.117383 0.787088 10.203337
0.778258 0.498413 0.797533 0.000000 0.641097 10.203337
0.744826 0.464237 0.642150 0.238521 0.688447 10.203337
0.789444 0.447433 0.788581 0.151269 0.539436 10.203337
0.727338 0.443502 0.920053 0.052768 0.520372 10.203337
0.645436 0.415251 0.826398 0.170044 0.625708 10.203337
0.720891 0.443110 0.926101 0.146441 0.513079 10.203337
0.802469 0.427046 0.844391 0.182009 0.757316 10.203337
0.821872 0.456426 0.670314 0.233742 1.000000 10.203337
0.627650 0.490240 0.805155 0.201975 0.774971 10.203337
0.764399 0.444842 0.717205 0.244657 0.600112 10.203337
0.663247 0.516002 0.688564 0.235100 0.725693 10.203337
0.736224 0.467798 0.816635 0.192942 0.593391 10.203337
0.620449 0.453126 0.940213 0.228180 0.862707 10.203337
0.603390 0.131834 0.220575 0.785163 0.635496 10.654246
0.839647 0.474531 0.745343 0.179906 0.950406 10.203337
0.722295 0.454891 0.769981 0.049170 0.790348 10.203337
0.584343 0.454356 0.716267 0.182262 0.723512 10.203337
0.782924 0.506437 0.597822 0.212704 0.893071 10.203337
0.660944 0.462734 0.796263 0.209447 0.517621 10.203337
0.782907 0.422086 0.764796 0.254044 1.000000 10.203337
0.864950 0.467565 0.835090 0.239774 0.734236 10.203337
0.775657 0.656292 0.833154 0.670300 0.410409 12.008329
0.648914 0.502428 0.855654 0.190319 0.583804 10.203337
0.584257 0.451670 0.824069 0.167290 0.603309 10.203337
0.769967 0.478809 0.716427 0.170227 1.000000 10.203337
0.626550 0.472002 0.783790 0.221656 0.947516 10.203337
0.633848 0.502275 0.722606 0.228760 0.528741 10.203337
0.791932 0.504650 0.623243 0.139296 0.727098 10.203337
0.861051 0.478396 0.740582 0.220022 0.799812 10.203337
0.691778 0.472172 0.707143 0.209368 0.622392 10.203337
0.704784 0.473899 0.922932 0.204069 0.535929 10.203337
0.669568 0.506224 0.644142 0.163258 0.766132 10.203337
0.839727 0.466569 0.794742 0.075023 0.791926 10.203337
0.707736 0.414239 1.000000 0.149623 0.573558 10.203337
0.630864 0.465703 0.930640 0.118977 0.673508 10.203337
0.724080 0.487521 0.843124 0.116410 0.467252 10.203337
0.745287 0.413627 0.774197 0.180170 0.710400 10.203337
0.717316 0.454524 0.695089 0.200247 0.692538 10.203337
