# gen=200 party=1
# sp x0..x(D-1) party_fit
0 0.746268 0.828431 0.194961 0.610748 0.589437 45.968973
1 0.756023 0.798104 0.495196 0.112424 0.689999 40.151319
2 0.710866 0.897630 0.945048 0.132635 0.841186 40.132563
3 0.970051 0.735658 0.812875 0.172268 0.630190 40.132563
4 0.820135 0.566457 0.963113 0.155782 0.146499 40.132563
5 0.159502 0.311823 0.663515 0.062114 0.521184 40.107664
6 0.342285 0.428873 0.860309 0.699993 0.518108 40.107664
7 0.226980 0.029275 0.610949 0.595800 0.195553 40.107664
