# gen=280 x0..xd f
0.040145 0.468590 90.000000
0.805698 0.744955 19.919146
0.905951 0.645777 44.136305
0.422142 0.856201 37.004740
0.794925 0.454030 14.138774
0.349868 0.352561 62.582874
0.119985 0.093979 34.436992
0.032002 0.620688 72.907680
0.040145 0.468590 90.000000
1.000000 0.229891 64.272506
0.049599 0.606292 72.417729
0.944616 0.341296 66.529997
0.274328 0.542386 40.495863
0.718137 0.454330 83.435505
0.203287 0.366008 42.281900
0.625360 0.725214 43.191136
0.540567 0.766957 23.572054
0.776037 0.186114 11.388461
0.738739 0.244354 57.819825
0.872774 0.397508 41.837102
0.168810 0.515700 53.441716
0.040145 0.468590 90.000000
0.734173 0.572519 65.055054
0.731605 0.468590 87.356074
0.101458 0.253331 56.105228
0.942765 0.185820 62.670237
0.102893 0.342372 65.464934
0.674395 0.626360 57.703774
0.064118 0.352054 72.810830
0.667908 0.176062 44.964621
0.304205 0.241948 76.917998
0.709855 0.603375 65.119353
0.987817 0.100916 51.641928
0.687029 0.877251 35.826140
0.918302 0.293742 61.571031
0.465452 0.536614 14.377768
0.011450 0.270113 61.874773
0.501875 0.686879 11.753008
0.040145 0.468590 90.000000
0.349959 0.353850 62.441209
0.084111 0.460245 77.648502
0.346287 0.872638 55.836998
0.764117 0.421175 76.522612
0.549476 0.433936 36.254779
0.516318 0.767386 18.512296
0.371317 0.501766 40.927299
0.737327 0.646581 68.874158
0.412085 0.479507 34.054500
0.834933 0.113327 27.242313
0.040145 0.468590 90.000000
0.004083 0.875458 38.302743
0.355824 0.874431 53.454644
0.507127 0.249410 12.690962
0.951154 0.420557 57.230166
0.653701 0.178753 43.443726
0.649966 0.623710 52.218043
0.847911 0.833199 25.939173
0.330972 0.197504 67.093942
0.059132 0.346451 72.582564
0.409963 0.596317 21.698622
0.996181 0.706580 52.479659
0.040145 0.468590 90.000000
0.762703 0.653062 65.152354
0.452400 0.305149 31.270605
0.042152 0.794965 50.474838
0.481234 0.109657 16.648052
0.180021 0.615302 43.364061
0.374827 0.287673 57.850806
0.040145 0.468590 90.000000
0.033601 0.677564 66.624084
0.588191 0.676429 37.579778
0.045150 0.594721 71.555539
0.630633 0.398057 57.784990
0.694913 0.788486 47.680189
0.662578 0.583894 54.227176
0.322263 0.897481 59.737217
0.524664 0.175610 17.612525
0.310220 0.129966 59.932061
0.945171 0.832395 41.696881
0.883747 0.814172 34.547569
0.610034 0.982484 15.577963
0.353618 0.368511 60.088791
0.539279 0.471020 33.633140
0.760167 0.406743 76.078217
0.425076 0.329295 39.996951
0.040145 0.468590 90.000000
0.313805 0.694364 42.477848
0.358791 0.023589 39.670580
0.278186 0.637565 34.027467
0.910229 0.661024 45.695984
0.991660 0.841957 40.320841
0.920682 0.555363 35.758284
0.273744 0.480352 49.422095
0.040145 0.468590 90.000000
0.982007 0.290730 72.076207
0.584393 0.384551 44.776455
0.529846 0.150676 16.919314
0.756852 0.236469 56.043963
0.040145 0.468590 90.000000
0.290691 0.856748 60.158156
0.450541 0.051701 21.742997
0.088949 0.101012 38.245543
0.240760 0.287516 28.726623
0.039946 0.634680 72.747337
0.361019 0.076447 46.251073
0.040145 0.468590 90.000000
0.064822 0.291318 64.954447
0.350938 0.960208 48.842530
0.362484 0.001137 36.073985
0.766359 0.504532 77.362710
0.652794 0.428045 64.935378
0.382612 0.751284 41.452773
0.538245 0.755049 23.709521
0.291229 0.289742 77.089361
0.359392 0.874280 52.573910
0.408531 0.405487 41.390892
0.719216 0.696789 61.229020
0.710308 0.867924 38.367763
0.040145 0.468590 90.000000
0.095514 0.092822 36.667760
0.962213 0.340585 69.112265
0.711576 0.036419 30.282335
0.060018 0.080791 37.040031
0.953148 0.225309 69.316349
0.941888 0.890197 34.624081
0.175016 0.805995 34.889991
0.792500 0.666627 17.160084
0.610486 0.748766 38.711369
0.040145 0.468590 90.000000
0.052478 0.650392 69.875021
0.909909 0.496349 41.607540
0.538557 0.557869 26.305839
0.038789 0.608343 73.481178
0.444344 0.266452 34.193179
0.735315 0.462831 86.250160
0.933747 0.020071 39.699429
0.417979 0.705170 30.799448
0.645320 0.828636 37.312240
0.474215 0.074920 16.597862
0.965093 0.253460 74.437527
0.871618 0.741607 35.820010
0.040145 0.468590 90.000000
0.384029 0.859507 46.488823
0.075299 0.470211 80.163188
0.777197 0.968617 24.506471
0.286749 0.813457 56.111511
0.889743 0.806088 36.321066
0.000000 0.671226 63.119262
0.707590 0.412131 77.459206
0.493518 0.804185 18.584727
0.549332 0.465242 36.464278
0.174693 0.020990 18.501380
0.144059 0.085083 30.352357
0.587460 0.851432 26.232958
0.733116 0.374862 75.031464
0.040145 0.468590 90.000000
0.906141 0.377276 53.182572
0.158049 0.861198 32.022454
0.880583 0.879301 28.549885
0.293816 0.361230 68.612825
0.975544 0.035619 43.339032
0.664252 0.184740 45.544486
0.588368 0.092240 23.581322
0.771549 0.877174 36.876451
0.583458 0.842423 26.363482
0.802809 0.254388 21.813783
0.847674 0.753148 29.777372
0.914413 0.568486 40.308485
0.040145 0.468590 90.000000
0.156744 0.248600 45.766448
0.855231 0.141559 35.296103
0.709636 0.346279 70.165919
0.169768 0.300864 47.177026
0.768293 0.982874 22.928569
0.000000 0.612064 65.597352
0.814809 0.017585 14.193866
0.518601 0.840889 14.592292
0.539096 0.832572 19.106986
0.040145 0.468590 90.000000
0.325570 0.537112 41.894634
0.294665 0.588949 28.444477
0.306603 0.289083 79.814282
0.025342 0.760425 54.954790
0.025205 0.730504 59.023470
0.697933 0.220972 53.476492
0.040145 0.468590 90.000000
0.131521 0.633362 54.308767
0.277147 0.087401 52.145179
0.730918 0.511932 82.944170
0.182331 0.650839 42.530319
0.346470 0.448317 52.233753
0.627298 0.966459 19.372631
0.781053 0.431578 10.810144
0.118790 0.383744 65.164108
0.040145 0.468590 90.000000
0.570639 0.229212 32.313895
1.000000 0.688225 51.823924
0.986571 0.375505 62.443681
0.073318 0.292620 64.362868
0.557902 0.290447 33.322574
0.291278 0.718119 45.097238
0.066975 0.670870 65.642892
0.672058 0.000149 23.557033
0.542043 0.625048 27.958812
0.689694 0.114189 39.317577
0.040145 0.468590 90.000000
0.734981 0.098681 38.733899
0.512866 0.192308 15.967242
0.775420 0.560935 60.067002
0.407185 0.458866 37.313884
0.531446 0.609703 25.539948
0.868213 0.517453 30.290065
0.663373 0.928389 27.491933
0.757932 0.000613 25.411209
0.308542 0.269892 80.286806
0.095114 0.916486 31.791737
0.362845 0.610376 28.938755
1.000000 0.472716 47.982357
0.730741 0.459724 86.174507
0.312426 0.462099 53.736810
0.048773 0.440514 85.487328
0.130699 0.118228 36.093931
0.734725 0.974580 24.520030
0.176623 0.538135 50.669385
0.040145 0.468590 90.000000
0.544370 0.616366 28.471582
0.887304 0.365869 48.317611
0.040145 0.468590 90.000000
0.592565 0.060546 20.993854
0.420573 0.499549 29.893109
0.299979 0.865706 62.601619
0.444657 0.454052 27.064234
0.539270 0.513305 33.380405
0.085502 0.335925 67.963030
0.371147 0.647349 32.494684
0.040145 0.468590 90.000000
0.561748 0.914182 16.195498
0.586622 0.664027 37.540805
0.903408 0.274456 56.573878
0.946354 0.242160 69.604238
0.839626 0.866880 21.974026
0.732894 0.737818 56.498436
0.693259 0.534192 74.541238
0.105951 0.546160 68.789422
0.911541 0.512466 39.921766
0.748603 0.295024 64.059216
0.827224 0.050594 20.382746
0.940585 0.113555 53.044433
0.556755 0.762347 27.147094
0.964703 0.258457 75.135219
0.813523 0.688294 22.414256
0.595918 0.451569 49.536602
0.588230 0.198879 33.732299
0.386643 0.630101 28.605526
0.040145 0.468590 90.000000
0.497176 0.627919 8.880435
0.632872 0.885756 29.388048
0.420631 0.583587 18.786716
0.149821 0.124381 34.083304
0.078560 0.085922 36.930067
0.040145 0.468590 90.000000
0.309220 0.449606 55.704803
0.316915 0.974424 50.541659
0.263493 0.506417 27.307591
0.297304 0.265652 79.204468
0.309060 0.514386 45.951465
0.037910 0.454635 88.004302
0.375208 0.125669 48.866110
0.859223 0.840495 27.774684
0.042975 0.715419 61.529614
0.970950 0.208668 67.909333
0.302807 0.762472 51.355958
0.963832 0.645389 54.475844
0.040145 0.468590 90.000000
0.175017 0.079566 25.077035
0.950835 0.746330 52.045807
0.851536 0.474163 29.880343
0.094811 0.405117 72.444884
0.875498 0.631797 36.507677
0.731605 0.468590 87.356074
0.598652 0.509158 50.126067
0.040145 0.468590 90.000000
0.000000 0.798125 48.340012
0.396509 0.051821 35.844295
0.058548 0.496718 83.589124
0.382106 0.263508 55.373900
0.152508 0.322226 52.808645
1.000000 0.091012 48.851376
1.000000 0.787381 45.491223
0.021065 0.477658 84.522135
0.714810 0.729093 56.800744
0.954799 0.324544 70.485410
0.577427 0.776572 30.397501
0.529442 0.362890 29.034012
0.145291 0.051319 26.150864
0.040145 0.468590 90.000000
0.195173 0.286175 40.053794
0.020072 0.608567 70.013121
0.598330 0.747552 36.409686
0.040145 0.468590 90.000000
# OSA solutions
0.040145 0.468590 90.000000
0.731605 0.473490 87.999988
0.304212 0.275602 81.994008
0.059112 0.484845 84.252888
0.716268 0.511519 81.383746
0.036771 0.426444 84.198830
0.041179 0.435977 85.561329
0.021924 0.448683 84.230215
0.704971 0.468590 80.443646
0.030662 0.442651 85.590057
0.046506 0.506672 84.530469
0.748285 0.450733 82.416594
0.745580 0.462624 83.799551
0.038877 0.531546 81.442484
0.036228 0.399816 80.595763
0.040145 0.516463 83.498301
0.045461 0.475365 88.251184
0.040145 0.512024 84.101217
0.031418 0.525431 81.903463
0.050601 0.514327 83.134188
0.060217 0.426015 81.940000
0.047602 0.470088 87.903850
0.726445 0.439796 83.337931
0.724435 0.464571 85.658716
0.040145 0.455603 88.236268
0.731072 0.420929 81.090855
0.753805 0.485316 81.535073
0.731605 0.476588 87.592753
0.724951 0.426652 81.563691
0.730741 0.459724 86.174507
0.741242 0.483806 84.957210
0.035497 0.414329 82.517034
0.005634 0.458644 80.251565
0.053569 0.500727 84.242248
0.731507 0.455266 85.604960
0.038374 0.462243 89.005829
0.731983 0.499346 84.600251
0.726254 0.484431 85.912973
0.040291 0.472250 89.501175
0.722392 0.491602 84.471817
0.048683 0.442436 85.719681
0.047589 0.403269 80.887512
0.058053 0.454752 84.649374
0.307548 0.273825 80.828844
0.029681 0.460188 86.858168
0.039694 0.491851 86.838350
0.065586 0.472914 82.858786
0.020072 0.439459 83.131024
0.047472 0.458719 87.550914
0.042664 0.453218 87.796590
0.053624 0.461785 86.117489
0.038132 0.496664 86.145803
0.301621 0.281646 80.735531
0.727345 0.529355 80.560069
0.035127 0.483088 87.581874
0.036361 0.470105 88.921572
0.717054 0.460560 83.549632
0.048754 0.415527 82.401626
0.719442 0.445024 82.918979
0.027641 0.450398 85.717405
0.043141 0.477119 88.570284
0.725117 0.431994 82.246473
0.731307 0.532813 80.203291
0.036524 0.487131 87.285731
0.049426 0.522769 82.197207
0.306265 0.278916 81.142382
0.044877 0.486846 87.189329
0.038273 0.507761 84.654387
0.040145 0.466140 89.667276
0.043457 0.466787 89.041686
0.041137 0.441400 86.296926
0.024370 0.419566 82.012337
0.047362 0.408263 81.561869
0.040145 0.469803 89.835191
0.027525 0.505965 83.817067
0.731605 0.471040 87.678037
0.020072 0.514979 81.560579
0.735754 0.516177 82.268835
0.052688 0.431167 83.823940
0.734924 0.480805 86.656883
0.029348 0.425754 83.445107
0.713478 0.485918 82.621830
0.051304 0.531527 80.900206
0.074108 0.450263 80.178300
0.030806 0.413200 82.036740
0.032092 0.489556 86.369227
0.731605 0.468590 87.356074
0.028403 0.483839 86.116882
0.044615 0.496499 86.008604
0.020072 0.464386 84.355786
0.038077 0.533816 81.122657
0.736077 0.430107 82.160261
0.068410 0.438323 81.088081
0.732248 0.524808 81.253313
0.040145 0.447016 87.070057
0.026114 0.487634 85.299413
0.732127 0.444503 84.187814
0.044192 0.449005 87.109174
0.044310 0.520624 82.837760
0.034801 0.432121 84.826525
0.035766 0.442964 86.310486
0.024539 0.467047 85.629204
0.731190 0.491856 85.583419
0.747082 0.501543 82.278826
0.740196 0.457322 84.773422
0.726462 0.474515 86.539817
0.034510 0.458603 87.920428
0.072667 0.488689 80.501207
0.009475 0.480016 81.281001
0.049550 0.482503 86.760671
0.051806 0.426089 83.369838
0.048013 0.421610 83.250606
0.038659 0.434807 85.393098
0.030305 0.468862 87.246972
0.040145 0.474582 89.186189
0.040145 0.397307 80.319014
0.734873 0.486439 86.063620
0.033569 0.452384 87.131504
0.034889 0.501638 85.277037
0.015306 0.434988 81.686716
