# gen=100 x0..xd f
0.969929 0.263594 75.401501
0.756858 0.721670 58.061994
0.757709 0.299905 64.023986
0.979608 0.376974 63.207474
0.731605 0.468590 87.356074
0.349457 0.866109 55.098291
0.347106 0.433883 54.006038
0.235716 0.932967 12.754129
0.520411 0.720391 21.371878
0.040145 0.468590 90.000000
0.159724 0.518092 55.879009
0.045798 0.626776 73.438152
0.313680 0.242194 76.009739
0.857314 0.007291 24.385207
0.938656 0.092932 50.064023
0.000000 0.936334 29.839018
0.731605 0.468590 87.356074
0.447127 0.288997 33.222683
0.143493 0.601880 51.569528
0.412636 0.532878 28.404185
1.000000 0.230925 64.345794
0.577354 0.306404 39.180135
0.257347 0.501687 29.071772
0.398862 0.273203 49.720840
0.955821 0.729987 54.397089
0.647614 0.052854 27.837712
0.118737 0.383581 65.166910
0.965393 0.643980 54.338285
0.678855 0.988629 20.868952
0.307022 0.627890 33.750265
0.039058 0.098234 39.700728
0.101352 0.708513 56.437898
0.731605 0.468590 87.356074
0.835315 0.793968 25.314992
0.498525 0.313024 15.498025
0.316637 0.311649 75.110997
0.040145 0.468590 89.999999
0.095903 0.302335 62.556760
0.932254 0.640717 49.604605
0.087106 0.309104 64.667306
0.312082 0.859084 63.970496
0.072361 0.142709 44.833470
0.476099 0.023298 12.111348
0.637682 0.902437 28.057671
0.553676 0.087269 16.544074
0.543862 0.198814 23.816693
0.992579 0.009450 38.676950
0.542527 0.319604 30.853968
0.040145 0.468590 90.000000
0.060283 0.924047 32.303896
0.819981 0.032721 16.888672
0.304170 0.275581 81.983855
0.872572 0.034787 30.835421
0.500596 0.919501 16.998047
0.587502 0.847254 26.618524
0.730894 0.274293 61.821112
0.941956 0.282904 69.840527
0.067861 0.432192 80.804652
0.731605 0.468590 87.356074
0.562069 0.270607 33.158734
0.681718 0.974414 22.892088
0.649181 0.976537 20.256886
1.000000 0.115515 51.990803
0.356945 0.521809 40.744203
0.941044 0.871920 36.745363
0.957616 0.176496 63.256292
0.424645 0.504392 28.360956
0.064122 0.657233 67.493434
0.731605 0.468590 87.356074
0.431237 0.376140 36.107111
0.040145 0.468590 90.000000
0.772116 0.689305 60.248416
0.346084 0.948460 50.802443
0.195770 0.427072 46.100226
0.252150 0.411957 30.194876
0.420303 0.797361 36.069181
0.792431 0.431296 14.520982
0.965779 0.233915 71.665640
0.120966 0.709540 52.849584
0.488662 0.076030 12.266343
0.927494 0.854717 37.563089
0.744299 0.518790 81.048883
0.040145 0.468590 90.000000
0.046944 0.601012 72.217195
0.621947 0.815703 35.180072
0.205092 0.147171 26.480167
0.509749 0.776442 13.896081
0.965535 0.711932 57.278970
0.238313 0.618680 30.094167
0.335935 0.622887 32.435324
0.057209 0.634557 70.712468
0.013782 0.394953 77.573980
0.256079 0.419546 29.226273
0.444542 0.058111 23.977971
0.805247 0.491300 15.036421
0.988059 0.853938 39.154976
0.315455 0.317594 74.600671
0.267521 0.182048 15.431718
0.731605 0.468590 87.356074
0.000000 0.000000 25.377059
0.385655 0.577187 22.637475
0.040145 0.468590 90.000000
0.762925 0.992205 21.827837
0.435524 0.646874 22.506147
0.320913 0.923874 56.810001
0.823296 0.316031 28.689220
0.738545 0.651538 68.205092
0.046882 0.498335 85.542283
0.533551 0.824694 18.599892
0.000000 0.327508 67.790805
0.738508 0.702027 61.379445
0.893331 0.645444 41.184879
0.474220 0.468813 17.115629
0.677420 0.205050 49.540414
0.000000 0.335119 68.676216
0.192842 0.676157 39.533064
0.703957 0.060736 33.196349
0.275702 0.987462 46.861049
0.950163 0.346995 66.923023
0.731605 0.468590 87.356074
0.040145 0.468590 89.999923
0.584585 0.554700 45.092557
0.179585 0.929277 21.515956
0.000000 0.617727 65.640466
0.912948 0.936053 26.976333
0.255480 0.057846 7.898602
0.384996 0.999109 39.299939
0.949509 0.747617 51.745930
0.682844 0.108182 38.052262
0.311988 0.739977 48.491874
0.040145 0.468590 90.000000
0.383216 0.998300 39.694373
0.610860 0.059740 23.800568
0.047744 0.317228 69.333738
0.346143 0.251170 67.231797
0.684662 0.656936 59.191851
0.702447 0.351824 70.011442
0.062608 0.430689 81.877006
0.239861 0.364220 32.359373
0.120080 0.947488 25.859524
0.731605 0.468590 87.356074
0.000000 0.427477 77.458033
0.020745 0.069262 35.496002
0.578223 0.382844 43.035927
0.078164 0.745361 55.456980
0.040145 0.468590 90.000000
0.857993 0.323823 40.379169
0.644062 0.553999 61.086756
0.378590 0.288417 56.562643
0.275470 0.079764 50.872360
0.922857 0.277995 63.282931
0.304212 0.275582 81.991013
0.467131 0.788170 24.551417
0.701561 0.131201 42.222157
0.167910 0.170924 36.038925
0.300472 0.943774 54.439594
0.180554 0.754542 38.045210
0.378422 0.320188 55.816324
0.698668 0.688315 59.554502
0.772757 0.845492 40.979317
0.040145 0.468590 90.000000
0.717157 0.468938 83.872220
0.069658 0.083639 37.071522
0.731605 0.476588 87.592753
0.691400 0.766061 50.062500
0.357354 0.748043 45.530886
0.000000 0.602311 65.371421
0.493151 0.812807 18.858132
0.040145 0.468590 90.000000
0.253484 0.047132 7.306900
0.597385 0.769075 34.768718
0.330707 0.884630 59.180168
0.818785 0.921050 13.896378
0.666416 0.754462 48.076084
0.937108 0.963464 25.577803
0.910296 0.083449 44.385550
0.851936 0.122075 32.983504
0.046194 0.446980 86.612183
0.290357 0.319908 73.821195
0.639222 0.418127 60.890917
0.039925 0.228215 57.354409
0.777995 0.086563 7.856165
0.385487 0.578165 22.771188
0.590261 0.626508 38.795111
0.703845 0.673473 61.776068
0.280357 0.365735 66.162783
0.731605 0.468590 87.356074
0.452360 0.611553 16.277194
0.489736 0.918713 19.682031
0.573322 0.541989 42.360498
0.040145 0.468590 90.000000
0.082094 0.004339 25.866914
0.042655 0.602502 72.735263
1.000000 0.288470 66.051956
0.821981 0.597423 22.711390
0.953206 0.377965 63.251787
0.588719 0.875377 24.191731
0.054003 0.450391 85.402326
0.647997 0.474785 64.365367
0.514967 0.138313 12.565098
0.879665 0.043900 33.435889
0.733117 0.482112 86.788989
0.994894 0.248957 67.057611
0.000000 0.347365 70.070758
0.290172 0.924680 55.822161
0.717363 0.109824 40.038296
0.117845 0.153391 41.989964
0.040145 0.468590 90.000000
0.263247 0.314191 24.158948
0.117123 0.668715 56.339214
0.536395 0.595142 26.527910
0.893951 0.150137 47.320050
0.559084 0.939687 13.306285
0.439209 0.553913 12.879681
0.338646 0.700009 42.079579
0.731605 0.468590 87.356074
0.000000 0.211310 53.298166
0.345685 0.410886 57.177133
0.052867 0.475878 86.305882
0.044864 0.126734 43.553523
0.717820 0.851076 40.894138
0.032536 0.054707 33.749963
0.125727 0.207071 47.166970
0.847105 0.791600 28.101333
0.214969 0.462395 41.085850
0.276070 0.515920 44.509332
0.687200 0.963550 24.621904
0.940606 0.942200 28.314531
0.024596 0.603237 70.677790
0.407521 0.811214 39.643380
0.579001 0.322062 40.493406
0.040145 0.468590 89.999999
0.196207 0.629166 39.651371
0.989837 0.553211 38.110690
0.718605 0.221136 54.633025
0.404906 0.582308 20.866832
0.515728 0.931126 6.992229
0.307221 0.282232 80.570503
0.040224 0.365526 76.002821
0.731605 0.468590 87.356074
0.695480 0.376427 71.660183
0.740962 0.637284 70.017426
0.042616 0.654034 70.059626
0.462516 0.890985 26.845708
0.808642 0.719048 21.052215
0.590682 0.416622 47.469318
0.661755 0.471212 68.252732
0.029603 0.461929 86.915191
0.324051 0.215911 70.732849
0.707853 0.594968 64.208203
0.707956 0.980996 23.189403
0.911271 0.602666 42.674220
0.017050 0.669122 66.091675
0.820588 0.469567 21.154697
0.486867 0.292957 19.658243
0.440165 0.992660 28.485741
0.137052 0.978976 20.334330
0.040145 0.468590 90.000000
0.000000 0.355092 70.928458
0.947995 0.650857 53.355252
0.477055 0.824843 23.040245
0.572559 0.643228 34.722894
0.741073 0.766742 52.616866
0.752970 0.425440 79.262363
0.324224 0.654933 37.077737
0.666748 0.738212 49.707393
0.410095 0.371103 43.127458
0.115928 0.660163 57.007845
0.040145 0.468590 89.999999
0.275603 0.854921 56.431491
0.321543 0.612201 31.561625
0.296821 0.119479 58.311315
0.602577 0.065328 23.134441
0.952933 0.258082 72.767589
0.310033 0.270150 79.848143
0.693466 0.486264 77.089133
0.759137 0.229082 54.950866
0.040145 0.468590 89.999999
0.860890 0.156458 37.983259
0.642540 0.007812 21.824887
0.355756 0.536620 38.889485
0.638441 0.262647 49.772747
0.046506 0.506672 84.530469
0.101352 0.692834 57.830584
0.731605 0.468590 87.356074
0.313980 0.079881 52.285621
0.842148 0.584208 26.786797
0.173034 0.490973 52.700261
0.581003 0.162592 28.994041
0.000000 0.328535 67.911096
0.001766 0.721465 58.122953
0.465233 0.625489 15.078422
0.267233 0.754081 20.170778
0.040145 0.468590 89.999999
0.216187 0.366439 38.835623
0.334954 0.887142 58.083920
0.097289 0.189915 48.915312
0.644244 0.390699 61.014385
0.125814 0.740945 49.280033
0.751569 0.556337 75.736640
# OSA solutions
0.040145 0.468590 90.000000
0.731605 0.473490 87.999988
0.304212 0.275602 81.994008
0.965756 0.275582 77.577316
0.040005 0.618697 74.750046
0.004999 0.413146 77.615690
0.040141 0.422307 83.714257
0.008299 0.447453 80.640113
0.720134 0.390686 76.645211
0.013782 0.431430 81.063594
0.046506 0.506672 84.530469
0.035719 0.369045 76.424130
0.289979 0.305227 75.407471
0.965756 0.288321 76.607318
0.040146 0.378796 77.805073
0.040146 0.526798 82.094714
0.070193 0.447475 81.118384
0.032305 0.522088 82.410606
0.015544 0.546360 77.393552
0.058982 0.550093 77.740554
0.306592 0.248171 77.777720
0.704240 0.374540 72.869279
0.717794 0.432506 81.347901
0.698511 0.473116 78.644895
0.038548 0.450883 87.554010
0.733651 0.399677 78.282442
0.000000 0.460562 78.716683
0.731605 0.476588 87.592753
0.708333 0.421141 78.481245
0.738793 0.432876 82.289080
0.751678 0.500887 81.280067
0.018637 0.417697 80.836303
0.000000 0.412916 76.461328
0.971317 0.257143 74.375014
0.738176 0.448111 84.182528
0.040295 0.456730 88.388779
0.726156 0.510175 82.938796
0.718351 0.482194 84.082537
0.040145 0.472589 89.456848
0.705166 0.492410 80.123542
0.057036 0.437269 83.642098
0.293404 0.287856 77.880646
0.067861 0.432192 80.804652
0.310033 0.270150 79.848143
0.002215 0.467900 79.388765
0.034068 0.496520 85.843278
0.714582 0.407800 78.116564
0.020073 0.424938 81.834543
0.054003 0.450391 85.402326
0.045756 0.453390 87.406583
0.965347 0.263708 75.894998
0.039808 0.506062 84.909995
0.301684 0.291644 79.437277
0.724318 0.529465 80.360770
0.024487 0.479120 85.392104
0.029990 0.469408 87.157089
0.717763 0.451354 83.124217
0.052876 0.375678 76.888633
0.699230 0.441870 77.949029
0.013273 0.443935 81.770537
0.076085 0.479623 79.834724
0.723883 0.427571 81.582725
0.712904 0.539102 77.885822
0.041498 0.491728 86.834849
0.315848 0.306861 75.841497
0.307221 0.282232 80.570503
0.303315 0.315908 75.918771
0.043915 0.511195 84.118417
0.040147 0.464591 89.456857
0.049011 0.470482 87.506452
0.033655 0.418061 82.901582
0.008712 0.427597 79.592442
0.059773 0.389971 77.993556
0.040271 0.470981 89.673339
0.017147 0.516604 80.839617
0.731605 0.471040 87.678036
0.003457 0.510249 78.280322
0.728980 0.523159 81.430505
0.067662 0.386464 76.447829
0.745591 0.482657 83.867004
0.033235 0.613993 73.098330
0.697553 0.506161 77.460073
0.002677 0.430772 78.327588
0.000000 0.420896 77.035434
0.035190 0.385923 78.687712
0.029039 0.500751 84.639850
0.734797 0.457911 85.762688
0.000000 0.465137 78.759694
0.057657 0.520589 81.405166
0.000000 0.389303 74.441274
0.733320 0.384708 76.322413
0.730788 0.419972 80.962933
0.308028 0.296439 78.603501
0.744448 0.530809 79.638061
0.035818 0.437859 85.654487
0.003777 0.505595 78.652554
0.767698 0.414129 75.156740
0.046194 0.446980 86.612183
0.033768 0.546801 79.229252
0.040145 0.410083 82.054104
0.023841 0.441124 84.107989
0.040005 0.609166 73.666086
0.727581 0.496730 84.740755
0.305908 0.236900 76.127956
0.763641 0.444034 78.151521
0.726462 0.474515 86.539817
0.035339 0.455835 87.807265
0.306018 0.261423 79.768408
0.000000 0.427477 77.458033
0.731322 0.374129 74.941870
0.048032 0.417395 82.705447
0.060218 0.396477 78.710579
0.030252 0.378934 77.513267
0.004768 0.461470 80.056256
0.040145 0.476588 88.913695
0.046269 0.384296 78.424517
0.732075 0.488838 85.978586
0.012667 0.470658 82.307857
0.004105 0.500333 79.034848
0.005164 0.436689 79.297892
