# MPMMO Benchmark Problem: mpmmo_f03_10d_5p
# dimensions   : 10
# num_parties  : 5
# num_peaks    : 8
# peak_id  height  shape  condition  party  party_mag  asym_beta  link_beta  irregular  rotate  c0  c1  c2  c3  c4  c5  c6  c7  c8  c9
1  90.0000  s2  1.0000  0  2.0000  0.0000  0.1500  0  0  0.0000  0.0000  0.0000  0.0000  0.0000  0.0000  0.0000  0.0000  0.0000  0.0000
2  82.0000  s2  10.0000  1  2.0000  0.0000  0.1500  0  0  18.0000  12.0000  15.3000  10.2000  12.6000  8.4000  9.9000  6.6000  7.2000  4.8000
3  76.0000  s2  10.0000  2  2.0000  0.0000  0.1500  0  0  -12.0000  18.0000  -10.2000  15.3000  -8.4000  12.6000  -6.6000  9.9000  -4.8000  7.2000
4  70.0000  s1  1.0000  3  2.0000  0.0000  0.1500  0  0  50.0000  50.0000  42.5000  42.5000  35.0000  35.0000  27.5000  27.5000  20.0000  20.0000
5  65.0000  s2  10.0000  4  2.0000  0.0000  0.1500  0  0  62.0000  44.0000  52.7000  37.4000  43.4000  30.8000  34.1000  24.2000  24.8000  17.6000
6  58.0000  s2  10.0000  0  2.0000  0.0000  0.1500  0  0  44.0000  62.0000  37.4000  52.7000  30.8000  43.4000  24.2000  34.1000  17.6000  24.8000
7  50.0000  s1  1.0000  1  2.0000  0.0000  0.1500  0  0  -60.0000  -50.0000  -51.0000  -42.5000  -42.0000  -35.0000  -33.0000  -27.5000  -24.0000  -20.0000
8  44.0000  s2  10.0000  2  2.0000  0.0000  0.1500  0  0  -50.0000  -65.0000  -42.5000  -55.2500  -35.0000  -45.5000  -27.5000  -35.7500  -20.0000  -26.0000
