# Consensus Archive (v3 basin-tagged)
# x0..x(D-1) f0 f1 consensus
0.513143 0.549261 89.828781 89.720803 89.720803
0.052434 0.972627 78.613800 74.014275 74.014275
0.511056 0.555515 89.997955 89.998824 89.997955
0.443158 0.034034 62.349721 32.696566 32.696566
0.896556 0.932347 89.965866 89.990643 89.965866
0.288712 0.398033 47.953750 48.296916 47.953750
0.495185 0.647105 71.585960 55.636051 55.636051
0.523803 0.492892 80.097667 70.966419 70.966419
0.312160 0.067322 85.191227 79.226004 79.226004
0.484741 0.615672 72.957667 72.963202 72.957667
0.058916 0.910272 89.958829 89.960383 89.958829
0.511837 0.576985 86.198965 85.675371 85.675371
0.696659 0.353367 40.685258 46.978452 40.685258
0.460980 0.643760 49.326841 50.743271 49.326841
0.297023 0.063965 87.684724 87.803176 87.684724
0.944700 0.091742 83.013426 73.137476 73.137476
1.000000 0.206531 43.555471 44.982040 43.555471
0.497423 0.561550 81.778797 84.352858 81.778797
0.870012 0.926429 45.591778 87.958564 45.591778
0.193447 0.093909 72.878087 46.483270 46.483270
0.519932 0.447315 57.092363 52.732520 52.732520
0.935555 0.917496 65.783159 56.995593 56.995593
0.516608 0.531716 88.243717 85.674805 85.674805
0.337245 0.067006 75.606530 61.775557 61.775557
0.039318 0.210953 89.943694 89.974516 89.943694
0.489023 0.524250 54.959892 64.135457 54.959892
0.424351 0.369453 48.139460 44.451359 44.451359
0.050947 0.933180 88.385132 73.086678 73.086678
0.372909 0.057207 71.843787 48.050878 48.050878
0.540740 0.494552 70.430765 72.674330 70.430765
0.260751 0.078818 84.940338 80.884874 80.884874
0.550270 0.605646 36.716991 45.258145 36.716991
0.037749 0.275479 53.521846 41.594983 41.594983
0.499051 0.457944 43.628269 45.906266 43.628269
0.933359 0.057594 72.286302 48.735633 48.735633
0.156853 0.093593 51.612294 38.305294 38.305294
0.253186 0.107721 38.467536 37.169767 37.169767
0.000000 0.072009 36.334954 36.334954 36.334954
0.626914 0.666402 36.334954 36.334954 36.334954
0.436986 0.252499 36.334954 45.085200 36.334954
0.344069 0.016594 36.334954 36.334954 36.334954
0.518932 0.517785 86.065249 80.656190 80.656190
0.300297 0.645215 36.334954 45.153460 36.334954
0.635692 0.628434 36.334954 36.334954 36.334954
0.445763 0.214531 36.334954 44.916799 36.334954
0.652316 0.227609 36.334954 36.334954 36.334954
0.513350 0.477715 64.617664 60.904120 60.904120
0.335281 0.626838 36.334954 71.550280 36.334954
0.516608 0.607293 67.663325 72.794390 67.663325
0.368154 0.223510 36.334954 36.334954 36.334954
0.000000 0.622453 36.334954 36.334954 36.334954
0.572305 0.465805 36.432042 37.606609 36.432042
0.046546 0.867352 53.527744 36.334954 36.334954
0.000958 0.327429 36.334954 36.334954 36.334954
0.080910 0.451069 36.334954 36.334954 36.334954
0.729418 0.721108 51.088618 36.334954 36.334954
0.007808 0.031386 36.334954 36.334954 36.334954
0.000000 0.000000 36.334954 36.334954 36.334954
0.541647 0.554788 55.695857 68.720346 55.695857
0.113096 0.911622 36.334954 36.334954 36.334954
0.505552 0.495846 63.648152 63.383681 63.383681
0.138508 0.266350 36.334954 36.334954 36.334954
0.000000 0.102290 36.334954 36.334954 36.334954
0.831857 0.816393 59.663635 36.334954 36.334954
0.838300 0.771259 48.113730 36.334954 36.334954
0.368959 0.111273 36.334954 36.334954 36.334954
0.215363 0.214995 36.334954 36.334954 36.334954
0.406303 0.882632 56.794112 64.368045 56.794112
0.000000 0.466774 36.334954 36.334954 36.334954
0.474836 0.642814 62.684111 58.398829 58.398829
0.322084 0.164843 36.334954 36.334954 36.334954
0.274657 0.139290 36.334954 36.334954 36.334954
0.846596 0.170665 36.334954 36.334954 36.334954
0.184052 0.000000 36.334954 36.334954 36.334954
0.583964 0.285910 36.334954 36.334954 36.334954
0.457341 0.767802 37.289226 36.334954 36.334954
0.524683 0.564274 76.204921 81.314408 76.204921
0.034723 0.226961 86.708230 72.693262 72.693262
0.870393 0.273883 36.334954 36.334954 36.334954
0.543584 0.007419 36.334954 36.334954 36.334954
0.620366 0.007756 36.334954 36.334954 36.334954
0.066997 0.614235 36.334954 36.334954 36.334954
1.000000 0.000000 36.334954 36.334954 36.334954
0.806801 0.859347 36.334954 36.334954 36.334954
0.783130 0.000000 36.334954 40.140764 36.334954
0.405216 0.791375 36.334954 42.126781 36.334954
0.542094 0.103329 36.334954 36.334954 36.334954
0.976092 0.163977 66.855849 66.962696 66.855849
0.231240 0.080986 85.333761 69.932961 69.932961
0.597874 0.060089 36.334954 36.334954 36.334954
0.808895 0.683778 37.501896 36.334954 36.334954
0.140910 0.184295 36.334954 36.334954 36.334954
0.071444 0.647771 36.334954 36.334954 36.334954
0.002796 0.281005 36.334954 36.334954 36.334954
0.010023 0.507876 36.334954 36.334954 36.334954
0.808307 0.175751 36.334954 36.334954 36.334954
0.027250 0.635748 36.334954 36.334954 36.334954
0.616602 0.212558 36.334954 36.334954 36.334954
0.765227 0.082756 36.334954 36.334954 36.334954
0.052106 0.533349 36.334954 36.334954 36.334954
0.089290 0.392731 36.334954 36.334954 36.334954
1.000000 0.099470 36.334954 36.334954 36.334954
0.001352 0.897941 36.334954 36.334954 36.334954
0.000000 0.244699 36.334954 36.334954 36.334954
0.000000 1.000000 37.095202 36.334954 36.334954
0.889264 0.877545 36.334954 36.334954 36.334954
0.050547 1.000000 61.596469 65.420680 61.596469
0.539096 0.168297 36.334954 36.334954 36.334954
0.759079 0.032682 36.334954 36.334954 36.334954
0.083877 0.282723 36.334954 36.334954 36.334954
0.474549 0.671049 58.998699 49.868215 49.868215
0.934076 0.951659 36.334954 36.334954 36.334954
0.953494 0.988802 36.334954 36.334954 36.334954
0.661213 0.689171 36.334954 36.334954 36.334954
0.661274 0.447748 36.334954 36.334954 36.334954
0.656221 0.792574 36.334954 36.334954 36.334954
0.098226 0.528200 36.334954 36.334954 36.334954
0.251282 0.622930 36.334954 62.903816 36.334954
0.200478 0.617245 36.334954 41.653477 36.334954
0.000000 0.737418 36.334954 36.334954 36.334954
0.114584 0.592693 36.334954 36.334954 36.334954
0.136798 0.041739 36.334954 36.334954 36.334954
0.537505 0.510222 74.355205 76.703638 74.355205
0.493684 0.665918 64.997533 52.222037 52.222037
0.982059 0.964310 36.334954 36.334954 36.334954
0.993864 0.267228 36.334954 36.334954 36.334954
0.142042 0.509849 36.334954 36.334954 36.334954
0.471921 0.714680 48.780670 40.673676 40.673676
0.036209 0.243770 82.378905 61.813039 61.813039
0.883803 0.182806 36.334954 36.334954 36.334954
0.874451 0.213231 36.334954 36.334954 36.334954
0.989643 0.069151 36.334954 36.334954 36.334954
0.532622 0.792209 36.334954 36.334954 36.334954
0.182621 0.242263 36.334954 36.334954 36.334954
0.855444 0.878230 36.334954 36.334954 36.334954
0.578259 0.663528 36.334954 36.334954 36.334954
0.251558 0.194280 36.334954 36.334954 36.334954
0.229342 0.404072 37.102047 37.006821 37.006821
0.000000 0.814183 36.334954 36.334954 36.334954
0.421088 0.651425 36.334954 37.641073 36.334954
0.117896 0.227104 36.334954 36.334954 36.334954
0.125740 0.737966 46.869799 36.334954 36.334954
0.598872 0.104512 36.334954 36.334954 36.334954
0.548255 0.730790 36.334954 36.334954 36.334954
0.141466 0.000000 36.334954 36.334954 36.334954
0.021407 0.766094 36.334954 36.334954 36.334954
0.118427 0.702722 45.032050 36.334954 36.334954
0.561262 0.063633 36.334954 36.334954 36.334954
0.051962 0.696347 36.334954 36.334954 36.334954
0.042574 0.013426 36.334954 36.334954 36.334954
0.110978 0.440901 36.334954 36.334954 36.334954
0.133152 0.557242 36.334954 36.334954 36.334954
0.566850 0.233452 36.334954 36.334954 36.334954
0.444345 0.803321 36.334954 36.334954 36.334954
0.211785 0.082106 75.078804 58.902636 58.902636
0.653995 0.081467 36.334954 36.334954 36.334954
0.497779 0.058992 36.334954 36.334954 36.334954
0.500451 0.544267 78.733935 84.686712 78.733935
0.357750 0.175131 36.334954 36.334954 36.334954
0.049995 0.304178 36.334954 40.703202 36.334954
0.000050 0.936132 36.334954 36.334954 36.334954
1.000000 1.000000 36.334954 36.334954 36.334954
0.483300 0.254471 36.334954 36.334954 36.334954
0.513599 0.203336 36.334954 36.334954 36.334954
0.849873 0.108657 36.334954 36.334954 36.334954
0.466411 0.828970 36.334954 36.334954 36.334954
0.893471 0.000000 36.334954 36.334954 36.334954
0.793703 0.941126 36.334954 36.334954 36.334954
0.525438 0.652747 42.502991 46.914574 42.502991
0.943867 0.102335 87.896251 85.685490 85.685490
0.796163 1.000000 36.334954 36.334954 36.334954
0.486984 0.592621 76.666087 76.287887 76.287887
0.876241 1.000000 36.334954 36.334954 36.334954
0.917295 0.289771 36.334954 36.334954 36.334954
0.569475 0.907911 40.711390 36.334954 36.334954
0.950389 0.120154 89.984702 89.997885 89.984702
0.741318 0.816394 43.971953 36.334954 36.334954
0.111233 0.059783 36.334954 36.334954 36.334954
0.592222 0.607476 36.334954 36.334954 36.334954
0.965063 0.155945 80.883353 74.195022 74.195022
0.299597 0.219778 36.334954 36.334954 36.334954
0.000000 0.578406 36.334954 36.334954 36.334954
0.482687 0.876694 41.963717 36.334954 36.334954
0.283007 0.596145 36.334954 42.081191 36.334954
0.214314 0.451715 36.334954 66.420268 36.334954
0.698706 0.159399 48.981201 36.334954 36.334954
0.078716 0.826693 78.596284 36.334954 36.334954
0.035737 0.440506 36.334954 36.334954 36.334954
0.743147 0.784159 50.906606 36.334954 36.334954
0.283052 0.068255 89.996668 89.989863 89.989863
0.083366 0.031665 36.334954 36.334954 36.334954
0.598253 0.761078 36.334954 36.334954 36.334954
0.207429 0.180212 36.334954 36.334954 36.334954
0.000000 0.659984 36.334954 36.334954 36.334954
0.596417 0.809403 36.334954 36.334954 36.334954
0.799922 0.107904 36.334954 36.334954 36.334954
0.488000 0.688439 56.575266 44.586063 44.586063
0.098681 0.000000 36.334954 36.334954 36.334954
0.976586 0.236793 36.334954 36.334954 36.334954
0.271085 0.400298 46.176843 59.320757 46.176843
