# gen=80 x0..xd f
0.404864 0.897036 0.195093
0.430631 0.777405 0.000000
0.626313 0.925313 0.000000
0.659339 0.373936 0.000000
0.309730 0.176222 0.001023
0.554816 0.249018 0.000000
0.746821 0.642534 0.000000
0.404864 0.897036 0.195093
0.310473 0.176222 0.000000
0.478951 0.243363 0.000000
0.404864 0.897036 0.195093
0.751288 0.076920 0.000000
0.681247 0.392116 0.000000
0.989015 0.770707 0.000000
0.404864 0.897036 0.195093
0.183206 0.330745 0.000000
0.799467 0.824621 0.000000
0.404864 0.896768 0.001063
0.141411 0.091652 0.000000
1.000000 0.000000 0.000000
0.179063 0.512943 0.000000
0.882542 0.953929 0.000000
0.563678 0.000000 0.000000
0.644399 0.913309 0.000000
0.140544 0.192935 0.000000
0.000000 0.028503 0.000000
0.535765 0.658792 0.000000
0.460472 0.440808 0.000000
0.672702 0.568178 0.000000
0.690175 0.687335 0.000000
0.142608 0.148150 0.000000
1.000000 0.244747 0.000000
0.308425 0.305702 0.000000
0.493117 0.927405 0.000000
0.311005 0.158887 0.000000
0.300320 0.826058 0.000000
0.616896 0.301960 0.000000
0.374997 0.030782 0.000000
0.162926 0.807843 0.000000
1.000000 0.578629 0.000000
0.689970 0.789639 0.000000
0.120480 0.354134 0.000000
0.110286 0.019512 0.000000
0.244956 0.692503 0.000000
0.782677 0.007797 0.000000
0.698498 0.148255 0.000000
0.241742 0.528651 0.000000
0.000000 0.124912 0.000000
0.910889 0.044628 0.000000
0.431282 0.958677 0.000000
0.633449 0.726829 0.000000
0.082313 0.004667 0.000000
0.491368 0.247472 0.000000
0.098087 0.998748 0.000000
0.437601 0.032281 0.000000
0.468240 0.635328 0.000000
0.567200 0.463160 0.000000
0.015060 0.605982 0.000000
0.967144 0.272110 0.000000
0.700363 0.293910 0.000000
0.761860 0.671709 0.000000
0.367366 0.539312 0.000000
1.000000 0.000000 0.000000
0.497216 0.146177 0.000000
0.506321 0.946982 0.000000
0.210465 0.041452 0.000000
0.893288 0.003152 0.000000
0.029633 0.657841 0.000000
0.219939 0.165128 0.000000
0.740831 0.684987 0.000000
1.000000 0.629878 0.000000
0.764259 0.878210 0.000000
0.288394 0.848695 0.000000
0.331311 0.000000 0.000000
0.132127 0.308249 0.000000
0.993004 0.509040 0.000000
0.415814 0.686463 0.000000
0.651739 0.773733 0.000000
0.122869 1.000000 0.000000
0.461806 0.793757 0.000000
0.563407 0.973682 0.000000
0.270520 1.000000 0.000000
0.865496 0.276184 0.000000
0.344578 0.962275 0.000000
0.458240 0.920485 0.000000
0.215150 0.424416 0.000000
0.530242 0.402219 0.000000
0.131216 0.037580 0.000000
0.431811 0.739015 0.000000
0.734288 0.476725 0.000000
0.322049 0.023713 0.000000
0.189987 0.825391 0.000000
0.268208 0.623018 0.000000
0.968573 0.950463 0.000000
0.307205 0.342503 0.000000
0.059071 1.000000 0.000000
0.556645 0.361276 0.000000
0.783644 0.846783 0.000000
0.940832 0.406312 0.000000
0.000000 0.363561 0.000000
0.822292 0.442459 0.000000
0.404864 0.897036 0.195093
0.548465 0.210440 0.000000
0.098457 0.105083 0.000000
0.497985 0.584380 0.000000
0.450506 0.704959 0.000000
1.000000 0.555807 0.000000
0.727016 0.002356 0.000000
0.660392 0.283630 0.000000
0.331507 0.010200 0.000000
0.210215 0.000000 0.000000
0.834210 0.547232 0.000000
0.670880 0.535222 0.000000
0.040903 0.203059 0.000000
0.408973 0.881900 0.000000
0.053502 0.611010 0.000000
0.163565 0.447644 0.000000
0.566329 0.000913 0.000000
0.849249 0.074586 0.000000
0.309152 0.176222 0.000000
1.000000 0.839635 0.000000
0.966947 0.595509 0.000000
0.598736 0.782729 0.000000
0.752625 0.899060 0.000000
0.651411 0.352026 0.000000
0.163812 0.940933 0.000000
0.519182 0.199705 0.000000
0.066302 0.252693 0.000000
0.348417 0.564965 0.000000
0.510689 0.487719 0.000000
0.932027 0.000000 0.000000
0.857085 0.458227 0.000000
0.307476 0.326767 0.000000
0.889858 0.645792 0.000000
0.269568 0.880306 0.000000
0.611178 0.963820 0.000000
0.495465 0.300343 0.000000
0.169135 0.359949 0.000000
0.000000 1.000000 0.000000
0.375315 0.000000 0.000000
0.089181 0.781990 0.000000
0.633913 0.744643 0.000000
0.760150 0.308000 0.000000
0.395203 0.627021 0.000000
0.438148 0.756817 0.000000
0.890852 0.398028 0.000000
0.324991 0.127402 0.000000
0.095580 0.199955 0.000000
0.825400 0.684531 0.000000
0.626049 0.612581 0.000000
0.470808 0.615799 0.000000
0.576496 0.721419 0.000000
0.194986 1.000000 0.000000
0.537113 0.833297 0.000000
0.864542 0.896010 0.000000
0.260512 0.904878 0.000000
0.813560 0.321651 0.000000
0.010269 0.672519 0.000000
0.123425 0.783597 0.000000
0.236912 0.869503 0.000000
0.514457 0.436130 0.000000
1.000000 0.729224 0.000000
0.886824 0.912682 0.000000
0.311479 0.333471 0.000000
1.000000 0.973409 0.000000
0.624885 0.619652 0.000000
0.053818 0.430405 0.000000
0.241712 0.969699 0.000000
0.477794 0.069974 0.000000
0.366430 0.428968 0.000000
0.216183 0.596778 0.000000
1.000000 0.001563 0.000000
0.621625 0.186988 0.000000
0.125184 0.098807 0.000000
0.000000 0.950102 0.000000
0.642361 0.419577 0.000000
0.791347 0.675217 0.000000
0.234688 0.785141 0.000000
0.765481 0.000000 0.000000
0.312628 0.157241 0.000000
0.256251 0.019326 0.000000
0.640659 0.518227 0.000000
0.056143 0.647555 0.000000
0.449195 0.656735 0.000000
0.929297 0.945520 0.000000
0.094728 0.810005 0.000000
0.189920 0.194514 0.000000
0.456368 0.439609 0.000000
0.506635 0.014000 0.000000
0.740846 0.960188 0.000000
0.404864 0.897036 0.195093
1.000000 0.000000 0.000000
0.645445 0.762566 0.000000
0.250103 0.060942 0.000000
0.888953 0.957410 0.000000
0.640256 0.181718 0.000000
0.451925 0.460340 0.000000
0.491489 0.242634 0.000000
0.307751 0.353841 0.000000
0.162577 0.045921 0.000000
0.023038 0.349294 0.000000
0.601268 0.455948 0.000000
0.310251 0.176222 0.000000
0.889012 0.716676 0.000000
0.223897 0.685326 0.000000
0.616495 1.000000 0.000000
0.419809 1.000000 0.000000
0.055624 0.208942 0.000000
0.218608 1.000000 0.000000
0.855933 0.000000 0.000000
0.461010 0.794522 0.000000
0.030010 0.014956 0.000000
1.000000 0.569766 0.000000
0.947079 0.023124 0.000000
0.940985 0.353052 0.000000
0.326567 0.121734 0.000000
0.618291 0.085425 0.000000
0.728175 0.659490 0.000000
0.202951 0.437774 0.000000
0.152103 0.792987 0.000000
0.833099 0.911570 0.000000
0.426676 0.803130 0.000000
0.296871 0.522122 0.000000
0.818437 0.284948 0.000000
0.666708 0.574151 0.000000
0.043248 0.088031 0.000000
0.143438 0.318443 0.000000
0.371872 0.952093 0.000000
1.000000 0.848740 0.000000
0.804802 0.613946 0.000000
0.330628 0.461395 0.000000
0.805493 0.953002 0.000000
0.820664 0.147029 0.000000
0.656247 0.806075 0.000000
0.794264 0.101836 0.000000
0.306095 0.022537 0.000000
0.647687 0.731851 0.000000
0.329627 0.500430 0.000000
0.485749 0.387522 0.000000
0.092430 0.927082 0.000000
0.956431 0.497450 0.000000
0.103890 0.497283 0.000000
0.726467 0.500218 0.000000
0.136597 0.195974 0.000000
0.635378 0.417571 0.000000
0.867813 0.000000 0.000000
0.318266 0.095258 0.000000
0.273847 0.724670 0.000000
0.894526 0.197091 0.000000
0.646509 0.775987 0.000000
0.764840 0.411744 0.000000
0.306976 0.290674 0.000000
0.616482 0.050450 0.000000
0.246460 0.453101 0.000000
0.764684 0.730336 0.000000
0.812953 1.000000 0.000000
0.627887 0.621272 0.000000
0.738330 0.228561 0.000000
0.806093 0.379600 0.000000
0.000000 0.392278 0.000000
0.229102 0.553437 0.000000
0.312157 0.166570 0.000000
0.054614 0.577152 0.000000
0.531263 1.000000 0.000000
0.382453 1.000000 0.000000
0.000000 1.000000 0.000000
1.000000 0.648280 0.000000
0.457511 0.803634 0.000000
0.936865 0.178086 0.000000
0.452648 0.088022 0.000000
0.990269 0.852519 0.000000
0.466750 0.632813 0.000000
0.224116 0.472215 0.000000
0.342981 0.000000 0.000000
0.120897 1.000000 0.000000
0.315922 0.362487 0.000000
0.472987 0.491877 0.000000
0.796600 0.492584 0.000000
0.206302 0.494326 0.000000
1.000000 0.001254 0.000000
0.827532 0.888184 0.000000
0.458527 0.409554 0.000000
0.727865 0.230103 0.000000
0.235992 0.747738 0.000000
0.822171 0.998653 0.000000
0.710119 0.654493 0.000000
0.815061 0.577783 0.000000
0.102116 0.621252 0.000000
0.861339 0.000000 0.000000
0.206956 0.042211 0.000000
0.870866 0.172786 0.000000
0.696872 0.149148 0.000000
0.409803 0.870045 0.000000
0.650354 0.609464 0.000000
0.132009 0.787905 0.000000
0.174185 0.192858 0.000000
0.127873 0.003210 0.000000
0.318266 0.095258 0.000000
0.812523 0.986236 0.000000
0.102914 0.329234 0.000000
# OSA solutions
