# gen=200 party=1
# sp x0..x(D-1) party_fit
0 0.910536 0.125473 0.372784 0.658901 0.584500 0.541966 0.034057 0.787514 0.039415 0.915931 30.427956
1 0.697219 0.408739 0.672989 0.429195 0.651226 0.603342 0.586442 0.005787 0.678448 0.977278 30.427956
2 0.969212 0.220558 0.803591 0.320979 0.242212 0.380451 0.162339 0.381800 0.413774 0.517515 30.427956
3 0.782596 0.156596 0.400887 0.292558 0.224142 0.586560 0.278253 0.291262 0.777780 0.271234 30.427956
4 0.756507 0.306067 0.533173 0.371795 0.748568 0.851868 0.850531 0.641381 0.538274 0.369971 30.427956
5 0.869592 0.294694 0.828015 0.993580 0.735721 0.054647 0.617627 0.949468 0.818526 0.550923 30.427956
6 0.702279 0.105149 0.737650 0.547100 0.549559 0.415921 0.723352 0.231215 0.699304 0.698895 30.427956
7 0.637423 0.123592 0.643011 0.498699 0.622072 0.799195 0.772941 0.695217 0.249021 0.120727 30.427956
