# gen=10 mediating population
# x0..x(D-1) f0 f1 consensus
0.186380 0.240121 0.133338 0.743768 0.967301 0.558844 0.650405 0.757486 0.000000 0.931585 59.690377 58.940449 58.940449
0.059780 0.204141 0.088261 0.737092 0.352539 0.368863 0.317242 0.975968 0.000000 0.577829 58.696146 58.940449 58.696146
0.046339 0.198707 0.061229 1.000000 0.672374 0.463348 0.497235 0.726556 0.168763 0.350514 60.726957 58.940449 58.940449
0.147908 0.238789 0.000000 0.872309 0.937379 0.541573 0.694099 0.635519 0.466235 0.649361 59.778351 58.940449 58.940449
0.174535 0.261983 0.083807 0.869002 0.785175 0.619024 0.917366 0.821642 0.268180 0.622583 60.829794 58.940449 58.940449
0.093274 0.003002 0.181457 0.679624 0.932128 0.126842 0.882790 1.000000 0.000000 0.597586 58.532679 58.940449 58.532679
0.117894 0.140509 0.053927 1.000000 0.698298 0.296198 0.725442 0.846046 0.302081 0.488879 62.779900 58.940449 58.940449
0.175730 0.181346 0.056523 0.764619 0.773397 0.403115 0.536005 0.867406 0.009418 0.538130 63.750619 58.940449 58.940449
0.305911 0.298172 0.000000 0.744302 0.955670 0.780572 0.624032 0.866490 0.096397 0.789821 58.551661 58.940449 58.551661
0.303995 0.151268 0.167941 0.539444 0.902187 0.396112 0.627117 1.000000 0.235967 0.279831 58.528046 58.940449 58.528046
0.067310 0.248455 0.000000 1.000000 0.717708 0.680596 0.397303 0.747816 0.161374 0.727260 59.070610 58.940449 58.940449
0.000000 0.264646 0.072905 0.723380 0.989942 0.458198 0.955819 0.646825 0.000000 0.603915 60.142158 58.940449 58.940449
0.325923 0.157072 0.037364 0.761784 1.000000 0.252129 0.909610 0.668876 0.175704 0.962276 58.552829 58.940449 58.552829
0.029157 0.253839 0.052154 0.844432 0.910655 0.256992 0.710399 0.696312 0.000000 0.634138 63.754973 58.940449 58.940449
0.026417 0.177198 0.090015 0.585977 1.000000 0.505172 0.739862 0.610061 0.018610 1.000000 58.924861 58.940449 58.924861
0.000000 0.257266 0.000000 0.773473 0.513999 0.334770 0.614744 0.619049 0.062562 0.661893 59.222917 58.940449 58.940449
0.089505 0.239588 0.065714 0.961650 0.841773 0.502898 0.916880 0.731219 0.209964 0.690240 63.608848 58.940449 58.940449
0.094547 0.241902 0.118281 0.838582 0.674642 0.568219 0.831313 1.000000 0.070861 0.847621 60.151162 58.940449 58.940449
0.191176 0.275576 0.091962 0.957944 0.634956 0.352000 0.621152 0.560916 0.600288 0.574735 59.026296 58.940449 58.940449
0.267084 0.167621 0.033537 0.817992 0.722898 0.624402 0.725896 0.560510 0.000000 0.837300 59.034869 58.940449 58.940449
0.025037 0.149691 0.065342 0.836310 0.541751 0.288967 0.310301 0.624292 0.404646 0.789240 58.795984 58.940449 58.795984
0.121616 0.193326 0.000621 0.549495 0.847944 0.576363 0.594792 0.749279 0.000000 0.700371 59.308094 58.940449 58.940449
0.000000 0.216099 0.000000 0.572991 0.695868 0.436770 0.520918 0.526116 0.000000 1.000000 58.587123 58.940449 58.587123
0.017274 0.245721 0.127020 0.854920 0.457765 0.437521 0.899825 0.786475 0.114206 0.836711 59.702929 58.940449 58.940449
0.075605 0.293282 0.062602 0.543989 0.467627 0.551754 0.932558 1.000000 0.330121 0.719355 58.647489 58.940449 58.647489
0.113576 0.169005 0.000000 0.714170 0.942096 0.206378 0.329289 1.000000 0.020828 0.615921 58.956457 58.940449 58.940449
0.090543 0.282207 0.089661 0.855727 0.858154 0.234775 0.501503 0.792816 0.000000 0.692489 66.207310 58.940449 58.940449
0.084720 0.157220 0.064947 0.899146 0.647122 0.296006 0.566849 0.809173 0.283280 0.585827 66.476819 58.940449 58.940449
0.111141 0.164602 0.148337 0.931364 1.000000 0.328858 0.398082 0.918061 0.375532 0.869416 59.239954 58.940449 58.940449
0.200556 0.203525 0.050919 0.665378 1.000000 0.548182 0.509014 0.666009 0.079086 0.915550 59.302676 58.940449 58.940449
0.141920 0.349595 0.155863 1.000000 0.897018 0.625120 0.290799 0.673708 0.261285 0.823792 58.797173 58.940449 58.797173
0.285732 0.159938 0.109030 1.000000 1.000000 0.273874 0.807001 0.874648 0.124163 0.584300 59.558966 58.940449 58.940449
0.170800 0.343858 0.046677 1.000000 0.574989 0.542422 0.810491 0.879120 0.090650 0.759780 60.024125 58.940449 58.940449
0.041840 0.303969 0.079741 1.000000 0.760802 0.830658 0.587230 0.424989 0.000000 0.635366 58.700470 58.940449 58.700470
0.000000 0.221852 0.102290 0.805527 0.753068 0.534294 0.896921 1.000000 0.000000 0.450951 59.586719 58.940449 58.940449
0.000000 0.345156 0.067587 0.748278 0.791412 0.378468 0.290513 0.940337 0.018082 0.818320 58.864626 58.940449 58.864626
0.115700 0.294814 0.056502 0.714410 0.555988 0.359957 0.569969 1.000000 0.000000 0.418886 60.196729 58.940449 58.940449
0.214457 0.136915 0.003124 1.000000 0.897556 0.337400 0.698703 0.954404 0.187766 0.791534 59.646543 58.940449 58.940449
0.049770 0.258425 0.210694 0.993752 0.633371 0.246850 0.356873 0.426052 0.182562 0.605958 58.682083 58.940449 58.682083
0.000000 0.222959 0.000000 0.882771 0.847515 0.528781 0.698926 0.932218 0.183830 0.618142 60.679751 58.940449 58.940449
0.162977 0.278597 0.064027 0.781514 1.000000 0.321226 0.704614 0.831406 0.236489 0.759310 64.203939 58.940449 58.940449
0.000000 0.257514 0.000000 0.730765 0.597731 0.375057 0.382321 1.000000 0.195388 0.617327 58.981356 58.940449 58.940449
0.105792 0.129540 0.217396 1.000000 0.676593 0.495057 0.848206 0.902864 0.534199 0.552502 58.552731 58.940449 58.552731
0.078752 0.000000 0.063519 1.000000 0.309063 0.536828 0.338659 0.530859 0.254241 0.911410 58.457579 58.940449 58.457579
0.194989 0.202850 0.050559 0.802161 1.000000 0.398376 0.574867 0.919651 0.403600 0.922062 59.234175 58.940449 58.940449
0.094121 0.214129 0.068752 0.707997 0.976693 0.322468 0.758680 1.000000 0.011828 0.574236 61.632866 58.940449 58.940449
0.000000 0.122284 0.061312 0.925081 0.629336 0.427698 0.815013 0.860586 0.012779 0.440437 59.691916 58.940449 58.940449
0.080113 0.291863 0.091625 1.000000 0.794345 0.239885 0.599105 0.640578 0.096398 0.850439 62.624989 58.940449 58.940449
0.140063 0.179495 0.030213 0.596265 0.833901 0.775353 0.788201 0.619936 0.000000 0.624684 58.862225 58.940449 58.862225
0.205853 0.184324 0.201938 0.853609 0.894009 0.125920 0.375111 0.703529 0.586849 0.490135 58.507775 58.940449 58.507775
0.029173 0.263834 0.179124 0.646826 0.699833 0.676987 0.851875 0.959093 0.000000 0.604824 58.813962 58.940449 58.813962
0.034154 0.195311 0.141493 0.802184 0.713979 0.528528 0.925213 1.000000 0.000000 0.772349 59.744422 58.940449 58.940449
0.000000 0.296069 0.056159 1.000000 0.778277 0.377786 0.559241 0.881342 0.179566 0.460226 62.428208 58.940449 58.940449
0.026010 0.000000 0.000000 1.000000 0.772135 0.541169 0.648224 0.446510 0.397451 0.655386 58.532900 58.940449 58.532900
0.000000 0.278676 0.000000 1.000000 1.000000 0.508571 0.571618 0.839200 0.252989 0.735804 59.735506 58.940449 58.940449
0.000000 0.289624 0.000000 1.000000 0.940493 0.443320 0.750403 0.625982 0.023676 0.318734 58.913030 58.940449 58.913030
0.052147 0.218110 0.042855 0.650460 0.621386 0.550319 1.000000 0.767701 0.538890 0.652710 58.725674 58.940449 58.725674
0.186548 0.163800 0.139929 0.895194 0.629551 0.814527 0.962850 0.722938 0.137964 1.000000 58.514446 58.940449 58.514446
0.201025 0.014482 0.096715 0.814101 0.504567 0.345657 0.519291 0.897008 0.285451 0.644889 58.997459 58.940449 58.940449
0.184233 0.214216 0.075510 0.938457 0.793570 0.420916 0.720101 0.771057 0.074514 0.833892 64.081349 58.940449 58.940449
0.191870 0.342357 0.078981 0.769963 0.812378 0.399889 0.575041 0.352990 0.161826 0.742799 59.859419 58.940449 58.940449
0.003278 0.253279 0.000000 0.841530 0.908269 0.407538 0.635256 0.466018 0.000000 0.494054 59.442086 58.940449 58.940449
0.055889 0.122338 0.140307 0.931966 0.600839 0.540146 0.756146 0.856306 0.332605 0.250527 58.961521 58.940449 58.940449
0.000000 0.190800 0.032588 0.778875 0.936257 0.563765 0.929079 0.477425 0.361873 0.704894 58.824851 58.940449 58.824851
0.184098 0.234591 0.140594 0.944481 0.954091 0.573469 1.000000 0.795064 0.145406 0.877608 58.947238 58.940449 58.940449
0.196721 0.260092 0.153667 1.000000 0.657663 0.287713 0.527686 1.000000 0.058441 0.409341 59.627049 58.940449 58.940449
0.259967 0.141309 0.146333 0.855862 0.652426 0.406683 0.789159 0.754782 0.386719 1.000000 58.793588 58.940449 58.793588
0.087523 0.306519 0.231661 0.573825 0.494149 0.046715 0.320298 0.651828 0.570168 0.406116 58.458358 58.940449 58.458358
0.066043 0.169611 0.085329 1.000000 0.644419 0.095237 0.369908 0.696355 0.000000 0.467834 59.251409 58.940449 58.940449
0.000000 0.232159 0.160854 1.000000 0.589715 0.048609 0.635050 0.869794 0.014774 0.770685 59.175861 58.940449 58.940449
0.044127 0.249062 0.105708 0.927931 0.705335 0.077286 0.511998 0.650002 0.040950 0.495595 61.010376 58.940449 58.940449
0.000000 0.170060 0.000000 0.896348 0.736857 0.276013 0.624573 0.693310 0.000000 0.676255 60.393978 58.940449 58.940449
0.000000 0.076400 0.037334 1.000000 0.625979 0.213272 0.660327 0.726466 0.088664 0.687222 60.423393 58.940449 58.940449
0.303072 0.302834 0.006992 0.763904 0.641342 0.464135 0.586569 0.879120 0.035331 0.684213 59.098173 58.940449 58.940449
0.062274 0.269037 0.018082 0.392261 0.755721 0.280886 0.437430 1.000000 0.000000 0.733975 58.661767 58.940449 58.661767
0.161065 0.218627 0.064027 0.959707 1.000000 0.354953 0.650734 0.498574 0.248327 0.466841 61.130457 58.940449 58.940449
0.000000 0.315941 0.150232 0.904162 0.941182 0.482634 0.315709 0.857864 0.074780 0.264109 58.751472 58.940449 58.751472
0.287177 0.260039 0.067982 0.646752 0.645677 0.330651 0.804347 0.606160 0.031281 0.484415 59.360486 58.940449 58.940449
0.104945 0.086303 0.039122 1.000000 0.867901 0.430206 0.536781 0.801603 0.195806 0.977141 59.403324 58.940449 58.940449
0.000000 0.152849 0.000000 1.000000 0.744008 0.259361 0.374707 0.711055 0.095847 0.692253 59.165942 58.940449 58.940449
0.254425 0.229025 0.033800 0.677117 0.661070 0.042475 0.786166 0.686768 0.000000 0.382449 58.721716 58.940449 58.721716
0.093433 0.258292 0.074892 0.764504 0.739052 0.218446 0.339979 1.000000 0.309593 0.604617 60.533759 58.940449 58.940449
0.105812 0.257016 0.000000 1.000000 0.910795 0.542587 0.786624 1.000000 0.000000 0.477798 59.303661 58.940449 58.940449
0.175717 0.287004 0.000000 0.841405 0.999664 0.347061 0.629675 0.843630 0.170715 0.710514 60.948427 58.940449 58.940449
0.000000 0.171161 0.028374 0.855487 0.741847 0.374403 0.455712 1.000000 0.195388 0.784075 60.137834 58.940449 58.940449
0.089527 0.084064 0.043004 0.860911 0.895674 0.125500 0.626135 0.718296 0.000000 0.789088 60.125357 58.940449 58.940449
0.282983 0.000000 0.066245 0.791056 0.981408 0.426721 0.679362 1.000000 0.344002 0.849886 58.493270 58.940449 58.493270
0.000000 0.097082 0.064094 1.000000 0.792989 0.526229 1.000000 1.000000 0.000000 0.803114 58.766097 58.940449 58.766097
0.090544 0.360861 0.205627 0.785324 0.567194 0.402567 0.728740 1.000000 0.101989 0.655879 59.093759 58.940449 58.940449
0.000000 0.201858 0.000000 0.714937 0.894822 0.280324 0.631893 0.685512 0.019815 1.000000 58.974491 58.940449 58.940449
0.000000 0.151122 0.052640 0.862516 0.913572 0.672180 0.758882 0.517482 0.000000 0.892637 58.863164 58.940449 58.863164
0.158442 0.214906 0.120417 0.815279 0.903922 0.877717 0.705953 0.725863 0.276465 0.684136 59.212400 58.940449 58.940449
0.162977 0.304171 0.112713 0.789935 1.000000 0.527388 0.585092 0.903630 0.236489 0.445113 61.641996 58.940449 58.940449
0.102361 0.230374 0.087748 0.689815 0.850770 0.325043 0.801355 0.756484 0.000000 0.274446 59.968160 58.940449 58.940449
0.032001 0.288553 0.035678 0.652167 0.951412 0.573362 0.549199 0.874795 0.182023 0.806494 60.401970 58.940449 58.940449
0.021603 0.303168 0.026953 0.790116 0.933303 0.621589 0.881327 1.000000 0.169767 0.747507 59.195772 58.940449 58.940449
0.015691 0.271892 0.126956 1.000000 0.623176 0.230637 0.717657 0.919134 0.559056 0.754011 59.123556 58.940449 58.940449
0.147389 0.091042 0.046728 0.961696 0.897137 0.255231 0.861364 1.000000 0.108878 0.759072 59.621255 58.940449 58.940449
0.117465 0.330452 0.046785 0.859692 0.938110 0.400778 0.797763 0.905532 0.125173 0.824847 61.390967 58.940449 58.940449
0.107957 0.103436 0.147321 0.970227 0.778498 0.304246 0.472520 0.633090 0.043126 0.760547 60.915677 58.940449 58.940449
0.000000 0.253659 0.046363 0.656255 0.719162 0.349841 0.706532 1.000000 0.011828 0.474308 60.767277 58.940449 58.940449
0.271682 0.183473 0.131434 0.579990 0.723792 0.521633 0.716506 0.838271 0.360059 0.841500 59.114237 58.940449 58.940449
0.076421 0.264646 0.104887 0.889471 0.989942 0.465246 0.882191 0.522541 0.072625 0.250688 59.033206 58.940449 58.940449
0.256774 0.257782 0.155521 0.893497 0.856895 0.782526 0.706807 0.779137 0.305153 0.740469 58.999537 58.940449 58.940449
0.004056 0.222079 0.112000 0.912433 0.784110 0.468575 0.794784 0.662288 0.276368 0.787448 64.243287 58.940449 58.940449
0.168687 0.223836 0.179679 0.743698 0.762220 0.449929 0.679550 0.680745 0.179928 1.000000 59.521334 58.940449 58.940449
0.091226 0.000000 0.035533 1.000000 0.789792 0.514023 0.907047 0.788467 0.039426 0.764591 58.963247 58.940449 58.940449
0.204504 0.183596 0.093916 0.911200 0.976636 0.678050 0.842044 0.627350 0.394712 0.396451 58.998684 58.940449 58.940449
0.266008 0.147288 0.077327 0.954635 1.000000 0.384579 0.779031 1.000000 0.000000 0.701065 59.403508 58.940449 58.940449
0.028454 0.328189 0.063478 0.667739 0.856204 0.600521 0.811075 0.518035 0.223386 1.000000 58.837572 58.940449 58.837572
0.167208 0.163386 0.149456 0.626356 0.650956 0.379674 0.901271 0.886665 0.092418 0.454072 59.742268 58.940449 58.940449
0.145509 0.171967 0.068937 0.686404 0.768023 0.490435 1.000000 0.842794 0.178216 0.415706 59.863414 58.940449 58.940449
0.125244 0.212614 0.038875 0.862496 0.525949 0.466162 1.000000 0.792123 0.028825 1.000000 58.809473 58.940449 58.809473
0.136812 0.212848 0.097463 0.720994 0.690104 0.224735 0.860951 0.737420 0.000000 0.626022 62.909448 58.940449 58.940449
0.041431 0.269050 0.099319 0.842066 1.000000 0.221183 0.322492 0.793015 0.247074 0.782616 59.902083 58.940449 58.940449
0.000000 0.049128 0.090729 1.000000 0.784644 0.329232 0.555215 0.993315 0.136417 0.478525 59.578984 58.940449 58.940449
0.140165 0.202604 0.088982 0.592527 0.940336 0.571244 0.758746 0.550373 0.283350 0.992493 58.972209 58.940449 58.940449
0.000000 0.285672 0.136196 0.569736 0.484166 0.252332 0.650343 0.398384 0.084839 0.715698 58.771035 58.940449 58.771035
0.000000 0.091535 0.044352 1.000000 0.854487 0.328423 0.493010 0.956206 0.083635 0.461427 59.580167 58.940449 58.940449
0.000000 0.187630 0.052640 0.909827 1.000000 0.652665 0.601746 0.607054 0.220278 0.920197 59.136168 58.940449 58.940449
0.084344 0.273676 0.146807 0.784499 0.676799 0.495162 0.816542 0.820662 0.005766 0.544116 63.236425 58.940449 58.940449
0.022487 0.171929 0.002930 1.000000 0.787495 0.430264 0.781909 0.919592 0.000000 0.388404 59.283004 58.940449 58.940449
0.190592 0.181346 0.000000 0.954635 0.833391 0.519018 0.844113 0.796053 0.000000 0.593524 59.990828 58.940449 58.940449
0.024272 0.274722 0.158288 0.829244 0.662660 0.258775 0.685376 0.979086 0.195388 0.556140 61.318895 58.940449 58.940449
0.000000 0.204993 0.106235 0.875435 1.000000 0.507621 0.783953 0.615617 0.000000 1.000000 59.092570 58.940449 58.940449
0.078248 0.279428 0.014379 1.000000 0.782456 0.632370 0.897775 0.881292 0.000000 0.463979 59.193188 58.940449 58.940449
0.104063 0.330111 0.182635 1.000000 0.786276 0.460456 0.554735 0.733320 0.229256 0.840280 60.652165 58.940449 58.940449
0.049028 0.134397 0.080298 0.915419 0.764226 0.635121 0.819685 0.479249 0.404470 0.662783 59.142073 58.940449 58.940449
0.038012 0.266268 0.183069 0.966772 0.703226 0.516563 0.415558 0.501551 0.218709 0.889539 59.154764 58.940449 58.940449
0.041431 0.210955 0.135173 0.768778 1.000000 0.138329 0.440396 0.952481 0.342218 0.596233 59.533517 58.940449 58.940449
0.196376 0.259213 0.065478 1.000000 0.859937 0.336624 0.774755 0.909750 0.000000 0.394476 60.902783 58.940449 58.940449
0.116337 0.229051 0.106967 0.609775 0.798798 0.423969 0.630257 0.352990 0.122965 0.671763 59.829953 58.940449 58.940449
0.120108 0.360808 0.016575 0.934189 0.767707 0.491061 0.946957 0.754016 0.105684 0.956329 58.898393 58.940449 58.898393
0.126717 0.199097 0.126369 0.504011 0.919413 0.125146 0.789401 0.596314 0.000000 0.583470 59.105494 58.940449 58.940449
0.000000 0.026585 0.048551 0.923637 0.654101 0.504265 0.764103 0.960165 0.033364 0.532560 59.005852 58.940449 58.940449
0.219249 0.269726 0.000000 0.444117 0.640476 0.477002 0.619223 0.848041 0.146683 0.536275 59.035694 58.940449 58.940449
0.104218 0.328348 0.177125 0.889009 0.744219 0.650443 0.825255 0.962073 0.043849 0.974848 58.699142 58.940449 58.699142
0.154729 0.206375 0.242098 0.666091 0.535650 0.583144 0.733305 0.789204 0.245454 0.464163 58.601637 58.940449 58.601637
0.114061 0.247336 0.085820 0.712322 0.423926 0.081696 0.701097 1.000000 0.000000 0.470994 58.910400 58.940449 58.910400
0.350158 0.185345 0.086009 0.974390 0.644264 0.280563 0.645083 0.811741 0.212798 0.451513 59.077511 58.940449 58.940449
0.129567 0.138493 0.053646 0.533976 1.000000 0.057819 0.732099 0.891363 0.204262 0.368482 58.828229 58.940449 58.828229
0.015474 0.012760 0.143166 0.781800 0.298798 0.717505 0.514046 0.881755 0.000000 0.702650 58.460565 58.940449 58.460565
0.150832 0.175891 0.154654 1.000000 0.781586 0.399843 0.761013 1.000000 0.244810 0.522125 60.986418 58.940449 58.940449
0.117665 0.207665 0.081918 0.945985 1.000000 0.542676 0.772358 0.805909 0.011838 0.510692 62.422195 58.940449 58.940449
0.216735 0.329425 0.099156 0.928039 1.000000 0.581496 0.908028 1.000000 0.000000 0.907567 58.615244 58.940449 58.615244
0.000000 0.241913 0.124499 0.419699 0.924418 0.263956 0.342947 0.648750 0.000000 0.745208 58.708619 58.940449 58.708619
0.107393 0.156341 0.134273 0.868859 0.762925 0.809524 0.513045 0.766124 0.240201 0.831515 59.487670 58.940449 58.940449
0.034898 0.287287 0.094091 0.923049 0.676160 0.398604 0.753319 0.932027 0.339480 0.977934 59.735938 58.940449 58.940449
0.000000 0.158323 0.058637 0.837353 0.644144 0.579216 0.897513 1.000000 0.000000 0.598270 59.195626 58.940449 58.940449
0.094337 0.345320 0.057597 0.855842 0.956999 0.371958 0.425691 0.793015 0.247074 0.662307 61.744064 58.940449 58.940449
0.043761 0.270531 0.154292 0.895555 0.729632 0.323260 0.411331 0.585873 0.138318 0.611542 61.577734 58.940449 58.940449
0.051964 0.159969 0.025414 1.000000 0.883867 0.473905 0.646077 0.884230 0.000000 0.742652 60.819771 58.940449 58.940449
0.049777 0.139449 0.158288 0.696076 0.671900 0.394622 0.602741 0.984002 0.340590 0.376466 59.352677 58.940449 58.940449
0.230994 0.342733 0.006992 0.769963 0.703606 0.461788 0.738120 0.806445 0.035331 0.949999 59.064151 58.940449 58.940449
0.182559 0.351765 0.057808 0.644025 0.704831 0.585995 0.562165 0.796825 0.413582 0.666617 59.675881 58.940449 58.940449
0.155108 0.229539 0.123080 0.525998 0.790187 0.680027 0.682791 0.754532 0.000000 1.000000 58.859925 58.940449 58.859925
0.150521 0.309584 0.087748 0.868008 0.951462 0.391395 0.658082 0.832658 0.126495 0.190512 59.544933 58.940449 58.940449
0.000000 0.075128 0.122589 0.632603 0.737731 0.112587 0.527806 0.795560 0.088286 0.443831 59.019097 58.940449 58.940449
0.191296 0.157531 0.151711 0.853464 0.946926 0.407588 0.372159 0.983654 0.434407 0.618353 59.106618 58.940449 58.940449
0.127568 0.114372 0.042664 0.938210 1.000000 0.125223 0.318477 0.931883 0.041657 0.840820 58.765897 58.940449 58.765897
0.000000 0.210969 0.059272 1.000000 1.000000 0.640079 0.655697 0.944703 0.238796 0.642728 59.799261 58.940449 58.940449
0.214732 0.240744 0.041611 0.718718 0.813586 0.252684 0.537881 0.724266 0.206791 0.973600 59.760607 58.940449 58.940449
0.123575 0.315002 0.097393 0.734557 0.395645 0.252694 0.612508 1.000000 0.000000 0.770963 59.211531 58.940449 58.940449
0.096628 0.312019 0.086067 0.579806 0.897647 0.320844 0.387429 0.757660 0.198886 0.953206 59.338373 58.940449 58.940449
0.053498 0.231156 0.026084 0.906632 0.993004 0.335848 0.542507 0.919651 0.432640 0.905300 58.973092 58.940449 58.940449
0.261787 0.312579 0.063321 0.837027 0.868149 0.594137 0.561497 0.686330 0.000000 1.000000 58.809909 58.940449 58.809909
0.000000 0.288027 0.005879 0.642036 1.000000 0.557976 0.973669 0.521397 0.068191 1.000000 58.503078 58.940449 58.503078
0.182790 0.323404 0.077852 0.772396 0.815125 0.719299 1.000000 0.905709 0.106545 0.750684 58.954125 58.940449 58.940449
0.102917 0.172537 0.005352 0.965100 0.970385 0.098720 0.415633 0.721172 0.025557 0.676255 59.087278 58.940449 58.940449
0.095315 0.167823 0.047875 0.923181 0.660264 0.432298 0.946441 0.938793 0.000000 0.546795 60.260906 58.940449 58.940449
0.000000 0.335228 0.039871 0.903009 0.635836 0.292171 0.396792 0.493382 0.000000 0.675136 59.081475 58.940449 58.940449
0.208445 0.100036 0.073142 0.588218 0.948086 0.395232 0.821709 0.932842 0.427642 0.961241 58.638201 58.940449 58.638201
0.000000 0.062652 0.041710 0.802184 0.723799 0.560478 0.810546 0.686853 0.042306 0.845428 59.150750 58.940449 58.940449
0.101383 0.276934 0.060204 0.997186 0.388484 0.546118 0.727068 1.000000 0.200416 0.452488 58.607214 58.940449 58.607214
0.112798 0.229871 0.145287 1.000000 0.666321 0.393238 0.731135 0.856306 0.470306 0.295805 59.343416 58.940449 58.940449
0.177057 0.263141 0.110091 0.807468 0.701609 0.651684 0.614642 0.956033 0.198628 0.701273 61.660936 58.940449 58.940449
0.113517 0.143113 0.055665 1.000000 0.888372 0.432929 0.676967 0.725922 0.098438 0.679061 66.052744 58.940449 58.940449
0.093274 0.129867 0.136418 0.985778 0.598379 0.806879 0.654589 0.874702 0.188717 0.712245 59.231920 58.940449 58.940449
0.097555 0.253664 0.160709 0.927541 0.783716 0.607204 0.752642 0.795921 0.043504 0.942402 59.935284 58.940449 58.940449
0.000000 0.153304 0.187381 0.447911 0.727088 0.698197 0.905860 0.887969 0.237528 0.704656 58.535621 58.940449 58.535621
0.360255 0.044700 0.249241 0.496787 0.356629 0.475998 0.349268 0.443438 1.000000 0.480147 58.455868 58.940449 58.455868
0.000000 0.310417 0.150232 0.904162 1.000000 0.621932 0.849199 0.867187 0.102710 0.430650 58.962083 58.940449 58.940449
0.263901 0.281965 0.035230 0.807158 0.691187 0.029991 0.663658 0.950272 0.164010 0.438860 58.997302 58.940449 58.940449
0.055476 0.247173 0.190164 0.895555 0.643268 0.496144 0.359403 0.379174 0.150704 0.558178 58.764325 58.940449 58.764325
0.010805 0.325700 0.000000 0.800474 1.000000 0.195167 0.625208 0.666009 0.106445 0.914877 59.014625 58.940449 58.940449
0.060443 0.141653 0.090668 0.829583 0.654885 0.323068 0.858253 1.000000 0.126830 1.000000 59.408054 58.940449 58.940449
0.066949 0.180137 0.022845 0.940894 0.651616 0.392285 0.676697 0.684892 0.165611 0.451953 61.646236 58.940449 58.940449
0.243725 0.355295 0.013139 0.730416 0.761766 0.550933 0.875392 0.889246 0.001488 0.754250 58.876810 58.940449 58.876810
0.018987 0.182768 0.052154 0.786131 0.611366 0.439143 0.459796 0.558225 0.358438 0.515554 59.900724 58.940449 58.940449
0.032502 0.158155 0.000000 0.927899 0.752200 0.186571 0.933907 0.745534 0.310022 0.744630 59.105510 58.940449 58.940449
0.079876 0.127019 0.053181 0.766890 0.612085 0.413261 0.707303 0.651827 0.017948 0.956745 60.168673 58.940449 58.940449
0.000000 0.358186 0.078981 0.875710 0.968048 0.584283 0.705956 0.401575 0.026756 0.819023 58.811830 58.940449 58.811830
0.000000 0.028223 0.179560 0.651531 1.000000 0.124184 0.567533 1.000000 0.000000 0.907612 58.509407 58.940449 58.509407
0.101556 0.158038 0.009965 1.000000 1.000000 0.203579 0.568152 0.978877 0.000000 0.534802 59.377356 58.940449 58.940449
0.126032 0.336878 0.050019 0.720570 0.739368 0.640841 0.973803 0.889403 0.057326 0.749281 59.169480 58.940449 58.940449
0.011186 0.229907 0.221216 0.948044 0.743648 0.231588 0.637581 0.917978 0.303259 0.328738 58.763736 58.940449 58.763736
0.177454 0.303687 0.000000 0.911280 1.000000 0.350054 0.492171 0.838386 0.136065 0.914714 59.494383 58.940449 58.940449
0.000000 0.149925 0.033253 0.929053 0.601461 0.276313 0.482177 0.834518 0.209249 0.527255 60.178167 58.940449 58.940449
0.213935 0.380299 0.849843 0.447686 0.524243 0.975109 0.241155 0.801732 0.346466 0.430377 53.883467 57.719525 53.883467
0.151210 0.260660 0.079558 0.846097 0.772288 0.729173 0.802461 0.882091 0.031154 0.743652 60.487795 58.940449 58.940449
0.246571 0.102494 0.063794 0.921512 0.770900 0.509809 0.643019 1.000000 0.524805 0.804370 58.815836 58.940449 58.815836
0.000000 0.202987 0.104121 0.576690 0.655992 0.160927 0.817906 0.729421 0.000000 0.464254 59.334530 58.940449 58.940449
0.115700 0.264230 0.068056 0.697214 0.555988 0.283271 0.789593 0.999000 0.000000 0.458787 59.952146 58.940449 58.940449
0.000000 0.149659 0.129056 0.689233 0.723792 0.681060 0.692047 0.894919 0.361213 0.783209 59.369753 58.940449 58.940449
0.000000 0.238513 0.049143 0.552198 0.538269 0.523257 0.910769 0.834414 0.314544 0.793847 58.958112 58.940449 58.940449
0.099909 0.300916 0.090346 0.884047 0.910655 0.275453 0.659029 0.697657 0.015721 0.356695 62.135969 58.940449 58.940449
0.103547 0.302221 0.126959 0.689049 1.000000 0.603416 0.403028 0.775296 0.054494 0.729382 60.111520 58.940449 58.940449
0.000000 0.000736 0.098629 0.821226 0.734766 0.269566 0.585683 0.820995 0.132807 0.618664 59.658452 58.940449 58.940449
0.032202 0.102968 0.102418 0.867032 0.931707 0.747478 0.589762 0.661153 0.217204 0.884745 59.098753 58.940449 58.940449
0.208026 0.270801 0.061494 1.000000 0.770228 0.407178 0.752635 0.847959 0.059035 0.381276 61.462525 58.940449 58.940449
0.147065 0.146923 0.062325 1.000000 0.954235 0.324008 0.677543 0.609371 0.037193 0.844564 61.045858 58.940449 58.940449
0.000000 0.175638 0.000000 0.698580 0.563138 0.116508 0.838456 0.655409 0.057055 0.758925 58.869371 58.940449 58.869371
0.008483 0.141093 0.144096 0.906081 0.842510 0.528550 0.551209 0.668264 0.000000 0.906617 59.754005 58.940449 58.940449
0.000000 0.028372 0.029629 1.000000 0.666979 0.628972 0.526580 0.611256 0.124178 0.790111 58.680366 58.940449 58.680366
0.049427 0.180478 0.144972 1.000000 0.510259 0.127487 0.748462 1.000000 0.000000 0.720366 59.166647 58.940449 58.940449
0.071496 0.308492 0.243109 0.279313 1.000000 0.588949 0.879977 1.000000 0.334857 1.000000 58.455868 58.940449 58.455868
0.055051 0.213598 0.147321 0.970227 0.662488 0.221489 0.493902 0.593153 0.043126 0.752343 60.744719 58.940449 58.940449
0.000000 0.311568 0.092567 1.000000 0.859582 0.387813 0.646052 0.798963 0.096968 0.848670 62.822329 58.940449 58.940449
0.000000 0.171922 0.100791 0.656747 0.481751 0.412323 0.760957 0.999050 0.000000 0.230773 58.600502 58.940449 58.600502
0.123829 0.197100 0.000000 0.636087 0.793758 0.389383 0.627704 0.816300 0.121988 0.358037 59.913308 58.940449 58.940449
0.241723 0.148182 0.000000 0.655828 0.722070 0.346977 0.628282 0.560510 0.000000 0.485809 59.103988 58.940449 58.940449
0.113115 0.178713 0.042944 1.000000 1.000000 0.383353 0.659767 0.743761 0.017094 0.873197 60.761478 58.940449 58.940449
0.279418 0.177300 0.079914 0.560013 0.897091 0.475770 0.644253 0.782127 0.149027 0.722952 60.309804 58.940449 58.940449
0.000000 0.247029 0.000000 0.909428 0.726663 0.285466 0.372446 0.625879 0.209986 0.847544 59.072375 58.940449 58.940449
0.272957 0.000000 0.280305 0.210648 0.358775 1.000000 0.912154 0.886405 0.433057 0.749116 58.455868 58.940449 58.455868
0.063409 0.253463 0.142089 0.422520 0.871669 0.692093 0.688902 0.601357 0.000000 0.473396 58.679163 58.940449 58.679163
0.000000 0.334643 0.006289 0.849917 0.882772 0.341920 0.558334 0.840286 0.134136 0.719468 60.418667 58.940449 58.940449
0.128473 0.348405 0.000000 1.000000 0.875511 0.286182 0.435721 0.838386 0.081627 0.895361 59.087042 58.940449 58.940449
0.164750 0.000000 0.000000 1.000000 0.260698 0.756111 0.656212 0.720225 0.188772 0.765946 58.459224 58.940449 58.459224
0.000000 0.232925 0.167872 0.619896 0.789887 0.608375 0.406147 0.666764 0.004434 0.998484 58.600961 58.940449 58.600961
0.149435 0.144846 0.025414 0.896705 0.883867 0.379065 0.579837 0.767968 0.000000 0.566563 63.001525 58.940449 58.940449
0.068759 0.259971 0.035412 1.000000 0.668772 0.298124 0.696955 1.000000 0.480402 0.376579 59.017371 58.940449 58.940449
0.142661 0.166274 0.217707 0.968125 0.637440 0.470632 0.702278 0.873811 0.534199 0.559407 58.848521 58.940449 58.848521
0.134649 0.164597 0.051690 0.852917 0.806042 0.330915 0.674012 0.912560 0.373031 0.942659 60.382940 58.940449 58.940449
0.181203 0.239053 0.136419 0.759358 0.748061 0.800867 0.835784 0.912046 0.245445 0.677081 59.170078 58.940449 58.940449
0.000000 0.350812 0.016611 0.887172 0.603577 0.470075 0.574031 0.742657 0.462290 0.633855 59.094309 58.940449 58.940449
0.133878 0.349309 0.113497 0.765855 0.687625 0.613427 1.000000 1.000000 0.231861 0.702515 58.983611 58.940449 58.940449
0.160590 0.323329 0.045055 1.000000 0.651589 0.000000 0.652963 0.404272 0.014413 0.598321 58.625053 58.940449 58.625053
0.152675 0.167198 0.097820 0.619896 0.617007 0.515607 0.599779 0.718052 0.005169 0.916188 60.160541 58.940449 58.940449
0.202983 0.254626 0.005356 0.766988 0.693645 0.000000 0.744791 1.000000 0.129922 0.497354 58.956234 58.940449 58.940449
0.121834 0.090429 0.065805 1.000000 0.770068 0.470922 0.667610 0.580720 0.068176 0.307260 59.641146 58.940449 58.940449
0.000000 0.318614 0.173882 1.000000 0.875929 0.117006 0.320799 0.879324 0.015906 0.768758 58.749502 58.940449 58.749502
0.142941 0.246233 0.047886 0.849122 0.843337 0.781169 0.533251 0.862396 0.276465 0.393579 59.287771 58.940449 58.940449
0.161693 0.233445 0.000000 0.748062 0.907074 0.157347 0.831741 0.708177 0.000000 0.949713 59.073652 58.940449 58.940449
0.028235 0.059634 0.111721 0.858450 0.406333 0.372846 0.940991 0.786475 0.168645 0.865714 58.717347 58.940449 58.717347
0.147318 0.144307 0.244493 0.951147 0.662864 0.451277 0.785950 0.918557 0.249416 0.666868 58.781840 58.940449 58.781840
0.185038 0.143015 0.100951 0.725309 0.433964 0.520068 0.754502 0.735378 0.237202 0.445620 59.344869 58.940449 58.940449
0.039070 0.331256 0.057249 0.858135 0.767246 0.336928 0.621919 0.401104 0.090484 1.000000 59.024920 58.940449 58.940449
0.176835 0.220795 0.049771 0.908059 0.890331 0.396387 0.577931 0.459535 0.097286 0.505683 61.382154 58.940449 58.940449
0.000000 0.133328 0.071398 0.944898 0.831621 0.395216 0.933143 0.950130 0.000000 0.823421 59.380526 58.940449 58.940449
0.280468 0.193258 0.107498 0.779998 1.000000 0.392179 0.677584 0.796849 0.040330 0.752535 60.559849 58.940449 58.940449
0.213178 0.298227 0.000000 0.940682 0.995516 0.379321 0.606808 0.862133 0.103396 0.665463 60.209294 58.940449 58.940449
0.134698 0.261652 0.038167 0.479057 0.588715 0.607663 0.731567 0.895090 0.056880 0.860983 58.861744 58.940449 58.861744
0.355299 0.084349 0.000000 0.638435 0.641774 0.072374 0.974253 0.559275 0.039390 0.868655 58.458010 58.940449 58.458010
0.167797 0.330550 0.104242 0.869626 0.820335 0.664099 0.697406 0.743215 0.037390 0.765067 61.406671 58.940449 58.940449
0.110358 0.248873 0.039159 1.000000 1.000000 0.226514 0.860551 0.731097 0.242219 0.989129 58.722190 58.940449 58.722190
0.117665 0.170902 0.081918 0.732480 1.000000 0.539401 0.736905 0.755976 0.000000 0.851325 60.542390 58.940449 58.940449
0.000000 0.281966 0.069533 0.782716 0.840122 0.292711 0.823077 0.462437 0.419929 0.845586 59.261566 58.940449 58.940449
0.266216 0.228689 0.096265 0.593820 0.796012 0.681024 0.474916 0.849788 0.131156 0.793300 59.086805 58.940449 58.940449
0.175673 0.016079 0.017166 0.942747 0.432702 0.792938 0.474706 0.699685 0.200310 0.855565 58.471993 58.940449 58.471993
0.052981 0.243407 0.111374 0.965763 1.000000 0.283137 0.991070 0.711909 0.000000 0.827105 59.280309 58.940449 58.940449
0.082871 0.260359 0.145811 0.615696 0.542559 0.904733 0.927531 0.827782 0.000000 0.363341 58.476403 58.940449 58.476403
0.248516 0.252895 0.094630 0.671110 0.980228 0.303413 0.856112 0.853624 0.000000 0.595141 59.843019 58.940449 58.940449
0.136987 0.193488 0.104121 0.569033 0.770925 0.358302 0.788091 0.729421 0.038910 0.454072 61.202903 58.940449 58.940449
0.152082 0.265319 0.199564 1.000000 0.752495 0.477269 0.877558 0.975154 0.312839 0.509229 59.099686 58.940449 58.940449
0.020363 0.217831 0.155202 1.000000 0.539076 0.153793 0.864229 1.000000 0.032846 0.686082 59.086899 58.940449 58.940449
0.163293 0.244655 0.122277 0.853241 0.915491 0.669713 0.631979 0.764588 0.266764 0.612633 62.910224 58.940449 58.940449
0.175585 0.156518 0.045571 0.977238 0.777443 0.378852 0.708934 0.919846 0.410288 1.000000 58.802120 58.940449 58.802120
0.108222 0.300190 0.124546 0.710706 0.724240 0.113474 0.771560 0.991522 0.111814 0.821121 60.136164 58.940449 58.940449
0.012034 0.019295 0.112321 0.921570 0.845794 0.351555 0.657711 0.514218 0.309964 0.790584 59.203591 58.940449 58.940449
0.000000 0.117185 0.055168 0.910613 0.817300 0.393585 0.670528 0.893925 0.000000 0.563413 61.949886 58.940449 58.940449
0.094547 0.188694 0.000000 0.768758 0.890596 0.410225 0.466496 0.969660 0.041657 0.795012 59.711084 58.940449 58.940449
0.117936 0.266037 0.108860 1.000000 0.681170 0.449934 0.866886 0.774882 0.044313 0.988936 59.868880 58.940449 58.940449
0.021846 0.235146 0.138454 0.737821 1.000000 0.234581 0.454894 0.688340 0.023077 0.643491 60.722813 58.940449 58.940449
0.147354 0.246012 0.059198 0.927498 0.699706 0.536521 0.790326 1.000000 0.000000 0.476890 61.381300 58.940449 58.940449
0.080589 0.143031 0.124176 0.387706 0.368752 0.345842 0.944210 0.838803 0.072514 0.267963 58.467441 58.940449 58.467441
0.006843 0.153061 0.078263 1.000000 0.355312 0.174679 0.609456 0.813998 0.000000 0.395284 58.665975 58.940449 58.665975
0.200962 0.310700 0.059586 0.822400 0.482096 0.295719 0.546560 0.697169 0.495783 0.732667 59.112582 58.940449 58.940449
0.176814 0.259002 0.145811 1.000000 0.679314 0.423468 0.735811 0.866677 0.215498 0.512702 62.785696 58.940449 58.940449
0.000000 0.256858 0.000000 0.779772 1.000000 0.448509 1.000000 0.490935 0.058209 0.724281 58.776265 58.940449 58.776265
0.057069 0.212166 0.149336 0.623339 0.477341 0.281207 0.640011 0.835009 0.156478 0.476954 59.732439 58.940449 58.940449
0.036752 0.347370 0.000838 0.744482 0.925559 0.631609 0.729275 0.999733 0.235296 0.681836 59.151590 58.940449 58.940449
0.131950 0.331789 0.109036 0.779013 1.000000 0.208130 0.852492 0.785125 0.019916 0.824374 60.276752 58.940449 58.940449
0.000000 0.104475 0.017143 0.972449 0.996798 0.241035 0.580225 1.000000 0.000000 0.718415 59.044391 58.940449 58.940449
0.160310 0.187716 0.006747 0.559135 0.788674 0.437784 0.580046 0.816699 0.137564 0.497874 60.423180 58.940449 58.940449
0.200962 0.347541 0.006468 0.884683 0.872931 0.296194 0.440393 0.808960 0.622277 0.600569 58.684282 58.940449 58.684282
0.029157 0.285152 0.055665 0.892927 0.981875 0.299800 0.791624 0.890292 0.089783 0.526683 61.709040 58.940449 58.940449
0.007423 0.000000 0.062109 0.809880 0.635556 0.366809 0.731051 0.925150 0.000000 0.690492 59.129278 58.940449 58.940449
0.135851 0.256174 0.000000 0.952002 0.883416 0.720577 0.623405 0.390225 0.065578 0.737225 58.730328 58.940449 58.730328
0.224487 0.122017 0.112321 1.000000 0.946487 0.261205 0.541233 0.503796 0.363187 0.796187 59.061283 58.940449 58.940449
0.020608 0.218355 0.000000 0.667739 0.738864 0.620335 0.745883 0.511623 0.000000 1.000000 58.614478 58.940449 58.614478
0.000000 0.035752 0.006056 0.919661 0.774984 0.338212 0.829876 1.000000 0.000000 0.424248 58.650953 58.940449 58.650953
0.287177 0.216436 0.067982 0.708189 0.757106 0.301273 0.809262 0.643291 0.000000 0.491596 59.971579 58.940449 58.940449
0.120764 0.337734 0.014875 0.817097 1.000000 0.112777 0.850134 1.000000 0.252029 0.411201 58.764677 58.940449 58.764677
0.119621 0.228994 0.035078 0.726208 0.520306 0.494129 0.707571 0.656669 0.026960 0.805118 60.404284 58.940449 58.940449
0.198934 0.307098 0.038167 0.613675 0.727605 0.563225 0.758267 0.814282 0.000000 1.000000 58.946400 58.940449 58.940449
0.194333 0.199837 0.070189 0.916848 0.973234 0.565724 0.487415 0.661567 0.342094 0.820228 59.903391 58.940449 58.940449
0.000000 0.258254 0.073228 1.000000 0.902618 0.446258 0.662721 0.491177 0.063199 0.831276 60.261034 58.940449 58.940449
0.224737 0.227247 0.009980 0.919505 0.841511 0.365367 0.444050 0.722656 0.277204 0.746298 60.451910 58.940449 58.940449
0.000000 0.159098 0.000000 0.661098 0.424661 0.665242 0.665947 0.771909 0.000000 0.376219 58.509084 58.940449 58.509084
