# Party-1 optima (Phase 1b)
# x0..x(D-1) party_fit f0 f1 consensus
0.263140 0.633938 84.792483 32.314205 84.792483 32.314205
0.740184 0.388634 83.699662 58.227449 83.699662 58.227449
0.022491 0.757785 82.538344 31.433373 82.538344 31.433373
0.211637 0.565950 78.473106 37.511630 78.473106 37.511630
0.350662 0.907816 63.271790 31.433373 63.271790 31.433373
0.766223 0.377416 59.663221 84.057928 59.663221 59.663221
0.644000 0.887457 55.450983 31.433373 55.450983 31.433373
0.009459 0.353348 54.286785 31.433373 54.286785 31.433373
