# gen=10 party=1
# sp x0..x(D-1) party_fit
0 0.765198 0.094047 0.163827 0.398680 0.080320 0.080228 0.547887 0.219061 0.546813 0.802724 87.439594
1 0.921052 0.047350 0.053133 0.125903 0.790357 0.171542 0.263440 0.887823 0.004028 0.899834 87.439594
2 0.686309 0.311999 0.241098 0.075230 0.463688 0.566725 0.605017 0.497684 0.535550 0.964407 87.439594
3 0.995970 0.026778 0.005539 0.990049 0.135047 0.015025 0.219226 0.241941 0.202900 0.454497 87.439594
4 0.944772 0.305386 0.014895 0.471857 0.755524 0.257876 0.225351 0.210857 0.373396 0.822211 87.439594
5 0.759706 0.230844 0.280151 0.337507 0.392442 0.950644 0.124421 0.183018 0.019301 0.991620 87.439594
6 0.824860 0.031939 0.225589 0.226352 0.585018 0.791219 0.800883 0.986348 0.752943 0.656844 87.439594
7 0.635256 0.456154 0.115504 0.302573 0.879162 0.408375 0.063889 0.439820 0.714811 0.001629 87.439594
