# Party-0 optima (Phase 1b)
# x0..x(D-1) party_fit f0 f1 consensus
0.786240 0.204449 0.421129 0.176396 0.836635 13.944618 13.944618 4.122066 4.122066
0.615735 0.343818 0.716288 0.257445 0.087101 7.707255 7.707255 8.138386 7.707255
0.979939 0.369743 0.285116 0.073629 0.720030 6.788513 6.788513 4.805985 4.805985
0.999649 0.281309 0.275653 0.100694 0.435531 6.098644 6.098644 4.805985 4.805985
0.939676 0.460281 0.138374 0.168716 0.904887 6.078077 6.078077 3.453416 3.453416
0.440681 0.127367 0.534082 0.085044 0.475422 6.078077 6.078077 4.122066 4.122066
0.609401 0.266826 0.121801 0.829306 0.303950 6.078077 6.078077 4.805985 4.805985
0.767560 0.149586 0.034929 0.526204 0.984973 6.078077 6.078077 4.888142 4.888142
