# gen=0 mediating population
# x0..x(D-1) f0 f1 consensus
0.842631 0.608174 0.297113 0.775632 0.842771 0.526529 0.604877 0.312262 0.531787 0.049360 3.410097 0.106483 0.106483
0.657766 0.996072 0.366695 0.629633 0.674844 0.777122 0.031777 0.142102 0.676555 0.516104 3.410097 0.446226 0.446226
0.832293 0.528267 0.375638 0.613255 0.717236 0.928935 0.052970 0.591883 0.033803 0.035925 3.410097 1.990669 1.990669
0.938302 0.808842 0.672272 0.693904 0.145881 0.190391 0.531529 0.951616 0.955557 0.623517 2.600813 0.004166 0.004166
0.891095 0.886388 0.641287 0.982755 0.039909 0.449166 0.336374 0.754921 0.743377 0.510030 2.600813 0.004166 0.004166
0.662990 0.482621 0.954193 0.920788 0.025338 0.671587 0.653383 0.474459 0.730766 0.781337 2.600813 1.160086 1.160086
0.633368 0.834794 0.472543 0.445775 0.186888 0.132703 0.596634 0.372978 0.211143 0.189248 2.600813 0.004166 0.004166
0.616409 0.506360 0.992149 0.372489 0.101655 0.165494 0.577712 0.833016 0.427913 0.667142 2.600813 1.160086 1.160086
0.110227 0.181785 0.679329 0.637402 0.930174 0.521045 0.914310 0.017772 0.473087 0.792227 0.697241 2.235090 0.697241
0.103676 0.138096 0.890088 0.874561 0.430627 0.707722 0.384500 0.001798 0.063874 0.909918 0.008031 2.235090 0.008031
0.384766 0.082693 0.757258 0.392197 0.410388 0.540255 0.188324 0.151543 0.338227 0.305385 0.008031 2.235090 0.008031
0.409982 0.262644 0.857235 0.298204 0.516241 0.161798 0.536937 0.687936 0.336271 0.392967 0.416912 2.235090 0.416912
0.447813 0.026101 0.973756 0.825412 0.730514 0.086933 0.548794 0.250930 0.749185 0.254730 0.697241 2.235090 0.697241
0.497162 0.274507 0.589892 0.777625 0.664677 0.534468 0.418720 0.223030 0.639685 0.605670 0.697241 2.235090 0.697241
0.053410 0.313204 0.697681 0.954163 0.316202 0.777560 0.833592 0.953111 0.815737 0.945528 0.008031 2.235090 0.008031
0.544056 0.486352 0.409779 0.758230 0.821153 0.396204 0.604922 0.686543 0.587264 0.106349 0.697241 1.990669 0.697241
0.476429 0.394980 0.488221 0.706517 0.886473 0.523787 0.759594 0.165017 0.502437 0.420794 0.697241 0.120404 0.120404
0.473153 0.373135 0.593601 0.825096 0.636699 0.617126 0.494688 0.157030 0.297831 0.479639 0.697241 0.613459 0.613459
0.613698 0.345434 0.527185 0.583915 0.626580 0.533392 0.396601 0.231903 0.435007 0.177372 0.657539 1.990669 0.657539
0.626307 0.435409 0.577174 0.536918 0.679506 0.344164 0.570907 0.500099 0.434029 0.221163 0.162452 1.990669 0.162452
0.645222 0.317138 0.635435 0.800522 0.786643 0.306731 0.576836 0.281596 0.640486 0.152045 0.922223 1.990669 0.922223
0.669897 0.441340 0.443503 0.776628 0.753724 0.530499 0.511798 0.267646 0.585736 0.327515 3.410097 1.990669 1.990669
0.448020 0.460689 0.497397 0.864898 0.579487 0.652044 0.719234 0.632687 0.673762 0.497444 0.697241 0.613459 0.613459
0.693344 0.547263 0.353446 0.766931 0.831962 0.461367 0.604899 0.499403 0.559526 0.077855 3.410097 1.990669 1.990669
0.383996 0.588928 0.523012 0.633517 0.802509 0.649083 0.473044 0.079937 0.574821 0.654166 0.405464 0.120404 0.120404
0.380721 0.567084 0.628392 0.752097 0.552735 0.742422 0.208138 0.071950 0.370215 0.713011 0.405464 0.613459 0.405464
0.521266 0.539383 0.561976 0.510915 0.542616 0.658688 0.110050 0.146822 0.507391 0.410744 0.405464 1.990669 0.405464
0.533874 0.629358 0.611965 0.463918 0.595543 0.469460 0.284357 0.415019 0.506413 0.454535 0.405464 0.004166 0.004166
0.552789 0.511086 0.670226 0.727523 0.702679 0.432027 0.290285 0.196516 0.712870 0.385417 0.405464 1.990669 0.405464
0.577464 0.635289 0.478294 0.703629 0.669760 0.655795 0.225248 0.182566 0.658120 0.560887 0.405464 0.004166 0.004166
0.355588 0.654638 0.532188 0.791898 0.495523 0.777341 0.432684 0.547607 0.746146 0.730816 0.405464 0.613459 0.405464
0.600911 0.741212 0.388237 0.693932 0.747998 0.586663 0.318349 0.414322 0.631910 0.311227 3.410097 0.004166 0.004166
0.471260 0.355026 0.527484 0.625329 0.823705 0.724990 0.483640 0.304827 0.253445 0.414076 0.697241 0.120404 0.120404
0.467984 0.333181 0.632863 0.743908 0.573931 0.818329 0.218735 0.296841 0.048839 0.472921 0.697241 2.235090 0.697241
0.608529 0.305480 0.566448 0.502726 0.563812 0.734595 0.120647 0.371713 0.186015 0.170655 0.657539 1.990669 0.657539
0.621138 0.395456 0.616436 0.455730 0.616739 0.545367 0.294954 0.639910 0.185037 0.214446 0.922223 1.990669 0.922223
0.640053 0.277184 0.674697 0.719334 0.723875 0.507934 0.300882 0.421406 0.391494 0.145328 0.922223 1.990669 0.922223
0.664727 0.401387 0.482765 0.695440 0.690956 0.731702 0.235845 0.407456 0.336744 0.320797 0.657539 1.990669 0.657539
0.442851 0.420736 0.536659 0.783709 0.516719 0.853247 0.443281 0.772497 0.424770 0.490726 0.008031 0.613459 0.008031
0.688174 0.507309 0.392709 0.685743 0.769194 0.662569 0.328946 0.639213 0.310534 0.071137 3.410097 1.990669 1.990669
0.524264 0.495313 0.675801 0.665653 0.538027 0.355718 0.722920 0.484694 0.714322 0.707872 0.697241 1.990669 0.697241
0.520989 0.473469 0.781180 0.784232 0.288254 0.449057 0.458014 0.476707 0.509716 0.766718 0.008031 1.160086 0.008031
0.661534 0.445768 0.714765 0.543050 0.278134 0.365323 0.359927 0.551579 0.646892 0.464451 0.162452 1.160086 0.162452
0.674142 0.535743 0.764753 0.496054 0.331061 0.176095 0.534233 0.819776 0.645914 0.508242 0.162452 1.160086 0.162452
0.693057 0.417472 0.823014 0.759658 0.438198 0.138662 0.540162 0.601273 0.852371 0.439124 0.922223 1.160086 0.922223
0.717732 0.541674 0.631082 0.735764 0.405279 0.362430 0.475124 0.587323 0.797621 0.614594 0.162452 1.160086 0.162452
0.495856 0.561023 0.684976 0.824033 0.231042 0.483975 0.682561 0.952364 0.885647 0.784523 0.131005 0.613459 0.131005
0.741179 0.647597 0.541025 0.726067 0.483517 0.293297 0.568225 0.819079 0.771411 0.364933 0.162452 0.004166 0.004166
0.500661 0.534087 0.660308 0.810079 0.485042 0.485105 0.625342 0.386346 0.608232 0.651129 0.131005 0.613459 0.131005
0.497385 0.512242 0.765688 0.928658 0.235268 0.578444 0.360437 0.378360 0.403626 0.709974 0.131005 0.613459 0.131005
0.637930 0.484541 0.699272 0.687476 0.225149 0.494710 0.262349 0.453232 0.540802 0.407707 2.600813 1.160086 1.160086
0.650539 0.574516 0.749261 0.640480 0.278075 0.305482 0.436655 0.721429 0.539824 0.451498 0.162452 1.160086 0.162452
0.669454 0.456245 0.807521 0.904084 0.385212 0.268049 0.442584 0.502925 0.746281 0.382380 0.162452 1.160086 0.162452
0.694129 0.580448 0.615590 0.880190 0.352293 0.491817 0.377547 0.488975 0.691531 0.557850 0.162452 1.160086 0.162452
0.472252 0.599796 0.669484 0.968459 0.178056 0.613363 0.584983 0.854016 0.779557 0.727779 0.131005 0.613459 0.131005
0.717575 0.686370 0.525533 0.870493 0.430531 0.422685 0.470648 0.720732 0.665321 0.308190 0.162452 0.004166 0.004166
0.386608 0.332203 0.816761 0.779095 0.477756 0.596316 0.783847 0.246116 0.601927 0.786782 0.008031 2.235090 0.008031
0.383333 0.310358 0.922141 0.897674 0.227983 0.689655 0.518941 0.238129 0.397320 0.845627 0.008031 0.585390 0.008031
0.523878 0.282657 0.855726 0.656492 0.217863 0.605921 0.420854 0.313001 0.534497 0.543361 0.008031 1.160086 0.008031
0.536486 0.372633 0.905714 0.609496 0.270790 0.416693 0.595160 0.581198 0.533519 0.587152 0.008031 1.160086 0.008031
0.555401 0.254361 0.963975 0.873100 0.377926 0.379260 0.601089 0.362695 0.739976 0.518034 0.008031 1.160086 0.008031
0.580076 0.378564 0.772043 0.849206 0.345007 0.603028 0.536051 0.348745 0.685226 0.693503 0.008031 1.160086 0.008031
0.358200 0.397913 0.825937 0.937475 0.170770 0.724573 0.743488 0.713785 0.773252 0.863432 0.008031 0.613459 0.008031
0.603523 0.484486 0.681986 0.839509 0.423246 0.533896 0.629152 0.580501 0.659015 0.443843 0.162452 1.160086 0.162452
0.371798 0.508289 0.575936 0.541588 0.558531 0.326874 0.755472 0.195375 0.342115 0.490738 0.405464 0.613459 0.405464
0.368522 0.486445 0.681316 0.660168 0.308757 0.420213 0.490567 0.187388 0.137509 0.549583 0.008031 0.613459 0.008031
0.509067 0.458744 0.614900 0.418986 0.298638 0.336479 0.392479 0.262260 0.274685 0.247317 0.008031 1.160086 0.008031
0.521675 0.548719 0.664889 0.371989 0.351565 0.147251 0.566786 0.530457 0.273707 0.291108 0.131005 1.160086 0.131005
0.540591 0.430448 0.723149 0.635594 0.458701 0.109818 0.572714 0.311954 0.480164 0.221989 0.008031 1.160086 0.008031
0.565265 0.554650 0.531217 0.611700 0.425782 0.333586 0.507677 0.298004 0.425414 0.397459 0.131005 1.160086 0.131005
0.343389 0.573999 0.585112 0.699969 0.251545 0.455131 0.715113 0.663045 0.513440 0.567388 0.131005 0.613459 0.131005
0.588712 0.660573 0.441161 0.602003 0.504020 0.264453 0.600778 0.529760 0.399203 0.147799 0.405464 0.004166 0.004166
0.363318 0.344073 0.835739 0.504946 0.515915 0.343270 0.746011 0.425394 0.450500 0.729685 0.008031 0.613459 0.008031
0.360042 0.322228 0.941119 0.623525 0.266141 0.436608 0.481106 0.417407 0.245894 0.788530 0.008031 0.585390 0.008031
0.500587 0.294527 0.874704 0.382343 0.256022 0.352875 0.383018 0.492279 0.383070 0.486264 0.008031 0.585390 0.008031
0.513196 0.384502 0.924692 0.335347 0.308948 0.163646 0.557325 0.760476 0.382092 0.530055 0.416912 0.416950 0.416912
0.532111 0.266231 0.982953 0.598951 0.416085 0.126214 0.563253 0.541973 0.588549 0.460936 0.008031 1.160086 0.008031
0.556786 0.390433 0.791021 0.575057 0.383166 0.349981 0.498216 0.528023 0.533799 0.636406 0.008031 1.160086 0.008031
0.334910 0.409782 0.844915 0.663326 0.208929 0.471527 0.705652 0.893064 0.621825 0.806335 0.008031 0.613459 0.008031
0.580233 0.496356 0.700964 0.565360 0.461404 0.280849 0.591317 0.759779 0.507589 0.386746 0.008031 1.160086 0.008031
0.360836 0.144310 0.654539 0.857700 0.481699 0.555407 0.146689 0.763206 0.475892 0.092439 0.008031 2.235090 0.008031
0.577731 0.667548 0.616929 0.178625 0.192167 0.561920 0.540135 0.922073 0.521787 0.979696 0.131005 0.008995 0.008995
0.663257 0.764647 0.780584 0.208723 0.479803 0.782475 0.185309 0.420884 0.141465 0.261921 0.021798 0.008995 0.008995
0.078925 0.741341 0.942363 0.392819 0.052436 0.246213 0.549198 0.742429 0.939515 0.088988 0.131005 0.274093 0.131005
0.170090 0.474358 0.335728 0.446040 0.675030 0.578493 0.146018 0.383116 0.370916 0.774133 0.697241 0.443427 0.443427
0.020743 0.091919 0.797516 0.147716 0.419255 0.203114 0.180325 0.168339 0.902760 0.211513 0.416912 0.995031 0.416912
0.925480 0.516356 0.776020 0.231892 0.148986 0.122309 0.729270 0.563263 0.184226 0.179943 0.021798 0.416950 0.021798
0.718450 0.064552 0.495207 0.487908 0.122755 0.112036 0.986593 0.833227 0.685468 0.178574 0.657539 1.160086 0.657539
0.385654 0.954201 0.842582 0.744934 0.051301 0.750202 0.838071 0.432768 0.686707 0.680465 0.131005 0.613459 0.131005
0.637772 0.474835 0.025592 0.493006 0.087552 0.643064 0.170633 0.568502 0.295466 0.913153 0.902240 0.175323 0.175323
0.980980 0.613369 0.890150 0.543021 0.316875 0.733807 0.548950 0.425502 0.972038 0.591012 0.162452 1.160086 0.162452
0.088753 0.248792 0.248574 0.967941 0.021653 0.965477 0.349535 0.702426 0.687612 0.092667 0.436094 0.435159 0.435159
0.093775 0.132714 0.896682 0.048951 0.557986 0.748981 0.944562 0.287732 0.803525 0.817583 0.416912 0.995031 0.416912
0.610947 0.533471 0.747996 0.301379 0.241733 0.273617 0.034625 0.308431 0.661106 0.948950 2.600813 0.416950 0.416950
0.840464 0.908925 0.905527 0.445285 0.934997 0.278588 0.616890 0.423665 0.784411 0.601033 0.162452 0.604788 0.162452
0.380837 0.636007 0.052800 0.944899 0.290579 0.550871 0.553765 0.281996 0.706244 0.935113 0.932411 1.232725 0.932411
0.470649 0.913793 0.974325 0.551215 0.749219 0.269485 0.628871 0.477144 0.225193 0.185330 0.405464 0.120404 0.120404
0.439142 0.088807 0.577522 0.423513 0.651735 0.627552 0.829172 0.342736 0.721078 0.690867 0.697241 0.435159 0.435159
0.344458 0.286942 0.617691 0.576970 0.930058 0.278461 0.866063 0.335697 0.890581 0.479507 0.697241 2.235090 0.697241
0.852636 0.569358 0.850760 0.084727 0.558418 0.601278 0.772745 0.162239 0.565792 0.001678 0.021798 0.416950 0.021798
0.955018 0.737698 0.038288 0.430785 0.121054 0.900994 0.779740 0.345969 0.356801 0.334702 0.902240 0.380028 0.380028
0.034519 0.879469 0.801283 0.434060 0.599335 0.765450 0.593635 0.257465 0.150922 0.694042 0.405464 0.613459 0.405464
0.229512 0.874033 0.586075 0.821615 0.170811 0.451460 0.864836 0.018841 0.536621 0.136862 0.131005 0.613459 0.131005
0.041979 0.743774 0.570171 0.530004 0.497948 0.262291 0.608776 0.178402 0.888822 0.905193 0.405464 0.613459 0.405464
0.325660 0.126319 0.448530 0.756084 0.608435 0.206390 0.018685 0.033330 0.153425 0.660019 0.697241 0.435159 0.435159
0.064949 0.315302 0.235886 0.209794 0.807641 0.185781 0.171366 0.931506 0.650029 0.532858 0.930527 0.448043 0.448043
0.539158 0.662127 0.911858 0.906064 0.349570 0.278769 0.426652 0.470630 0.707622 0.608255 0.131005 0.004166 0.004166
0.476065 0.871376 0.038048 0.339339 0.914842 0.542606 0.128376 0.505637 0.326150 0.895581 0.002099 0.443427 0.002099
0.092672 0.768809 0.126056 0.377748 0.099226 0.261443 0.895055 0.368968 0.580748 0.559792 0.932411 0.443427 0.443427
0.535022 0.986921 0.898099 0.340684 0.996261 0.450654 0.855647 0.774357 0.398624 0.580983 0.405464 0.604788 0.405464
0.316011 0.364270 0.203062 0.984367 0.137451 0.375878 0.144419 0.045477 0.954093 0.876479 0.436094 1.232725 0.436094
0.605647 0.576660 0.385435 0.878053 0.897176 0.221638 0.278701 0.339248 0.315547 0.550948 3.410097 1.990669 1.990669
0.313300 0.333543 0.111678 0.107818 0.088196 0.230438 0.028855 0.145341 0.969303 0.372891 0.930527 0.448043 0.448043
0.539254 0.079052 0.427107 0.615180 0.267713 0.410758 0.319454 0.620847 0.276398 0.887515 0.008031 1.160086 0.008031
0.965415 0.893427 0.049985 0.698437 0.644555 0.046905 0.367486 0.174557 0.571349 0.424570 3.410097 0.446226 0.446226
0.161614 0.985264 0.630443 0.358374 0.947929 0.609800 0.986002 0.031808 0.589852 0.909919 0.405464 0.274093 0.274093
0.236609 0.476923 0.976826 0.419451 0.424492 0.184977 0.159570 0.413863 0.097169 0.479435 0.008031 0.613459 0.008031
0.107887 0.943620 0.813806 0.463840 0.398932 0.277792 0.893414 0.806187 0.692971 0.291322 0.131005 0.613459 0.131005
0.902601 0.955209 0.178043 0.425702 0.439078 0.016870 0.133746 0.790631 0.172085 0.626907 0.902240 0.380028 0.380028
0.670874 0.023135 0.554481 0.598032 0.020614 0.254094 0.111265 0.707321 0.217464 0.115440 0.657539 1.160086 0.657539
0.774197 0.744839 0.836769 0.543627 0.539888 0.830388 0.461056 0.693804 0.203224 0.073106 0.162452 0.004166 0.004166
0.686861 0.454020 0.058200 0.616852 0.217368 0.668017 0.364417 0.824109 0.411793 0.453957 0.036039 0.175323 0.036039
0.810093 0.206061 0.388569 0.831066 0.107617 0.950581 0.822458 0.622014 0.980999 0.985896 0.657539 1.160086 0.657539
0.703870 0.165899 0.033507 0.661696 0.548360 0.706694 0.969843 0.401281 0.767670 0.955707 0.657539 0.175323 0.175323
0.620508 0.278328 0.564908 0.038977 0.141078 0.861729 0.546331 0.396044 0.163286 0.282460 0.082181 0.416950 0.082181
0.764101 0.937817 0.174830 0.250887 0.405826 0.663074 0.927037 0.443139 0.570272 0.827587 0.902240 0.476862 0.476862
0.911399 0.990646 0.527569 0.150695 0.209891 0.459356 0.139217 0.143441 0.648430 0.269793 0.021798 0.008995 0.008995
0.780240 0.226626 0.262015 0.661136 0.402684 0.071011 0.183343 0.160664 0.663181 0.479397 0.657539 0.175323 0.175323
0.112967 0.876353 0.725927 0.091481 0.169201 0.138630 0.666314 0.265336 0.324114 0.212164 0.187405 0.274093 0.187405
0.623014 0.601539 0.024847 0.547267 0.670253 0.803971 0.652600 0.604436 0.362777 0.261307 0.902240 0.175323 0.175323
0.668899 0.434789 0.857807 0.387473 0.293219 0.052575 0.674537 0.616713 0.483190 0.295781 0.162452 1.160086 0.162452
0.666136 0.939354 0.609457 0.530657 0.265686 0.840318 0.171696 0.970135 0.535293 0.400090 0.162452 0.004166 0.004166
0.377553 0.770274 0.505506 0.838673 0.332994 0.939525 0.444401 0.543629 0.979427 0.728974 0.131005 0.613459 0.131005
0.890229 0.950337 0.073729 0.072962 0.684374 0.203982 0.815382 0.342166 0.263884 0.468792 0.902240 0.476862 0.476862
0.225858 0.281963 0.656593 0.735850 0.754751 0.451103 0.704728 0.751415 0.348085 0.119264 0.697241 2.235090 0.697241
0.060062 0.195845 0.085302 0.025442 0.321684 0.993713 0.810610 0.324722 0.039147 0.525822 0.930527 0.448043 0.448043
0.600560 0.603183 0.025716 0.135371 0.773378 0.517396 0.643413 0.300184 0.625564 0.672244 0.902240 0.175323 0.175323
0.758999 0.520650 0.046983 0.454498 0.958219 0.181649 0.132027 0.961654 0.760975 0.798659 0.902240 0.175323 0.175323
0.676860 0.057963 0.519689 0.169653 0.040179 0.863970 0.487710 0.771953 0.486310 0.813855 0.082181 0.416950 0.082181
0.461341 0.016943 0.660717 0.029214 0.055277 0.670672 0.612469 0.059814 0.692538 0.480536 0.416912 0.995031 0.416912
0.887329 0.554591 0.266364 0.549371 0.655750 0.181138 0.631962 0.861729 0.351653 0.207767 0.902240 0.175323 0.175323
0.785450 0.641029 0.066572 0.935517 0.022205 0.590551 0.661309 0.321435 0.337115 0.185880 0.036039 0.380028 0.036039
0.098770 0.857528 0.511622 0.017235 0.518682 0.658339 0.948013 0.691574 0.534319 0.840500 0.187405 0.274093 0.187405
0.797938 0.274276 0.593240 0.413333 0.396571 0.895070 0.073473 0.257705 0.550982 0.578073 0.922223 1.160086 0.922223
0.257031 0.964473 0.142270 0.288977 0.013086 0.645800 0.697365 0.529024 0.534943 0.685332 0.932411 0.443427 0.443427
0.790726 0.806903 0.108535 0.860721 0.365369 0.762447 0.595102 0.138591 0.754702 0.711064 3.410097 0.380028 0.380028
0.279032 0.915796 0.704262 0.778493 0.967336 0.761400 0.131796 0.731446 0.875150 0.859671 0.405464 0.120404 0.120404
0.578558 0.489009 0.947962 0.427512 0.347649 0.361470 0.151987 0.292911 0.802019 0.340062 0.008031 1.160086 0.008031
0.951356 0.185561 0.187751 0.797937 0.852604 0.544107 0.074230 0.011149 0.969632 0.311247 0.657539 0.106483 0.106483
0.896368 0.242579 0.701825 0.410273 0.874526 0.666267 0.005373 0.828101 0.510587 0.715474 0.922223 1.990669 0.922223
0.954047 0.432463 0.405682 0.438096 0.045329 0.460221 0.497758 0.147457 0.769778 0.262364 0.902240 1.160086 0.902240
0.493312 0.127242 0.019538 0.498095 0.936092 0.217281 0.618583 0.112175 0.909817 0.038955 0.436094 0.435159 0.435159
0.649939 0.772187 0.048510 0.825808 0.786112 0.634196 0.617995 0.684519 0.382528 0.660058 3.410097 0.446226 0.446226
0.722903 0.869145 0.559469 0.398351 0.382022 0.159766 0.628305 0.497768 0.089930 0.908932 0.162452 0.004166 0.004166
0.614529 0.618801 0.363524 0.239255 0.677736 0.745064 0.783950 0.925292 0.613113 0.643852 0.902240 0.416950 0.416950
0.065679 0.212215 0.005562 0.213515 0.458345 0.102705 0.859158 0.654675 0.985344 0.255298 0.930527 0.448043 0.448043
0.539376 0.900260 0.975884 0.538298 0.046333 0.115448 0.357361 0.146446 0.296582 0.968283 0.131005 0.004166 0.004166
0.771715 0.726201 0.318681 0.843547 0.326666 0.383977 0.054134 0.958763 0.131551 0.669922 3.410097 0.380028 0.380028
0.540014 0.750225 0.437470 0.104281 0.451589 0.603892 0.755765 0.107102 0.647783 0.641327 0.187405 0.008995 0.008995
0.582954 0.540398 0.274461 0.699238 0.120986 0.033963 0.001297 0.213221 0.942258 0.979662 0.932411 0.175323 0.175323
0.801818 0.138612 0.249312 0.829200 0.540434 0.975018 0.520519 0.929672 0.037493 0.524545 0.657539 0.106483 0.106483
0.543699 0.680628 0.681042 0.449739 0.045510 0.113759 0.246243 0.507315 0.503407 0.646471 0.131005 0.004166 0.004166
0.708010 0.646368 0.557087 0.712509 0.977843 0.111599 0.490509 0.848122 0.778566 0.698011 0.162452 0.604788 0.162452
0.172419 0.757161 0.782675 0.313497 0.077134 0.152596 0.908103 0.637717 0.256262 0.554192 0.131005 0.274093 0.131005
0.730870 0.051381 0.281975 0.558480 0.361195 0.782216 0.126668 0.371900 0.317473 0.629254 0.657539 0.175323 0.175323
0.157997 0.358304 0.037388 0.610854 0.683633 0.574576 0.063132 0.491462 0.500298 0.101788 0.436094 1.232725 0.436094
0.394425 0.854621 0.946162 0.486683 0.232268 0.037100 0.589622 0.159090 0.976652 0.175262 0.131005 0.613459 0.131005
0.124790 0.478786 0.314033 0.866136 0.984156 0.151135 0.160367 0.630200 0.997297 0.461511 0.697241 0.363844 0.363844
0.115842 0.858313 0.139784 0.276439 0.208045 0.949323 0.795612 0.041412 0.137321 0.843916 0.932411 0.443427 0.443427
0.762140 0.577113 0.282128 0.469218 0.781353 0.733362 0.236256 0.803133 0.656086 0.841201 0.902240 0.175323 0.175323
0.944551 0.869885 0.260768 0.900487 0.738074 0.030589 0.701964 0.335023 0.459447 0.991205 3.410097 0.446226 0.446226
0.833479 0.113020 0.058704 0.552712 0.269250 0.939873 0.924028 0.831687 0.478602 0.484270 0.657539 0.175323 0.175323
0.358950 0.287084 0.576243 0.893261 0.062823 0.375157 0.702932 0.871399 0.004159 0.419407 0.008031 0.435159 0.008031
0.887267 0.851624 0.715444 0.275306 0.016564 0.813176 0.249719 0.720685 0.078853 0.566161 2.600813 0.004166 0.004166
0.931822 0.443234 0.297531 0.035530 0.295758 0.192277 0.243539 0.846461 0.235865 0.582829 0.902240 0.175323 0.175323
0.479166 0.471334 0.588650 0.045295 0.122430 0.070291 0.519647 0.428611 0.688139 0.528968 0.416912 0.274093 0.274093
0.578004 0.782597 0.840352 0.592426 0.857677 0.467922 0.800645 0.081958 0.418072 0.538288 0.405464 0.604788 0.405464
0.124259 0.108153 0.330888 0.656804 0.053269 0.060568 0.018437 0.777866 0.010697 0.452571 0.008031 0.435159 0.008031
0.645110 0.616285 0.225955 0.790612 0.372499 0.150223 0.136924 0.168569 0.243156 0.830940 3.410097 0.106483 0.106483
0.808546 0.233249 0.871840 0.677550 0.233699 0.265906 0.362511 0.370656 0.221312 0.244074 1.039207 1.160086 1.039207
0.145822 0.625778 0.118959 0.503902 0.242649 0.796611 0.689539 0.796913 0.293925 0.470307 0.932411 1.232725 0.932411
0.694927 0.669282 0.678835 0.893754 0.314755 0.015567 0.489533 0.536375 0.058001 0.764234 0.162452 0.004166 0.004166
0.264152 0.841620 0.558423 0.620332 0.480866 0.044148 0.835370 0.309243 0.142880 0.388573 0.131005 0.613459 0.131005
0.251298 0.491868 0.946949 0.017927 0.469343 0.628450 0.216997 0.331164 0.419150 0.268699 0.416912 0.274093 0.274093
0.734178 0.869128 0.457865 0.692637 0.413049 0.277503 0.694706 0.706640 0.935530 0.222974 3.410097 0.004166 0.004166
0.978846 0.726263 0.436076 0.127926 0.551824 0.751922 0.278492 0.276138 0.322973 0.608086 0.902240 0.008995 0.008995
0.846767 0.758167 0.336465 0.242958 0.091890 0.497679 0.597965 0.169621 0.059213 0.640073 0.902240 0.476862 0.476862
0.759069 0.427977 0.969582 0.582561 0.189864 0.141488 0.763941 0.100691 0.598354 0.564864 2.600813 1.160086 1.160086
0.974374 0.336786 0.540765 0.582853 0.900167 0.087389 0.252486 0.686781 0.660423 0.743058 0.657539 1.990669 0.657539
0.755360 0.968089 0.244544 0.302817 0.562756 0.881748 0.573532 0.197029 0.545257 0.516997 0.902240 0.446226 0.446226
0.597268 0.800422 0.023173 0.465788 0.438150 0.380567 0.368016 0.482180 0.977733 0.633561 0.902240 0.380028 0.380028
0.213996 0.415885 0.630678 0.886098 0.876485 0.035937 0.643400 0.554680 0.892833 0.894349 0.697241 0.120404 0.120404
0.789949 0.351701 0.710018 0.742368 0.841251 0.664647 0.737285 0.523144 0.752104 0.895325 0.922223 1.990669 0.922223
0.560450 0.813883 0.897744 0.069476 0.061528 0.981087 0.473140 0.419485 0.740241 0.253988 0.187405 0.008995 0.008995
0.081982 0.058067 0.974921 0.704603 0.062282 0.927248 0.201375 0.305186 0.482627 0.463673 0.008031 0.585390 0.008031
0.782687 0.337407 0.209749 0.322868 0.285193 0.198008 0.392595 0.365944 0.084095 0.025463 0.082181 0.175323 0.082181
0.796586 0.423366 0.339200 0.434447 0.360299 0.571729 0.133700 0.598147 0.495010 0.797202 0.657539 1.160086 0.657539
0.805524 0.898154 0.598807 0.447786 0.215262 0.871272 0.989297 0.500272 0.671705 0.667699 2.600813 0.004166 0.004166
0.878508 0.871518 0.442795 0.478443 0.601487 0.940438 0.694756 0.250922 0.515809 0.974238 0.902240 0.004166 0.004166
0.864145 0.468082 0.650763 0.009939 0.388023 0.182164 0.222515 0.377104 0.472092 0.816541 0.021798 0.416950 0.021798
0.690489 0.758666 0.969420 0.624970 0.138210 0.537329 0.286522 0.854773 0.894994 0.852688 2.600813 0.004166 0.004166
0.923575 0.656373 0.290644 0.679304 0.900367 0.984905 0.246122 0.382352 0.201083 0.075831 3.410097 0.446226 0.446226
0.803010 0.566232 0.604954 0.150419 0.030716 0.478575 0.997821 0.686896 0.530350 0.883762 0.021798 0.416950 0.021798
0.947581 0.475450 0.705764 0.817579 0.558416 0.494047 0.552719 0.370404 0.626130 0.214364 0.162452 1.990669 0.162452
0.450722 0.195084 0.962970 0.080105 0.849828 0.310949 0.818957 0.545476 0.505574 0.229528 0.416912 0.995031 0.416912
0.062524 0.279825 0.214836 0.215214 0.353718 0.413134 0.789047 0.419775 0.179955 0.248992 0.930527 0.448043 0.448043
0.738462 0.397334 0.489190 0.104271 0.074544 0.303056 0.049701 0.453340 0.888172 0.450712 0.082181 0.416950 0.082181
0.930750 0.434449 0.693205 0.566369 0.074714 0.803703 0.729812 0.860711 0.270386 0.028627 2.600813 1.160086 1.160086
0.325326 0.350249 0.639191 0.372493 0.110337 0.322685 0.470359 0.320374 0.359448 0.474282 0.008031 0.274093 0.008031
0.884106 0.625971 0.152620 0.113762 0.328325 0.153948 0.190504 0.121717 0.196754 0.428464 0.902240 0.476862 0.476862
0.391167 0.822144 0.184217 0.730809 0.587916 0.386464 0.071535 0.498496 0.273737 0.390049 0.932411 1.232725 0.932411
0.059757 0.138191 0.311106 0.923420 0.567242 0.932751 0.252378 0.612475 0.775005 0.799245 0.697241 0.435159 0.435159
0.725160 0.634115 0.962906 0.585603 0.398571 0.785707 0.194360 0.816848 0.246449 0.097827 0.162452 0.004166 0.004166
0.819393 0.561797 0.627933 0.517453 0.827002 0.809248 0.766819 0.698160 0.317204 0.565365 0.162452 1.990669 0.162452
0.201019 0.823059 0.390771 0.171273 0.717810 0.958491 0.410281 0.681540 0.938187 0.512803 0.677903 0.443427 0.443427
0.663455 0.786025 0.754149 0.768901 0.576707 0.475023 0.379108 0.422501 0.190465 0.133363 0.162452 0.004166 0.004166
0.322107 0.815224 0.038920 0.121407 0.816336 0.266529 0.894429 0.507564 0.712725 0.346087 0.677903 0.443427 0.443427
0.342203 0.305963 0.617477 0.340882 0.323343 0.706878 0.602376 0.041020 0.335544 0.045158 0.008031 2.235090 0.008031
0.439907 0.799226 0.452964 0.571997 0.387838 0.539157 0.436443 0.210712 0.650877 0.823991 0.131005 1.232725 0.131005
0.085750 0.312545 0.336151 0.962209 0.394174 0.685533 0.235823 0.328750 0.900264 0.511113 0.008031 0.435159 0.008031
0.601108 0.701382 0.790793 0.255274 0.990401 0.397354 0.752351 0.710858 0.877490 0.818224 0.021798 0.604788 0.021798
0.199737 0.368891 0.897835 0.896823 0.810622 0.612264 0.671767 0.849534 0.763957 0.914775 0.697241 0.120404 0.120404
0.474363 0.630031 0.289380 0.009809 0.152246 0.989801 0.118422 0.807958 0.091532 0.359866 0.677903 0.443427 0.443427
0.934614 0.898126 0.661233 0.767714 0.299907 0.246469 0.622394 0.905122 0.411719 0.776111 0.162452 0.004166 0.004166
0.032745 0.537806 0.277424 0.652517 0.544573 0.239817 0.970268 0.248623 0.223317 0.770818 0.932411 1.232725 0.932411
0.815956 0.687891 0.544708 0.686673 0.587042 0.430507 0.216714 0.312048 0.257262 0.979057 0.162452 0.004166 0.004166
0.071618 0.181431 0.834083 0.480611 0.845527 0.448382 0.931009 0.699373 0.099663 0.105534 0.697241 2.235090 0.697241
0.831108 0.265984 0.058300 0.365861 0.405237 0.490557 0.690197 0.125758 0.365636 0.445177 0.657539 0.175323 0.175323
0.926089 0.353165 0.857555 0.120771 0.230330 0.450957 0.797578 0.913463 0.135570 0.026085 0.465597 0.416950 0.416950
0.749030 0.681504 0.692670 0.465030 0.564763 0.313961 0.766841 0.938005 0.154253 0.245504 0.162452 0.004166 0.004166
0.584511 0.921905 0.903624 0.573450 0.995995 0.533067 0.150848 0.742686 0.260742 0.198766 0.405464 0.604788 0.405464
0.830286 0.449620 0.819312 0.328392 0.941415 0.255175 0.664915 0.674384 0.836558 0.360329 0.162452 0.416950 0.162452
0.960963 0.461379 0.712592 0.461230 0.579041 0.484410 0.962566 0.042523 0.510161 0.783956 0.162452 1.990669 0.162452
0.794805 0.908729 0.447578 0.258569 0.810366 0.050862 0.274191 0.518964 0.706835 0.316497 0.902240 0.604788 0.604788
0.550324 0.083047 0.521577 0.097787 0.078451 0.391708 0.682838 0.278235 0.635851 0.229655 0.416912 0.416950 0.416912
0.140811 0.720498 0.778486 0.704428 0.050969 0.994822 0.440245 0.390821 0.585514 0.724340 0.131005 0.613459 0.131005
0.179665 0.503739 0.374148 0.964834 0.307083 0.945743 0.489758 0.233039 0.192884 0.810193 0.008031 1.232725 0.008031
0.503946 0.066322 0.856571 0.907981 0.894442 0.272570 0.906995 0.106860 0.179981 0.805912 0.697241 1.990669 0.697241
0.812652 0.737537 0.273960 0.204219 0.929305 0.114572 0.729953 0.722723 0.008897 0.834158 0.902240 0.476862 0.476862
0.295354 0.672830 0.770811 0.604085 0.695355 0.404259 0.021426 0.064369 0.346555 0.242543 0.405464 0.613459 0.405464
0.266157 0.736125 0.888882 0.844303 0.395907 0.218146 0.661846 0.186123 0.152125 0.484279 0.131005 0.613459 0.131005
0.768499 0.854605 0.584388 0.985717 0.344565 0.108975 0.839447 0.555060 0.832659 0.944829 0.162452 0.004166 0.004166
0.771742 0.704049 0.860008 0.275284 0.894392 0.229158 0.561085 0.305951 0.809882 0.366373 0.162452 0.604788 0.162452
0.443795 0.277676 0.996016 0.546233 0.982237 0.769497 0.326208 0.511241 0.385169 0.848138 0.697241 2.235090 0.697241
0.553456 0.989792 0.281522 0.138410 0.950844 0.986420 0.182316 0.068462 0.325857 0.402858 0.677903 0.476862 0.476862
0.879135 0.825822 0.861682 0.803059 0.222300 0.219253 0.963672 0.741200 0.357119 0.327284 2.600813 0.004166 0.004166
0.433884 0.686520 0.135388 0.196587 0.329521 0.244954 0.388533 0.459024 0.521437 0.363432 0.677903 0.443427 0.443427
0.408705 0.635317 0.153408 0.389259 0.496880 0.760956 0.519180 0.342365 0.802753 0.766151 0.932411 0.443427 0.443427
0.550906 0.985717 0.172334 0.736359 0.144865 0.603092 0.377037 0.325174 0.689929 0.323954 0.932411 0.380028 0.380028
0.625579 0.034442 0.327547 0.834110 0.197715 0.673193 0.484457 0.980628 0.751138 0.052357 0.657539 1.160086 0.657539
0.740266 0.436046 0.925159 0.831618 0.627784 0.329611 0.857580 0.235901 0.534751 0.539697 0.162452 1.990669 0.162452
0.874395 0.654257 0.562296 0.402679 0.010100 0.426536 0.741000 0.528138 0.681279 0.213839 2.600813 0.004166 0.004166
0.089806 0.547100 0.411181 0.866628 0.234772 0.905260 0.897423 0.988774 0.847917 0.170137 0.932411 1.232725 0.932411
0.637505 0.650351 0.271811 0.635819 0.415945 0.386674 0.195652 0.856173 0.970737 0.800603 3.410097 0.380028 0.380028
0.582999 0.404267 0.902089 0.973573 0.210272 0.378695 0.917561 0.355382 0.044889 0.682263 0.008031 1.160086 0.008031
0.299439 0.827145 0.020657 0.462919 0.389925 0.959642 0.215847 0.406668 0.808062 0.915397 0.932411 1.232725 0.932411
0.412449 0.803949 0.769785 0.256318 0.414581 0.290989 0.630832 0.450517 0.244306 0.375273 0.131005 0.274093 0.131005
0.005706 0.522613 0.848684 0.994349 0.393909 0.667134 0.887472 0.778874 0.437757 0.825044 0.131005 0.613459 0.131005
0.639071 0.524669 0.164093 0.414573 0.592691 0.391627 0.273004 0.603475 0.901816 0.235811 0.902240 0.175323 0.175323
0.032270 0.328022 0.366929 0.723374 0.956552 0.748866 0.210024 0.969369 0.250394 0.853876 0.697241 0.435159 0.435159
0.627953 0.963097 0.660159 0.845263 0.732794 0.258185 0.918485 0.768286 0.501992 0.202895 0.162452 0.004166 0.004166
0.376979 0.639155 0.745683 0.696927 0.322307 0.086701 0.296821 0.866915 0.721707 0.021688 0.131005 0.613459 0.131005
0.301527 0.649213 0.768327 0.135846 0.740777 0.355075 0.068497 0.384127 0.073854 0.240981 0.187405 0.274093 0.187405
0.891467 0.244940 0.209816 0.728389 0.039948 0.349762 0.150278 0.902344 0.709679 0.911528 0.657539 0.106483 0.106483
0.829038 0.828079 0.747593 0.346558 0.846639 0.627506 0.740336 0.010579 0.458016 0.259454 0.162452 0.604788 0.162452
0.560526 0.470717 0.120930 0.206279 0.695144 0.716661 0.962291 0.449003 0.071474 0.530854 0.930527 0.175323 0.175323
0.834606 0.090152 0.539528 0.067835 0.818644 0.690164 0.321496 0.172881 0.531478 0.752052 0.082181 0.416950 0.082181
0.622001 0.180911 0.671182 0.809175 0.954142 0.285320 0.895386 0.702294 0.975629 0.123344 0.922223 1.990669 0.922223
0.770380 0.650572 0.471116 0.194999 0.182324 0.708685 0.534996 0.050710 0.712063 0.220486 0.021798 0.008995 0.008995
0.753044 0.014197 0.720299 0.328329 0.172013 0.689638 0.575147 0.768327 0.635310 0.497768 0.465597 0.416950 0.416950
0.969187 0.302670 0.540821 0.332102 0.555420 0.571984 0.322853 0.583968 0.403390 0.519912 0.082181 0.416950 0.082181
0.444621 0.880856 0.119425 0.761693 0.762781 0.154320 0.863587 0.915420 0.934621 0.384422 0.002099 1.232725 0.002099
0.502658 0.583109 0.701045 0.387837 0.298475 0.314927 0.140705 0.523342 0.765646 0.785449 0.131005 0.274093 0.131005
0.344911 0.553716 0.664689 0.409400 0.719122 0.474849 0.354311 0.395132 0.331060 0.323747 0.405464 0.613459 0.405464
0.054771 0.099613 0.478938 0.753813 0.845574 0.838571 0.010233 0.533617 0.851645 0.759284 0.697241 0.435159 0.435159
0.800250 0.060714 0.758258 0.971249 0.822516 0.546098 0.487895 0.318190 0.824562 0.800027 0.922223 1.990669 0.922223
0.775717 0.025135 0.697709 0.004479 0.725328 0.047779 0.018811 0.522093 0.137805 0.051272 0.465597 0.416950 0.416950
0.193206 0.873324 0.150381 0.577253 0.315139 0.598427 0.709930 0.692812 0.501120 0.175325 0.932411 1.232725 0.932411
0.476189 0.987683 0.358497 0.312440 0.868621 0.645043 0.216431 0.288533 0.871783 0.167393 0.002099 0.443427 0.002099
0.677388 0.201815 0.128955 0.005328 0.259543 0.273723 0.281379 0.591755 0.501420 0.492820 0.082181 0.175323 0.082181
0.245721 0.413203 0.789272 0.801628 0.417285 0.859298 0.431209 0.347952 0.436167 0.742054 0.008031 0.613459 0.008031
0.154018 0.032194 0.746506 0.193973 0.002984 0.594872 0.579431 0.486201 0.106419 0.636472 0.416912 0.995031 0.416912
0.801013 0.260549 0.704318 0.496387 0.134820 0.565710 0.831603 0.586712 0.217753 0.256208 1.039207 1.160086 1.039207
0.180012 0.861907 0.541155 0.413350 0.613160 0.239412 0.528406 0.411610 0.936168 0.230310 0.405464 0.613459 0.405464
0.749395 0.587008 0.641317 0.972709 0.241587 0.456968 0.196903 0.160773 0.459172 0.323599 2.600813 1.160086 1.160086
0.007935 0.605692 0.815802 0.090160 0.351519 0.036234 0.361088 0.150820 0.304254 0.067650 0.187405 0.274093 0.187405
0.503256 0.378392 0.262692 0.015048 0.628044 0.125034 0.953499 0.274760 0.051733 0.849988 0.930527 0.443427 0.443427
0.781769 0.404102 0.166884 0.959347 0.961037 0.611318 0.539750 0.837015 0.245966 0.336848 0.657539 0.106483 0.106483
0.318854 0.611451 0.161612 0.439433 0.276590 0.481203 0.363421 0.386847 0.707254 0.578388 0.932411 0.443427 0.443427
0.384889 0.042709 0.572374 0.297298 0.417610 0.431232 0.844715 0.407889 0.491900 0.598826 0.416912 0.435159 0.416912
0.326261 0.416935 0.658006 0.990158 0.612561 0.049986 0.135263 0.039993 0.393347 0.635474 0.697241 0.613459 0.613459
0.656177 0.888318 0.830166 0.968592 0.923008 0.055252 0.898703 0.610682 0.486153 0.892008 0.162452 0.604788 0.162452
0.286355 0.312654 0.508604 0.093872 0.024427 0.920618 0.445649 0.077635 0.304955 0.087323 0.416912 0.448043 0.416912
0.479169 0.307903 0.749143 0.541980 0.941039 0.791294 0.575143 0.807876 0.871804 0.334446 0.697241 2.235090 0.697241
0.162426 0.582104 0.803639 0.532318 0.510098 0.143784 0.743879 0.352872 0.924871 0.408180 0.405464 0.613459 0.405464
0.944859 0.213260 0.359457 0.547634 0.204788 0.747673 0.694891 0.578605 0.647366 0.901780 0.657539 1.160086 0.657539
0.333764 0.986903 0.579875 0.514340 0.682915 0.804133 0.903043 0.618703 0.901997 0.058780 0.405464 0.613459 0.405464
0.430279 0.682352 0.550449 0.529447 0.158222 0.418132 0.643928 0.455685 0.979883 0.513367 0.131005 0.613459 0.131005
0.652881 0.945647 0.228897 0.004479 0.711416 0.120123 0.997045 0.756787 0.515955 0.593460 0.902240 0.476862 0.476862
0.372124 0.245506 0.968420 0.670156 0.114029 0.975037 0.071419 0.767319 0.445550 0.728335 0.008031 0.585390 0.008031
