# gen=100 mediating population
# x0..x(D-1) f0 f1 consensus
0.917461 0.587741 0.025511 2.759264 4.313038 2.759264
0.204147 0.202789 0.415699 1.934424 1.934424 1.934424
0.423394 0.509786 0.768430 74.829821 74.770108 74.770108
0.914391 0.654381 0.739579 45.555179 1.934424 1.934424
0.712719 0.540171 0.267815 2.689074 2.267213 2.267213
0.721883 0.772486 0.750634 1.934424 1.934424 1.934424
0.564594 0.596884 0.867580 1.934424 1.934424 1.934424
0.354537 0.552928 0.135592 66.979475 68.090181 66.979475
0.047132 0.597385 0.769075 1.934424 1.934424 1.934424
0.186988 0.568042 0.439443 1.934424 1.934424 1.934424
0.260624 0.231338 0.197541 1.934424 1.934424 1.934424
0.854913 0.878323 0.397961 1.934424 1.934424 1.934424
0.760587 0.034603 0.956177 1.934424 1.934424 1.934424
0.851936 0.122075 0.199845 17.434797 7.513964 7.513964
0.363332 0.358116 0.093831 3.393337 2.304415 2.304415
0.869347 0.231691 0.351827 9.262437 1.934424 1.934424
0.228215 0.777995 0.086563 2.768349 2.139369 2.139369
0.079393 0.153580 0.767002 2.508474 1.934424 1.934424
0.855680 0.973384 0.003513 1.934424 1.934424 1.934424
0.144104 0.224270 0.623309 2.508474 1.934424 1.934424
0.669570 0.666422 0.293653 2.689074 2.267213 2.267213
0.180376 0.245443 0.573322 1.934424 1.934424 1.934424
0.233958 0.069252 0.090854 1.934424 1.934424 1.934424
0.883290 0.078946 0.563043 4.261728 1.934424 1.934424
0.087098 0.931979 0.363340 1.934424 1.934424 1.934424
0.329787 0.489324 0.356547 1.934424 1.934424 1.934424
0.604307 0.295465 1.000000 3.909802 10.439261 3.909802
0.864354 0.554044 0.133463 3.177417 2.267213 2.267213
0.101930 0.741185 0.431231 1.934424 1.934424 1.934424
0.920315 0.623402 0.508542 8.313729 8.533029 8.313729
0.665204 0.665857 0.045174 2.689074 2.267213 2.267213
0.164349 0.989829 0.535914 1.934424 2.547973 1.934424
0.259491 0.621085 0.673062 1.934424 1.934424 1.934424
0.737178 0.925903 0.228245 81.287573 82.123257 81.287573
0.127401 0.677219 0.058224 1.934424 1.934424 1.934424
0.022316 0.021896 0.071742 1.934424 1.934424 1.934424
0.657646 0.923348 0.966381 1.934424 1.934424 1.934424
0.410005 0.040120 0.437649 1.934424 1.934424 1.934424
0.088504 0.005985 0.992746 2.508474 1.934424 1.934424
0.257640 0.513504 0.527364 1.934424 1.934424 1.934424
0.582761 0.889562 0.442420 1.934424 1.934424 1.934424
0.198059 0.081752 0.268699 1.934424 1.934424 1.934424
0.551894 0.438964 0.077283 3.249440 14.913604 3.249440
0.046042 0.302796 0.968324 2.508474 2.418025 2.418025
0.338646 0.700009 0.304005 1.934424 1.934424 1.934424
0.015276 0.017910 0.726399 2.508474 1.934424 1.934424
0.743348 0.579001 0.322062 2.689074 2.267213 2.267213
0.769984 0.305578 0.113550 35.164612 69.146849 35.164612
0.054707 0.044864 0.126734 1.934424 1.934424 1.934424
0.513376 0.905700 0.648458 1.934424 19.649375 1.934424
0.274749 0.898184 0.225106 77.500825 74.227569 74.227569
0.501139 0.257369 0.215656 9.195185 1.934424 1.934424
0.058101 0.306715 0.665259 2.590896 2.548925 2.548925
0.942200 0.024596 0.603237 1.934424 1.934424 1.934424
0.804611 0.257052 0.710280 1.934424 1.934424 1.934424
0.372865 0.089504 0.292119 1.934424 1.934424 1.934424
0.939687 0.439209 0.553913 1.934424 1.934424 1.934424
0.890985 0.031547 0.129158 1.373763 14.030081 1.373763
0.541398 0.420209 0.279028 49.004695 4.833212 4.833212
0.575153 0.733461 0.969026 1.934424 1.934424 1.934424
0.553211 0.718605 0.221136 1.934424 1.934424 1.934424
0.409692 0.713375 0.886626 1.934424 1.934424 1.934424
0.438842 1.000000 0.778883 5.860652 9.759901 5.860652
0.722352 0.313348 0.000000 21.392706 7.740385 7.740385
0.366647 0.551569 0.992573 1.934424 1.934424 1.934424
0.931126 0.119650 0.752903 1.934424 1.934424 1.934424
0.033768 0.715354 0.781055 1.934424 1.934424 1.934424
0.809398 0.184118 0.514071 1.934424 1.934424 1.934424
0.197923 0.471506 0.233630 1.934424 1.934424 1.934424
0.875377 0.779174 0.716058 1.934424 1.934424 1.934424
0.642540 0.007812 0.214969 1.513921 1.417914 1.417914
0.125727 0.207071 0.588719 2.508474 1.934424 1.934424
0.748301 0.827729 0.544689 1.934424 1.934424 1.934424
0.308879 0.304662 0.590163 1.934424 1.934424 1.934424
0.452730 0.877568 0.055467 2.257278 2.284001 2.257278
0.950869 0.422751 0.422687 1.934424 1.934424 1.934424
0.412760 0.808642 0.719048 1.842579 2.286800 1.842579
0.704251 0.487258 0.664918 1.934424 1.934424 1.934424
0.707956 0.980996 0.666416 1.934424 1.934424 1.934424
0.352883 0.161734 0.088783 1.934424 1.934424 1.934424
0.170431 0.218989 0.278842 1.934424 1.934424 1.934424
0.027930 0.050645 0.368980 1.934424 1.934424 1.934424
0.965449 0.397401 0.685240 1.934424 1.934424 1.934424
0.923477 0.547105 0.368258 2.689074 2.267213 2.267213
0.972942 0.995804 0.929297 1.934424 1.934424 1.934424
0.393068 0.126319 0.793683 1.934424 1.934424 1.934424
0.647997 0.474785 0.514967 1.934424 1.934424 1.934424
0.230490 0.829641 0.515728 1.934424 2.547973 1.934424
0.844884 0.128219 0.121044 9.143629 11.329543 9.143629
0.141961 0.680924 0.241859 1.934424 1.934424 1.934424
0.863670 0.211663 0.901423 1.934424 1.934424 1.934424
0.196207 0.629166 0.989837 1.934424 1.934424 1.934424
0.752970 0.425440 0.477055 1.934424 1.934424 1.934424
0.324051 0.215911 0.707853 1.934424 1.934424 1.934424
0.380845 0.543110 0.000000 9.108588 12.952759 9.108588
0.738212 0.410095 0.371103 1.934424 1.934424 1.934424
0.222391 0.549469 0.000000 3.582643 3.312795 3.312795
0.044149 0.016572 0.548692 2.508474 1.934424 1.934424
0.962592 0.644948 0.309989 2.689074 2.267213 2.267213
0.486264 0.465233 0.625489 1.351398 5.656924 1.351398
0.253506 0.617651 0.807274 1.934424 1.934424 1.934424
0.138313 0.549327 0.151766 1.934424 1.934424 1.934424
0.924463 0.688070 0.952257 2.218596 1.934424 1.934424
0.741073 0.766742 0.820588 1.934424 1.934424 1.934424
0.288041 0.048551 0.816041 1.934424 1.934424 1.934424
0.490814 0.453811 0.182091 6.091489 4.268180 4.268180
0.215954 0.926465 0.734912 1.934424 2.547973 1.934424
0.024034 0.014645 0.235320 1.934424 1.934424 1.934424
0.099542 0.298155 0.339194 54.526954 75.065793 54.526954
0.792422 0.362590 0.948785 1.934424 1.934424 1.934424
0.691400 0.766061 0.937108 1.934424 1.934424 1.934424
0.334954 0.887142 0.842148 2.076161 1.615426 1.615426
0.194771 0.695480 0.376427 1.934424 1.934424 1.934424
0.447498 0.637979 0.419135 1.934424 1.934424 1.934424
0.454506 0.367871 0.682134 1.934424 1.934424 1.934424
0.595105 0.156991 0.735352 6.774041 9.988344 6.774041
0.592689 0.152661 0.890273 4.752247 47.283313 4.752247
0.202827 0.752269 0.610251 1.934424 2.547973 1.934424
0.660053 0.494424 0.000000 2.689074 2.267213 2.267213
0.968177 0.935443 0.408276 1.934424 1.934424 1.934424
0.635421 0.003757 0.038384 1.513921 1.417914 1.417914
0.322294 0.680661 0.343980 1.934424 1.934424 1.934424
0.687200 0.963550 0.940606 1.934424 1.934424 1.934424
0.462395 0.471528 0.601939 4.703779 3.219984 3.219984
0.439824 0.274242 0.523859 1.934424 1.934424 1.934424
0.822070 0.393890 0.457894 1.934424 1.934424 1.934424
0.583776 0.907055 0.743555 38.990301 18.822666 18.822666
0.796451 0.635453 0.017050 2.689074 2.828703 2.689074
0.214910 0.316402 0.942063 11.294956 4.689386 4.689386
1.000000 0.587777 0.612433 3.602567 23.234028 3.602567
0.387690 0.385826 0.873893 1.934424 1.934424 1.934424
0.514976 0.589335 0.985867 1.934424 1.934424 1.934424
0.714243 0.027729 0.165575 1.373763 1.596443 1.373763
0.896407 0.098991 0.211775 10.327193 9.015528 9.015528
0.079881 0.581003 0.162592 1.934424 1.934424 1.934424
0.175397 0.168478 0.882916 1.934424 1.934424 1.934424
0.871266 0.683140 0.092631 2.689074 2.267213 2.267213
0.590150 0.282512 0.866297 27.998817 35.166082 27.998817
0.048707 0.292802 0.532610 2.508474 5.402810 2.508474
0.975138 0.260061 0.599571 1.934424 1.934424 1.934424
1.000000 0.570984 0.390101 2.689074 4.363644 2.689074
0.233750 0.474649 0.671828 1.934424 1.934424 1.934424
0.836920 0.436175 0.668064 1.934424 1.934424 1.934424
0.842993 0.707860 0.341558 2.689074 1.934424 1.934424
0.303088 0.409374 0.199536 2.903698 3.926974 2.903698
0.553312 0.864031 0.219469 1.934424 1.934424 1.934424
0.814059 0.125121 0.165393 8.724110 6.182195 6.182195
0.125060 0.332127 0.097679 1.934424 1.934424 1.934424
0.677385 0.651649 0.147269 2.689074 2.267213 2.267213
0.118142 0.847896 0.647611 1.934424 2.547973 1.934424
0.444638 0.924912 0.212303 1.934424 1.934424 1.934424
0.983098 0.940676 0.710843 1.934424 1.934424 1.934424
0.773719 0.370394 0.814253 1.934424 1.934424 1.934424
0.391157 0.070174 0.277490 1.934424 1.934424 1.934424
0.869214 0.248569 0.434233 2.287506 1.934424 1.934424
0.532328 0.665428 0.151853 1.934424 1.934424 1.934424
0.208314 0.500924 0.657504 1.934424 1.934424 1.934424
0.173049 0.799556 0.863069 10.449841 12.729326 10.449841
0.705473 0.895647 0.319602 1.934424 1.934424 1.934424
0.947644 0.797463 0.369752 1.934424 1.934424 1.934424
0.655161 0.621744 0.447617 1.988912 1.934424 1.934424
0.798037 0.994748 0.973047 1.934424 1.934424 1.934424
0.526483 0.695567 0.206471 1.934424 1.934424 1.934424
0.804137 0.096093 0.725832 2.652476 15.667556 2.652476
0.262647 0.860890 0.156458 20.271608 19.045099 19.045099
0.194846 0.957242 0.484852 1.934424 2.547973 1.934424
1.000000 0.601257 0.000000 4.975020 2.267213 2.267213
0.817240 0.995357 0.578232 1.934424 1.934424 1.934424
0.336714 0.640367 0.187030 1.934424 1.934424 1.934424
1.000000 0.686167 0.135043 2.689074 2.267213 2.267213
0.492160 0.978331 0.471757 1.934424 1.615426 1.615426
0.052935 0.006761 0.290954 1.934424 1.934424 1.934424
0.324224 0.654933 0.666748 1.934424 1.934424 1.934424
0.471212 0.233433 0.207063 3.192240 1.934424 1.934424
0.318526 0.558998 0.175607 5.720609 17.438090 5.720609
0.234886 0.116326 0.545071 74.260496 69.794033 69.794033
0.328299 0.510657 0.664182 2.927839 6.364878 2.927839
0.775255 0.925918 0.219619 47.440861 48.676629 47.440861
0.948721 0.891553 0.840974 1.934424 1.934424 1.934424
0.974976 0.972032 0.260450 1.934424 1.934424 1.934424
0.471474 0.697772 0.727410 1.934424 1.934424 1.934424
0.231146 0.149224 0.978105 1.934424 1.934424 1.934424
0.945494 0.614473 0.624582 19.741677 38.138013 19.741677
0.963464 0.330707 0.884630 1.934424 1.934424 1.934424
0.239578 0.752179 0.174469 2.459080 1.934424 1.934424
0.735383 0.629941 0.730664 1.934424 1.934424 1.934424
0.597186 0.785184 0.077914 28.752695 42.403325 28.752695
0.269946 0.586869 0.776193 1.934424 1.934424 1.934424
0.425431 0.484116 0.094475 5.971069 7.002790 5.971069
0.533109 0.349165 0.183871 35.823455 30.797947 30.797947
0.745320 0.155778 0.928649 1.934424 1.934424 1.934424
0.040294 0.229354 0.466991 2.508474 1.934424 1.934424
0.729714 0.270355 0.415452 1.934424 1.934424 1.934424
0.815149 0.365816 0.255066 1.934424 1.934424 1.934424
0.693521 0.365839 0.178399 1.934424 1.417914 1.417914
0.591069 0.754947 0.443708 1.934424 1.934424 1.934424
0.365714 0.812425 0.217089 10.057406 9.430178 9.430178
0.300304 0.155640 0.449942 1.934424 1.935512 1.934424
0.957496 0.603261 0.750734 11.773774 16.355395 11.773774
0.216386 0.450903 0.944880 1.934424 1.934424 1.934424
0.288857 0.082094 0.004339 1.934424 1.934424 1.934424
1.000000 0.584985 0.000000 2.689074 2.267213 2.267213
0.657448 0.626730 0.467218 8.455699 1.934424 1.934424
0.464689 0.951196 0.666704 29.211521 27.391784 27.391784
0.114062 0.548791 1.000000 1.934424 1.934424 1.934424
0.121606 0.372192 0.585426 2.508474 1.934424 1.934424
0.989268 0.928370 0.070476 1.934424 1.934424 1.934424
0.691927 0.816306 0.148430 2.588876 3.833729 2.588876
0.594968 0.929222 0.552836 1.934424 3.559596 1.934424
0.114241 0.573573 0.713365 3.810812 25.876459 3.810812
0.912930 0.533429 0.239661 2.689074 2.267213 2.267213
0.818556 0.816285 0.000000 1.934424 1.934424 1.934424
0.145879 0.426676 0.808282 2.508474 1.934424 1.934424
0.897640 0.067728 0.187702 2.761239 19.962421 2.761239
0.924382 0.621133 0.764394 25.167590 7.421533 7.421533
0.914391 0.576430 0.115024 8.341176 55.798588 8.341176
0.935669 0.359297 0.129116 1.934424 1.934424 1.934424
0.968396 0.077968 0.702721 1.934424 1.934424 1.934424
0.008580 0.870087 0.563714 1.934424 2.547973 1.934424
0.355756 0.536620 0.313980 1.934424 1.934424 1.934424
0.344813 0.212279 0.321801 35.452528 34.095965 34.095965
0.440703 0.538070 0.056276 10.168101 10.471039 10.168101
0.044082 0.771484 0.214170 60.140466 44.313204 44.313204
0.270837 0.938205 0.564358 1.842579 2.547973 1.842579
0.370421 0.001269 0.163997 1.934424 1.934424 1.934424
0.164924 0.720655 0.010830 1.934424 1.934424 1.934424
0.174371 0.239882 0.234836 1.934424 1.934424 1.934424
0.098284 0.334557 0.243102 1.934424 16.833784 1.934424
0.316173 0.373893 0.228092 18.011777 6.086903 6.086903
0.735191 0.154305 0.618642 1.934424 1.934424 1.934424
0.463176 0.524716 0.565130 3.475178 2.318500 2.318500
0.009718 0.581490 0.527190 1.934424 1.934424 1.934424
0.544638 0.992083 0.334089 1.934424 1.934424 1.934424
0.256701 0.533988 0.594934 1.934424 1.934424 1.934424
0.460743 0.508124 0.100689 5.091601 9.167157 5.091601
0.664147 0.206812 0.815478 1.934424 1.934424 1.934424
0.709803 0.504177 0.149876 2.689074 2.267213 2.267213
0.738852 0.912493 0.251917 84.006373 83.495801 83.495801
0.365735 0.615344 0.545548 1.934424 1.934424 1.934424
0.836444 0.418477 0.168109 1.934424 1.934424 1.934424
0.803205 0.500228 0.039880 2.689074 2.267213 2.267213
0.476871 0.407368 0.300044 9.543633 24.591198 9.543633
0.763325 0.194367 0.023928 2.458703 1.934424 1.934424
0.429007 0.019189 0.623626 1.934424 1.934424 1.934424
0.791600 0.717363 0.109824 1.934424 1.934424 1.934424
0.425501 0.990468 0.863401 2.939915 5.060528 2.939915
0.590682 0.416622 0.661755 7.588766 1.691477 1.691477
0.954481 0.862542 0.169407 1.934424 1.934424 1.934424
0.055531 0.233832 0.845974 10.175224 2.602824 2.602824
0.985968 0.720473 0.156041 1.934424 1.934424 1.934424
0.920681 0.580088 0.471494 2.831347 19.975016 2.831347
0.751422 0.667104 0.598795 1.934424 1.934424 1.934424
0.283862 0.316744 0.827598 8.873702 24.709497 8.873702
0.623770 0.375076 0.718288 15.446395 1.934424 1.934424
0.943836 0.438566 0.323865 1.934424 1.934424 1.934424
0.732893 0.355686 0.341039 1.934424 1.934424 1.934424
0.349489 0.888563 0.091120 13.816356 14.920178 13.816356
0.122054 0.282325 0.736144 2.508474 1.934424 1.934424
0.695476 0.412377 0.928323 1.934424 1.934424 1.934424
0.385435 0.646481 0.271238 1.934424 1.934424 1.934424
0.811210 0.178044 0.965674 1.934424 1.934424 1.934424
0.521540 0.257949 0.710597 2.310382 1.934424 1.934424
0.854410 0.938156 0.924846 62.713137 9.835320 9.835320
0.985563 0.121658 0.126527 3.571813 2.253400 2.253400
0.493645 0.815182 0.742994 1.934424 5.113439 1.934424
0.852963 0.837149 0.603583 1.934424 1.934424 1.934424
0.209802 0.857685 0.050790 4.519009 3.641390 3.641390
0.246984 0.070774 0.849619 1.934424 1.934424 1.934424
0.918713 0.540376 0.995265 1.352547 1.805552 1.352547
0.463886 0.862860 0.854797 2.196537 8.583296 2.196537
0.731486 0.886033 0.117921 8.333232 9.581339 8.333232
0.689825 0.909980 0.660987 1.934424 1.934424 1.934424
0.075279 0.200843 0.298493 1.934424 1.934424 1.934424
0.963823 0.233393 0.787211 1.934424 1.934424 1.934424
0.213353 0.104422 0.163137 1.934424 1.934424 1.934424
0.270266 0.976831 0.079737 1.934424 1.934424 1.934424
0.584724 0.288223 0.281937 10.306001 4.444098 4.444098
0.153449 0.281045 0.004194 1.934424 1.934424 1.934424
0.964779 0.640014 0.260091 2.689074 2.321841 2.321841
0.073304 0.553370 0.484461 1.934424 1.934424 1.934424
0.851024 0.136490 0.083856 7.533644 6.356648 6.356648
0.172080 0.988829 0.155720 1.934424 1.934424 1.934424
0.792649 0.335942 0.075021 1.934424 33.498669 1.934424
0.537174 0.046756 0.337079 1.513921 1.417914 1.417914
0.940392 0.732158 0.971802 1.446770 1.934424 1.446770
0.776916 0.257900 0.274661 4.129890 2.408404 2.408404
0.737752 0.641244 0.342358 2.689074 2.267213 2.267213
0.970884 0.423426 0.968104 1.934424 1.934424 1.934424
0.625979 0.602963 0.620655 47.732124 22.073745 22.073745
0.377734 0.440808 0.775710 1.934424 13.438685 1.934424
0.348021 0.357037 0.551486 1.934424 1.934424 1.934424
0.646768 0.127848 0.034278 1.373763 1.417914 1.373763
0.734927 0.347478 0.614121 68.008993 80.672321 68.008993
0.670610 0.487589 0.312546 1.934424 2.267213 1.934424
0.738387 0.531017 0.953511 1.934424 1.934424 1.934424
0.450002 0.239761 0.033668 1.934424 1.934424 1.934424
0.927259 0.256566 0.171319 8.892001 1.934424 1.934424
0.313792 0.364930 0.434685 2.921429 2.304374 2.304374
0.773204 0.931916 0.349460 1.934424 1.934424 1.934424
0.056425 0.680760 0.329442 1.934424 1.934424 1.934424
