# Party-1 optima (Phase 1b)
# x0..x(D-1) party_fit f0 f1 consensus
0.404961 0.043678 0.890512 0.504892 0.869221 0.125378 0.563951 0.182209 0.308846 0.006704 2.235090 0.697241 2.235090 0.697241
0.088416 0.174922 0.953352 0.947505 0.542758 0.974982 0.212298 0.625310 0.458817 0.049449 2.235090 0.697241 2.235090 0.697241
0.391425 0.141403 0.654673 0.650153 0.914266 0.459217 0.319631 0.377384 0.350692 0.349567 2.235090 0.697241 2.235090 0.697241
0.360012 0.201685 0.715524 0.465994 0.419438 0.705590 0.175876 0.615828 0.586209 0.660108 2.235090 0.008031 2.235090 0.008031
0.063614 0.282345 0.991498 0.963281 0.510860 0.203456 0.583105 0.954034 0.442764 0.614184 2.235090 0.008031 2.235090 0.008031
0.307397 0.296571 0.879604 0.918987 0.335367 0.399019 0.116073 0.460080 0.537983 0.922692 2.235090 0.008031 2.235090 0.008031
0.851941 0.097717 0.352476 0.581063 0.527907 0.495787 0.413831 0.312729 0.184273 0.804507 1.990669 0.657539 1.990669 0.657539
0.517017 0.568604 0.976994 0.788743 0.586559 0.908616 0.463859 0.676990 0.178353 0.172377 1.990669 0.405464 1.990669 0.405464
