# gen=0 CA size=200
# x0..x(D-1) consensus
0.283746 0.517109 0.504332 52.072865
0.899736 0.066903 0.122254 49.295452
0.953684 0.060398 0.324694 49.295452
0.314666 0.640254 0.428391 53.200590
0.973598 0.043505 0.211113 49.295452
0.136130 0.144755 0.809016 52.966633
0.109861 0.169005 0.838561 53.255395
0.578298 0.904793 0.233986 45.694904
0.909366 0.388938 0.232348 49.532973
0.947743 0.348787 0.159014 49.532973
0.152217 0.793620 0.539897 42.323423
0.816867 0.303423 0.137895 42.529026
0.126509 0.903292 0.730363 42.323423
0.869169 0.269152 0.642972 42.529026
0.950131 0.256906 0.187451 42.529026
0.719483 0.249991 0.479007 42.529026
0.066572 0.935517 0.022205 42.323423
0.615744 0.432948 0.331673 49.295452
0.217981 0.655365 0.522114 62.431687
0.550307 0.410266 0.321114 49.295452
0.205127 0.710201 0.617348 48.482472
0.616938 0.387007 0.345891 49.295452
0.904551 0.227920 0.177301 42.529026
0.923740 0.207845 0.140634 42.698808
0.525976 0.430262 0.331075 49.295452
0.858302 0.185163 0.130074 44.248413
0.590551 0.661309 0.321435 41.187928
0.884453 0.168028 0.382613 46.871586
0.924934 0.161904 0.154852 47.679789
0.809610 0.158447 0.300630 50.642188
0.931525 0.224668 0.278521 42.529026
0.950714 0.204593 0.241854 42.529026
0.552950 0.427009 0.432296 46.455559
0.885276 0.181910 0.231295 46.076981
0.911426 0.164775 0.483833 44.441092
0.951907 0.158652 0.256073 47.442351
0.836583 0.155194 0.401851 47.251733
0.797938 0.274276 0.593240 42.529026
0.073473 0.257705 0.550982 49.699115
0.233441 0.716937 0.484144 54.599691
0.578073 0.257031 0.964473 42.529026
0.220587 0.771773 0.579377 45.652661
0.806903 0.108535 0.860721 42.529026
0.365369 0.762447 0.595102 42.323423
0.960671 0.196146 0.185064 42.718803
0.562907 0.418563 0.375505 49.295452
0.895233 0.173464 0.174504 46.904796
0.138591 0.754702 0.711064 42.323423
0.921384 0.156328 0.427043 44.821913
0.961865 0.150205 0.199282 48.189796
0.846541 0.146748 0.345060 49.295452
0.522748 0.266846 0.520682 42.529026
0.541937 0.246771 0.484015 42.529026
0.293219 0.052575 0.674537 43.020743
0.476499 0.224089 0.473456 42.529026
0.118185 0.536149 0.784462 46.267216
0.502649 0.206953 0.725994 42.529026
0.543131 0.200830 0.498234 42.529026
0.530657 0.265686 0.840318 42.529026
0.743832 0.646866 0.233167 42.682887
0.763021 0.626790 0.196500 41.023895
0.365257 0.849207 0.386941 42.323423
0.697583 0.604108 0.185940 44.582943
0.352403 0.904043 0.482174 42.323423
0.279032 0.915796 0.704262 42.323423
0.764215 0.580849 0.210718 39.388628
0.131796 0.731446 0.875150 42.832479
0.360836 0.144310 0.654539 46.121876
0.146689 0.763206 0.475892 42.323423
0.092439 0.577731 0.667548 45.990905
0.616929 0.178625 0.192167 42.529026
0.764647 0.780584 0.208723 41.607890
0.479803 0.782475 0.185309 49.532973
0.171696 0.970135 0.535293 42.323423
0.078925 0.741341 0.942363 42.323423
0.505506 0.838673 0.332994 39.947069
0.088988 0.170090 0.474358 42.741347
0.950337 0.073729 0.072962 49.295452
0.578493 0.146018 0.383116 44.110971
0.370916 0.774133 0.020743 42.323423
0.091919 0.797516 0.147716 42.323423
0.684374 0.203982 0.815382 42.529026
0.168339 0.902760 0.211513 42.323423
0.947962 0.427512 0.347649 49.532973
0.729270 0.563263 0.184226 40.220623
0.179943 0.718450 0.064552 42.323423
0.185561 0.187751 0.797937 54.615159
0.112036 0.986593 0.833227 42.323423
0.685468 0.178574 0.385654 44.325679
0.051301 0.750202 0.838071 42.323423
0.011149 0.969632 0.311247 42.323423
0.493006 0.087552 0.643064 42.529026
0.170633 0.568502 0.295466 48.481504
0.896368 0.242579 0.701825 42.529026
0.410273 0.874526 0.666267 42.323423
0.005373 0.828101 0.510587 42.323423
0.248792 0.248574 0.967941 41.743382
0.021653 0.965477 0.349535 42.323423
0.702426 0.687612 0.092667 48.379490
0.093775 0.132714 0.896682 49.007260
0.048951 0.557986 0.748981 42.323423
0.944562 0.287732 0.803525 42.529026
0.747996 0.301379 0.241733 42.529026
0.769778 0.262364 0.493312 42.529026
0.936092 0.217281 0.618583 42.529026
0.934997 0.278588 0.616890 42.529026
0.380837 0.636007 0.052800 42.323423
0.944899 0.290579 0.550871 42.529026
0.553765 0.281996 0.706244 42.529026
0.269485 0.628871 0.477144 57.478571
0.225193 0.185330 0.439142 51.047116
0.088807 0.577522 0.423513 43.047660
0.342736 0.721078 0.690867 45.000754
0.112175 0.909817 0.038955 42.323423
0.576970 0.930058 0.278461 39.656152
0.850760 0.084727 0.558418 45.563864
0.601278 0.772745 0.162239 57.546563
0.565792 0.001678 0.955018 42.529026
0.737698 0.038288 0.430785 43.965235
0.121054 0.900994 0.779740 42.323423
0.039147 0.525822 0.600560 42.323423
0.034519 0.879469 0.801283 42.323423
0.593635 0.257465 0.150922 42.529026
0.694042 0.229512 0.874033 42.529026
0.586075 0.821615 0.170811 61.232948
0.451460 0.864836 0.018841 49.532973
0.536621 0.136862 0.041979 42.529026
0.497948 0.262291 0.608776 42.529026
0.178402 0.888822 0.905193 42.323423
0.325660 0.126319 0.448530 42.211420
0.603183 0.025716 0.135371 43.386937
0.660019 0.064949 0.315302 49.295452
0.235886 0.209794 0.807641 51.909747
0.185781 0.171366 0.931506 51.047116
0.300184 0.625564 0.672244 45.000754
0.476065 0.871376 0.038048 49.532973
0.339339 0.914842 0.542606 42.323423
0.128376 0.505637 0.326150 42.323423
0.895581 0.092672 0.768809 43.418934
0.649939 0.772187 0.048510 50.280554
0.261443 0.895055 0.368968 42.323423
0.159766 0.628305 0.497768 55.998910
0.454498 0.958219 0.181649 45.984484
0.984367 0.137451 0.375878 46.496013
0.144419 0.045477 0.954093 39.467664
0.385435 0.878053 0.897176 42.323423
0.221638 0.278701 0.339248 41.945878
0.315547 0.550948 0.313300 50.832487
0.132027 0.961654 0.760975 42.323423
0.089930 0.908932 0.614529 42.323423
0.145341 0.969303 0.372891 42.323423
0.539254 0.079052 0.427107 43.965235
0.615180 0.267713 0.410758 42.529026
0.319454 0.620847 0.276398 51.158144
0.049985 0.698437 0.644555 42.323423
0.519689 0.169653 0.040179 42.529026
0.571349 0.424570 0.161614 49.295452
0.618801 0.363524 0.239255 49.532973
0.031808 0.589852 0.909919 42.338474
0.486310 0.813855 0.461341 38.659741
0.016943 0.660717 0.029214 42.323423
0.055277 0.670672 0.612469 42.775172
0.479435 0.107887 0.943620 42.529026
0.813806 0.463840 0.398932 38.659741
0.277792 0.893414 0.806187 42.323423
0.692971 0.291322 0.902601 42.529026
0.955209 0.178043 0.425702 42.529026
0.439078 0.016870 0.133746 42.529026
0.790631 0.172085 0.626907 43.073397
0.670874 0.023135 0.554481 44.021781
0.598032 0.020614 0.254094 44.891879
0.111265 0.707321 0.217464 42.323423
0.115440 0.774197 0.744839 42.323423
0.203224 0.073106 0.686861 45.423267
0.454020 0.058200 0.616852 42.529026
0.217368 0.668017 0.364417 54.870020
0.824109 0.411793 0.453957 49.532973
0.810093 0.206061 0.388569 43.432556
0.831066 0.107617 0.950581 42.529026
0.985896 0.703870 0.165899 38.659741
0.033507 0.661696 0.548360 42.343008
0.706694 0.969843 0.401281 38.659741
0.278328 0.564908 0.038977 42.323423
0.141078 0.861729 0.546331 42.323423
0.059814 0.692538 0.480536 42.323423
0.764101 0.937817 0.174830 38.659741
0.887329 0.554591 0.266364 38.659741
0.527569 0.150695 0.209891 42.529026
0.459356 0.139217 0.143441 42.529026
0.648430 0.269793 0.780240 42.529026
0.226626 0.262015 0.661136 53.750226
0.549371 0.655750 0.181138 49.532973
0.160664 0.663181 0.479397 52.480386
0.112967 0.876353 0.725927 42.323423
0.631962 0.861729 0.351653 38.659741
0.666314 0.265336 0.324114 42.529026
0.212164 0.623014 0.601539 45.000754
0.024847 0.547267 0.670253 42.323423
0.207767 0.785450 0.641029 42.537810
0.434789 0.857807 0.387473 38.659741
