# Party-1 optima (Phase 1b)
# x0..x(D-1) party_fit f0 f1 consensus
0.045837 0.852142 85.097730 42.220579 85.097730 42.220579
0.772677 0.826693 83.130076 43.991013 83.130076 43.991013
0.739627 0.351504 82.725075 50.529617 82.725075 50.529617
0.469536 0.793211 82.617097 46.403074 82.617097 46.403074
0.797079 0.885949 81.989333 43.991013 81.989333 43.991013
0.035587 0.908098 81.303694 42.220579 81.303694 42.220579
0.806884 0.407416 80.692555 43.991013 80.692555 43.991013
0.279186 0.618289 79.778642 69.905273 79.778642 69.905273
