# gen=200 CA size=16
# x0..x(D-1) consensus
0.897150 0.546550 0.713448 0.634719 0.169120 76.012481
0.311025 0.571679 0.305344 0.272397 0.388155 12.950670
0.333496 0.621712 0.338245 0.294611 0.363148 7.004881
0.922727 0.511442 0.634379 0.601778 0.145862 7.251060
0.877822 0.492348 0.632505 0.574669 0.153594 7.226192
0.888274 0.533615 0.699724 0.634719 0.000000 6.330702
0.922076 0.520973 0.681182 0.634917 0.116686 27.949673
0.314488 0.626414 0.352975 0.267042 0.431935 12.461763
0.879484 0.423069 0.722303 0.603863 0.089312 6.279126
0.893724 0.387791 0.701689 0.620042 0.169120 7.390711
0.885644 0.485863 0.670348 0.626766 0.095272 5.828105
0.311872 0.610125 0.287508 0.360615 0.417184 25.934722
0.293999 0.575949 0.347441 0.341919 0.400795 60.888040
0.920585 0.534888 0.690054 0.526305 0.157026 8.490598
0.845442 0.562443 0.663359 0.637867 0.186351 6.958761
0.847089 0.449033 0.662017 0.591899 0.172648 5.612873
