# gen=170 x0..xd f
0.445311 0.885072 0.862341 0.712369 0.675686 0.675600 0.638292 0.637157 0.599355 0.600792 69.938387
0.561247 0.357326 0.627071 0.858235 0.002026 0.337343 0.297812 0.004127 0.147124 0.763627 0.000000
0.742523 0.925620 0.946144 0.300023 0.277260 0.414848 0.855609 0.822071 0.824888 0.886198 0.000000
0.439939 0.928412 0.857960 0.711326 0.597839 0.630265 0.714138 0.716229 0.544281 0.505524 63.370144
0.801092 0.420333 0.269213 0.634033 0.223388 0.670023 0.579913 0.337720 0.768221 0.190820 0.000000
0.459738 0.872603 0.860043 0.771051 0.503657 0.684616 0.657200 0.746563 0.538375 0.602442 62.664379
0.448804 0.895692 0.890637 0.864289 0.650046 0.659271 0.665057 0.563710 0.524219 0.575200 63.413354
0.542584 0.917999 0.874487 0.499774 0.550585 0.668692 0.708203 0.578919 0.486537 0.632078 58.889286
0.471398 0.943375 0.836252 0.661610 0.696139 0.833645 0.663349 0.579833 0.732560 0.688952 60.835062
0.451854 0.924971 0.937151 0.657829 0.899705 0.675319 0.523333 0.564908 0.460193 0.579145 58.489681
0.451502 0.652772 0.865353 0.632665 0.715001 0.632905 0.631454 0.507889 0.556459 0.534407 52.407956
0.420781 0.877081 0.830847 0.647562 0.652625 0.780837 0.596369 0.594256 0.634641 0.545496 64.334448
0.436427 0.868251 0.881837 0.816135 0.845137 0.612920 0.569295 0.446301 0.552901 0.660478 59.975314
0.125044 0.773898 0.948921 0.507902 0.692600 0.761153 0.206617 0.627685 0.226091 0.935655 39.479598
0.466712 0.852119 0.858740 0.688056 0.924527 0.716613 0.554676 0.592315 0.644380 0.597234 60.635722
0.525291 0.797073 0.024126 0.548242 0.365472 0.595692 0.743663 0.285081 0.110017 0.019591 0.000000
0.452481 0.883631 0.912210 0.820968 0.700449 0.670654 0.739542 0.503590 0.542060 0.629915 62.254642
0.500085 0.906092 0.865009 0.530065 0.580270 0.641801 0.583115 0.559059 0.539784 0.679989 61.166147
0.467709 0.833509 0.877618 1.000000 0.764713 0.830868 0.684893 0.534535 0.632007 0.539589 57.432438
0.462940 0.931289 0.899383 0.495081 0.819588 0.669017 0.526778 0.660875 0.575364 0.664267 59.518383
0.481797 0.940073 0.889677 0.707705 0.720395 0.652020 0.666149 0.605855 0.462117 0.613414 63.071695
0.434930 0.822086 0.813730 0.628148 0.649782 0.756676 0.745644 0.618549 0.604830 0.577848 62.229577
0.421546 0.893398 1.000000 0.743185 0.763411 0.779489 0.642982 0.509211 0.618553 0.547680 58.486854
0.295178 1.000000 0.994963 0.631575 0.617687 0.881764 0.933130 0.999783 0.055925 0.650717 41.231968
0.454269 0.966290 0.856543 0.949522 0.563833 0.627483 0.507438 0.681510 0.665157 0.685953 58.079751
0.495193 0.901217 0.870589 0.688602 0.556043 0.370137 0.596763 0.694355 0.340607 0.487313 55.336940
0.445786 0.885072 0.862854 0.712369 0.674515 0.675600 0.638325 0.637157 0.598976 0.600792 69.924669
0.389951 0.822199 0.831568 0.624670 0.552336 0.279276 0.664694 0.665034 0.631758 0.650026 54.795261
0.419999 0.901753 0.889104 0.620028 0.674762 0.587889 0.608416 0.640922 0.482933 0.558223 63.558033
0.440349 0.892671 0.702534 0.125989 0.433067 0.694369 0.959877 0.244725 0.473840 0.378340 40.071172
0.461750 0.896171 0.844603 0.614456 0.665327 0.711630 0.716016 0.634947 0.673954 0.506563 63.964239
0.409185 1.000000 1.000000 0.882045 0.695163 0.338591 0.566677 0.943479 0.699950 0.395280 48.257204
0.435673 0.919132 0.846425 0.743633 0.410449 0.697167 0.566871 0.549725 0.739368 0.598897 59.132282
0.248043 1.000000 1.000000 0.948773 1.000000 0.928740 0.902343 0.619839 0.596224 0.861702 44.227744
0.442331 0.955999 0.858791 0.639975 0.678162 0.656881 0.709338 0.610457 0.622343 0.591114 63.800872
0.413766 0.938124 0.871358 0.794343 0.617308 0.728880 0.564442 0.804916 0.645836 0.577239 61.631059
0.341658 0.883313 0.898220 0.777153 0.640188 0.722465 0.604271 0.820351 0.629183 0.719369 59.989615
0.444527 0.881938 0.891319 0.893733 0.619975 0.699795 0.668467 0.706108 0.640943 0.571935 62.805541
0.478840 0.939512 0.852084 0.470000 0.715641 0.899913 0.704123 0.607509 0.425166 0.476576 56.134095
0.868020 0.505121 0.687177 0.735346 0.662661 0.336060 0.343164 0.551579 0.307691 0.262185 0.000000
0.418220 0.929320 0.878566 0.259270 0.496789 0.523042 0.615149 0.857690 0.607392 0.587575 51.438953
0.396397 0.855982 0.955414 0.649663 0.936253 0.654897 0.607703 0.624562 0.630368 0.776224 57.145951
0.447619 0.697802 0.640783 0.923296 0.582840 0.561858 0.568506 0.839888 0.340673 0.705660 45.314395
0.159787 1.000000 1.000000 0.835910 0.682833 0.841080 0.920980 0.542221 0.993417 0.475223 43.040531
0.397535 0.919501 0.925375 0.775771 0.627387 0.789268 0.728739 0.628628 0.627304 0.612617 62.109532
0.202426 0.595273 0.712800 0.749402 0.732079 0.974905 0.945542 0.913034 0.072334 0.001641 29.082735
0.420293 0.665077 1.000000 1.000000 0.506709 0.685362 0.959970 0.683402 0.650533 0.604936 46.093974
0.435971 0.897890 0.882614 0.769789 0.682042 0.736010 0.689164 0.762622 0.583973 0.505226 63.667953
0.409859 0.902832 0.887731 0.744632 0.525935 0.818806 0.549316 0.552873 0.523125 0.652633 61.011118
0.094638 0.547948 0.876703 0.496426 0.509277 0.831890 0.503441 0.519347 0.218609 0.862500 33.660716
0.448154 0.886922 0.858659 0.754421 0.760538 0.814020 0.723398 0.572708 0.622504 0.560560 63.286327
0.465311 0.888198 0.867478 0.706169 0.590747 0.806861 0.605910 0.650533 0.581184 0.465137 63.024562
0.440546 0.911835 0.829086 0.701379 0.645844 0.713207 0.492605 0.646162 0.636180 0.574934 64.000754
0.445405 0.885096 0.862755 0.711738 0.675008 0.677040 0.638133 0.637857 0.598309 0.601000 69.890597
0.507667 0.555142 0.093895 0.420191 0.198691 0.292681 0.785971 0.916119 0.099875 0.307788 0.000000
0.331545 0.949602 0.935700 0.807091 0.672438 0.805078 0.779709 0.560958 0.620609 0.568084 58.046695
0.384174 0.924448 0.461839 0.076483 0.223229 0.349259 0.263390 0.688039 0.906053 0.592652 0.000000
0.416832 0.925283 0.780743 0.710970 0.704384 0.635033 0.516391 0.510022 0.565431 0.670497 60.843096
0.455046 0.877647 0.976502 0.777334 0.786539 0.568861 0.824877 0.486831 0.628907 0.594863 57.588322
0.475688 0.901236 0.889664 0.700195 0.793156 0.664142 0.613603 0.478336 0.532780 0.570973 62.503022
0.411463 0.913307 0.902227 0.758278 0.669985 0.796967 0.734916 0.602315 0.591192 0.499938 62.549682
0.149257 0.883168 0.046911 0.385293 0.934025 0.616314 0.517766 0.099341 0.783469 0.419086 0.000000
0.435032 0.856755 0.828142 0.765758 0.495091 0.630113 0.711659 0.695852 0.669590 0.618799 61.952699
0.445405 0.884634 0.862755 0.712461 0.675008 0.675200 0.638133 0.636895 0.598309 0.599500 69.910228
0.425048 0.835633 0.897568 0.962876 0.629433 0.829321 0.606035 0.247194 0.442986 0.380799 51.126630
0.510747 0.892105 0.821525 0.925316 0.564927 0.721590 0.693503 0.635349 0.397541 0.553300 58.424546
0.467879 0.853809 0.846076 0.606161 0.660722 0.642049 0.679530 0.571601 0.500457 0.664596 63.460252
0.460005 0.895520 0.892312 0.815000 0.698470 0.773046 0.786912 0.741215 0.573792 0.591384 62.017912
0.926364 0.280914 0.836406 0.980349 0.205913 0.985758 0.871507 0.196110 0.248916 0.738819 0.000000
0.427753 0.932048 0.836156 0.726216 0.576761 0.628728 0.690838 0.601042 0.507668 0.526043 63.106573
0.434927 0.980704 0.878140 0.774782 0.665575 0.424118 0.637122 0.503015 0.492218 0.592149 57.701403
0.441658 0.899974 0.871362 0.664988 0.537256 0.064148 0.607602 0.860710 0.049815 0.745822 41.287723
0.463232 0.893831 0.872075 0.866267 0.693076 0.655550 0.528220 0.705835 0.516125 0.721403 61.700867
0.287485 0.518113 0.805873 0.497587 0.671961 0.171748 0.717876 0.819699 0.905116 0.956028 0.000000
0.391341 0.392973 0.830993 0.396119 0.254762 0.644840 0.460676 0.370701 0.918054 0.598240 0.000000
0.438480 1.000000 0.859802 0.577124 0.653452 0.613797 0.592303 0.854787 0.764413 0.569245 56.816205
0.465694 0.881929 0.895056 0.727386 0.754592 0.666317 0.576154 0.627822 0.601467 0.717834 64.310276
0.427952 0.880095 0.688288 0.742784 0.486221 0.673447 0.693069 0.716721 0.818434 0.563554 54.398262
0.849036 0.175971 0.003662 0.330353 0.671092 0.340365 0.322102 0.058698 0.659208 0.357048 0.000000
0.440879 0.872959 0.889424 0.776237 0.589693 0.685488 0.622940 0.595886 0.622484 0.773479 62.832765
0.123995 0.090763 0.299590 0.317104 0.528606 0.194477 0.727463 0.640767 0.186669 0.803027 0.000000
0.492357 0.369039 0.841184 0.598135 0.649739 0.543376 0.632559 0.656868 0.499924 0.680391 0.000000
0.466667 0.933820 0.862030 0.785171 0.575010 0.715545 0.769766 0.689579 0.479931 0.508533 61.201535
0.458589 0.888857 0.896134 0.819970 0.684973 0.591489 0.685353 0.535382 0.644095 0.716200 62.516720
0.438721 0.896300 0.909199 0.641111 0.796818 0.627098 0.856747 0.629903 0.599952 0.682205 60.326374
0.445405 0.884817 0.862755 0.712466 0.675008 0.675311 0.638133 0.638390 0.598309 0.601000 69.908021
0.391151 0.945368 0.933565 0.697519 0.792259 0.607353 0.475429 0.649921 0.502599 0.763181 58.257215
0.097709 0.354317 0.627303 0.934924 0.552624 0.320555 0.154129 0.323542 0.426545 0.589714 0.000000
0.283953 0.980306 0.484028 0.732522 0.884058 0.112459 0.363028 0.521818 0.274336 0.294510 0.000000
0.451351 0.890745 0.887108 0.731372 0.606450 0.654870 0.642583 0.904411 0.643698 0.593961 60.655307
0.881511 0.725089 0.584503 0.649165 0.447352 0.295273 0.189291 0.748076 0.659644 0.785629 0.000000
0.719087 0.426637 0.210892 0.541510 0.197060 0.600265 0.405435 0.939354 0.793196 0.662951 0.000000
0.926876 0.144560 0.327022 0.606576 0.681229 0.754197 0.633311 0.510376 0.611211 0.557273 0.000000
0.439138 0.849771 0.858368 0.700359 0.626631 0.698266 0.608622 0.451087 0.569505 0.545340 62.783278
0.424235 0.867667 0.858443 0.653111 0.663275 0.713117 0.556140 0.482951 0.609055 0.640113 63.445946
0.911026 0.858269 0.706623 0.924439 0.705094 0.848883 0.201601 0.649741 0.826727 0.208235 0.000000
0.445948 0.885072 0.861791 0.712369 0.674370 0.675600 0.635719 0.637157 0.599713 0.600792 69.923090
0.749693 0.601999 0.494768 0.284771 0.172393 0.710877 0.755948 0.081321 0.258370 0.018708 26.044702
0.465177 0.862155 0.846525 0.684137 0.636103 0.545735 0.535581 0.697789 0.641491 0.811739 60.505417
0.207419 0.614607 0.504015 0.716634 0.426625 0.384760 0.134103 0.885097 0.760479 0.663039 0.000000
0.407252 0.887862 0.865669 0.633240 0.767452 0.772240 0.709004 0.573429 0.674193 0.545849 62.966822
0.456787 0.885041 0.813537 0.751833 0.739538 0.783113 0.703469 0.607190 0.476686 0.512037 62.242770
0.960695 0.560171 0.157490 0.731870 0.991311 0.735438 0.641336 0.376607 0.217713 0.332545 0.000000
0.445786 0.885072 0.862854 0.712369 0.674515 0.675600 0.638325 0.637157 0.598976 0.600792 69.924669
0.269197 0.857823 0.555218 0.026175 0.165527 0.663982 0.708656 0.441307 0.477061 0.984478 30.773233
0.332839 0.866613 0.838943 0.254777 0.626404 0.590752 0.679420 0.549431 0.624901 0.645784 52.963049
0.344040 0.913496 0.914098 0.860754 0.624366 0.429635 0.722246 0.681312 0.656344 0.513223 57.357588
0.438494 0.915327 0.813973 0.734079 0.580074 0.679131 0.544124 0.768544 0.686223 0.611663 62.155908
0.003409 0.258535 0.315975 0.921818 0.914537 0.164930 0.915643 0.981691 0.459568 0.130344 0.000000
0.451094 0.873691 0.871342 0.677240 0.405236 0.625356 0.642746 0.690542 0.671330 0.533939 60.195391
0.999795 0.782441 0.444485 0.520989 0.703593 0.213866 0.994371 0.977168 0.647784 0.664442 15.958548
0.387045 0.911522 0.855501 0.881502 0.875186 0.429996 0.638262 0.751406 0.373175 0.611202 55.136127
0.411165 0.868246 0.838936 0.756476 0.690783 0.574178 0.611489 0.532307 0.711221 0.486163 62.223225
0.501767 0.935983 0.860055 0.747163 0.700334 0.701740 0.763549 0.662780 0.605368 0.590397 63.431872
0.445405 0.885027 0.862755 0.712461 0.675008 0.675200 0.638133 0.637815 0.598309 0.601508 69.908423
0.446131 0.887106 0.905473 0.448372 0.792207 0.636061 0.872738 0.613595 0.598241 0.531442 57.171657
0.428721 0.830231 0.842368 0.656057 0.721394 0.689209 0.477336 0.611065 0.685312 0.641483 62.138537
0.416322 0.866234 0.970946 0.609231 0.537850 0.705235 0.503011 0.483500 0.476562 0.561748 57.564456
0.429184 0.900165 0.876738 0.617333 0.807458 0.822852 0.603300 0.619513 0.716733 0.687103 61.105660
0.453465 0.854228 0.768189 0.879068 0.843493 0.653333 0.806247 0.552387 0.633883 0.702472 57.454308
0.496874 0.357266 0.779995 0.744808 0.638056 0.911632 0.835752 0.177782 0.622920 0.714558 0.000000
0.599161 0.379525 0.743342 0.832724 0.547097 0.871339 0.492599 0.663548 0.954299 0.774633 0.000000
0.445311 0.884651 0.862341 0.713302 0.675686 0.674579 0.638292 0.637322 0.599355 0.599574 69.927644
0.742512 0.253040 0.737370 0.385307 0.254764 0.344460 0.210016 0.815723 0.030912 0.933235 0.000000
0.499506 0.224039 0.090854 0.377730 0.874469 0.472436 0.751764 0.907272 0.338618 0.313981 0.000000
0.472170 0.865052 0.859925 0.800007 0.759620 0.709470 0.561597 0.549242 0.531164 0.733139 62.263565
0.367523 0.136470 0.916098 0.593782 0.744939 0.602998 0.822923 0.502695 0.491745 0.518158 0.000000
0.445130 0.791834 0.549495 0.856853 0.687710 0.642155 0.572706 0.813115 0.576936 0.657429 46.244580
0.445311 0.885129 0.862341 0.714093 0.675686 0.673412 0.638292 0.636253 0.599355 0.598626 69.892187
0.418129 0.127993 0.655509 0.516202 0.559470 0.792954 0.347215 0.840090 0.409269 0.541315 0.000000
0.459150 0.877727 0.856700 0.756382 0.597784 0.761247 0.567707 0.542230 0.450758 0.607077 62.505688
0.480218 0.922433 0.793893 0.645681 0.774476 0.625658 0.744561 0.785543 0.617863 0.508015 60.233333
0.451907 0.889417 0.862054 0.674502 0.950769 0.700968 0.534904 0.629072 0.542343 0.669137 59.809765
0.617149 0.897604 0.300835 0.168715 0.163828 0.332866 0.330853 0.492182 0.509435 0.859857 31.497426
0.733920 0.280242 0.959987 0.945124 0.396431 0.354473 0.896444 0.140678 0.951535 0.433237 0.000000
0.445311 0.884813 0.862341 0.712857 0.675686 0.674695 0.638292 0.638286 0.599355 0.600555 69.932541
0.491983 0.861377 0.796994 0.623513 0.749418 0.736659 0.623246 0.735001 0.433478 0.652686 60.481402
0.440484 0.868732 0.857079 0.708374 0.675851 0.732397 0.439866 0.533546 0.577111 0.628317 62.260472
0.416583 0.959428 0.887835 0.551939 0.692710 0.557498 0.585422 0.749654 0.371908 0.756396 56.790573
0.057488 0.842940 0.982243 0.893982 0.313292 0.882184 0.243614 0.583888 0.385602 0.527816 38.730229
0.430065 0.618450 0.907137 0.015956 0.551142 0.185495 0.602208 0.059769 0.321932 0.875760 28.942854
0.443106 0.913814 0.887644 0.796634 0.814632 0.735676 0.568321 0.682173 0.648668 0.680269 62.499458
0.488050 0.873315 0.846210 0.708607 0.631758 0.664217 0.556272 0.714555 0.612315 0.628794 65.109915
0.421697 1.000000 1.000000 0.674034 0.740837 0.955578 0.750900 0.488620 0.410962 0.561956 51.977466
0.433744 0.780588 0.777370 0.307357 0.964462 0.874183 0.951810 0.035858 0.633507 0.491552 39.932094
0.477976 0.929303 0.868790 0.810261 0.576475 0.643285 0.767861 0.575959 0.509992 0.614020 61.875503
0.468842 0.857425 0.905379 0.630592 0.678306 0.725780 0.713308 0.639230 0.599847 0.720553 63.226766
0.448352 0.941474 0.859107 0.546427 0.559353 0.617243 0.667408 0.637501 0.475428 0.530000 60.709550
0.519149 0.892744 0.903195 0.875075 0.708934 0.836877 0.687410 0.574523 0.472766 0.723851 58.926816
0.451597 0.888455 0.868884 0.758105 0.770684 0.705817 0.637075 0.689820 0.677661 0.529416 64.697422
0.419698 0.857854 0.852018 0.676781 0.700936 0.669007 0.587831 0.696753 0.687566 0.597984 65.196882
0.460585 0.887981 0.854049 0.639127 0.706575 0.780457 0.615890 0.651676 0.658449 0.652981 64.793562
0.445311 0.885196 0.862341 0.713526 0.675686 0.675257 0.638292 0.638245 0.599355 0.599107 69.928368
0.446321 0.898622 0.846770 0.624845 0.638810 0.714997 0.661248 0.644215 0.540170 0.571963 65.679070
0.444640 0.942234 0.885797 0.713617 0.757137 0.706697 0.582857 0.682476 0.587239 0.645519 64.071271
0.449931 0.892854 0.875488 0.785685 0.746275 0.646731 0.618383 0.523075 0.588342 0.472395 63.279646
0.513515 0.607133 0.688205 0.700158 0.394650 0.712111 0.741183 0.446205 0.521979 0.309628 42.066435
0.442139 0.987617 0.879172 0.622950 0.720934 0.563052 0.707063 0.515083 0.301611 0.574963 56.000550
0.503136 0.835593 0.393621 0.865971 0.549960 0.753012 0.907932 0.422100 0.251933 0.561910 0.000000
0.444575 0.903005 0.840119 0.626228 0.704683 0.623472 0.649866 0.680019 0.626568 0.673497 65.075549
0.477600 0.325712 0.339563 0.080724 0.969258 0.343906 0.941555 0.849756 0.535202 0.779458 0.000000
0.426270 0.674151 0.748292 0.633266 0.546730 0.718154 0.516472 0.581705 0.524232 0.582757 51.578700
0.417106 0.904611 0.847783 0.674268 0.597990 0.586362 0.566356 0.669063 0.529472 0.595221 64.211704
0.444577 0.889162 0.886103 0.791948 0.730661 0.728293 0.597520 0.638770 0.610405 0.604604 65.791533
0.455746 0.887100 0.878709 0.865756 0.682815 0.754337 0.688549 0.513501 0.586624 0.623520 62.682301
0.580985 0.742538 0.954575 0.586656 0.896260 0.544106 0.821945 0.693249 0.411012 0.857212 49.147339
0.471260 0.886391 0.857192 0.832162 0.604695 0.664660 0.706173 0.604699 0.535517 0.712371 63.146925
0.400497 0.889348 0.829813 0.590271 0.780843 0.736221 0.617137 0.673029 0.666129 0.698180 62.258138
0.374146 0.830769 0.790433 0.687308 0.642483 0.553142 0.707926 0.699785 0.533290 0.631205 60.646374
0.200349 0.622979 1.000000 0.470843 0.359872 0.599817 0.418344 0.863465 0.532039 0.979829 37.445283
0.314340 0.422616 0.387790 0.528265 0.078119 0.665056 0.503653 0.240167 0.577575 0.032310 0.000000
0.479095 0.940321 0.871520 0.590824 0.639716 0.666464 0.653555 0.528694 0.245181 0.700129 56.043919
0.426319 0.898976 0.812151 0.716769 0.621889 0.549192 0.758299 0.653380 0.631575 0.500147 62.168348
0.432990 0.879063 0.899827 0.648349 0.564184 0.747746 0.722942 0.568451 0.500217 0.428334 60.748617
0.516910 0.903490 0.615555 0.738769 0.375615 0.516279 0.720799 0.713690 0.728827 0.642138 48.623429
0.445311 0.885109 0.862341 0.715714 0.675686 0.677479 0.638292 0.640225 0.599355 0.597960 69.819527
0.444865 0.839065 0.833904 0.692033 0.677285 0.657606 0.590319 0.654672 0.773616 0.531606 62.566124
0.975569 0.793184 0.093688 0.604571 0.736635 0.911533 0.936106 0.143703 0.354445 0.634922 20.046069
0.454190 0.893498 0.865068 0.714134 0.816726 0.677886 0.740495 0.693684 0.526049 0.596542 63.465798
0.447690 0.898833 0.875319 0.660420 0.729136 0.682309 0.510333 0.760392 0.510433 0.517723 62.441027
0.481443 0.947498 0.873243 0.463172 0.743891 0.681040 0.778228 0.660134 0.745456 0.689594 57.805501
0.456722 0.891127 0.822430 0.690047 0.769367 0.982600 0.645866 0.577239 0.774661 0.687534 57.193761
0.975745 0.154406 0.009183 0.858435 0.923247 0.861164 0.897377 0.622605 0.551495 0.613953 0.000000
0.308113 0.288296 0.352844 0.241261 0.406908 0.636470 0.639785 0.316914 0.882848 0.868839 0.000000
0.818026 0.289941 0.003767 0.594300 0.868050 0.600540 0.159615 0.252467 0.944767 0.726832 0.000000
0.476637 0.868721 0.864512 0.679858 0.797274 0.673932 0.675385 0.603590 0.757899 0.560728 62.753199
0.146678 0.551663 0.271058 0.121749 0.269142 0.208497 0.766376 0.499870 0.058857 0.450312 0.000000
0.433931 0.902098 0.816016 0.743078 0.669512 0.620169 0.769222 0.559850 0.624849 0.555055 63.376622
0.975131 0.324662 0.021506 0.534010 0.440370 0.289794 0.547481 0.583195 0.576416 0.936593 0.000000
0.488786 0.858724 0.891898 0.695283 0.777667 0.437485 0.753578 0.618500 0.586019 0.124907 51.513884
0.582916 0.829023 0.918423 0.654967 0.668080 0.652099 0.700780 0.672096 0.533245 0.011964 48.272652
0.425596 0.914896 0.855489 0.542155 0.733542 0.679536 0.763287 0.671440 0.554373 0.514052 61.697077
0.373999 0.857211 0.825369 0.892424 0.560662 0.245124 0.644858 0.648535 0.742666 0.703588 52.517184
0.425749 0.893860 0.849450 0.695318 0.481950 0.786307 0.675910 0.704918 0.663087 0.672832 61.504973
0.389784 0.105743 0.587930 0.681066 0.272954 0.391117 0.994827 0.146299 0.733874 0.213613 0.000000
0.470032 0.892091 0.880949 0.686344 0.729079 0.699198 0.662935 0.434266 0.548594 0.711874 61.678137
0.398917 0.217976 0.591094 0.624166 0.741433 0.441231 0.512887 0.475548 0.450635 0.449431 0.000000
0.420766 0.833950 0.915749 0.769862 0.579400 0.697393 0.723877 0.587788 0.692727 0.650205 61.939926
0.460937 0.920021 1.000000 0.744762 0.593378 0.650195 0.777334 0.577229 0.480223 0.635480 57.929699
0.445285 0.885086 0.862802 0.712414 0.674342 0.675689 0.638337 0.638793 0.598286 0.598686 69.893603
0.395839 0.855071 0.929853 0.571822 0.762793 0.573582 0.644712 0.508422 0.476391 0.559245 59.515175
0.102870 0.311972 0.088933 0.700731 0.667085 0.031001 0.702654 0.553161 0.218753 0.654234 0.000000
0.422900 0.318677 0.237797 0.845448 0.949268 0.695561 0.053481 0.921945 0.830749 0.969845 0.000000
0.424245 0.879495 0.864000 0.594808 0.532649 0.684917 0.689216 0.703890 0.591103 0.740572 61.814861
0.271421 0.183682 0.879379 0.356777 0.302077 0.078101 0.696395 0.134946 0.508860 0.958595 0.000000
0.475778 0.847725 0.872914 0.736491 0.583615 0.676207 0.599064 0.812154 0.659000 0.654583 62.184592
0.409011 0.856812 0.878484 0.612672 0.582985 0.730704 0.478599 0.596521 0.665191 0.675188 61.521493
0.468073 0.859407 0.833351 0.831906 0.635887 0.684968 0.643982 0.588204 0.614183 0.649439 64.412521
0.454357 0.908802 0.871684 0.722885 0.621791 0.534175 0.762643 0.705593 0.513948 0.527180 62.053935
0.940763 0.861475 0.647023 0.357796 0.411640 0.227451 0.875023 0.553806 0.347039 0.360556 0.000000
0.478012 0.925519 0.875517 0.601346 0.541090 0.858333 0.586609 0.624684 0.223949 0.534778 54.528317
0.434577 0.865112 0.827793 0.835470 0.718543 0.667704 0.727673 0.621238 0.528030 0.685773 63.029476
0.461853 0.846258 0.824779 0.625514 0.611195 0.730361 0.678648 0.974652 0.652583 0.536426 57.294045
0.429370 0.845554 0.836367 0.697300 0.610578 0.470525 0.662924 0.627803 0.555281 0.599941 61.984538
0.446795 0.901712 0.855287 0.683480 0.580796 0.633376 0.653828 0.733387 0.536255 0.615445 64.654075
0.369297 0.857734 1.000000 0.874800 0.648273 0.840565 0.839768 0.695683 0.548975 0.493352 54.813459
0.463083 0.885031 0.844714 0.609929 0.693710 0.713573 0.603573 0.689663 0.660180 0.528828 64.616505
0.445320 0.870987 0.825587 0.430867 0.646806 0.637140 0.679014 0.645579 0.638600 0.616459 60.085887
0.439466 0.834170 0.818172 0.735444 0.623507 0.686163 0.807797 0.652898 0.562661 0.541688 62.107019
0.667368 0.646141 0.436276 0.506684 0.268783 0.374955 0.761189 0.130500 0.037175 0.965270 26.606030
0.452752 0.899992 0.894882 0.656732 0.731729 0.655903 0.558426 0.657727 0.494211 0.652256 64.048290
0.479051 0.832076 0.873346 0.623811 0.641167 0.693331 0.593537 0.528110 0.496830 0.780712 60.541575
0.571535 0.110111 0.313875 0.499445 0.300230 0.337678 0.165242 0.926126 0.884190 0.674280 0.000000
0.399074 1.000000 0.942067 0.740236 0.780996 0.668268 0.586862 0.832836 0.702574 0.690184 56.597456
0.617789 0.184412 0.991394 0.039644 0.434262 0.126878 0.461136 0.440561 0.224151 0.548733 0.000000
0.404391 0.899594 0.907943 0.756259 0.478509 0.664796 0.545545 0.582915 0.435283 0.608653 59.959536
0.462505 0.875633 0.885277 0.897824 0.683545 0.769534 0.129750 0.656395 0.724106 0.554263 51.421225
0.421290 0.854223 0.846827 0.740340 0.709854 0.692164 0.706505 0.571542 0.685179 0.560208 64.574171
0.150915 0.900630 1.000000 0.753526 0.643869 0.231813 0.680567 0.691701 0.588262 0.658989 46.021331
0.461449 0.891192 0.863445 0.633263 0.600351 0.710885 0.531968 0.594866 0.587108 0.596519 64.611174
0.453173 0.892410 0.803175 0.838781 0.704469 0.697810 0.706537 0.619509 0.507483 0.522731 62.506219
0.455882 0.884713 0.859074 0.667026 0.686568 0.653857 0.785000 0.685817 0.595587 0.681405 63.993825
0.370675 0.868169 0.964781 0.579967 0.732085 0.470995 0.762574 0.908470 0.410980 0.512803 53.384367
0.458246 0.858850 0.851911 0.793035 0.712922 0.585340 0.594694 0.612056 0.631444 0.583132 64.942080
0.482892 0.924169 0.893238 0.729705 0.671105 0.158270 0.636400 0.591731 0.511323 0.841767 50.620410
0.505010 0.658365 0.848511 0.407822 0.631557 0.717093 0.261284 0.637877 0.925888 0.160614 40.884671
0.451854 0.893322 0.867186 0.696572 0.677410 0.809537 0.664615 0.814681 0.604817 0.523468 62.197811
0.427430 0.862845 0.898348 0.613456 0.749472 0.652968 0.596807 0.572405 0.517596 0.592140 63.656229
0.510376 0.909604 0.837284 0.767580 0.635270 0.686999 0.634540 0.774553 0.617852 0.684835 62.805012
0.452231 0.887997 0.854773 0.792132 0.650577 0.713490 0.647698 0.572752 0.637052 0.685509 65.171385
0.479002 0.901980 0.879461 0.659060 0.734785 0.584695 0.619074 0.684721 0.573090 0.537270 64.568813
0.468878 0.873005 0.828558 0.667987 0.715700 0.705929 0.627046 0.685948 0.520516 0.626093 65.239994
0.421527 0.865577 0.867042 0.635337 0.620052 0.625119 0.516593 0.830782 0.704109 0.940041 55.610595
0.418472 0.904392 0.847465 0.674313 0.598514 0.586162 0.573211 0.476301 0.529608 0.594575 62.322358
0.428985 0.880765 0.910831 0.665173 0.817575 0.700373 0.667634 0.446439 0.630016 0.665086 60.925627
0.515203 0.872874 0.867157 0.687665 0.629592 0.756032 0.607325 0.541961 0.516229 0.336737 59.148419
0.449342 0.870719 0.838704 0.721791 0.624189 0.609128 0.684641 0.587648 0.653399 0.633668 65.476388
0.425470 0.909997 0.849890 0.713415 0.592085 0.732918 0.750043 0.722843 0.587283 0.639154 63.741190
0.437011 0.861526 0.843174 0.821105 0.605958 0.678492 0.669976 0.625036 0.614737 0.567762 64.986762
0.171183 0.484275 0.690648 0.208654 0.459097 0.898197 0.415784 0.976508 0.054596 0.724746 0.000000
0.367847 0.659454 1.000000 0.779776 0.496155 1.000000 0.199956 0.655159 0.696243 0.875672 41.469276
0.444817 0.884060 0.858881 0.724763 0.665666 0.686306 0.742370 0.637020 0.550726 0.740962 63.993860
0.451239 0.898996 0.866495 0.599699 0.666929 0.614972 0.645996 0.646701 0.643868 0.637011 65.270038
0.562895 0.724809 0.498943 0.739741 0.733052 0.538933 0.607650 0.449378 0.799637 0.701462 0.000000
0.428902 0.894424 0.853119 0.612748 0.598923 0.657610 0.702067 0.625213 0.546855 0.532035 64.394507
0.472276 0.893401 0.871088 0.773793 0.687865 0.718345 0.700540 0.741781 0.552079 0.683698 64.093867
0.373074 0.930058 0.670287 0.052013 0.781831 0.440222 0.544231 0.544186 0.403669 0.452041 41.390298
0.771292 0.801420 0.768222 0.401537 0.056155 0.977605 0.872976 0.193493 0.779580 0.373015 0.000000
0.465858 0.890865 0.843666 0.853418 0.720241 0.678691 0.635311 0.701402 0.643307 0.532624 63.863148
0.414656 0.845567 0.880119 0.493612 0.753029 0.640096 0.687626 0.555197 0.646932 0.722400 60.008856
0.448997 0.886202 0.909822 0.675194 0.665995 0.698607 0.607606 0.339382 0.632751 0.576787 59.485823
0.459389 0.905643 0.828836 0.721663 0.468216 0.675940 0.575773 0.686459 0.601526 0.705635 61.498821
0.439834 0.959257 0.877608 0.729227 0.625191 0.717437 0.547124 0.596971 0.657780 0.645625 62.913537
0.382604 0.869560 0.925864 0.632447 0.701156 0.518707 0.734134 0.512261 0.516567 0.532172 59.748461
0.556282 0.870640 0.495771 0.668688 0.640721 0.632921 0.632094 0.696760 0.596671 0.601825 0.000000
0.966766 0.249918 0.286111 0.400131 0.485235 0.091004 0.080710 0.567785 0.229663 0.748937 0.000000
0.460576 0.829485 0.861276 0.571060 0.657599 0.624543 0.751671 0.549666 0.728659 0.370028 58.278589
0.440361 0.658686 0.864046 0.899468 0.755172 0.478661 0.616899 0.605986 0.681227 0.625507 51.148324
0.463437 1.000000 0.801922 0.737573 0.634685 0.760239 0.491999 0.446663 0.631041 0.620500 57.430680
0.466378 0.896586 0.864186 0.708374 0.650605 0.716107 0.609171 0.730925 0.614725 0.548363 65.792537
0.443249 0.888283 0.873527 0.735123 0.701689 0.741263 0.604051 0.736365 0.673534 0.660236 64.708460
0.488457 0.916329 0.868419 0.818798 0.598320 0.818130 0.580027 0.669728 0.538309 0.503382 61.656764
0.472156 0.892834 0.860688 0.584191 0.759251 0.703635 0.681988 0.647873 0.718250 0.679736 62.754883
0.272064 0.965008 0.981151 0.883387 0.767567 0.911840 0.836130 0.426498 0.692080 0.536431 50.167220
0.423876 0.884466 0.875565 0.598905 0.708019 0.595763 0.490425 0.655466 0.597920 0.632473 63.028312
0.441328 0.883326 0.884178 0.744345 0.785548 0.005625 0.612911 0.553900 0.623345 0.659210 47.451587
0.440837 0.880128 0.863241 0.717658 0.506237 0.717009 0.699729 0.791874 0.546960 0.480673 61.028462
0.445557 0.880273 0.837770 0.727511 0.745787 0.585173 0.637845 0.677268 0.754418 0.637662 63.228479
0.436827 0.924630 0.816967 0.697665 0.798291 0.718947 0.513336 0.713005 0.646805 0.628056 62.127205
0.450506 0.918791 0.844797 0.654499 0.482178 0.591552 0.666866 0.829878 0.477667 0.631391 59.247843
0.443768 0.885223 0.862785 0.715921 0.676192 0.675399 0.636748 0.636494 0.600909 0.598066 69.812763
0.817412 0.322135 0.737270 0.655815 0.380429 0.442022 0.987231 0.516993 0.728721 0.885663 0.000000
0.413826 0.867352 0.098160 0.703976 0.616283 0.517368 0.708440 0.614485 0.652241 0.536528 0.000000
0.248002 0.647669 0.113509 0.332705 0.173263 0.723211 0.666653 0.938343 0.818328 0.320395 0.000000
0.988915 0.540036 0.100743 0.779493 0.953400 0.669392 0.573598 0.587837 0.383562 0.242082 0.000000
0.423351 0.882756 0.855214 0.701061 0.545862 0.727374 0.638591 0.601735 0.580601 0.524445 64.470311
0.468880 0.831547 0.875937 0.708538 0.665676 0.852936 0.629441 0.629269 0.786176 0.561466 60.517291
0.462539 0.911140 0.801282 0.595547 0.798701 0.742073 0.645143 0.709260 0.645931 0.581665 61.905954
0.422536 0.923317 0.854303 0.689865 0.670649 0.655905 0.509152 0.553303 0.612948 0.613667 64.013563
0.410190 0.880888 0.891788 0.668538 0.577335 0.784236 0.712104 0.605213 0.555409 0.572128 63.435836
0.461926 0.856359 0.883112 0.834166 0.745008 0.568624 0.724080 0.583606 0.621042 0.600954 62.799007
0.440035 0.869788 0.849198 0.695251 0.627576 0.648277 0.609046 0.654017 0.659489 0.679287 65.846551
0.445826 0.879261 0.872234 0.738172 0.639750 0.527810 0.594243 0.678099 0.566744 0.754637 62.490122
0.458607 0.883813 0.858887 0.699969 0.569593 0.731482 0.714182 0.344220 0.986781 0.550280 53.356834
0.446414 0.913743 0.836341 0.641759 0.687221 0.746357 0.704106 0.667853 0.579262 0.632285 64.949960
0.428531 0.867126 0.994309 0.547619 0.435249 0.888720 0.551338 0.408955 0.842487 0.654994 51.205455
0.707454 0.783072 0.364778 0.069464 0.944278 0.702832 0.085979 0.801980 0.463756 0.904248 23.126867
0.539186 0.875247 0.980121 1.000000 0.648130 0.758649 0.573435 0.761965 0.691709 0.774748 54.154988
0.458172 0.935184 0.854956 0.831358 0.577282 0.669405 0.636335 0.610763 0.446212 0.591620 61.944638
0.430463 0.876422 0.861916 0.690635 0.682926 0.638448 0.624047 0.560461 0.545936 0.623732 66.341259
# OSA solutions
0.443971 0.884881 0.861341 0.713277 0.678726 0.722898 0.654726 0.636574 0.601672 0.599063 68.324799
0.445616 0.887559 0.861556 0.718323 0.670895 0.660358 0.641540 0.642281 0.660441 0.591244 67.915343
0.474999 0.870479 0.868625 0.725051 0.682603 0.679038 0.695156 0.635116 0.621618 0.598208 67.137337
0.447458 0.893764 0.863408 0.736351 0.676619 0.646608 0.643320 0.681600 0.596241 0.593411 67.990326
0.446930 0.875596 0.858851 0.747043 0.707582 0.715836 0.663543 0.625842 0.568517 0.563653 67.159761
0.443816 0.882597 0.865047 0.703028 0.690100 0.724127 0.622640 0.629994 0.605148 0.597153 68.172013
0.448452 0.886591 0.858832 0.753974 0.663790 0.692357 0.644281 0.604051 0.618025 0.640984 67.597763
0.445196 0.888843 0.851883 0.677293 0.649513 0.640889 0.631650 0.588509 0.649180 0.590998 66.982703
0.443149 0.875771 0.859301 0.681061 0.625419 0.674250 0.649373 0.602902 0.647920 0.626406 67.027611
0.468695 0.880307 0.847058 0.686694 0.640350 0.706686 0.633306 0.661114 0.599236 0.609929 67.437804
0.458653 0.884901 0.873180 0.717678 0.695307 0.678297 0.653830 0.635112 0.573067 0.598558 68.381948
0.446047 0.887906 0.857427 0.719431 0.693282 0.693647 0.628423 0.660749 0.580282 0.645318 67.950172
0.467588 0.884447 0.857906 0.709201 0.704431 0.685244 0.606764 0.639743 0.630597 0.596870 67.854201
0.445207 0.900699 0.830650 0.707093 0.704114 0.702666 0.647841 0.614869 0.596020 0.577287 67.029063
0.445744 0.882510 0.860001 0.741348 0.711028 0.745964 0.650230 0.662343 0.595383 0.609401 67.054211
0.439385 0.891727 0.856016 0.693372 0.713435 0.687689 0.656541 0.656945 0.555102 0.561375 67.315851
0.445154 0.877549 0.864233 0.701053 0.636682 0.644429 0.643153 0.654746 0.569441 0.637774 67.569121
0.452439 0.883618 0.864838 0.711037 0.717038 0.673882 0.607003 0.631962 0.573807 0.592404 68.025592
0.432917 0.880333 0.857086 0.717787 0.685601 0.667532 0.642255 0.624385 0.584445 0.558625 68.196777
0.447176 0.889250 0.865524 0.709161 0.724046 0.634236 0.604700 0.651350 0.588317 0.637994 67.252023
0.434117 0.880082 0.856042 0.665446 0.683483 0.686906 0.630656 0.600025 0.616121 0.624399 67.594537
0.461702 0.887748 0.854965 0.693424 0.654925 0.697331 0.668433 0.631470 0.602651 0.648687 67.550484
0.412550 0.878080 0.858197 0.732786 0.698248 0.641526 0.660883 0.636430 0.585070 0.569645 67.223909
0.437962 0.887477 0.851975 0.698216 0.678926 0.718052 0.690359 0.642340 0.640984 0.567501 67.024421
0.423403 0.882400 0.850155 0.714264 0.685841 0.677963 0.638294 0.636715 0.639101 0.596426 67.995373
0.437696 0.889224 0.865314 0.708392 0.618837 0.647218 0.640290 0.612513 0.622752 0.594800 67.590825
0.441935 0.866410 0.851540 0.711875 0.689133 0.653393 0.612739 0.656366 0.588520 0.597851 67.935550
0.420497 0.884901 0.866343 0.717678 0.662513 0.678297 0.621393 0.635112 0.577782 0.598558 68.256050
0.447461 0.891332 0.860728 0.703809 0.679431 0.717634 0.640525 0.654674 0.585771 0.641054 67.855385
0.438390 0.876892 0.875143 0.730859 0.656360 0.695374 0.684580 0.606606 0.567651 0.600924 67.355613
0.451472 0.880184 0.848204 0.688639 0.644651 0.635106 0.669856 0.635613 0.606449 0.611431 67.604564
0.441441 0.884901 0.848431 0.717678 0.647660 0.678297 0.650666 0.635112 0.609191 0.598558 68.565037
0.440372 0.885072 0.859898 0.712369 0.681044 0.675600 0.649326 0.637157 0.603164 0.600792 69.440046
0.451676 0.887906 0.853117 0.719431 0.657837 0.693647 0.628553 0.660749 0.629442 0.645318 67.752916
0.437270 0.887062 0.866006 0.692235 0.671550 0.628186 0.678379 0.672493 0.631606 0.594537 67.297792
0.443696 0.888815 0.862751 0.676270 0.655234 0.706232 0.640955 0.619367 0.636041 0.596601 67.828982
0.427513 0.886121 0.855500 0.715266 0.625383 0.672590 0.679726 0.636030 0.625282 0.602030 67.456526
0.451442 0.889404 0.853244 0.701012 0.643397 0.675625 0.637970 0.648507 0.650287 0.604277 67.850448
0.432994 0.869673 0.838067 0.744474 0.681113 0.670305 0.639482 0.621504 0.588556 0.553416 67.115341
0.432917 0.876892 0.857086 0.730859 0.685601 0.695374 0.642255 0.606606 0.584445 0.600924 68.210007
0.443421 0.878573 0.882768 0.721433 0.703432 0.640449 0.633607 0.679170 0.568591 0.568505 67.095346
0.429304 0.875889 0.867610 0.737884 0.651527 0.734719 0.654288 0.629193 0.560159 0.594797 67.067247
0.440099 0.884901 0.865463 0.717678 0.663276 0.678297 0.611548 0.635112 0.616136 0.598558 68.840482
0.436477 0.895629 0.856715 0.673083 0.695371 0.656145 0.596866 0.623427 0.591546 0.623617 67.532386
0.445305 0.884204 0.862781 0.721747 0.672497 0.667587 0.641537 0.659598 0.599294 0.596603 69.152901
0.445311 0.886571 0.862341 0.710360 0.675686 0.686282 0.638292 0.645564 0.599355 0.612687 69.371818
0.469390 0.899212 0.840098 0.706535 0.633886 0.654094 0.644285 0.613359 0.570435 0.581320 66.960176
0.453249 0.885560 0.875219 0.694608 0.639656 0.674635 0.637006 0.602832 0.609120 0.601463 67.995114
0.448185 0.885331 0.862998 0.746714 0.682280 0.709828 0.606698 0.604363 0.547931 0.609865 67.203147
0.445285 0.889469 0.862802 0.703659 0.674342 0.663577 0.638337 0.629757 0.598286 0.673658 67.511817
0.412204 0.885264 0.880699 0.713171 0.669308 0.671477 0.677742 0.646545 0.627899 0.564896 66.993874
0.441714 0.885309 0.867708 0.711404 0.608266 0.681312 0.648066 0.638034 0.578115 0.597852 67.625184
0.446802 0.886075 0.863137 0.702711 0.680530 0.676567 0.638848 0.639689 0.599221 0.598578 69.601240
0.445126 0.884648 0.837288 0.731026 0.715553 0.698103 0.654646 0.668848 0.580233 0.571490 67.130610
0.453920 0.885159 0.859604 0.733528 0.677972 0.676644 0.681579 0.601725 0.565679 0.604536 67.666231
0.448466 0.889120 0.864790 0.646366 0.687342 0.714557 0.647960 0.644324 0.595902 0.573415 67.245212
0.451676 0.881399 0.853117 0.781005 0.657837 0.698005 0.628553 0.640918 0.629442 0.588724 67.238947
0.459508 0.888071 0.870467 0.697675 0.699518 0.677666 0.632049 0.648478 0.630978 0.594997 68.258657
0.445616 0.869880 0.861556 0.720319 0.670895 0.687861 0.641540 0.630667 0.596416 0.543309 67.769220
0.455473 0.884901 0.867768 0.717678 0.660744 0.678297 0.664075 0.635112 0.576016 0.598558 68.561984
0.437389 0.884710 0.854520 0.714617 0.676733 0.670552 0.605742 0.638632 0.589378 0.595626 68.681795
0.430175 0.899099 0.887025 0.761624 0.678687 0.685434 0.616193 0.637896 0.574623 0.604083 67.084393
0.445616 0.882140 0.861556 0.698311 0.670895 0.707726 0.641540 0.636622 0.596416 0.608137 68.762216
0.450865 0.885402 0.860810 0.725973 0.667687 0.677369 0.640318 0.555811 0.592956 0.633971 67.036899
0.441670 0.893792 0.859750 0.717678 0.709188 0.678297 0.626242 0.635112 0.567302 0.598558 68.259230
0.445616 0.883242 0.861556 0.702657 0.670895 0.673169 0.641540 0.628083 0.596416 0.605745 69.444731
0.445305 0.881862 0.862781 0.708470 0.672497 0.697592 0.641537 0.663911 0.599294 0.634260 68.372094
0.458472 0.885245 0.875921 0.740115 0.685985 0.695747 0.634404 0.603079 0.625818 0.561397 67.478177
0.438521 0.885072 0.865929 0.712369 0.660872 0.675600 0.641840 0.637157 0.608276 0.600792 69.268739
0.432208 0.884401 0.877807 0.698293 0.684992 0.664309 0.596699 0.598248 0.593613 0.603352 67.626705
0.426352 0.883232 0.856916 0.676647 0.681761 0.707227 0.649171 0.660841 0.586527 0.601434 67.819833
0.445093 0.892914 0.848531 0.718429 0.675222 0.624806 0.634480 0.668752 0.612120 0.641750 67.358698
0.450865 0.891725 0.860810 0.684337 0.667687 0.694217 0.640318 0.664710 0.592956 0.614805 68.359759
0.411971 0.889404 0.877077 0.701012 0.673393 0.675625 0.613540 0.648507 0.583302 0.604277 67.592572
0.459900 0.864509 0.862034 0.709421 0.630981 0.694570 0.636757 0.626947 0.616256 0.571896 67.446441
0.445285 0.889469 0.862802 0.703659 0.674342 0.663577 0.638337 0.629757 0.598286 0.586101 69.230083
0.472122 0.881927 0.861837 0.738250 0.686244 0.709044 0.609616 0.618945 0.585303 0.620419 67.526750
0.436042 0.889404 0.845470 0.701012 0.694797 0.675625 0.683583 0.648507 0.638633 0.604277 67.499530
0.437962 0.882400 0.836302 0.714264 0.681834 0.677963 0.690359 0.636715 0.566071 0.596426 67.236664
0.459794 0.870566 0.872828 0.725371 0.685260 0.730658 0.605616 0.606272 0.596552 0.582141 67.118507
0.441432 0.888530 0.861018 0.700905 0.746630 0.669683 0.641342 0.654730 0.628581 0.607513 67.344672
0.457440 0.876892 0.871738 0.730859 0.675208 0.695374 0.631401 0.606606 0.569180 0.600924 67.981857
0.445311 0.890790 0.863801 0.712215 0.621178 0.648904 0.673965 0.625053 0.584415 0.650727 67.067397
0.434575 0.884901 0.849890 0.717678 0.648779 0.678297 0.677573 0.635112 0.576485 0.598558 67.956405
0.445599 0.899421 0.849546 0.677108 0.680695 0.711067 0.671227 0.654141 0.588429 0.614432 67.468140
0.444612 0.886172 0.851757 0.713608 0.617743 0.705741 0.673350 0.636325 0.552919 0.598833 67.036552
0.432917 0.882140 0.857086 0.696227 0.685601 0.642183 0.642255 0.631892 0.584445 0.539692 67.463468
0.435440 0.879806 0.846694 0.709799 0.683718 0.721410 0.666307 0.630533 0.575258 0.555009 67.217794
0.444006 0.886765 0.857004 0.708054 0.691943 0.635300 0.597870 0.638163 0.613684 0.618842 67.897377
0.446745 0.883191 0.862983 0.710941 0.675051 0.712092 0.633040 0.623251 0.591034 0.552821 67.948795
0.432917 0.881214 0.857086 0.712470 0.685601 0.630173 0.642255 0.637979 0.584445 0.590686 68.169767
0.459863 0.887541 0.866066 0.700863 0.677544 0.706004 0.652308 0.623590 0.548339 0.549325 67.185287
0.451676 0.876892 0.853117 0.730859 0.657837 0.695374 0.628553 0.606606 0.629442 0.600924 68.001929
0.437852 0.899580 0.844369 0.736014 0.642744 0.686157 0.630253 0.637931 0.638455 0.585791 67.469565
0.481537 0.884452 0.848611 0.727778 0.680017 0.694454 0.640280 0.624779 0.618509 0.647750 67.102513
0.437524 0.876892 0.870054 0.730859 0.650773 0.695374 0.659154 0.606606 0.625552 0.600924 67.877634
0.432917 0.871628 0.857086 0.712494 0.685601 0.712586 0.642255 0.640574 0.584445 0.570843 67.903772
0.450258 0.895828 0.863076 0.669645 0.734771 0.659825 0.608758 0.618804 0.613679 0.624918 67.034994
0.441118 0.882628 0.834721 0.735664 0.632593 0.650038 0.635273 0.670365 0.586967 0.632015 66.965510
0.443568 0.880067 0.866194 0.693740 0.677918 0.668690 0.645412 0.644598 0.614803 0.626122 68.681145
0.435382 0.887419 0.863521 0.714870 0.623556 0.650656 0.622109 0.638793 0.609475 0.613568 67.906799
0.412208 0.876892 0.853914 0.730859 0.692474 0.695374 0.615055 0.606606 0.622138 0.600924 67.297887
0.445311 0.885072 0.862341 0.712369 0.675686 0.675600 0.638292 0.637157 0.599355 0.600792 69.938387
0.451676 0.873020 0.853117 0.693229 0.657837 0.685206 0.628553 0.677797 0.629442 0.585937 67.757941
0.484037 0.881649 0.859237 0.735097 0.685282 0.674797 0.643724 0.647422 0.627616 0.608605 67.503027
0.417556 0.874736 0.859858 0.729492 0.666934 0.703896 0.646409 0.640571 0.572960 0.561153 67.399798
0.452047 0.885072 0.858253 0.712369 0.671784 0.675600 0.642156 0.637157 0.593049 0.600792 69.474044
0.412208 0.888071 0.853914 0.697675 0.692474 0.677666 0.615055 0.648478 0.622138 0.594997 67.641543
0.436579 0.884803 0.871668 0.674464 0.686764 0.663920 0.677571 0.665346 0.623841 0.652683 67.062001
0.438390 0.887644 0.875143 0.699236 0.656360 0.678142 0.684580 0.629864 0.567651 0.590316 67.718520
0.448741 0.885996 0.864512 0.660375 0.688670 0.663773 0.655791 0.639703 0.605288 0.590160 68.052282
0.435034 0.874857 0.847385 0.728992 0.643353 0.673816 0.617048 0.601147 0.652181 0.578557 67.077325
0.447272 0.870267 0.884519 0.713641 0.677238 0.658803 0.653841 0.637839 0.628254 0.586196 67.741646
0.449458 0.894122 0.867781 0.710856 0.677490 0.712620 0.687275 0.595543 0.632933 0.630136 67.036790
0.457338 0.894123 0.861458 0.728440 0.745362 0.652908 0.636748 0.654665 0.597735 0.578634 67.223440
0.437718 0.880025 0.871185 0.760940 0.678589 0.693625 0.599930 0.643397 0.585708 0.652485 67.115099
0.432605 0.882400 0.890197 0.714264 0.693504 0.677963 0.628198 0.636715 0.606198 0.596426 67.819723
0.445381 0.884258 0.869937 0.714282 0.673902 0.698702 0.640265 0.632072 0.591368 0.589383 68.935697
0.443300 0.885731 0.868369 0.725189 0.721545 0.680862 0.610318 0.638626 0.595829 0.594965 68.112029
0.451292 0.874611 0.850888 0.674566 0.619668 0.686460 0.619582 0.655050 0.570690 0.572938 67.069916
