# gen=0 mediating population
# x0..x(D-1) f0 f1 consensus
0.007195 0.764499 0.103711 0.529867 0.595048 0.213980 0.131716 0.592542 0.275672 0.597148 0.467719 0.467719 0.467719
0.875147 0.493272 0.697710 0.905557 0.025250 0.336073 0.535701 0.391515 0.220533 0.972387 0.467719 0.467719 0.467719
0.337120 0.662769 0.643473 0.662937 0.165833 0.012010 0.149584 0.250022 0.339816 0.762819 0.467719 0.467719 0.467719
0.968459 0.789578 0.943464 0.985282 0.896384 0.232925 0.010015 0.766119 0.329098 0.400995 0.467719 0.467719 0.467719
0.787894 0.671228 0.734278 0.974052 0.864169 0.810465 0.889584 0.536340 0.146748 0.483158 0.467719 0.467719 0.467719
0.077544 0.532481 0.607230 0.338241 0.186389 0.634383 0.647570 0.212820 0.366136 0.479770 0.467719 0.424037 0.424037
0.489102 0.968793 0.317111 0.097776 0.221554 0.830570 0.405531 0.031200 0.095422 0.929929 0.467719 0.467719 0.467719
0.570608 0.145231 0.216761 0.501762 0.114823 0.168032 0.706503 0.135722 0.612568 0.557650 0.467719 0.419108 0.419108
0.923547 0.834625 0.518013 0.460547 0.919042 0.355061 0.477218 0.285206 0.590160 0.450164 0.467719 0.467719 0.467719
0.657299 0.043165 0.299201 0.052824 0.836698 0.040757 0.501581 0.837744 0.868395 0.706338 0.467719 0.467719 0.467719
0.969212 0.220558 0.803591 0.320979 0.242212 0.380451 0.162339 0.381800 0.413774 0.517515 0.467719 0.467719 0.467719
0.057535 0.165813 0.340517 0.443057 0.471904 0.149181 0.947199 0.760175 0.394558 0.885643 0.467719 0.467719 0.467719
0.756507 0.306067 0.533173 0.371795 0.748568 0.851868 0.850531 0.641381 0.538274 0.369971 0.467719 0.467719 0.467719
0.877422 0.580494 0.602080 0.530676 0.710327 0.470137 0.540352 0.130640 0.194002 0.247957 0.467719 0.467719 0.467719
0.595328 0.854161 0.788803 0.285496 0.479176 0.019380 0.364457 0.194468 0.189609 0.649859 0.467719 0.467719 0.467719
0.427783 0.507060 0.326666 0.622754 0.894993 0.325973 0.315325 0.670725 0.627835 0.311110 0.351989 0.467719 0.351989
0.465371 0.799562 0.310862 0.495207 0.757045 0.284520 0.304467 0.438874 0.432916 0.523656 0.467719 0.467719 0.467719
0.332247 0.403832 0.201456 0.291345 0.715873 0.127368 0.316648 0.715143 0.572034 0.651743 0.467719 0.467719 0.467719
0.488203 0.492529 0.453651 0.425423 0.418630 0.297215 0.147028 0.487171 0.344723 0.557332 0.467719 0.467719 0.467719
0.032365 0.465156 0.222114 0.486462 0.533476 0.181580 0.539457 0.676359 0.335115 0.741395 0.467719 0.467719 0.467719
0.381851 0.535283 0.318442 0.450831 0.671808 0.532924 0.491123 0.616962 0.406973 0.483560 0.467719 0.467719 0.467719
0.442308 0.672497 0.352896 0.530271 0.652687 0.342058 0.336034 0.361591 0.234837 0.422553 0.467719 0.467719 0.467719
0.301262 0.809330 0.446257 0.407682 0.537112 0.116680 0.248086 0.393505 0.232641 0.623503 0.467719 0.424037 0.424037
0.217489 0.635780 0.215189 0.576310 0.745021 0.269976 0.223521 0.631634 0.451754 0.454129 0.467719 0.467719 0.467719
0.899347 0.663949 0.607861 0.683052 0.472146 0.345567 0.506460 0.338361 0.405346 0.711276 0.467719 0.467719 0.467719
0.766223 0.268218 0.498455 0.479190 0.430974 0.188415 0.518641 0.614629 0.544464 0.839363 0.467719 0.467719 0.467719
0.922180 0.356915 0.750651 0.613268 0.133731 0.358262 0.349020 0.386657 0.317154 0.744951 0.467719 0.467719 0.467719
0.466341 0.329543 0.519113 0.674307 0.248577 0.242627 0.741450 0.575845 0.307545 0.929015 0.351989 0.467719 0.351989
0.815827 0.399670 0.615441 0.638676 0.386909 0.593971 0.693116 0.516448 0.379404 0.671179 0.467719 0.467719 0.467719
0.876284 0.536883 0.649895 0.718116 0.367788 0.403105 0.538027 0.261077 0.207268 0.610172 0.467719 0.467897 0.467719
0.735238 0.673717 0.743256 0.595527 0.252213 0.177727 0.450079 0.292992 0.205071 0.811123 0.467719 0.467719 0.467719
0.651465 0.500166 0.512188 0.764155 0.460122 0.331023 0.425513 0.531120 0.424184 0.641749 0.467719 0.467719 0.467719
0.630334 0.748697 0.580743 0.561742 0.542437 0.183536 0.313401 0.267614 0.464988 0.606491 0.467719 0.467719 0.467719
0.497210 0.352967 0.471337 0.357880 0.501265 0.026384 0.325582 0.543883 0.604106 0.734579 0.467719 0.467719 0.467719
0.653166 0.441664 0.723532 0.491958 0.204023 0.196231 0.155961 0.315911 0.376795 0.640167 0.467719 0.467719 0.467719
0.197328 0.414291 0.491995 0.552997 0.318868 0.080596 0.548391 0.505099 0.367187 0.824231 0.351989 0.467719 0.351989
0.546814 0.484418 0.588323 0.517366 0.457200 0.431939 0.500057 0.445702 0.439045 0.566395 0.467719 0.467719 0.467719
0.607271 0.621632 0.622777 0.596806 0.438080 0.241074 0.344968 0.190331 0.266909 0.505388 0.467719 0.467719 0.467719
0.466224 0.758465 0.716138 0.474217 0.322504 0.015695 0.257020 0.222245 0.264713 0.706339 0.467719 0.467719 0.467719
0.382451 0.584915 0.485070 0.642845 0.530413 0.168992 0.232454 0.460374 0.483826 0.536965 0.467719 0.467719 0.467719
0.946003 0.812102 0.730739 0.722914 0.907713 0.293993 0.243616 0.525663 0.459629 0.425580 0.467719 0.467719 0.467719
0.812879 0.416371 0.621332 0.519053 0.866541 0.136841 0.255798 0.801931 0.598746 0.553667 0.467719 0.467719 0.467719
0.968836 0.505068 0.873528 0.653130 0.569298 0.306688 0.086177 0.573959 0.371436 0.459255 0.467719 0.467719 0.467719
0.512997 0.477696 0.641990 0.714169 0.684144 0.191053 0.478607 0.763147 0.361828 0.643319 0.351989 0.467719 0.351989
0.862483 0.547823 0.738318 0.678538 0.822476 0.542397 0.430273 0.703750 0.433686 0.385483 0.467719 0.467719 0.467719
0.922941 0.685036 0.772772 0.757979 0.803355 0.351531 0.275183 0.448380 0.261550 0.324476 0.467719 0.467719 0.467719
0.781894 0.821870 0.866133 0.635389 0.687780 0.126153 0.187236 0.480294 0.259353 0.525427 0.467719 0.467719 0.467719
0.698121 0.648319 0.635065 0.804018 0.895689 0.279449 0.162670 0.718422 0.478467 0.356053 0.467719 0.467719 0.467719
0.855720 0.752926 0.626146 0.717300 0.891606 0.582763 0.683401 0.410773 0.368454 0.466661 0.467719 0.467719 0.467719
0.722596 0.357196 0.516739 0.513438 0.850433 0.425611 0.695582 0.687042 0.507572 0.594748 0.467719 0.467719 0.467719
0.878553 0.445893 0.768935 0.647515 0.553191 0.595458 0.525962 0.459070 0.280261 0.500337 0.467719 0.467719 0.467719
0.422714 0.418520 0.537398 0.708554 0.668037 0.479823 0.918391 0.648258 0.270653 0.684401 0.351989 0.467719 0.351989
0.772200 0.488647 0.633725 0.672924 0.806368 0.831167 0.870057 0.588861 0.342511 0.426565 0.467719 0.467719 0.467719
0.832658 0.625861 0.668179 0.752364 0.787248 0.640301 0.714968 0.333490 0.170375 0.365558 0.467719 0.467719 0.467719
0.691611 0.762695 0.761540 0.629774 0.671672 0.414923 0.627020 0.365404 0.168179 0.566508 0.467719 0.467719 0.467719
0.607838 0.589144 0.530472 0.798403 0.879581 0.568219 0.602455 0.603533 0.387292 0.397134 0.467719 0.467719 0.467719
0.500546 0.683553 0.562621 0.399394 0.552716 0.494722 0.562394 0.249013 0.478148 0.464967 0.467719 0.467719 0.467719
0.367422 0.287823 0.453215 0.195533 0.511543 0.337570 0.574575 0.525282 0.617266 0.593054 0.467719 0.467719 0.467719
0.523378 0.376520 0.705411 0.329610 0.214301 0.507417 0.404954 0.297310 0.389955 0.498643 0.467719 0.467719 0.467719
0.067540 0.349147 0.473873 0.390649 0.329147 0.391782 0.797384 0.486498 0.380347 0.682706 0.467719 0.467719 0.467719
0.417026 0.419274 0.570201 0.355018 0.467478 0.743125 0.749050 0.427101 0.452205 0.424870 0.467719 0.467719 0.467719
0.477483 0.556487 0.604655 0.434459 0.448358 0.552260 0.593961 0.171730 0.280069 0.363864 0.467719 0.467719 0.467719
0.336436 0.693321 0.698016 0.311869 0.332782 0.326881 0.506013 0.203644 0.277873 0.564814 0.467719 0.424037 0.424037
0.252664 0.519770 0.466948 0.480497 0.540691 0.480178 0.481447 0.441773 0.496986 0.395440 0.467719 0.424037 0.424037
0.706324 0.901709 0.417562 0.279162 0.570298 0.592816 0.441374 0.158203 0.342791 0.690047 0.350529 0.467719 0.350529
0.573201 0.505979 0.308156 0.075300 0.529126 0.435664 0.453556 0.434472 0.481909 0.818134 0.467719 0.467719 0.467719
0.729157 0.594676 0.560351 0.209377 0.231883 0.605510 0.283935 0.206500 0.254598 0.723722 0.350529 0.467719 0.350529
0.273318 0.567303 0.328814 0.270417 0.346729 0.489876 0.676365 0.395687 0.244990 0.907786 0.467719 0.467719 0.467719
0.622804 0.637430 0.425142 0.234786 0.485061 0.841219 0.628031 0.336291 0.316848 0.649950 0.359415 0.467719 0.359415
0.683262 0.774643 0.459596 0.314226 0.465940 0.650353 0.472941 0.080920 0.144712 0.588943 0.350529 0.467719 0.350529
0.542215 0.911477 0.552957 0.191636 0.350365 0.424975 0.384994 0.112834 0.142516 0.789894 0.359415 0.467719 0.359415
0.458442 0.737926 0.321889 0.360265 0.558274 0.578272 0.360428 0.350963 0.361629 0.620520 0.467719 0.467719 0.467719
0.747078 0.489928 0.367387 0.481155 0.516932 0.261546 0.591861 0.210464 0.601364 0.503907 0.467719 0.467719 0.467719
0.613954 0.094198 0.257981 0.277293 0.475760 0.104394 0.604042 0.486733 0.740482 0.631994 0.467719 0.419108 0.419108
0.769910 0.182894 0.510176 0.411371 0.178518 0.274241 0.434421 0.258761 0.513171 0.537583 0.467719 0.467719 0.467719
0.314072 0.155522 0.278639 0.472410 0.293363 0.158607 0.826851 0.447949 0.503563 0.721646 0.467719 0.467719 0.467719
0.663558 0.225649 0.374967 0.436779 0.431695 0.509950 0.778517 0.388552 0.575421 0.463810 0.467719 0.467719 0.467719
0.724015 0.362862 0.409421 0.516219 0.412575 0.319084 0.623428 0.133181 0.403285 0.402804 0.467719 0.467719 0.467719
0.582968 0.499696 0.502782 0.393629 0.296999 0.093706 0.535480 0.165095 0.401089 0.603754 0.467719 0.467719 0.467719
0.499196 0.326145 0.271713 0.562258 0.504908 0.247002 0.510914 0.403224 0.620202 0.434380 0.351989 0.467719 0.351989
0.128691 0.374087 0.575926 0.279408 0.783029 0.923070 0.198365 0.014433 0.173441 0.528967 0.467719 0.467719 0.467719
0.518146 0.297128 0.290113 0.116945 0.462444 0.410854 0.840701 0.204476 0.866129 0.423679 0.467719 0.467719 0.467719
0.384885 0.055996 0.075448 0.514369 0.030906 0.218106 0.353104 0.767735 0.334277 0.256895 0.313699 0.467719 0.313699
0.983729 0.135057 0.342296 0.216988 0.269402 0.541856 0.774320 0.490644 0.470984 0.074581 0.467719 0.467719 0.467719
0.898419 0.263923 0.438658 0.936899 0.318402 0.842549 0.577307 0.178927 0.605647 0.792911 0.467719 0.467719 0.467719
0.901789 0.193401 0.452569 0.415805 0.598181 0.786265 0.890582 0.034372 0.915858 0.927513 0.467719 0.467719 0.467719
0.015911 0.570587 0.368819 0.602930 0.670930 0.957601 0.032165 0.175098 0.408347 0.273419 0.467719 0.467719 0.467719
0.933868 0.111545 0.058330 0.747465 0.684047 0.210263 0.033985 0.618320 0.341667 0.857471 0.372174 0.419108 0.372174
0.118431 0.864423 0.078213 0.901059 0.403532 0.905773 0.582616 0.721022 0.343451 0.623288 0.467719 0.467719 0.467719
0.275034 0.378177 0.086551 0.538786 0.524404 0.430357 0.869886 0.412226 0.020408 0.249735 0.351989 0.467719 0.351989
0.801792 0.874720 0.982761 0.742838 0.668050 0.268810 0.076390 0.390350 0.645388 0.896406 0.467719 0.467719 0.467719
0.041646 0.912857 0.516692 0.416199 0.467250 0.884078 0.723702 0.263582 0.181292 0.847397 0.467719 0.424037 0.424037
0.907610 0.006861 0.847034 0.131281 0.882586 0.732860 0.131590 0.081027 0.904217 0.060574 0.467719 0.467719 0.467719
0.080606 0.745011 0.161242 0.688617 0.582149 0.686241 0.701233 0.765902 0.289117 0.034449 0.467719 0.467719 0.467719
0.813442 0.355173 0.236705 0.821869 0.751145 0.004297 0.582865 0.031169 0.621462 0.157499 0.467719 0.467719 0.467719
0.961939 0.020821 0.990385 0.241491 0.380674 0.517121 0.287879 0.940198 0.475854 0.824105 0.467719 0.467719 0.467719
0.970354 0.834481 0.975154 0.776423 0.041904 0.081631 0.061347 0.617379 0.210594 0.566126 0.467719 0.467719 0.467719
0.742924 0.891002 0.969678 0.165247 0.000393 0.749660 0.052428 0.360822 0.047297 0.927957 0.350529 0.386653 0.350529
0.873106 0.761517 0.340770 0.283370 0.398878 0.293933 0.665147 0.208125 0.822747 0.625514 0.467719 0.467719 0.467719
0.173040 0.427128 0.203080 0.016799 0.848162 0.143716 0.597219 0.198531 0.238111 0.587526 0.467719 0.467719 0.467719
0.363189 0.897694 0.161027 0.026596 0.149608 0.680633 0.939139 0.891503 0.867947 0.648146 0.467719 0.467719 0.467719
0.526591 0.822107 0.895960 0.903290 0.800782 0.083862 0.934040 0.830802 0.982684 0.511971 0.467719 0.467719 0.467719
0.501670 0.585669 0.818222 0.379601 0.333383 0.670991 0.935461 0.835085 0.733178 0.955974 0.467719 0.467719 0.467719
0.916796 0.700738 0.959548 0.317344 0.804514 0.901132 0.041747 0.910758 0.609037 0.114122 0.350529 0.467719 0.350529
0.023494 0.519209 0.045239 0.171134 0.005134 0.081293 0.672556 0.527584 0.459569 0.184088 0.313699 0.467719 0.313699
0.335158 0.086788 0.201672 0.490911 0.751841 0.658681 0.432616 0.700702 0.272949 0.179364 0.467719 0.467719 0.467719
0.115786 0.661126 0.918668 0.163118 0.519073 0.198307 0.666473 0.984346 0.795223 0.638060 0.359415 0.424037 0.359415
0.238199 0.470960 0.982046 0.411078 0.857491 0.410665 0.070323 0.048283 0.430788 0.544802 0.467719 0.350666 0.350666
0.574892 0.993430 0.831045 0.213210 0.927651 0.989251 0.343429 0.714348 0.824030 0.451210 0.359415 0.467719 0.359415
0.103130 0.468026 0.778156 0.835252 0.063345 0.102106 0.345548 0.512139 0.093261 0.866116 0.351989 0.378221 0.351989
0.121603 0.730688 0.645368 0.713376 0.778338 0.785825 0.522832 0.048608 0.181795 0.334013 0.467719 0.467719 0.467719
0.744303 0.979268 0.963014 0.974822 0.621489 0.901010 0.783564 0.109321 0.360577 0.204728 0.467719 0.467719 0.467719
0.788786 0.360063 0.863826 0.165203 0.337838 0.129102 0.567324 0.518628 0.887747 0.431277 0.467719 0.386653 0.386653
0.182814 0.714051 0.981266 0.461661 0.538468 0.006404 0.413718 0.876209 0.913079 0.371197 0.467719 0.424037 0.424037
0.611940 0.648299 0.316573 0.855100 0.684238 0.366056 0.353815 0.333894 0.963315 0.175980 0.467719 0.364013 0.364013
0.123135 0.672292 0.114573 0.761115 0.925526 0.191098 0.040514 0.575111 0.325128 0.402732 0.467719 0.467719 0.467719
0.696785 0.241730 0.133417 0.962150 0.887767 0.777646 0.917151 0.218648 0.509369 0.609510 0.372174 0.419108 0.372174
0.870599 0.727700 0.655137 0.482829 0.202370 0.216690 0.884599 0.632390 0.106140 0.300364 0.467719 0.467719 0.467719
0.513184 0.113603 0.411433 0.804546 0.821331 0.786498 0.793870 0.158255 0.094139 0.534879 0.351989 0.467719 0.351989
0.937296 0.033164 0.755309 0.972935 0.215321 0.653300 0.953022 0.975174 0.097710 0.145766 0.467719 0.467719 0.467719
0.407195 0.878790 0.036228 0.193301 0.842790 0.023857 0.831125 0.131028 0.965105 0.968133 0.467719 0.467719 0.467719
0.362835 0.871741 0.983186 0.003977 0.410178 0.253022 0.594169 0.305370 0.003340 0.955748 0.359415 0.424037 0.359415
0.012205 0.105719 0.820343 0.351920 0.957386 0.820575 0.513419 0.781824 0.017554 0.210770 0.467719 0.350666 0.350666
0.365964 0.878776 0.036025 0.353099 0.550418 0.440737 0.842751 0.991516 0.691247 0.218345 0.467719 0.467719 0.467719
0.149304 0.400991 0.737812 0.644262 0.005883 0.260239 0.572720 0.046286 0.089108 0.863821 0.351989 0.378221 0.351989
0.024818 0.756808 0.218884 0.281841 0.260717 0.266925 0.834404 0.565140 0.437409 0.046248 0.467719 0.467719 0.467719
0.050615 0.125595 0.454615 0.124760 0.464364 0.725178 0.738265 0.847248 0.161080 0.627523 0.467719 0.467719 0.467719
0.625737 0.571391 0.297544 0.370987 0.455798 0.834432 0.681328 0.819555 0.897767 0.481216 0.467719 0.467719 0.467719
0.080216 0.563282 0.662640 0.987239 0.867275 0.376118 0.408177 0.374781 0.092429 0.321298 0.467719 0.467719 0.467719
0.361696 0.545502 0.914049 0.711891 0.369625 0.824827 0.897320 0.388627 0.120671 0.672529 0.467719 0.467719 0.467719
0.571433 0.029302 0.813160 0.554489 0.993030 0.689276 0.306601 0.648079 0.077608 0.061008 0.351989 0.467719 0.351989
0.611591 0.155455 0.617603 0.298279 0.386956 0.474376 0.913207 0.448635 0.419074 0.761698 0.467719 0.467719 0.467719
0.348534 0.017850 0.482921 0.515016 0.947478 0.365400 0.296975 0.603598 0.105164 0.592017 0.467719 0.467719 0.467719
0.187518 0.067008 0.167520 0.835244 0.645476 0.537668 0.687431 0.542028 0.056603 0.863673 0.351989 0.467719 0.351989
0.916174 0.647212 0.735467 0.066355 0.461870 0.909306 0.502023 0.828866 0.028010 0.905967 0.350529 0.386653 0.350529
0.211425 0.656387 0.419692 0.991132 0.438604 0.022836 0.187200 0.552534 0.707810 0.421173 0.467719 0.467719 0.467719
0.328161 0.378289 0.371840 0.068174 0.990852 0.268583 0.579096 0.715727 0.204539 0.778186 0.467719 0.467719 0.467719
0.791989 0.010227 0.492590 0.867435 0.755238 0.034529 0.067840 0.804813 0.283133 0.394818 0.467719 0.467719 0.467719
0.880912 0.049100 0.406495 0.485722 0.927545 0.319903 0.175973 0.461016 0.780507 0.652204 0.467719 0.467719 0.467719
0.652287 0.617797 0.609360 0.329547 0.886530 0.989986 0.737802 0.737785 0.880965 0.859198 0.350529 0.467719 0.350529
0.446618 0.461626 0.238099 0.499545 0.433414 0.390415 0.255874 0.977094 0.235867 0.958508 0.467719 0.467719 0.467719
0.284231 0.580690 0.541703 0.466358 0.144554 0.320884 0.418569 0.751078 0.491771 0.449519 0.467719 0.424037 0.424037
0.484747 0.498657 0.342647 0.617600 0.124265 0.802904 0.975248 0.570422 0.082068 0.880039 0.351989 0.467719 0.351989
0.835331 0.238522 0.359093 0.862790 0.391228 0.948580 0.281088 0.558852 0.251041 0.073470 0.467719 0.467719 0.467719
0.770964 0.905623 0.392015 0.225237 0.929912 0.868287 0.150554 0.594295 0.895380 0.767756 0.467719 0.467719 0.467719
0.545351 0.262598 0.892841 0.787759 0.431582 0.868290 0.581189 0.085368 0.213734 0.458143 0.351989 0.467719 0.351989
0.249283 0.837924 0.035702 0.313515 0.999899 0.226342 0.631819 0.489933 0.401898 0.384236 0.467719 0.467719 0.467719
0.210376 0.754903 0.005311 0.625995 0.913578 0.666031 0.584570 0.799550 0.310558 0.405909 0.467719 0.467719 0.467719
0.910316 0.895543 0.311320 0.286808 0.440956 0.225955 0.101049 0.504818 0.298427 0.021036 0.467719 0.467719 0.467719
0.312196 0.984060 0.892543 0.606610 0.162293 0.895703 0.947062 0.242986 0.069784 0.304829 0.467719 0.467719 0.467719
0.112584 0.903337 0.792668 0.211706 0.789953 0.782321 0.187139 0.132724 0.823927 0.324503 0.359415 0.424037 0.359415
0.969400 0.416571 0.044919 0.542829 0.041713 0.780786 0.973908 0.569980 0.851048 0.537444 0.372174 0.467719 0.372174
0.235209 0.890341 0.605968 0.667690 0.531388 0.706623 0.735340 0.709368 0.051563 0.244400 0.467719 0.467719 0.467719
0.013974 0.145502 0.953789 0.392188 0.769320 0.355709 0.615864 0.926504 0.979649 0.402636 0.467719 0.350666 0.350666
0.100430 0.421991 0.658994 0.473119 0.919469 0.233954 0.252144 0.172933 0.501535 0.923694 0.467719 0.467719 0.467719
0.200576 0.755673 0.685777 0.979081 0.602439 0.302167 0.838641 0.740085 0.959800 0.953681 0.467719 0.467719 0.467719
0.848790 0.877827 0.297944 0.004962 0.979010 0.124217 0.283162 0.081819 0.064647 0.800907 0.467719 0.467719 0.467719
0.846289 0.655584 0.338013 0.683799 0.513071 0.343190 0.034718 0.624975 0.810246 0.024589 0.428226 0.467719 0.428226
0.581480 0.625275 0.498145 0.903853 0.302126 0.267237 0.548617 0.848592 0.846288 0.360260 0.467719 0.364013 0.364013
0.684210 0.498798 0.317565 0.857762 0.597478 0.120576 0.293865 0.075799 0.946334 0.805458 0.428226 0.364013 0.364013
0.375240 0.783913 0.025647 0.918041 0.561108 0.730265 0.355514 0.222743 0.200781 0.087735 0.467719 0.467719 0.467719
0.323656 0.159948 0.012513 0.680603 0.425490 0.126799 0.337308 0.091636 0.555032 0.840874 0.313699 0.467719 0.313699
0.626688 0.817058 0.903785 0.955950 0.925787 0.033926 0.564081 0.289450 0.359037 0.924914 0.467719 0.467719 0.467719
0.359220 0.441534 0.393738 0.152834 0.914126 0.304148 0.866341 0.825648 0.502525 0.393070 0.467719 0.467719 0.467719
0.120368 0.302482 0.491993 0.663611 0.035412 0.032742 0.560362 0.878472 0.245556 0.168919 0.351989 0.467719 0.351989
0.395083 0.276908 0.161514 0.113134 0.564328 0.424826 0.244614 0.444098 0.477832 0.679818 0.467719 0.467719 0.467719
0.496215 0.018133 0.929858 0.288232 0.261385 0.104860 0.254696 0.534235 0.772935 0.375036 0.467719 0.467719 0.467719
0.992682 0.194054 0.883023 0.936423 0.223842 0.183047 0.749251 0.138864 0.576764 0.230288 0.467719 0.467719 0.467719
0.524087 0.041919 0.518598 0.291942 0.150003 0.782162 0.952098 0.891194 0.529173 0.607805 0.467719 0.467719 0.467719
0.021833 0.712091 0.071071 0.756948 0.970172 0.983597 0.655853 0.578487 0.379711 0.995827 0.467719 0.467719 0.467719
0.055470 0.589012 0.973146 0.899566 0.167727 0.562814 0.190795 0.692540 0.792698 0.819056 0.467719 0.467719 0.467719
0.801169 0.831629 0.878399 0.791363 0.864115 0.235392 0.575336 0.029110 0.729188 0.635175 0.467719 0.467719 0.467719
0.848235 0.680275 0.814201 0.518974 0.587840 0.642792 0.763341 0.626612 0.997473 0.725144 0.467719 0.467719 0.467719
0.047377 0.540635 0.683324 0.144546 0.836998 0.101732 0.809959 0.726166 0.179476 0.443385 0.359415 0.424037 0.359415
0.350856 0.427415 0.943120 0.098579 0.662403 0.970537 0.549001 0.576305 0.604642 0.688251 0.467719 0.350666 0.350666
0.018908 0.235198 0.785225 0.135181 0.875063 0.896322 0.976584 0.089673 0.804360 0.313876 0.467719 0.350666 0.350666
0.250393 0.822366 0.542212 0.098743 0.240712 0.217075 0.091130 0.942230 0.876401 0.492540 0.359415 0.424037 0.359415
0.191007 0.440537 0.030296 0.761407 0.515789 0.018724 0.654385 0.396994 0.752491 0.990442 0.313699 0.467719 0.313699
0.727760 0.134784 0.141052 0.232779 0.297022 0.271720 0.489895 0.224560 0.223871 0.676670 0.372174 0.419108 0.372174
0.224262 0.300790 0.288597 0.045203 0.485294 0.693704 0.686392 0.382877 0.681111 0.452096 0.467719 0.467719 0.467719
0.527512 0.444303 0.000804 0.477568 0.530304 0.683860 0.731821 0.533268 0.964121 0.695798 0.313699 0.467719 0.313699
0.878292 0.942542 0.489074 0.066794 0.294730 0.716297 0.296481 0.416324 0.126729 0.990896 0.350529 0.467719 0.350529
0.260732 0.880886 0.635067 0.251794 0.164727 0.047360 0.276715 0.569004 0.977218 0.003692 0.467719 0.424037 0.424037
0.142136 0.803089 0.953103 0.538794 0.976217 0.905092 0.683335 0.522638 0.190984 0.700617 0.467719 0.467719 0.467719
0.213958 0.078443 0.072885 0.618191 0.894440 0.351525 0.893738 0.481568 0.489091 0.614444 0.313699 0.467719 0.313699
0.261970 0.505191 0.811305 0.154459 0.406348 0.309203 0.414104 0.210035 0.265985 0.124312 0.467719 0.350666 0.350666
0.960320 0.348137 0.644364 0.692420 0.876608 0.920031 0.307762 0.300279 0.108416 0.891782 0.467719 0.467719 0.467719
0.195245 0.044783 0.172410 0.647205 0.127940 0.121761 0.784152 0.246058 0.786469 0.698302 0.351989 0.467719 0.351989
0.177680 0.185485 0.305668 0.589878 0.673732 0.792651 0.018397 0.979472 0.401284 0.874464 0.351989 0.467719 0.351989
0.578093 0.360429 0.265519 0.388236 0.921937 0.353743 0.629414 0.758910 0.672785 0.585788 0.467719 0.467719 0.467719
0.266343 0.868562 0.628212 0.262620 0.068856 0.334844 0.915044 0.622477 0.205412 0.411663 0.467719 0.424037 0.424037
0.031655 0.257883 0.247430 0.714286 0.720627 0.762839 0.185693 0.087248 0.860792 0.994475 0.351989 0.467719 0.351989
0.009669 0.509479 0.047172 0.901516 0.780193 0.183207 0.468955 0.946666 0.704052 0.463694 0.313699 0.467719 0.313699
0.374179 0.709493 0.719442 0.629353 0.793697 0.293012 0.198270 0.084849 0.105594 0.184384 0.467719 0.467719 0.467719
0.041508 0.019371 0.420564 0.802659 0.865819 0.437330 0.598222 0.941059 0.368765 0.952332 0.351989 0.467719 0.351989
0.341131 0.379171 0.433065 0.216086 0.323926 0.312176 0.818808 0.124993 0.676490 0.604886 0.467719 0.467719 0.467719
0.819482 0.437478 0.278285 0.437024 0.188198 0.107568 0.733828 0.753698 0.664550 0.053324 0.467719 0.467719 0.467719
0.019146 0.739732 0.018377 0.662009 0.414678 0.092405 0.244621 0.884936 0.232869 0.282524 0.467719 0.467719 0.467719
0.781238 0.096237 0.578742 0.260560 0.880503 0.328428 0.504729 0.209650 0.785601 0.619233 0.467719 0.467719 0.467719
0.057500 0.077971 0.792687 0.723705 0.716068 0.821828 0.159550 0.755595 0.427024 0.486143 0.351989 0.378221 0.351989
0.221610 0.747375 0.667000 0.371583 0.173595 0.094781 0.896028 0.326302 0.086456 0.928518 0.467719 0.424037 0.424037
0.322078 0.695582 0.874645 0.865519 0.355356 0.187817 0.937708 0.797796 0.653817 0.840333 0.467719 0.467719 0.467719
0.694641 0.601157 0.137661 0.241360 0.906762 0.134540 0.873900 0.900859 0.556922 0.610473 0.467719 0.467719 0.467719
0.797610 0.600793 0.842278 0.494065 0.735897 0.409405 0.162082 0.687637 0.182980 0.362312 0.467719 0.467719 0.467719
0.625903 0.252401 0.200825 0.036495 0.534185 0.122115 0.708906 0.478644 0.246830 0.592026 0.467719 0.419108 0.419108
0.009572 0.362473 0.002686 0.256615 0.002857 0.639913 0.174061 0.888939 0.445574 0.139010 0.313699 0.467719 0.313699
0.757703 0.659181 0.571167 0.754172 0.141466 0.770762 0.142247 0.380746 0.138550 0.874727 0.467719 0.467719 0.467719
0.159817 0.118921 0.521005 0.536570 0.660844 0.819335 0.267849 0.332133 0.955524 0.426746 0.351989 0.467719 0.351989
0.382429 0.714536 0.026590 0.148932 0.738745 0.411166 0.211595 0.438151 0.052743 0.730331 0.467719 0.467719 0.467719
0.173509 0.480131 0.546267 0.946934 0.882888 0.320124 0.319094 0.027060 0.232935 0.654746 0.351989 0.467719 0.351989
0.664371 0.258450 0.807425 0.913143 0.043609 0.028386 0.392216 0.524885 0.717205 0.905728 0.467719 0.467719 0.467719
0.210665 0.092425 0.762559 0.367408 0.476678 0.709965 0.797771 0.690153 0.504940 0.973076 0.467719 0.350666 0.350666
0.250908 0.267513 0.839262 0.936910 0.974212 0.632930 0.262337 0.501036 0.650945 0.675770 0.351989 0.378221 0.351989
0.252606 0.080303 0.893823 0.887710 0.704906 0.973738 0.501815 0.793865 0.603284 0.665702 0.351989 0.378221 0.351989
0.083303 0.034131 0.676725 0.780335 0.956602 0.994069 0.224296 0.988470 0.533256 0.498778 0.351989 0.467719 0.351989
0.046003 0.950954 0.569981 0.971706 0.171367 0.169720 0.178153 0.478549 0.277429 0.057322 0.467719 0.467719 0.467719
0.002067 0.953780 0.793239 0.747022 0.966464 0.084603 0.644806 0.855464 0.466033 0.320743 0.467719 0.467719 0.467719
0.240756 0.812248 0.763938 0.775031 0.950409 0.931022 0.827572 0.270448 0.017550 0.469987 0.467719 0.467719 0.467719
0.055980 0.911822 0.247557 0.792209 0.829985 0.280712 0.615998 0.732125 0.940527 0.080061 0.467719 0.467719 0.467719
0.529274 0.240010 0.236425 0.622553 0.197898 0.703224 0.636893 0.313053 0.041923 0.770759 0.351989 0.419108 0.351989
0.784065 0.472822 0.407707 0.513698 0.081449 0.849833 0.789612 0.049467 0.021361 0.775073 0.467719 0.467719 0.467719
0.988928 0.708517 0.550461 0.530485 0.761566 0.270126 0.035759 0.800753 0.069132 0.066743 0.467719 0.467719 0.467719
0.795551 0.440173 0.537388 0.512685 0.930952 0.536494 0.380187 0.417893 0.278620 0.431736 0.467719 0.467719 0.467719
0.642666 0.510551 0.576921 0.569837 0.555419 0.503987 0.579555 0.369009 0.322409 0.649857 0.351989 0.467719 0.351989
0.445332 0.669310 0.368717 0.524190 0.186839 0.220419 0.807789 0.382468 0.721739 0.986854 0.467719 0.467719 0.467719
0.283833 0.258622 0.462429 0.517228 0.444337 0.262133 0.078778 0.472261 0.887622 0.602684 0.467719 0.467719 0.467719
0.505547 0.869213 0.122037 0.713095 0.959681 0.731090 0.160643 0.592182 0.152778 0.502685 0.467719 0.467719 0.467719
0.612941 0.239548 0.421774 0.819432 0.541158 0.017479 0.672275 0.165099 0.865092 0.224027 0.351989 0.467719 0.351989
0.749309 0.041802 0.753059 0.913462 0.256692 0.503522 0.843626 0.115740 0.782854 0.191800 0.467719 0.467719 0.467719
0.849801 0.966755 0.701365 0.170979 0.212642 0.195842 0.701360 0.583658 0.095388 0.222841 0.350529 0.386653 0.350529
0.684798 0.671538 0.815635 0.910307 0.400095 0.242369 0.352049 0.484970 0.553573 0.558209 0.467719 0.467719 0.467719
0.922539 0.455726 0.635084 0.953363 0.814846 0.293529 0.782004 0.464551 0.460941 0.747740 0.467719 0.467719 0.467719
0.427205 0.412178 0.294381 0.202475 0.196417 0.693063 0.084105 0.201048 0.477378 0.810681 0.467719 0.467719 0.467719
0.632361 0.947247 0.771619 0.005880 0.857917 0.566646 0.782751 0.808017 0.758758 0.464220 0.359415 0.386653 0.359415
0.368344 0.567600 0.914103 0.287101 0.066238 0.519235 0.652382 0.662704 0.870474 0.456417 0.467719 0.424037 0.424037
0.080480 0.585024 0.604590 0.797189 0.683546 0.595841 0.146312 0.403960 0.359347 0.780260 0.467719 0.467719 0.467719
0.660211 0.072862 0.527406 0.832406 0.409755 0.852640 0.109129 0.354256 0.278714 0.210673 0.467719 0.467719 0.467719
0.411095 0.694399 0.675417 0.845707 0.325226 0.661358 0.914873 0.460057 0.052141 0.561723 0.467719 0.467719 0.467719
0.906934 0.678553 0.036438 0.270261 0.281964 0.142182 0.259269 0.562176 0.250927 0.200765 0.467719 0.467719 0.467719
0.295541 0.428329 0.251851 0.115057 0.854006 0.597516 0.210820 0.368347 0.630859 0.204172 0.467719 0.467719 0.467719
0.516418 0.953201 0.363345 0.792759 0.577171 0.068533 0.652694 0.541361 0.828097 0.842551 0.467719 0.467719 0.467719
0.849397 0.274416 0.679107 0.913278 0.878364 0.309839 0.706300 0.005895 0.254653 0.960055 0.467719 0.467719 0.467719
0.306252 0.999157 0.941700 0.920332 0.701036 0.483182 0.644654 0.904942 0.388216 0.286247 0.467719 0.467719 0.467719
0.861136 0.577813 0.783968 0.113679 0.140675 0.278833 0.184832 0.010197 0.336382 0.589349 0.350529 0.386653 0.350529
0.329549 0.356749 0.920441 0.510636 0.296516 0.307954 0.050451 0.731922 0.356260 0.415368 0.467719 0.350666 0.350666
0.866803 0.043028 0.995030 0.265688 0.805621 0.428173 0.972697 0.061733 0.159609 0.318897 0.467719 0.467719 0.467719
0.724601 0.443094 0.186559 0.233352 0.233374 0.424711 0.106142 0.407785 0.147024 0.444530 0.467719 0.467719 0.467719
0.357840 0.607572 0.678342 0.130858 0.307947 0.735403 0.720189 0.784599 0.192741 0.656120 0.359415 0.424037 0.359415
0.524787 0.838539 0.187824 0.380820 0.762603 0.074792 0.341016 0.679730 0.198326 0.581122 0.467719 0.467719 0.467719
0.547708 0.361177 0.189132 0.631129 0.109391 0.993637 0.499558 0.584585 0.912579 0.500215 0.351989 0.467719 0.351989
0.697548 0.992398 0.703679 0.424943 0.352308 0.818031 0.881388 0.178809 0.217919 0.813081 0.350529 0.467719 0.350529
0.090756 0.983395 0.277440 0.346355 0.136985 0.423450 0.520579 0.805661 0.012518 0.531798 0.467719 0.467719 0.467719
0.560722 0.052461 0.256922 0.611104 0.670862 0.015767 0.804229 0.477577 0.060670 0.895766 0.351989 0.419108 0.351989
0.835900 0.883708 0.437273 0.644669 0.074996 0.729707 0.604905 0.569431 0.700402 0.451318 0.467719 0.467719 0.467719
0.631045 0.664235 0.088868 0.690178 0.061391 0.200803 0.358730 0.132957 0.247536 0.051876 0.467719 0.467719 0.467719
0.387749 0.579365 0.727644 0.362254 0.070504 0.198584 0.701745 0.834680 0.760519 0.582855 0.467719 0.424037 0.424037
0.778398 0.186566 0.389140 0.478245 0.855450 0.371839 0.254165 0.589763 0.558182 0.013940 0.467719 0.467719 0.467719
0.062816 0.947031 0.947724 0.061290 0.246567 0.698707 0.231393 0.188236 0.804982 0.555324 0.359415 0.424037 0.359415
0.889687 0.322559 0.358463 0.086385 0.186620 0.255091 0.109139 0.021031 0.392665 0.297892 0.467719 0.467719 0.467719
0.756790 0.356859 0.833774 0.888622 0.913230 0.060784 0.460257 0.744837 0.812581 0.407474 0.467719 0.467719 0.467719
0.123793 0.118192 0.970933 0.361583 0.022653 0.907012 0.095851 0.128629 0.204116 0.763399 0.467719 0.350666 0.350666
0.389460 0.684805 0.239663 0.856953 0.317366 0.095725 0.498089 0.305974 0.150188 0.192118 0.467719 0.467719 0.467719
0.626097 0.020146 0.891009 0.111100 0.022166 0.708058 0.356894 0.020248 0.061461 0.596108 0.467719 0.467719 0.467719
0.304953 0.807865 0.393400 0.389580 0.655229 0.310740 0.395358 0.694071 0.127698 0.360915 0.467719 0.467719 0.467719
0.902631 0.402583 0.424076 0.621446 0.751601 0.824743 0.534897 0.013763 0.532014 0.483034 0.467719 0.467719 0.467719
0.109005 0.054881 0.367636 0.289898 0.042905 0.822488 0.272678 0.254825 0.499146 0.659257 0.467719 0.467719 0.467719
0.102153 0.586423 0.055565 0.085359 0.075025 0.446024 0.273755 0.340635 0.095494 0.433962 0.467719 0.467719 0.467719
0.620973 0.028406 0.947343 0.915227 0.204761 0.980826 0.907223 0.181799 0.991049 0.605645 0.351989 0.467719 0.351989
0.987924 0.208967 0.417703 0.326937 0.151091 0.337037 0.028507 0.514941 0.997884 0.856787 0.467719 0.467719 0.467719
0.464665 0.665246 0.088444 0.107879 0.007689 0.566153 0.101950 0.075954 0.574581 0.420964 0.467719 0.467719 0.467719
0.239262 0.382155 0.201735 0.182305 0.813832 0.169138 0.927215 0.034020 0.296969 0.981397 0.467719 0.467719 0.467719
0.175188 0.986879 0.238808 0.559280 0.447923 0.147987 0.494740 0.689445 0.470648 0.606255 0.467719 0.467719 0.467719
0.986430 0.016693 0.845255 0.709632 0.267267 0.051177 0.155115 0.759240 0.353580 0.780569 0.467719 0.467719 0.467719
0.928379 0.680699 0.363338 0.950996 0.874025 0.810873 0.375178 0.805131 0.114398 0.327220 0.428226 0.364013 0.364013
0.227376 0.041151 0.210568 0.782069 0.591876 0.601298 0.362138 0.597453 0.094497 0.462612 0.351989 0.467719 0.351989
0.323770 0.683652 0.600798 0.889585 0.605971 0.221183 0.461066 0.385784 0.482878 0.736809 0.467719 0.467719 0.467719
0.004884 0.438734 0.154349 0.454771 0.956147 0.244215 0.436979 0.925950 0.624902 0.646934 0.467719 0.467719 0.467719
0.476763 0.672675 0.869370 0.999291 0.905203 0.231844 0.590517 0.268438 0.402963 0.499273 0.467719 0.467719 0.467719
0.225272 0.203795 0.867267 0.642797 0.744143 0.338348 0.729409 0.981175 0.068606 0.858679 0.351989 0.378221 0.351989
0.433168 0.385203 0.581653 0.898519 0.509074 0.482451 0.449160 0.852850 0.266185 0.526789 0.351989 0.467719 0.351989
0.376094 0.009988 0.828722 0.664059 0.492076 0.032835 0.839125 0.439494 0.604177 0.072228 0.351989 0.378221 0.351989
0.816121 0.719058 0.214111 0.569026 0.122254 0.770811 0.934580 0.524011 0.293039 0.195900 0.428226 0.467719 0.428226
0.676478 0.908340 0.979678 0.225685 0.369116 0.530104 0.694849 0.632942 0.753205 0.572742 0.350529 0.467719 0.350529
0.783186 0.915288 0.372510 0.972417 0.998160 0.600851 0.590429 0.302916 0.338352 0.477877 0.428226 0.364013 0.364013
0.844846 0.087845 0.974178 0.717615 0.350282 0.162254 0.217785 0.562245 0.117083 0.790471 0.467719 0.467719 0.467719
0.943229 0.756468 0.520883 0.412327 0.049782 0.966947 0.813067 0.617125 0.833009 0.360466 0.350529 0.467719 0.350529
0.294159 0.011093 0.994088 0.861295 0.542512 0.577040 0.331054 0.518577 0.253298 0.754074 0.351989 0.378221 0.351989
0.069610 0.140895 0.006688 0.980568 0.635350 0.294483 0.369253 0.610328 0.384224 0.442087 0.313699 0.467719 0.313699
0.035258 0.809165 0.039542 0.244988 0.444181 0.606514 0.923799 0.063210 0.927718 0.040201 0.467719 0.467719 0.467719
0.540634 0.825198 0.724608 0.881817 0.535644 0.667228 0.785572 0.007007 0.005955 0.055300 0.467719 0.467719 0.467719
0.300218 0.153874 0.468753 0.590162 0.254743 0.872023 0.500731 0.322237 0.302456 0.743370 0.351989 0.467719 0.351989
0.550329 0.093334 0.354019 0.252049 0.705706 0.231548 0.011139 0.703232 0.123429 0.445080 0.467719 0.467719 0.467719
0.943979 0.118892 0.949545 0.462810 0.079610 0.321190 0.934907 0.106810 0.155438 0.997317 0.467719 0.467719 0.467719
0.369492 0.848303 0.873700 0.400856 0.469960 0.408673 0.107132 0.669423 0.992736 0.016487 0.467719 0.424037 0.424037
0.637276 0.173341 0.396303 0.143281 0.577174 0.445920 0.841634 0.059391 0.654578 0.818619 0.467719 0.467719 0.467719
0.063964 0.171453 0.489630 0.996464 0.629444 0.389630 0.672989 0.518822 0.102097 0.884145 0.351989 0.467719 0.351989
0.727138 0.088670 0.647781 0.356782 0.342357 0.699717 0.592897 0.325229 0.437018 0.321762 0.467719 0.467719 0.467719
0.189772 0.579688 0.598111 0.492020 0.674158 0.165900 0.059905 0.806722 0.540586 0.308382 0.467719 0.424037 0.424037
0.756405 0.868221 0.367461 0.643867 0.429475 0.039035 0.161069 0.081310 0.389903 0.484277 0.428226 0.467719 0.428226
0.749836 0.742132 0.091552 0.646374 0.531674 0.928856 0.099340 0.109377 0.305267 0.956609 0.428226 0.467719 0.428226
