# gen=400 party 1 competing subpops
# subpop_id x0..xd fitness
0 0.500000 0.885220 0.500000 0.500000 0.500000 0.500000 0.637500 0.500000 0.500000 0.500000 69.996437
0 0.500000 0.885220 0.500000 0.500000 0.500000 0.500000 0.637500 0.500000 0.500000 0.500000 69.996437
0 0.500000 0.885220 0.500000 0.500000 0.500000 0.500000 0.637500 0.500000 0.500000 0.500000 69.996437
0 0.500000 0.885220 0.500000 0.500000 0.500000 0.500000 0.637500 0.500000 0.500000 0.500000 69.996437
0 0.500000 0.885220 0.500000 0.500000 0.500000 0.500000 0.637500 0.500000 0.500000 0.500000 69.996437
0 0.500000 0.885220 0.500000 0.500000 0.500000 0.500000 0.637500 0.500000 0.500000 0.500000 69.996437
0 0.500000 0.885220 0.500000 0.500000 0.500000 0.500000 0.637500 0.500000 0.500000 0.500000 69.996437
0 0.500000 0.885220 0.500000 0.500000 0.500000 0.500000 0.637500 0.500000 0.500000 0.500000 69.996437
0 0.500000 0.885220 0.500000 0.500000 0.500000 0.500000 0.637500 0.500000 0.500000 0.500000 69.996437
0 0.500000 0.885220 0.500000 0.500000 0.500000 0.500000 0.637500 0.500000 0.500000 0.500000 69.996437
0 0.500000 0.885220 0.500000 0.500000 0.500000 0.500000 0.637500 0.500000 0.500000 0.500000 69.996437
0 0.500000 0.885220 0.500000 0.500000 0.500000 0.500000 0.637500 0.500000 0.500000 0.500000 69.996437
0 0.500000 0.885220 0.500000 0.500000 0.500000 0.500000 0.637500 0.500000 0.500000 0.500000 69.996437
0 0.500000 0.885220 0.500000 0.500000 0.500000 0.500000 0.637500 0.500000 0.500000 0.500000 69.996437
0 0.500000 0.885220 0.500000 0.500000 0.500000 0.500000 0.637500 0.500000 0.500000 0.500000 69.996437
