# gen=400 party 4 competing subpops
# subpop_id x0..xd fitness
0 0.500000 0.500000 0.500000 0.500000 0.675000 0.500000 0.500000 0.500000 0.500000 0.600000 69.996970
0 0.500000 0.500000 0.500000 0.500000 0.675000 0.500000 0.500000 0.500000 0.500000 0.600000 69.996970
0 0.500000 0.500000 0.500000 0.500000 0.674952 0.500000 0.500000 0.500000 0.500000 0.599969 69.997442
0 0.500000 0.500000 0.500000 0.500000 0.675000 0.500000 0.500000 0.500000 0.500000 0.600000 69.996970
0 0.500000 0.500000 0.500000 0.500000 0.675000 0.500000 0.500000 0.500000 0.500000 0.600000 69.996970
0 0.500000 0.500000 0.500000 0.500000 0.675000 0.500000 0.500000 0.500000 0.500000 0.600000 69.996970
0 0.500000 0.500000 0.500000 0.500000 0.675000 0.500000 0.500000 0.500000 0.500000 0.600000 69.996970
0 0.500000 0.500000 0.500000 0.500000 0.675000 0.500000 0.500000 0.500000 0.500000 0.599999 69.996970
0 0.500000 0.500000 0.500000 0.500000 0.675000 0.500000 0.500000 0.500000 0.500000 0.600000 69.996970
0 0.500000 0.500000 0.500000 0.500000 0.675000 0.500000 0.500000 0.500000 0.500000 0.600000 69.996970
0 0.500000 0.500000 0.500000 0.500000 0.675000 0.500000 0.500000 0.500000 0.500000 0.600000 69.996970
0 0.500000 0.500000 0.500000 0.500000 0.675000 0.500000 0.500000 0.500000 0.500000 0.600001 69.996970
0 0.500000 0.500000 0.500000 0.500000 0.675000 0.500000 0.500000 0.500000 0.500000 0.599999 69.996970
0 0.500000 0.500000 0.500000 0.500000 0.675000 0.500000 0.500000 0.500000 0.500000 0.600000 69.996970
0 0.500000 0.500000 0.500000 0.500000 0.675000 0.500000 0.500000 0.500000 0.500000 0.600000 69.996970
1 0.500000 0.500000 0.500000 0.500000 0.674980 0.500000 0.500000 0.500000 0.500000 0.600108 69.995305
1 0.500000 0.500000 0.500000 0.500000 0.674972 0.500000 0.500000 0.500000 0.500000 0.600045 69.996511
1 0.500000 0.500000 0.500000 0.500000 0.675011 0.500000 0.500000 0.500000 0.500000 0.600057 69.996417
1 0.500000 0.500000 0.500000 0.500000 0.675075 0.500000 0.500000 0.500000 0.500000 0.599965 69.995928
1 0.500000 0.500000 0.500000 0.500000 0.674935 0.500000 0.500000 0.500000 0.500000 0.600046 69.996009
1 0.500000 0.500000 0.500000 0.500000 0.674993 0.500000 0.500000 0.500000 0.500000 0.600120 69.995032
1 0.500000 0.500000 0.500000 0.500000 0.674986 0.500000 0.500000 0.500000 0.500000 0.600083 69.995895
1 0.500000 0.500000 0.500000 0.500000 0.674928 0.500000 0.500000 0.500000 0.500000 0.599949 69.995824
1 0.500000 0.500000 0.500000 0.500000 0.675038 0.500000 0.500000 0.500000 0.500000 0.599973 69.996602
1 0.500000 0.500000 0.500000 0.500000 0.674947 0.500000 0.500000 0.500000 0.500000 0.599963 69.996301
1 0.500000 0.500000 0.500000 0.500000 0.674859 0.500000 0.500000 0.500000 0.500000 0.600026 69.994419
1 0.500000 0.500000 0.500000 0.500000 0.674989 0.500000 0.500000 0.500000 0.500000 0.599963 69.996713
1 0.500000 0.500000 0.500000 0.500000 0.674960 0.500000 0.500000 0.500000 0.500000 0.600004 69.996697
1 0.500000 0.500000 0.500000 0.500000 0.675001 0.500000 0.500000 0.500000 0.500000 0.600001 69.996969
1 0.500000 0.500000 0.500000 0.500000 0.674995 0.500000 0.500000 0.500000 0.500000 0.599983 69.996915
2 0.500000 0.500000 0.500000 0.500000 0.675000 0.500000 0.500000 0.500000 0.500000 0.600000 69.996970
2 0.500000 0.500000 0.500000 0.500000 0.674999 0.500000 0.500000 0.500000 0.500000 0.600000 69.996970
2 0.500000 0.500000 0.500000 0.500000 0.675000 0.500000 0.500000 0.500000 0.500000 0.599999 69.996970
2 0.500000 0.500000 0.500000 0.500000 0.675000 0.500000 0.500000 0.500000 0.500000 0.600000 69.996970
2 0.500000 0.500000 0.500000 0.500000 0.675000 0.500000 0.500000 0.500000 0.500000 0.600000 69.996970
2 0.500000 0.500000 0.500000 0.500000 0.675001 0.500000 0.500000 0.500000 0.500000 0.599999 69.996970
2 0.500000 0.500000 0.500000 0.500000 0.674999 0.500000 0.500000 0.500000 0.500000 0.600000 69.996970
2 0.500000 0.500000 0.500000 0.500000 0.674999 0.500000 0.500000 0.500000 0.500000 0.600000 69.996970
2 0.500000 0.500000 0.500000 0.500000 0.675000 0.500000 0.500000 0.500000 0.500000 0.600000 69.996970
2 0.500000 0.500000 0.500000 0.500000 0.675000 0.500000 0.500000 0.500000 0.500000 0.600000 69.996970
2 0.500000 0.500000 0.500000 0.500000 0.675001 0.500000 0.500000 0.500000 0.500000 0.600001 69.996970
2 0.500000 0.500000 0.500000 0.500000 0.675000 0.500000 0.500000 0.500000 0.500000 0.600000 69.996970
2 0.500000 0.500000 0.500000 0.500000 0.675001 0.500000 0.500000 0.500000 0.500000 0.600000 69.996970
2 0.500000 0.500000 0.500000 0.500000 0.674999 0.500000 0.500000 0.500000 0.500000 0.600001 69.996969
2 0.500000 0.500000 0.500000 0.500000 0.675000 0.500000 0.500000 0.500000 0.500000 0.600001 69.996970
3 0.500000 0.500000 0.500000 0.500000 0.675076 0.500000 0.500000 0.500000 0.500000 0.600267 69.990419
3 0.500000 0.500000 0.500000 0.500000 0.674849 0.500000 0.500000 0.500000 0.500000 0.600226 69.990619
3 0.500000 0.500000 0.500000 0.500000 0.674898 0.500000 0.500000 0.500000 0.500000 0.599994 69.995499
3 0.500000 0.500000 0.500000 0.500000 0.675280 0.500000 0.500000 0.500000 0.500000 0.600161 69.988996
3 0.500000 0.500000 0.500000 0.500000 0.674724 0.500000 0.500000 0.500000 0.500000 0.599889 69.989820
3 0.500000 0.500000 0.500000 0.500000 0.675004 0.500000 0.500000 0.500000 0.500000 0.600174 69.993550
3 0.500000 0.500000 0.500000 0.500000 0.674917 0.500000 0.500000 0.500000 0.500000 0.600045 69.995689
3 0.500000 0.500000 0.500000 0.500000 0.674897 0.500000 0.500000 0.500000 0.500000 0.599959 69.995281
3 0.500000 0.500000 0.500000 0.500000 0.675331 0.500000 0.500000 0.500000 0.500000 0.599974 69.988719
3 0.500000 0.500000 0.500000 0.500000 0.675036 0.500000 0.500000 0.500000 0.500000 0.600046 69.996426
3 0.500000 0.500000 0.500000 0.500000 0.674900 0.500000 0.500000 0.500000 0.500000 0.599646 69.987601
3 0.500000 0.500000 0.500000 0.500000 0.675016 0.500000 0.500000 0.500000 0.500000 0.599903 69.995585
3 0.500000 0.500000 0.500000 0.500000 0.674709 0.500000 0.500000 0.500000 0.500000 0.599886 69.989336
3 0.500000 0.500000 0.500000 0.500000 0.675000 0.500000 0.500000 0.500000 0.500000 0.600000 69.996970
3 0.500000 0.500000 0.500000 0.500000 0.674910 0.500000 0.500000 0.500000 0.500000 0.600070 69.995190
4 0.500000 0.500000 0.500000 0.500000 0.675000 0.500000 0.500000 0.500000 0.500000 0.599998 69.996969
4 0.500000 0.500000 0.500000 0.500000 0.675001 0.500000 0.500000 0.500000 0.500000 0.600000 69.996970
4 0.500000 0.500000 0.500000 0.500000 0.674999 0.500000 0.500000 0.500000 0.500000 0.600000 69.996970
4 0.500000 0.500000 0.500000 0.500000 0.674999 0.500000 0.500000 0.500000 0.500000 0.600001 69.996969
4 0.500000 0.500000 0.500000 0.500000 0.675001 0.500000 0.500000 0.500000 0.500000 0.600001 69.996969
4 0.500000 0.500000 0.500000 0.500000 0.675000 0.500000 0.500000 0.500000 0.500000 0.600001 69.996969
4 0.500000 0.500000 0.500000 0.500000 0.675000 0.500000 0.500000 0.500000 0.500000 0.599999 69.996970
4 0.500000 0.500000 0.500000 0.500000 0.674999 0.500000 0.500000 0.500000 0.500000 0.599999 69.996969
4 0.500000 0.500000 0.500000 0.500000 0.674999 0.500000 0.500000 0.500000 0.500000 0.600000 69.996970
4 0.500000 0.500000 0.500000 0.500000 0.674998 0.500000 0.500000 0.500000 0.500000 0.600000 69.996969
4 0.500000 0.500000 0.500000 0.500000 0.674998 0.500000 0.500000 0.500000 0.500000 0.599998 69.996969
4 0.500000 0.500000 0.500000 0.500000 0.674999 0.500000 0.500000 0.500000 0.500000 0.599999 69.996969
4 0.500000 0.500000 0.500000 0.500000 0.675000 0.500000 0.500000 0.500000 0.500000 0.600000 69.996970
4 0.500000 0.500000 0.500000 0.500000 0.675000 0.500000 0.500000 0.500000 0.500000 0.600000 69.996970
4 0.500000 0.500000 0.500000 0.500000 0.674999 0.500000 0.500000 0.500000 0.500000 0.600000 69.996969
5 0.500000 0.500000 0.500000 0.500000 0.675441 0.500000 0.500000 0.500000 0.500000 0.600128 69.984663
5 0.500000 0.500000 0.500000 0.500000 0.675000 0.500000 0.500000 0.500000 0.500000 0.600000 69.996970
5 0.500000 0.500000 0.500000 0.500000 0.674359 0.500000 0.500000 0.500000 0.500000 0.599623 69.975476
5 0.500000 0.500000 0.500000 0.500000 0.674707 0.500000 0.500000 0.500000 0.500000 0.600127 69.989120
5 0.500000 0.500000 0.500000 0.500000 0.674423 0.500000 0.500000 0.500000 0.500000 0.600204 69.979757
5 0.500000 0.500000 0.500000 0.500000 0.674271 0.500000 0.500000 0.500000 0.500000 0.600040 69.975943
5 0.500000 0.500000 0.500000 0.500000 0.674265 0.500000 0.500000 0.500000 0.500000 0.599910 69.975580
5 0.500000 0.500000 0.500000 0.500000 0.675167 0.500000 0.500000 0.500000 0.500000 0.599001 69.966744
5 0.500000 0.500000 0.500000 0.500000 0.675121 0.500000 0.500000 0.500000 0.500000 0.599712 69.989333
5 0.500000 0.500000 0.500000 0.500000 0.674815 0.500000 0.500000 0.500000 0.500000 0.600103 69.992426
5 0.500000 0.500000 0.500000 0.500000 0.674737 0.500000 0.500000 0.500000 0.500000 0.600111 69.990189
5 0.500000 0.500000 0.500000 0.500000 0.674562 0.500000 0.500000 0.500000 0.500000 0.600024 69.985319
5 0.500000 0.500000 0.500000 0.500000 0.675272 0.500000 0.500000 0.500000 0.500000 0.600051 69.990457
5 0.500000 0.500000 0.500000 0.500000 0.675077 0.500000 0.500000 0.500000 0.500000 0.600493 69.983388
5 0.500000 0.500000 0.500000 0.500000 0.674829 0.500000 0.500000 0.500000 0.500000 0.599828 69.991508
6 0.500000 0.500000 0.500000 0.500000 0.675000 0.500000 0.500000 0.500000 0.500000 0.600000 69.996970
6 0.500000 0.500000 0.500000 0.500000 0.675000 0.500000 0.500000 0.500000 0.500000 0.600000 69.996970
6 0.500000 0.500000 0.500000 0.500000 0.675000 0.500000 0.500000 0.500000 0.500000 0.600000 69.996970
6 0.500000 0.500000 0.500000 0.500000 0.675000 0.500000 0.500000 0.500000 0.500000 0.600000 69.996970
6 0.500000 0.500000 0.500000 0.500000 0.675000 0.500000 0.500000 0.500000 0.500000 0.600000 69.996970
6 0.500000 0.500000 0.500000 0.500000 0.675000 0.500000 0.500000 0.500000 0.500000 0.600000 69.996970
6 0.500000 0.500000 0.500000 0.500000 0.675000 0.500000 0.500000 0.500000 0.500000 0.600000 69.996970
6 0.500000 0.500000 0.500000 0.500000 0.675000 0.500000 0.500000 0.500000 0.500000 0.600000 69.996970
6 0.500000 0.500000 0.500000 0.500000 0.675000 0.500000 0.500000 0.500000 0.500000 0.600000 69.996970
6 0.500000 0.500000 0.500000 0.500000 0.675000 0.500000 0.500000 0.500000 0.500000 0.600000 69.996970
6 0.500000 0.500000 0.500000 0.500000 0.675047 0.500000 0.500000 0.500000 0.500000 0.600035 69.997411
6 0.500000 0.500000 0.500000 0.500000 0.675000 0.500000 0.500000 0.500000 0.500000 0.600000 69.996970
6 0.500000 0.500000 0.500000 0.500000 0.675000 0.500000 0.500000 0.500000 0.500000 0.600000 69.996970
6 0.500000 0.500000 0.500000 0.500000 0.675000 0.500000 0.500000 0.500000 0.500000 0.600000 69.996970
6 0.500000 0.500000 0.500000 0.500000 0.675000 0.500000 0.500000 0.500000 0.500000 0.600000 69.996970
7 0.500000 0.500000 0.500000 0.500000 0.675092 0.500000 0.500000 0.500000 0.500000 0.600044 69.995498
7 0.500000 0.500000 0.500000 0.500000 0.674997 0.500000 0.500000 0.500000 0.500000 0.599949 69.996543
7 0.500000 0.500000 0.500000 0.500000 0.675033 0.500000 0.500000 0.500000 0.500000 0.600087 69.995700
7 0.500000 0.500000 0.500000 0.500000 0.675003 0.500000 0.500000 0.500000 0.500000 0.600108 69.995346
7 0.500000 0.500000 0.500000 0.500000 0.675070 0.500000 0.500000 0.500000 0.500000 0.600023 69.996121
7 0.500000 0.500000 0.500000 0.500000 0.674942 0.500000 0.500000 0.500000 0.500000 0.599937 69.995886
7 0.500000 0.500000 0.500000 0.500000 0.674938 0.500000 0.500000 0.500000 0.500000 0.600125 69.994530
7 0.500000 0.500000 0.500000 0.500000 0.674932 0.500000 0.500000 0.500000 0.500000 0.599928 69.995570
7 0.500000 0.500000 0.500000 0.500000 0.674943 0.500000 0.500000 0.500000 0.500000 0.600024 69.996362
7 0.500000 0.500000 0.500000 0.500000 0.675064 0.500000 0.500000 0.500000 0.500000 0.600021 69.996244
7 0.500000 0.500000 0.500000 0.500000 0.675000 0.500000 0.500000 0.500000 0.500000 0.600000 69.996970
7 0.500000 0.500000 0.500000 0.500000 0.675041 0.500000 0.500000 0.500000 0.500000 0.599990 69.996670
7 0.500000 0.500000 0.500000 0.500000 0.675001 0.500000 0.500000 0.500000 0.500000 0.599966 69.996771
7 0.500000 0.500000 0.500000 0.500000 0.675029 0.500000 0.500000 0.500000 0.500000 0.600025 69.996715
7 0.500000 0.500000 0.500000 0.500000 0.675007 0.500000 0.500000 0.500000 0.500000 0.599915 69.995872
