# gen=280 x0..xd f
0.297468 0.191490 90.000000
0.251627 0.310743 25.620582
0.683662 0.599154 31.126285
0.422142 0.856201 39.001156
0.794925 0.454030 12.507717
0.349868 0.352561 18.397026
0.119985 0.093979 20.883635
0.297468 0.191490 90.000000
0.668023 0.975653 14.165352
0.039068 0.520911 10.401346
0.313297 0.606292 26.073077
0.453383 0.828261 34.320719
0.274328 0.542386 29.378059
0.540567 0.766957 20.782022
0.807170 0.206605 25.786093
0.162190 0.398441 16.525589
0.297468 0.191490 90.000000
0.776037 0.186114 26.326068
0.738739 0.244354 19.259304
0.429746 0.193763 32.088825
0.367163 0.881506 51.406101
0.169337 0.214921 31.905990
0.625360 0.725214 28.901248
0.471661 0.029771 12.816694
0.955066 0.627102 26.563701
0.259785 0.177772 78.369398
0.984757 0.050089 27.884789
0.297468 0.191490 90.000000
0.940254 0.406417 28.483579
0.667908 0.176062 19.171523
0.674395 0.626360 31.842914
0.764117 0.421175 16.708857
0.987817 0.100916 27.573180
0.687029 0.877251 18.760020
0.101458 0.253331 22.561199
0.297468 0.191490 90.000000
0.400934 0.685708 33.842965
0.918302 0.293742 16.811275
0.507949 0.240093 21.967408
0.133758 0.541666 22.682260
0.084111 0.460245 13.223673
0.530746 0.727239 21.407463
0.325587 0.320891 24.267971
0.327805 0.964224 34.125941
0.297468 0.191490 90.000000
0.969693 0.463643 43.222605
0.605669 0.075110 15.963405
0.412085 0.479507 19.531093
0.834933 0.113327 35.805410
0.379505 0.845999 69.999163
0.004083 0.875458 8.577120
0.977755 0.232750 20.261608
0.507127 0.249410 21.461625
0.355824 0.874431 44.173067
0.516318 0.767386 24.297420
0.270607 0.610304 34.327107
0.649966 0.623710 34.692939
0.858228 0.075005 59.999999
0.279182 0.602852 33.354027
0.247587 0.772021 67.598814
0.203720 0.963836 28.717312
0.297468 0.191490 90.000000
0.847911 0.833199 8.644843
0.011450 0.270113 12.225914
0.042152 0.794965 15.160518
0.481234 0.109657 21.985548
0.639493 0.562500 55.000000
0.374827 0.287673 28.138366
0.968600 0.424738 32.167199
0.297468 0.191490 90.000000
0.524664 0.175610 21.419157
0.887391 0.719467 16.716477
0.630633 0.398057 28.968916
0.379505 0.075005 24.746744
0.297468 0.191490 90.000000
0.662578 0.583894 34.675050
0.310220 0.129966 46.753217
0.290691 0.856748 35.383485
0.883747 0.814172 13.266524
0.297468 0.191490 90.000000
0.379505 0.845999 69.999163
0.539279 0.471020 10.148198
0.297468 0.562500 29.494165
0.425076 0.329295 19.112920
0.629400 0.008349 17.189624
0.692059 0.876995 18.439242
0.358791 0.023589 17.026766
0.238419 0.640135 37.047396
0.945171 0.832395 17.149493
0.079678 0.691058 20.437944
0.610034 0.982484 13.746392
0.920682 0.555363 25.253519
0.306407 0.781932 36.309937
0.756852 0.236469 20.881263
0.035760 0.016355 4.813248
0.529846 0.150676 20.043596
0.196081 0.414260 19.412653
0.297468 0.191490 90.000000
0.387377 0.737910 37.821922
0.858228 0.075005 59.999999
0.640918 0.449526 32.067027
0.240760 0.287516 29.104358
0.277429 0.250688 48.064440
0.297468 0.191490 90.000000
0.991660 0.841957 17.003769
0.666856 0.838060 22.004518
0.350938 0.960208 36.382322
0.362484 0.001137 13.144331
0.766359 0.504532 17.668899
0.711576 0.036419 25.649581
0.297468 0.191490 90.000000
0.368625 0.936785 38.872082
0.858845 0.983143 4.822356
0.253577 0.645224 37.426159
0.216101 0.512524 27.176873
0.382612 0.751284 38.824335
0.710308 0.867924 17.450607
0.366342 0.049787 21.183069
0.359392 0.874280 47.319519
0.297468 0.191490 90.000000
0.344731 0.898855 39.031944
0.308157 0.654527 28.392275
0.953148 0.225309 22.203572
0.095514 0.092822 18.632405
0.175016 0.805995 34.246067
0.297468 0.191490 90.000000
0.610486 0.748766 26.819609
0.297468 0.191490 90.000000
0.241492 0.765740 69.850621
0.909909 0.496349 24.396670
0.538557 0.557869 14.405271
0.871618 0.741607 14.166662
0.144059 0.085083 21.755331
0.438500 0.624842 27.729605
0.883384 0.907564 9.873517
0.933747 0.020071 31.108887
0.297468 0.191490 90.000000
0.640870 0.391449 28.690702
0.474215 0.074920 18.686838
0.646364 0.375042 27.681487
0.439190 0.415193 14.234193
0.858228 0.075005 59.999999
0.401685 0.031393 16.835254
0.571902 0.857944 16.714795
0.777197 0.968617 6.041744
0.169250 0.621124 30.495133
0.379505 0.845999 69.999163
0.215920 0.234226 42.088930
0.889743 0.806088 14.159074
0.393335 1.000000 34.497143
0.297468 0.191490 90.000000
0.910229 0.661024 21.163725
0.587460 0.851432 14.406516
0.243746 0.658107 38.440679
0.158049 0.861198 30.197544
0.906141 0.377276 23.081043
0.297468 0.191490 90.000000
0.588368 0.092240 10.194055
0.975544 0.035619 28.326772
0.664252 0.184740 18.404945
0.771549 0.877174 10.370955
0.583458 0.842423 15.004518
0.630505 0.690996 31.025796
0.847674 0.753148 10.818605
0.297468 0.191490 90.000000
0.791643 0.967144 4.433516
0.134880 0.606450 25.778657
0.855231 0.141559 33.439193
0.306603 0.289083 29.963340
0.168013 0.219626 31.283415
0.925710 0.120891 32.299800
0.814809 0.017585 33.076467
0.539096 0.832572 21.597955
0.297468 0.191490 90.000000
0.325570 0.537112 22.525540
0.858228 0.075005 59.999999
0.913082 0.076100 35.092892
0.921715 0.056420 33.959167
0.025205 0.730504 12.771164
0.379505 0.845999 69.999163
0.425470 0.719786 34.293240
0.627298 0.966459 15.062741
0.644976 0.390006 28.569524
0.775420 0.560935 16.462992
0.182331 0.650839 33.379738
0.557902 0.290447 13.182903
0.781053 0.431578 14.321291
0.297468 0.191490 90.000000
0.811501 0.530361 10.513802
0.294665 0.588949 31.394470
0.812598 0.073868 35.985180
0.291278 0.718119 38.309623
0.645544 0.847372 22.043821
0.312426 0.462099 16.966288
0.416811 0.042141 17.811055
0.512866 0.192308 22.882770
0.297468 0.191490 90.000000
0.325129 0.832241 37.232503
0.689694 0.114189 23.587546
0.067597 0.939442 15.720792
0.672058 0.000149 20.762009
0.452400 0.305149 20.709153
0.407185 0.458866 18.243928
0.156744 0.248600 28.349971
0.262114 0.568052 31.614105
0.636680 0.583160 49.433468
0.757932 0.000613 27.966729
0.297468 0.191490 90.000000
0.172025 0.981233 25.399682
0.255226 0.501589 26.871478
0.839626 0.866880 6.658547
0.242115 0.743387 71.532534
0.637478 0.425104 30.643914
0.130699 0.118228 24.387648
0.663373 0.928389 17.007305
0.887304 0.365869 9.869975
0.592565 0.060546 6.941331
0.105951 0.546160 19.731901
0.297468 0.191490 90.000000
0.639493 0.562500 55.000000
0.539270 0.513305 12.252712
0.085502 0.335925 12.486980
0.946354 0.242160 20.960199
0.297468 0.191490 90.000000
0.561748 0.914182 17.828509
0.263531 0.587460 32.979367
0.903408 0.274456 19.101035
0.371147 0.647349 31.575031
0.976090 0.517958 31.989964
0.693259 0.534192 29.716000
0.176107 0.761583 35.085486
0.297468 0.191490 90.000000
0.791627 0.228868 23.076353
0.697439 0.586855 29.081479
0.128275 0.421092 15.423687
0.556755 0.762347 18.358123
0.173056 0.463878 21.560671
0.813523 0.688294 9.318598
0.595918 0.451569 29.040920
0.588230 0.198879 14.457082
0.386643 0.630101 30.397754
0.297468 0.191490 90.000000
0.497176 0.627919 22.249808
0.858228 0.075005 59.999999
0.608922 0.418705 28.903946
0.420631 0.583587 26.205380
0.149821 0.124381 26.746296
0.078560 0.085922 16.404066
0.373148 0.822579 61.863975
0.444033 0.929130 34.174693
0.231329 0.845999 38.274296
0.875498 0.631797 17.366681
0.263493 0.506417 27.096242
0.859223 0.840495 9.736662
0.042975 0.715419 15.310058
0.851536 0.474163 15.337938
0.297468 0.191490 90.000000
0.860199 0.100808 41.633680
0.461309 0.732082 30.878520
0.963832 0.645389 26.118081
0.382106 0.263508 30.788213
0.396509 0.051821 20.307641
0.152508 0.322226 19.079675
0.994033 0.850231 16.565243
0.858228 0.562500 15.882737
0.297468 0.191490 90.000000
0.243746 0.658107 38.440679
0.195173 0.286175 26.922265
0.094811 0.405117 11.433543
0.208915 0.836090 37.232951
0.670269 0.012972 21.093355
0.496357 0.920229 27.233565
0.930198 0.410593 27.142404
0.297468 0.191490 90.000000
0.889257 0.075324 39.517157
0.611445 0.342017 3.671087
0.968428 0.785026 19.845440
0.138669 0.953173 23.792748
0.372473 0.912476 40.972651
0.297468 0.191490 90.000000
0.898999 0.495214 22.706166
0.837489 0.415809 13.002983
0.598330 0.747552 25.955216
0.892804 0.800022 14.678732
0.392250 0.700055 35.111005
0.389996 0.148756 38.043117
0.247741 0.781710 59.827008
0.351416 0.541403 23.871634
0.297468 0.191490 90.000000
0.112675 0.564832 21.341591
0.165680 0.122888 28.001125
0.980654 0.501594 32.399835
0.883662 0.324888 14.167595
0.966482 0.000000 27.318457
0.297468 0.191490 90.000000
0.040972 0.100458 14.244503
0.169874 0.399921 17.093947
0.326166 0.630337 28.467591
0.630764 0.763958 26.838486
0.328624 0.110032 32.543498
# OSA solutions
0.297468 0.191490 90.000000
0.379505 0.845999 69.999163
0.858228 0.075005 59.999999
0.309577 0.183942 88.128616
0.323581 0.150678 63.804456
0.344850 0.167777 69.065093
0.359537 0.210242 63.805225
0.246901 0.771858 67.824449
0.377688 0.855399 68.667922
0.268501 0.210871 79.114531
0.258149 0.190854 80.280390
0.320145 0.208279 82.395238
0.343929 0.207649 73.281563
0.331141 0.185212 82.185494
0.335769 0.206887 77.423857
0.294675 0.186898 89.610251
0.289950 0.217400 79.516965
0.297862 0.197038 89.505720
0.248242 0.752076 74.596610
0.311205 0.198018 88.079982
0.854745 0.075563 59.560799
0.862300 0.068570 57.781135
0.352493 0.191490 72.013149
0.276786 0.165791 77.523994
0.297468 0.230881 68.355343
0.242115 0.743387 71.532535
0.269225 0.199712 83.828929
0.314828 0.175048 83.872980
0.307494 0.215233 80.790939
0.260267 0.746737 59.580961
0.243882 0.733902 67.023231
0.384298 0.821519 62.194226
0.303580 0.185750 89.225529
0.346060 0.216106 67.964932
0.246339 0.757343 74.618498
0.281352 0.194422 88.152131
0.383516 0.845364 69.095215
0.330690 0.208616 78.731251
0.240388 0.750230 71.923196
0.287574 0.191490 89.350648
0.267892 0.228096 66.580171
0.350910 0.182724 71.941175
0.328712 0.197592 83.180111
0.373747 0.824997 63.303030
0.249458 0.763979 71.594342
0.239572 0.216433 63.115519
0.289450 0.185393 88.980730
0.244465 0.754319 74.711284
0.225651 0.209357 58.501916
0.264192 0.180331 81.108614
0.299253 0.191490 89.978792
0.245176 0.778392 62.724633
0.280697 0.215745 79.374596
0.288639 0.210258 84.032426
0.315244 0.191483 87.920980
0.304978 0.177433 86.520298
0.355831 0.223238 58.869203
0.262437 0.164179 72.016401
0.315738 0.161823 75.080355
0.334845 0.228029 64.181455
0.377647 0.864509 65.650414
0.256952 0.201609 78.285306
0.380598 0.866564 64.871253
0.294417 0.192107 89.931919
0.332700 0.194082 82.012833
0.378626 0.840702 69.638827
0.265002 0.174806 79.229777
0.379743 0.851649 69.566287
0.248551 0.728766 63.054402
0.249663 0.171393 70.804071
0.242146 0.760824 72.339122
0.323688 0.199153 84.647905
0.283449 0.157350 72.110956
0.258162 0.225325 65.631681
0.288525 0.200405 88.208729
0.255306 0.757877 67.705944
0.301309 0.194820 89.723974
0.238207 0.185756 69.118925
0.316825 0.224689 71.977334
0.379505 0.811957 57.917035
0.305263 0.210296 84.117823
0.226321 0.176641 59.888588
0.326005 0.219205 73.931303
0.239600 0.781702 57.464946
0.305133 0.159434 74.637074
0.341980 0.197520 77.253450
0.379129 0.874996 60.560426
0.356729 0.197223 69.118924
0.250731 0.183457 75.730745
0.302474 0.171969 83.929463
0.262641 0.217067 73.266157
0.282826 0.196980 88.108818
0.384067 0.858235 66.987069
0.245418 0.208907 69.876059
0.259089 0.771121 57.402423
0.376630 0.829431 66.368675
0.305803 0.191490 89.538687
0.361056 0.181326 65.702127
0.384915 0.829310 65.254022
0.323247 0.164649 75.381826
0.247248 0.196019 74.456230
0.285713 0.184322 88.271798
0.239572 0.772063 64.541233
0.327958 0.189804 83.979499
0.232624 0.191490 66.119308
0.339417 0.187346 78.791110
0.277961 0.191820 87.500774
0.276522 0.204364 84.588214
0.384216 0.872125 61.137379
0.311071 0.234894 63.667937
0.287793 0.174140 84.705588
0.281692 0.176932 85.079963
0.232398 0.756470 60.567305
0.367158 0.855233 61.148073
0.338486 0.191490 79.482639
0.298792 0.147124 63.576015
0.244857 0.750666 74.704318
0.321019 0.177525 83.430954
0.346133 0.151400 57.218775
0.379107 0.830504 67.195636
