# gen=180 x0..xd f
0.297468 0.191490 90.000000
0.323243 0.312457 25.750486
0.407660 1.000000 33.901295
0.425549 0.489943 19.778990
0.858228 0.075005 59.999999
0.472587 0.433689 13.626080
0.244629 0.783050 58.675353
0.728944 0.540918 23.992582
0.858228 0.075005 59.999999
0.034335 0.596383 12.098489
0.755085 0.876853 12.373842
0.379505 0.845999 69.999163
0.731836 0.998826 9.128440
0.062808 0.456879 10.667303
0.913585 0.103625 34.266524
0.231272 0.285427 29.031743
0.116627 0.571140 22.086463
0.047873 0.463329 9.205274
0.390727 0.257989 30.920884
0.446084 0.308874 20.671294
0.241185 0.589854 33.399191
0.297866 0.609513 32.404010
0.373029 0.940386 38.756920
0.431400 0.780853 36.447983
0.586220 0.976249 13.291176
0.942151 0.322060 13.332080
0.858228 0.075005 59.999999
0.627000 0.822275 23.395982
0.613058 0.641503 32.339618
0.229962 0.741654 54.800627
0.453530 0.586995 24.328650
0.657350 0.389997 28.194324
0.297468 0.191490 90.000000
0.208241 0.002071 12.618567
0.028371 0.260078 14.631553
0.297468 0.191490 90.000000
0.549872 0.577298 13.912990
0.289139 0.746296 39.088802
0.283468 0.653888 36.297475
0.208392 0.426645 20.759541
0.036549 0.366199 4.927404
0.026816 0.706685 12.871307
0.975307 0.880624 15.491608
0.926588 0.675479 22.421928
0.656591 0.087508 20.847077
0.238470 0.759082 69.301423
0.529053 0.166288 20.712540
0.639493 0.562500 55.000000
0.336809 1.000000 32.942765
0.941218 0.907736 13.662918
0.321672 0.291659 29.339467
0.244539 0.903422 34.384749
0.391589 0.854923 61.552237
0.297468 0.191490 90.000000
0.247880 0.620338 35.664335
0.797994 0.076920 34.570141
0.454945 0.106413 23.976914
0.158770 0.849467 30.723359
0.459159 0.680117 28.876788
0.124254 0.950710 22.301084
0.652778 0.210928 15.966944
0.379505 0.845999 69.999163
0.032875 0.728059 13.892543
0.710963 0.339349 9.313588
0.848546 0.090132 49.385043
0.048141 0.453507 8.806015
0.639493 0.562500 55.000000
0.706604 0.730559 23.963590
0.451732 0.620769 26.438453
0.013470 0.449396 4.437091
0.813835 0.391118 8.499153
0.546416 0.599219 15.213484
0.229310 0.886535 35.320313
0.200358 0.536394 28.108495
0.179149 0.445785 20.738634
0.089132 0.834800 21.490306
0.173506 0.743279 34.694932
0.659450 0.652612 32.471598
0.968803 0.476067 41.980032
0.269326 0.761682 45.359911
0.811481 0.670246 9.888023
0.193290 0.364995 14.682871
0.326522 0.741879 34.702048
0.176918 0.411849 18.306960
0.190621 0.730755 37.083082
0.780771 0.549809 15.578261
0.118632 0.946569 21.834724
0.060431 0.098782 15.976533
0.247543 0.727175 61.987700
0.519784 0.138899 20.491688
0.829225 0.545608 11.574385
0.391942 0.803117 48.139851
0.355326 0.175137 67.138022
0.434187 0.430124 15.436609
0.858228 0.075005 59.999999
0.927246 0.616472 24.500976
0.382157 0.859599 67.303492
0.206094 0.063847 22.556741
0.425464 0.240128 30.314271
0.360154 0.907874 40.110967
0.614470 0.673157 31.020083
0.849499 0.752875 11.063155
0.719530 0.816534 18.922633
0.687040 0.237658 16.665215
0.768561 0.213956 23.483817
0.317977 0.238632 59.095548
0.153553 0.666788 30.364361
0.194704 0.235867 34.375651
0.918320 0.757409 18.614680
0.771050 0.447643 16.160740
0.204737 0.761700 39.300907
0.300312 0.646200 34.227057
0.735743 0.726464 20.268375
0.224193 0.218192 54.002501
0.706897 0.827181 19.722477
0.297468 0.191490 90.000000
0.922798 0.532056 25.976885
0.379505 0.845999 69.999163
0.635402 0.791395 25.312202
0.498867 0.529293 17.144032
0.892307 0.115341 35.049223
0.363236 0.238938 45.439083
0.843239 0.601731 13.150525
0.523939 0.999961 21.362129
0.684512 0.390934 26.251145
0.171487 0.026615 15.076734
0.297468 0.191490 90.000000
0.791355 0.994338 3.359753
0.810915 0.330475 13.309667
0.001227 0.080719 8.704894
0.298770 0.184195 89.138130
0.394512 0.999438 34.500840
0.849882 0.580804 14.411304
0.269980 0.200497 83.887238
0.996753 0.908571 13.869118
0.411583 0.860272 40.604850
0.215617 0.122500 31.587777
0.016752 0.345451 5.784951
0.620086 0.065567 17.337410
0.847930 0.395580 14.491356
0.465392 0.204539 28.039154
0.297468 0.191490 90.000000
0.122832 0.073912 18.724776
0.652946 0.459068 32.238147
0.619562 0.593075 34.935338
0.555829 0.062712 10.470014
0.911067 0.178509 28.435783
0.211144 0.453368 22.768996
0.699138 0.930489 15.130218
0.246525 0.735750 68.700001
0.971936 0.463502 44.520560
0.379505 0.845999 69.999163
0.102630 0.016846 9.661129
0.891264 0.024148 34.199691
0.297468 0.191490 90.000000
0.065308 0.970976 14.290621
0.255208 0.727186 57.230715
0.964516 0.456010 35.582218
0.330071 0.126983 41.977860
0.122532 0.899431 24.249745
0.715117 0.068388 26.536815
0.777738 0.443705 15.050490
0.820092 0.525929 10.275090
0.372503 0.923465 39.900886
0.953380 0.838509 17.151276
0.895172 0.336704 12.815639
0.297468 0.191490 90.000000
0.981690 0.832615 17.627947
0.244309 0.844187 38.745393
0.443013 0.114832 25.931225
0.206410 0.787286 39.065568
0.242146 0.760824 72.339122
0.550046 0.263626 16.092188
0.639493 0.562500 55.000000
0.500612 0.024531 10.170092
0.818221 0.061682 36.288260
0.297468 0.191490 90.000000
0.336242 0.293680 28.677841
0.371073 0.231839 46.608122
0.733318 0.411860 21.002975
0.285299 0.682483 37.674969
0.366364 0.840777 60.871186
0.858228 0.075005 59.999999
0.297468 0.562500 29.494166
0.095853 0.736796 23.216709
0.070738 0.460396 11.737745
0.449335 0.667034 29.210818
0.144751 0.017851 12.341375
0.297468 0.191490 90.000000
0.198960 0.279173 28.155557
0.163701 0.681087 32.163824
0.397961 0.904158 40.573601
0.391843 0.595000 27.904141
0.065924 0.333479 11.246740
0.975166 0.613960 27.658831
0.526249 0.279718 17.165161
0.971658 0.434768 34.355033
0.917947 0.821753 16.049561
0.371508 0.898652 45.421859
0.756195 0.397688 17.323341
0.807008 0.927499 4.033202
0.690620 0.391972 25.681840
0.735065 0.376935 19.677116
0.242648 0.246614 43.881367
0.203344 0.611474 33.246792
0.712306 0.570634 26.751818
0.297468 0.191490 90.000000
0.834981 0.013666 33.608123
0.376481 0.792722 46.497761
0.936075 0.571575 26.894957
0.404449 0.850495 46.335990
0.683848 0.397180 26.607258
1.000000 0.643160 25.259909
0.778236 0.553939 15.998198
0.244657 0.728189 62.801567
0.944013 0.665343 24.266820
0.297468 0.191490 90.000000
0.858228 0.075005 59.999999
0.919723 0.103556 33.744955
0.750699 0.902231 11.815041
0.766951 0.731412 15.641330
0.693506 0.653561 28.359860
0.858228 0.562500 15.882737
0.411469 0.998212 33.795541
0.297468 0.562500 29.494166
0.174556 0.154422 31.432686
0.301675 0.080684 27.700447
0.399864 0.858406 50.854260
0.955675 0.193003 24.876616
0.366104 0.296583 27.152459
0.155741 0.314935 20.313005
0.639493 0.562500 55.000000
0.658572 0.138349 19.979355
0.351701 0.008311 14.602969
0.397660 0.692854 34.449003
0.055821 0.595148 15.021170
0.645136 0.701543 30.502686
0.963205 0.798134 19.189519
0.829235 0.154891 31.593010
0.985992 0.164275 24.912846
0.402959 0.270000 28.918571
0.237916 0.467842 24.398090
0.090944 0.350824 10.959978
0.379505 0.845999 69.999163
0.297468 0.191490 90.000000
0.509370 0.795223 25.730165
0.035399 0.948113 11.168045
0.858228 0.075005 59.999999
0.467756 0.958529 30.094328
0.214767 0.848143 37.060609
0.145326 0.580377 25.858525
0.639493 0.562500 55.000000
0.608855 0.520875 33.087368
0.761205 0.166364 27.010551
0.639493 0.845999 22.153031
0.798085 0.569067 12.762169
0.639493 0.562500 55.000000
0.379860 0.615932 29.452433
0.929082 0.196315 25.987143
0.858228 0.075005 59.999999
0.825023 0.530748 11.016484
0.254766 0.216284 70.562100
0.461304 0.156238 27.637567
0.395505 0.662319 32.449065
0.269697 0.068747 25.415031
0.597854 0.847542 20.725155
1.000000 0.066122 26.652226
0.801273 0.286829 17.585679
0.153861 0.669587 30.491632
0.135796 0.807619 28.663832
0.297468 0.191490 90.000000
0.942426 0.363502 9.165979
0.464098 0.201658 28.236112
0.936986 0.806634 17.894476
0.667959 0.857966 20.840405
0.550231 0.585453 14.200635
0.237189 0.649951 37.733967
0.239483 0.330529 21.964654
0.775972 0.785892 12.859796
0.181948 0.956440 27.728722
0.379505 0.845999 69.999163
0.003127 0.071082 8.018985
0.998713 0.561603 28.417266
0.460898 0.887016 32.934230
0.874458 0.655491 16.721823
0.802052 0.304590 15.796947
0.498770 0.231831 23.392203
0.693434 0.020349 23.463690
0.665286 0.406570 28.643773
0.749881 0.939169 10.280466
0.321460 0.905635 35.794284
0.298628 0.203933 87.538078
0.259089 0.771121 57.402423
0.338921 0.623680 28.844087
0.500983 0.898163 26.933024
0.351979 0.762229 38.292537
0.258366 0.858712 37.475389
0.241087 0.708834 46.376028
0.147039 0.223012 29.259252
0.978803 0.449079 36.311395
# OSA solutions
0.297468 0.191490 90.000000
0.379505 0.845999 69.999163
0.858228 0.075005 59.999999
0.321435 0.182162 84.928650
0.639493 0.562500 55.000000
0.972652 0.468956 44.999380
0.392632 0.198043 47.156391
0.250422 0.775026 64.241388
0.375762 0.857607 67.510096
0.285692 0.234464 64.290560
0.232690 0.176197 63.534921
0.320145 0.208279 82.395238
0.352253 0.207778 68.866596
0.338274 0.180274 77.825628
0.340238 0.208962 74.486739
0.292382 0.184031 88.940413
0.297468 0.220611 77.381768
0.295998 0.199608 88.933194
0.248242 0.752076 74.596610
0.316378 0.197575 87.073639
0.852702 0.075056 58.936562
0.862300 0.068570 57.781135
0.369174 0.190849 61.829490
0.290132 0.144444 60.734775
0.297468 0.235245 64.176069
0.250689 0.740913 70.116032
0.265447 0.193876 83.345603
0.312522 0.164258 77.554867
0.391848 0.889355 47.747136
0.260267 0.746737 59.580961
0.248346 0.732803 66.267181
0.383585 0.816698 59.953595
0.307074 0.184933 88.704500
0.644090 0.578957 49.968996
0.246339 0.757343 74.618498
0.279269 0.191849 87.820124
0.383516 0.845364 69.095215
0.323987 0.226912 68.420507
0.239178 0.736212 65.353057
0.287001 0.192795 89.246465
0.265253 0.236887 58.163710
0.352858 0.173542 67.857604
0.335302 0.203376 78.958582
0.367560 0.823285 57.706132
0.250192 0.763120 71.517455
0.225147 0.228834 48.879586
0.287241 0.186047 88.835582
0.241765 0.753484 73.295618
0.641583 0.554625 53.807218
0.260283 0.184031 80.458135
0.302211 0.191490 89.850381
0.248454 0.780337 60.826866
0.280552 0.217053 78.432573
0.289271 0.210981 83.685637
0.315057 0.187173 87.672050
0.307970 0.176525 85.771865
0.852464 0.065551 55.466703
0.268144 0.152625 64.707980
0.314283 0.149117 64.198119
0.856170 0.093267 48.619446
0.377647 0.864509 65.650414
0.247628 0.209389 70.818108
0.380870 0.869545 63.408017
0.293680 0.191433 89.904454
0.335047 0.191490 81.082297
0.377265 0.838564 69.075401
0.265002 0.174806 79.229777
0.371491 0.848525 66.357967
0.245941 0.720368 56.242704
0.367886 0.883807 50.819729
0.238964 0.766290 67.253603
0.328471 0.200806 82.540214
0.258845 0.720615 49.304452
0.370943 0.895921 46.481243
0.284464 0.206629 85.319748
0.255306 0.757877 67.705944
0.301723 0.195483 89.624104
0.244848 0.168736 67.015014
0.875688 0.066611 48.771066
0.386677 0.807364 53.331469
0.305263 0.210296 84.117823
0.247921 0.794172 49.436605
0.349543 0.235157 53.192929
0.233736 0.788489 47.910707
0.297461 0.157266 73.079812
0.342271 0.202795 75.866322
0.390936 0.882121 51.813363
0.364753 0.211668 60.244472
0.231421 0.144836 45.841040
0.297468 0.170756 83.356331
0.252832 0.215885 69.940502
0.282826 0.196980 88.108818
0.384975 0.859812 66.028889
0.222235 0.202692 58.359953
0.259089 0.771121 57.402423
0.376940 0.828373 66.052756
0.305381 0.202026 87.826654
0.380356 0.885632 54.190242
0.391007 0.824717 58.737442
0.342569 0.140727 49.979393
0.237115 0.195395 68.678957
0.274707 0.185276 86.022588
0.234475 0.773437 57.829771
0.337862 0.162988 69.115079
0.204077 0.182307 47.860353
0.348949 0.189494 73.975614
0.274094 0.194737 86.273600
0.268372 0.211203 78.888150
0.387034 0.869259 60.984188
0.255472 0.792246 47.880354
0.286143 0.167527 80.476386
0.278138 0.178418 84.918907
0.232108 0.752691 60.231272
0.367158 0.855233 61.148073
0.359276 0.196218 67.716074
0.375904 0.798374 49.401203
0.246338 0.748418 74.496882
0.321362 0.167720 78.022621
0.233367 0.726600 52.725346
0.379107 0.830504 67.195636
