# gen=300 x0..xd f
0.297468 0.191490 90.000000
0.284495 0.715792 39.160050
0.639493 0.562500 55.000000
0.034793 0.014334 4.486013
0.297468 0.562500 29.494166
0.563000 0.769368 17.545186
0.306792 0.144443 60.592044
0.113873 0.165209 25.928343
0.297468 0.191490 90.000000
0.666714 0.067814 21.855202
0.075332 0.127377 19.757176
0.879132 0.317841 14.939409
0.461210 0.194723 28.632639
0.327141 0.279789 30.781838
0.669694 0.207560 17.493689
0.858228 0.075005 59.999999
0.410909 0.830450 40.830685
0.124236 0.478527 18.364631
0.288128 0.207965 85.193462
0.969637 0.437553 34.785456
0.123902 0.342668 14.341592
0.641702 0.088653 19.401568
0.653986 0.937970 16.676166
0.645305 0.394271 28.811570
0.250240 0.714359 50.550459
0.297468 0.191490 90.000000
0.198500 0.391254 17.876930
0.770402 0.488495 16.852619
0.225178 0.088913 27.388856
0.907798 0.766650 17.327707
0.727480 0.628491 23.781100
0.709478 0.289858 13.727886
0.813094 0.083689 35.941299
0.801293 0.653650 11.714418
0.977797 0.165363 25.466450
0.285478 0.675870 37.321911
1.000000 0.016763 25.393749
0.297468 0.191490 90.000000
0.078393 0.998350 14.788183
0.419521 0.678356 32.342134
0.377580 0.913085 41.186640
0.420452 0.658809 31.064062
0.435917 0.204680 30.825535
0.858228 0.075005 59.999999
0.892299 0.724358 17.141181
0.140801 0.360253 12.849687
0.214071 0.792448 39.899460
0.413460 0.982849 34.622133
0.493368 0.833503 28.408061
0.379505 0.845999 69.999163
0.173431 0.519822 25.180594
0.639493 0.562500 55.000000
1.000000 0.514155 29.544243
0.000875 0.220249 13.459365
0.156790 0.346758 15.768019
0.705069 0.879055 17.347085
0.123385 0.180046 27.387669
0.572006 0.818061 16.647525
0.603546 0.865096 20.090714
0.247587 0.772021 67.598814
0.584656 0.794763 14.622972
0.297468 0.191490 90.000000
0.855700 0.685620 13.485689
0.200679 0.860503 35.078242
0.869116 0.235364 23.607473
0.111625 0.679711 24.855240
0.610504 0.637732 32.198382
0.444405 0.778059 34.645478
0.808138 0.527149 11.047886
0.010121 0.341736 5.628081
0.994815 0.065603 27.148874
0.488948 0.261088 22.381855
0.281870 0.657945 36.678201
0.253277 0.452638 23.288676
0.386574 0.624363 30.001418
0.524486 0.924596 23.110996
0.858228 0.075005 59.999999
0.731198 0.840710 16.602604
0.379505 0.845999 69.999163
0.702705 0.758995 23.247381
0.713885 0.527575 26.334837
0.639493 0.562500 55.000000
0.297468 0.191490 90.000000
0.621562 0.396034 28.527535
0.931359 0.831558 16.519271
0.249476 0.786881 54.949464
0.319702 0.423221 14.760426
0.163580 0.967096 25.525348
0.117174 0.964842 20.832937
0.071039 0.347805 9.883727
0.628320 0.859998 21.243077
0.669257 0.724411 28.046312
0.196767 0.074851 23.786463
0.275831 0.252953 45.925826
0.638485 0.421642 30.447708
0.724728 0.348630 9.019662
0.125013 0.390389 13.288476
0.517177 0.681044 21.914923
0.256110 0.882648 35.805646
0.946798 0.798163 18.725541
0.279914 0.183938 87.081323
0.099334 0.818466 23.237075
0.546587 0.044701 9.247606
0.861728 0.197053 27.640335
0.969312 0.473573 42.892670
0.365271 0.814471 51.866232
0.639493 0.845999 22.153031
0.296457 0.181346 88.355556
0.693227 0.144650 22.854545
0.263318 0.497953 26.482089
0.567471 0.618730 13.264496
0.576007 0.133711 14.272611
0.856750 0.167979 30.682656
1.000000 0.242534 18.157212
0.297468 0.191490 90.000000
0.938535 0.934016 12.397276
0.215488 0.944846 30.625781
0.009265 0.781998 10.395135
0.939805 0.208576 24.363396
0.073642 0.584813 17.110394
0.858032 0.128702 34.789069
0.284821 0.081701 27.830132
0.635714 0.420642 30.368148
0.839301 0.902335 5.531274
0.297468 0.191490 90.000000
0.178146 0.135755 30.325627
0.444386 0.709912 31.895657
0.434905 0.350198 15.429525
0.893112 0.814785 14.184468
0.761998 0.059488 30.950416
0.012494 0.191148 15.127477
0.514147 0.646296 21.025439
0.969759 0.508102 32.721309
0.858228 0.075005 59.999999
0.422253 0.550246 23.930601
0.752140 0.899431 11.774435
0.262484 0.732646 51.394008
0.765780 0.399528 15.960503
0.735289 0.532362 22.913188
0.639493 0.562500 55.000000
0.963214 0.354924 9.430402
0.886117 0.578970 19.848444
0.359513 0.306392 25.828992
0.297468 0.191490 90.000000
0.379505 0.845999 69.999163
0.489201 0.243829 23.678779
0.605031 0.519452 32.486632
0.759770 0.011236 28.775110
0.216256 0.840308 37.661973
0.557819 0.132127 16.105571
0.858228 0.075005 59.999999
0.519675 0.012537 7.222807
0.241140 0.132347 40.806969
0.538142 0.668233 18.743016
0.217534 0.729201 40.868926
0.705096 0.128284 24.572322
0.211839 0.894573 33.869695
0.965404 0.925902 13.398203
0.301854 0.226499 72.280656
0.954883 0.343704 10.800268
0.347970 0.432644 16.356504
0.777130 0.680120 15.165309
0.234424 0.650520 37.694193
0.379505 0.845999 69.999163
0.626848 0.558826 42.804082
0.779354 0.791649 12.214382
0.366132 0.136312 39.837192
0.160158 0.169501 30.662378
0.284199 0.215351 80.262339
0.354424 0.901728 40.000576
0.346995 0.677244 32.739622
0.423457 0.957270 35.259002
0.647349 0.521610 38.086828
0.383808 0.384814 13.415986
0.379505 0.845999 69.999163
0.858794 0.589078 15.648267
0.254583 0.462180 23.980458
0.923428 0.518089 26.270994
0.297468 0.191490 90.000000
0.183458 0.074773 23.019109
0.246397 0.747446 74.271762
0.273753 0.311135 26.007495
0.539071 0.374349 5.325131
0.639493 0.562500 55.000000
0.721323 0.126097 26.118574
0.788042 0.904316 7.293345
0.379505 0.191490 55.343703
0.058800 0.607909 15.779162
0.124835 0.401745 13.965207
0.287242 0.104132 31.372117
0.522276 0.943295 23.071676
0.297468 0.845999 35.249832
0.172141 0.703382 33.918977
0.124852 0.197908 27.620044
0.320929 0.641091 28.726965
0.142313 0.125101 26.126286
0.639493 0.845999 22.153031
0.922477 0.695852 21.291996
0.334497 0.350646 19.026278
0.204916 0.656888 36.101286
0.140972 0.617909 26.993057
0.242399 0.586942 33.194568
0.768418 0.008669 29.284956
0.887786 0.451126 20.989656
0.396735 0.239422 34.266749
0.297468 0.191490 90.000000
0.757736 0.278802 16.985832
0.919233 0.005383 31.032207
0.404832 0.833128 45.344821
0.297468 0.191490 90.000000
0.379505 0.845999 69.999163
0.958930 0.894069 14.763824
0.301513 0.299197 28.237338
0.968928 0.257491 18.525773
0.858228 0.075005 59.999999
0.901017 0.643236 20.543928
0.962773 0.027041 29.111994
0.836451 0.016529 33.937533
0.923279 0.403930 26.022992
0.639493 0.562500 55.000000
0.685682 0.400507 26.576628
0.297468 0.191490 90.000000
0.515966 0.837273 25.053534
0.882165 0.000000 32.227908
1.000000 0.105092 26.327639
0.668760 0.477200 31.755841
0.235495 0.136731 42.043918
0.964460 0.716582 22.912787
0.715501 0.000000 24.521572
0.949867 0.884968 14.965812
0.970645 0.725909 22.555321
0.252016 0.264778 34.751144
0.454655 0.614827 25.851578
0.341776 0.837527 39.738082
0.270038 0.552268 30.239209
0.969889 0.236393 20.369265
0.225889 0.669354 38.589581
0.884131 0.157406 31.431551
0.379505 0.845999 69.999163
0.292914 0.197860 89.213387
0.727358 0.114279 27.089713
0.658823 0.780257 25.589942
0.545402 0.276406 15.588037
0.227733 0.801841 40.916730
0.639493 0.562500 55.000000
0.991476 0.334638 10.356924
0.789183 0.897448 7.399810
0.963097 0.582875 28.878905
0.175693 0.092226 24.991342
0.246367 0.645704 37.536108
0.658624 0.550253 35.699570
0.973164 0.459660 43.804199
0.858228 0.075005 59.999999
0.622182 0.686700 30.885623
0.283447 0.887072 34.159729
0.912149 0.968077 9.614024
0.763408 0.502297 18.122219
0.118591 0.298353 19.690600
0.907049 0.265295 19.958729
0.194468 0.399724 18.318161
0.917449 0.579577 24.285265
0.297468 0.191490 90.000000
0.827818 0.544557 11.364035
0.166329 0.854266 31.505943
0.546492 0.598882 15.190841
0.269524 0.682495 39.208469
0.114069 0.955463 20.901553
0.996759 0.675408 24.138757
0.258161 0.712352 45.243268
0.246468 0.775386 65.220791
0.416402 0.089110 24.756433
0.650440 0.248918 13.296440
0.927411 0.811165 17.137479
0.379505 0.845999 69.999163
0.348170 0.146243 52.491199
0.255594 0.950158 30.877985
0.268626 0.609191 34.340261
0.125034 0.410480 14.509060
0.858228 0.562500 15.882737
0.502112 0.822753 27.056897
0.379505 0.562500 25.746526
0.044630 0.140161 17.341420
0.606360 0.141657 15.053951
0.084255 0.121512 20.215911
0.870457 0.117175 35.837778
0.596093 0.266669 8.079556
0.356316 0.348811 18.872804
0.783854 0.142478 30.325565
0.329296 0.191013 83.502831
0.273750 0.113674 34.554851
0.481555 0.221284 25.734740
0.245545 0.715423 52.056836
0.639493 0.562500 55.000000
0.764080 0.215352 23.133691
0.296887 0.668432 35.703301
0.881324 0.000000 32.250592
0.277246 0.213655 79.999294
0.379505 0.845999 69.999163
0.663363 0.831073 22.542915
0.682831 0.025001 22.643607
# OSA solutions
0.297468 0.191490 90.000000
0.379505 0.845999 69.999163
0.858228 0.075005 59.999999
0.309577 0.183942 88.128616
0.322874 0.153746 66.700828
0.339543 0.167316 71.214836
0.359537 0.210242 63.805225
0.246901 0.771858 67.824449
0.378468 0.854956 68.895065
0.268501 0.210871 79.114531
0.258149 0.190854 80.280390
0.313297 0.208759 83.770463
0.345830 0.203963 73.681337
0.331141 0.185212 82.185494
0.335769 0.206887 77.423857
0.293238 0.189354 89.807828
0.296570 0.212594 83.120839
0.297862 0.197038 89.505720
0.248242 0.752076 74.596610
0.311205 0.198018 88.079982
0.230424 0.212523 60.021252
0.287129 0.220597 76.787249
0.352493 0.191490 72.013149
0.276786 0.165791 77.523994
0.297468 0.218561 78.980375
0.242027 0.743729 71.608221
0.269016 0.197286 84.264858
0.314828 0.175048 83.872980
0.307494 0.215233 80.790939
0.260267 0.746737 59.580961
0.243882 0.733902 67.023231
0.386896 0.825814 62.646801
0.303580 0.185750 89.225529
0.346060 0.216106 67.964932
0.246339 0.757343 74.618498
0.281352 0.194422 88.152131
0.383516 0.845364 69.095215
0.326164 0.206015 81.559491
0.240388 0.750230 71.923196
0.287574 0.191490 89.350648
0.273104 0.224074 71.343549
0.350910 0.182724 71.941175
0.328712 0.197592 83.180111
0.373747 0.824997 63.303030
0.249458 0.763979 71.594342
0.250059 0.214713 69.330802
0.289450 0.185393 88.980730
0.244465 0.754319 74.711284
0.337685 0.151334 60.250317
0.264192 0.180331 81.108614
0.299253 0.191490 89.978792
0.246468 0.775386 65.220791
0.277246 0.213655 79.999294
0.288128 0.207965 85.193462
0.315244 0.191483 87.920980
0.304978 0.177433 86.520298
0.256406 0.153726 61.896401
0.262437 0.164179 72.016401
0.315738 0.161823 75.080355
0.331630 0.226935 66.146793
0.377647 0.864509 65.650414
0.256952 0.201609 78.285306
0.380598 0.866564 64.871253
0.294417 0.192107 89.931919
0.332700 0.194082 82.012833
0.378626 0.840702 69.638827
0.265002 0.174806 79.229777
0.379743 0.851649 69.566287
0.248551 0.728766 63.054402
0.247794 0.175996 71.912943
0.242146 0.760824 72.339122
0.323688 0.199153 84.647905
0.293414 0.157315 73.035727
0.258162 0.225325 65.631681
0.288525 0.200405 88.208729
0.255306 0.757877 67.705944
0.301309 0.194820 89.723974
0.238280 0.190647 69.553503
0.316825 0.224689 71.977334
0.272685 0.235731 60.981561
0.305263 0.210296 84.117823
0.226321 0.176641 59.888588
0.326005 0.219205 73.931303
0.280000 0.153716 68.336107
0.305133 0.159434 74.637074
0.338943 0.195331 79.054760
0.379129 0.874996 60.560426
0.351823 0.197082 72.001268
0.250731 0.183457 75.730745
0.302721 0.174635 85.377273
0.264351 0.216576 74.216972
0.285088 0.194864 88.804825
0.384067 0.858235 66.987069
0.241837 0.202199 70.230862
0.301854 0.226499 72.280656
0.376630 0.829431 66.368675
0.305803 0.191490 89.538687
0.361056 0.181326 65.702127
0.384689 0.836266 67.432766
0.323247 0.164649 75.381826
0.249956 0.199863 75.251500
0.285713 0.184322 88.271798
0.239572 0.772063 64.541233
0.327958 0.189804 83.979499
0.232624 0.191490 66.119308
0.339417 0.187346 78.791110
0.277961 0.191820 87.500774
0.278034 0.201555 85.952951
0.384216 0.872125 61.137379
0.311071 0.234894 63.667937
0.287793 0.174140 84.705588
0.280230 0.180794 86.264578
0.232398 0.756470 60.567305
0.367158 0.855233 61.148073
0.338486 0.191490 79.482639
0.304823 0.147618 63.816323
0.244857 0.750666 74.704318
0.321019 0.177525 83.430954
0.371931 0.192933 60.075489
0.379107 0.830504 67.195636
