# gen=10 CA size=200
# x0..x(D-1) consensus
0.715031 0.355280 0.322120 0.706133 0.394130 47.002082
0.723710 0.172214 0.764601 0.858209 0.492678 48.592108
0.856209 0.095611 0.776849 0.665130 0.447490 48.592108
0.709141 0.463430 0.308684 0.509484 0.560932 44.983992
0.786446 0.364136 0.270342 0.445757 0.326598 47.002082
0.834820 0.251790 0.202301 0.865335 0.485741 47.002082
0.864799 0.297441 0.831760 0.795037 0.697793 48.592108
0.264350 0.167392 0.650077 0.260581 0.479296 42.272285
0.692275 0.052157 0.671453 0.101973 0.505610 49.057573
0.813625 0.152543 0.687736 0.048231 0.689450 49.057573
0.821167 0.035271 0.738645 0.486949 0.825372 51.429797
0.739597 0.183271 0.418364 0.336978 0.427523 49.057573
0.927958 0.676087 0.591984 0.565575 0.113755 46.443853
0.799334 0.159910 0.936535 0.308796 0.769461 48.726998
0.644939 0.112932 0.658265 0.875589 0.621263 48.687623
0.918467 0.102935 0.746370 0.458193 1.000000 49.191972
0.922167 0.000000 0.678242 0.518349 0.713864 49.324971
0.781969 0.036639 0.339452 0.262447 0.980549 49.963419
0.790887 0.000000 0.782172 0.475621 0.634283 50.333793
0.767307 0.113582 0.350540 0.000000 0.582574 49.963419
0.757178 0.147497 0.296857 0.000000 0.962205 49.963419
0.893868 0.015925 0.299003 0.146533 0.766808 49.424292
0.679052 0.068012 0.357087 0.000000 0.832266 49.963419
0.811200 0.095225 0.823796 0.503137 0.675122 49.808807
0.772439 0.103742 0.751623 0.672579 0.659025 49.464982
0.937285 0.044536 0.669060 0.384898 0.920499 49.100908
0.767853 0.000000 0.695981 0.564569 0.674852 50.851407
0.719225 0.072407 0.710916 0.570094 0.733326 50.863512
0.921271 0.130116 0.669195 0.350738 0.727049 49.261596
0.795846 0.143018 0.773918 0.357800 0.888709 49.902260
0.842397 0.150017 0.771085 0.620144 0.772956 49.092832
0.834917 0.124077 0.732293 0.356681 0.568470 49.097965
0.838688 0.065441 0.757747 0.576040 0.636431 49.748449
0.787840 0.060939 0.841251 0.486870 0.729136 49.272297
0.755164 0.232247 0.350833 0.000000 0.939305 49.963419
0.666090 0.173126 0.230443 0.197764 0.731313 49.963419
0.604631 0.207034 0.324515 0.357597 0.759685 49.963419
0.837036 0.068777 0.359351 0.276122 0.788750 49.963419
0.758892 0.097036 0.827133 0.462954 0.768666 51.004479
0.710491 0.134538 0.645241 0.668906 0.649895 49.119207
0.670973 0.000000 0.717654 0.578838 0.904181 49.314961
0.721332 0.143799 0.354889 0.476939 0.485551 49.963419
0.768603 0.243046 0.364460 0.000000 0.868040 49.963419
0.865613 0.162432 0.793223 0.339737 0.909748 49.872654
0.784652 0.051439 0.808996 0.342172 0.858416 49.638265
0.803742 0.037166 0.688127 0.688593 0.741093 49.819400
0.730766 0.044058 0.797789 0.625564 0.563415 49.438821
0.688086 0.072299 0.675900 0.720030 0.962437 50.125898
0.859853 0.115665 0.748540 0.530661 0.823901 50.816623
0.817491 0.143018 0.328168 0.541744 1.000000 49.878895
0.813085 0.000000 0.675140 0.539144 0.504872 49.631395
0.921151 0.000000 0.644287 0.550927 0.844089 49.139863
0.917256 0.090665 0.367575 0.146176 0.595073 49.963419
0.814048 0.060233 0.312821 0.000000 0.515522 49.217184
0.751858 0.105359 0.876984 0.348810 0.869252 49.587649
0.739333 0.000000 0.643494 0.603234 0.963627 49.346915
0.764658 0.179383 0.741674 0.593446 0.867343 50.582484
0.655748 0.111294 0.330890 0.000000 1.000000 49.424739
0.869149 0.032782 0.361642 0.179122 0.887819 49.963419
0.752017 0.127778 0.373734 0.180387 0.901843 49.963419
0.778537 0.174799 0.751607 0.448505 0.601702 50.957693
0.839212 0.224992 0.759748 0.421634 0.693621 49.088472
0.750778 0.048556 0.758129 0.493767 0.777611 51.559069
0.742120 0.031017 0.728201 0.548843 0.842845 50.821445
0.785378 0.166869 0.228407 0.464838 0.768900 49.393403
0.759634 0.155854 0.359756 0.580973 0.497546 49.415001
0.827870 0.064692 0.746968 0.471661 0.853990 51.697678
0.868463 0.057474 0.322655 0.207901 0.617342 49.963419
0.747145 0.122917 0.851692 0.348947 0.703596 50.537756
0.853989 0.000000 0.349931 0.117254 0.979729 49.518606
0.777018 0.119892 0.629154 0.643103 0.681552 50.582011
0.835033 0.132878 0.764485 0.444087 0.775246 52.832366
0.810827 0.016705 0.640338 0.545885 0.635204 49.397004
0.233280 0.440582 0.589959 0.619827 0.439384 39.418438
0.836924 0.113380 0.296873 0.000000 0.720279 49.963419
0.837481 0.126907 0.726895 0.423506 0.623066 50.969212
0.714187 0.000000 0.358019 0.131272 0.654313 49.963419
0.858051 0.163878 0.718071 0.450977 0.853286 50.958241
0.861665 0.138487 0.371080 0.265934 0.990837 49.963419
0.779195 0.034453 0.830730 0.445783 0.606468 49.979669
0.811256 0.251648 0.335428 0.335860 1.000000 49.963419
0.786446 0.140171 0.353554 0.363884 0.483558 49.963419
0.692553 0.051871 0.776849 0.696898 0.622659 49.434699
0.720715 0.166319 0.740496 0.597601 0.714170 50.644932
0.772638 0.221470 0.330305 0.526966 0.961512 49.952269
0.691260 0.179488 0.348121 0.392007 0.688901 49.963419
0.680264 0.055689 0.328037 0.335637 0.581682 49.963419
0.697420 0.000000 0.754871 0.543309 0.681686 49.829421
0.815662 0.148112 0.813509 0.424354 0.964872 50.168475
0.835033 0.062184 0.746079 0.342070 1.000000 49.293752
0.759853 0.150973 0.301692 0.026990 0.845344 49.963419
0.883375 0.103692 0.840538 0.236199 0.646372 49.459285
0.815965 0.098679 0.676030 0.396478 0.979980 49.110207
0.758006 0.179368 0.305860 0.182864 0.564941 49.963419
0.708051 0.026002 0.771944 0.526222 1.000000 49.077225
0.904040 0.046528 0.729129 0.377691 0.623764 49.574602
0.690781 0.000000 0.360463 0.000000 0.668457 49.390133
0.826189 0.162378 0.771677 0.396219 0.831793 51.090489
0.840051 0.073744 0.325643 0.417976 0.807051 49.963419
0.760043 0.000000 0.351092 0.130761 0.602226 49.963419
0.792322 0.224941 0.284988 0.221486 0.845278 49.963419
0.699196 0.176782 0.757076 0.459612 1.000000 49.360727
0.726407 0.148115 0.354759 0.587508 0.491717 49.256702
0.722362 0.075147 0.802720 0.531985 0.921413 49.799146
0.856776 0.090135 0.265435 0.369031 0.812032 49.963419
0.789689 0.088310 0.651457 0.590615 0.845103 51.026399
0.745826 0.148946 0.364889 0.351743 0.457113 49.963419
0.606591 0.218936 0.350156 0.204801 0.531916 49.423054
0.658660 0.104169 0.777688 0.564362 0.594563 50.279417
0.832115 0.001830 0.771141 0.480091 0.689056 50.172003
0.791842 0.061861 0.836578 0.361775 0.487289 49.557727
0.896616 0.000000 0.589469 0.505666 0.740380 49.177947
0.721562 0.106377 0.671533 0.584638 1.000000 49.588446
0.806356 0.187093 0.836798 0.181186 0.799721 49.078826
0.764303 0.252635 0.348783 0.094769 1.000000 49.259501
0.775698 0.012039 0.720821 0.363982 1.000000 49.073758
0.813037 0.188097 0.798363 0.345175 0.759685 50.691812
0.910415 0.108614 0.638102 0.493675 0.799721 49.635309
0.800036 0.142964 0.702952 0.481105 0.677211 50.995640
0.663223 0.052136 0.689310 0.716353 0.751345 50.483124
0.843704 0.001046 0.354237 0.079350 0.746255 49.963419
0.802774 0.000000 0.336374 0.285892 0.806126 49.963419
0.883135 0.104787 0.359222 0.196473 0.543465 49.963419
0.672900 0.119214 0.689692 0.615291 1.000000 49.492116
0.654546 0.094457 0.802692 0.660402 0.756732 49.406329
0.674895 0.128681 0.323992 0.013173 0.842349 49.963419
0.761621 0.072080 0.244346 0.393861 0.746613 49.963419
0.789795 0.088593 0.753982 0.451437 0.745096 52.325280
0.645849 0.000000 0.707917 0.699388 0.913829 49.487417
0.882822 0.000000 0.322120 0.049786 0.760787 49.595870
0.805443 0.000000 0.718067 0.395330 1.000000 49.180187
0.809303 0.000000 0.711940 0.465161 0.875672 49.722854
0.808030 0.041547 0.573985 0.712584 0.722483 49.307151
0.774873 0.129674 0.830503 0.378179 0.544372 49.803166
0.736637 0.103692 0.704266 0.560554 0.816023 51.275365
0.815763 0.045946 0.679623 0.455543 0.700813 49.467727
0.878309 0.000000 0.370442 0.191827 0.622792 49.598875
0.831759 0.166319 0.662794 0.622494 0.838301 49.873132
0.699459 0.052157 0.760462 0.502136 0.648603 49.590398
0.821712 0.164587 0.265063 0.061380 0.687076 49.963419
0.856692 0.098499 0.705270 0.309764 0.923203 49.140978
0.854519 0.008402 0.660765 0.370408 0.910385 49.072954
0.710323 0.066056 0.665194 0.618841 0.856089 49.715955
0.800370 0.233421 0.762136 0.486737 1.000000 49.312730
0.763954 0.125964 0.349344 0.653262 0.646832 49.486389
0.699962 0.016884 0.682068 0.569257 1.000000 49.221121
0.850492 0.000000 0.371266 0.256153 1.000000 49.963419
0.855390 0.014614 0.302003 0.175662 0.892445 49.963419
0.797346 0.019429 0.297955 0.200722 0.575144 49.598262
0.641531 0.192031 0.269442 0.412742 0.918494 49.513137
0.827754 0.165818 0.254955 0.316831 0.743693 49.963419
0.799353 0.193296 0.368077 0.000000 0.810975 49.963419
0.808487 0.049608 0.829617 0.367728 0.786694 50.140205
0.818476 0.203639 0.366101 0.000000 0.898109 49.963419
0.639393 0.112575 0.714024 0.699137 0.862416 50.164809
0.766573 0.043528 0.337326 0.000000 0.468381 49.074932
0.768183 0.041066 0.577337 0.650353 0.928867 49.177419
0.805366 0.000000 0.662177 0.614490 1.000000 49.609511
0.810984 0.153363 0.258124 0.212649 1.000000 49.963419
0.872536 0.018087 0.693014 0.402292 0.922552 49.277781
0.750599 0.000000 0.650407 0.568112 0.991803 49.295404
0.870473 0.126807 0.584975 0.575847 0.769118 49.386587
0.731439 0.133483 0.707917 0.699388 0.717337 49.942191
0.756004 0.000000 0.337682 0.348227 0.795204 49.963419
0.841646 0.027502 0.711815 0.354418 0.984431 49.173474
0.809303 0.178734 0.696517 0.465161 0.669852 50.027726
0.774873 0.194837 0.269339 0.059521 0.784827 49.963419
0.676121 0.204674 0.265904 0.320980 0.897792 49.963419
0.866347 0.173098 0.375217 0.189234 0.715350 49.963419
0.849923 0.080119 0.606121 0.565575 0.607682 49.397682
0.674922 0.111734 0.273777 0.413201 1.000000 49.280890
0.832023 0.099147 0.287716 0.213777 0.718406 49.963419
0.880951 0.177427 0.283284 0.342404 1.000000 49.518346
0.858362 0.072195 0.762849 0.520624 0.807994 50.667093
0.732062 0.102103 0.250382 0.151603 0.858768 49.963419
0.699691 0.208397 0.326269 0.281860 1.000000 49.963419
0.710004 0.063039 0.368622 0.457748 0.605708 49.963419
0.791110 0.089945 0.820042 0.305656 0.912399 49.489464
0.753590 0.024563 0.346351 0.292378 0.728892 49.963419
0.805312 0.124642 0.312838 0.132151 1.000000 49.963419
0.879001 0.164064 0.316024 0.069012 0.688956 49.963419
0.765036 0.063109 0.199219 0.201618 0.856265 49.523418
0.750251 0.005470 0.684289 0.591404 0.758037 50.461715
0.858349 0.193897 0.805259 0.421656 0.966879 49.437912
0.651301 0.196135 0.270179 0.327191 0.822522 49.963419
0.692123 0.043659 0.681202 0.748531 0.873093 49.728447
0.706270 0.000000 0.819953 0.428108 0.479819 49.197434
0.735342 0.155059 0.338714 0.581696 0.976456 49.882923
0.827837 0.153601 0.303716 0.222132 0.940362 49.963419
0.816193 0.040071 0.367695 0.517144 0.637010 49.963419
0.626533 0.249194 0.308684 0.312742 0.584484 49.112504
0.716342 0.078021 0.270524 0.345893 0.516089 49.345624
0.813280 0.072624 0.633541 0.769249 0.835602 49.137145
0.855364 0.052007 0.718807 0.517769 0.678938 51.485417
0.848851 0.142417 0.743698 0.355598 0.880690 49.876671
0.834475 0.082663 0.772746 0.402592 1.000000 49.727152
0.720810 0.186139 0.374250 0.495484 0.826941 49.963419
0.895888 0.136326 0.362102 0.000000 0.634629 49.963419
0.687854 0.081366 0.719138 0.639512 0.830018 51.489665
0.747904 0.121408 0.293825 0.507464 1.000000 49.679156
