# gen=390 x0..xd f
0.796117 0.465476 0.760870 0.797500 0.500000 0.745000 0.500000 0.692500 0.500000 0.640000 55.000000
1.000000 0.280107 0.693660 0.891737 0.240674 0.698481 0.780972 0.877081 0.465093 0.895303 33.108693
0.798522 0.450588 0.770175 0.955651 0.397355 0.753270 0.338696 0.741904 0.564437 0.588841 47.669223
0.464935 0.666502 0.868855 0.860594 0.682610 0.494386 0.907093 0.568722 0.541748 0.088333 0.000000
0.812705 0.446043 0.790727 0.868967 0.359024 0.840995 0.533672 0.792008 0.596674 0.736738 47.733101
0.018000 0.342530 0.492906 0.873588 0.082986 0.691004 0.806881 0.914578 0.277592 0.023697 0.000000
0.843117 0.368168 0.801813 0.755226 0.759397 0.586419 0.620427 0.653128 0.403899 0.761395 43.203446
0.804762 0.447115 0.766639 0.845910 0.560525 0.858403 0.504611 0.846108 0.441477 0.648890 49.032636
0.798357 0.542367 0.775555 0.712968 0.571851 0.749886 0.671651 0.703102 0.437598 0.701211 47.759400
0.311025 0.256990 0.472949 0.831919 0.247986 0.025768 0.574915 0.934921 0.494880 0.525798 0.000000
0.097919 0.345229 0.312033 0.598522 0.287924 0.563827 0.185769 0.319409 0.229686 0.818228 0.000000
0.795119 0.456037 0.733479 0.869783 0.665791 0.809126 0.562543 0.645425 0.658758 0.610147 47.637105
0.730526 0.477534 0.745601 0.785563 0.528341 0.736805 0.510524 0.603509 0.493960 0.713060 49.414589
0.644590 0.038301 0.814352 0.186601 0.704978 0.786619 0.424707 0.151881 0.141077 0.763459 20.247568
0.843216 0.227239 0.839209 0.845174 0.711158 0.680516 0.664302 0.765791 0.592519 0.268143 36.477131
0.776781 0.491895 0.735333 0.756224 0.534801 0.584906 0.441261 0.692170 0.618195 0.601591 48.600481
0.798003 0.425199 0.800496 1.000000 0.412773 0.773298 0.522264 0.652843 0.513336 0.924378 44.602754
0.796116 0.465476 0.760870 0.797500 0.500000 0.745000 0.500000 0.692500 0.500000 0.640000 55.000000
0.796299 0.454538 0.762824 0.821736 0.406280 0.774188 0.510177 0.983678 0.485822 0.749449 46.033700
0.768558 0.514192 0.716570 0.800708 0.588161 0.657466 0.388111 0.720661 0.676256 0.677627 47.162242
0.880394 0.477811 0.834185 0.777724 0.550607 0.887895 0.595847 0.754146 0.538975 0.726002 45.856855
0.818983 0.491355 0.760231 0.702428 0.366259 0.721448 0.342500 0.724226 0.583424 0.707124 47.764544
0.845628 0.366674 0.769388 0.919682 0.587075 0.728343 0.504876 0.761758 0.455039 0.564624 47.132630
0.691782 0.532621 0.780468 0.721038 0.446982 0.754197 0.655975 0.210237 0.393112 0.375936 37.105806
0.851864 0.230423 0.136613 0.487331 0.892132 0.146097 0.616286 0.465853 0.027044 0.204102 0.000000
0.292461 0.774436 0.625348 0.211517 0.596627 0.596529 0.174734 0.246038 0.070816 0.871157 0.000000
0.816996 0.515993 0.773147 0.710328 0.568155 0.778855 0.403774 0.566169 0.593852 0.655936 48.337913
0.856157 0.502149 0.817498 0.770750 0.242344 1.000000 0.529202 0.950900 0.279696 0.517760 39.951015
0.797646 0.467791 0.762794 0.836988 0.538775 0.931060 0.572266 0.679908 0.564342 0.636074 49.060305
0.064513 0.890765 0.079744 0.424165 0.601397 0.765130 0.525545 0.377984 0.537014 0.622832 0.000000
0.787698 0.455096 0.697749 0.781953 0.610520 0.701687 0.331253 0.630859 0.359382 0.592232 46.947705
0.658747 0.540817 0.606752 0.891897 0.376630 0.603509 0.791850 0.860032 0.597563 0.447023 36.869025
1.000000 0.336063 0.706178 1.000000 0.326625 0.950615 0.807280 0.470299 0.755867 0.909884 31.908521
0.803417 0.474889 0.742472 0.875920 0.477047 0.626674 0.391922 0.720222 0.597131 0.632033 49.222438
0.784909 0.458978 0.767298 0.752795 0.584218 0.675438 0.641403 0.600336 0.473068 0.641053 49.254710
0.834685 0.502032 0.759883 0.936095 0.494276 0.767807 0.432577 0.664449 0.493198 0.675503 49.549032
0.826198 0.178505 0.394007 0.943753 0.403634 0.624933 0.710589 0.635796 0.352868 0.637266 0.000000
0.787223 0.440902 0.737289 1.000000 0.420137 0.705757 0.521007 0.803899 0.456690 0.446278 46.100845
0.779055 0.460486 0.769343 0.806983 0.503857 0.787748 0.561271 0.625403 0.462001 0.704824 51.336389
0.795542 0.428411 0.765553 0.754153 0.484529 0.829753 0.577785 0.721764 0.518081 0.605649 50.911552
0.425550 0.095216 0.078069 0.326645 0.643837 0.015676 0.634773 0.836175 0.678262 0.482647 0.000000
0.863747 0.512649 0.018454 0.641497 0.257308 0.769786 0.736168 0.095089 0.585038 0.669307 0.000000
0.816629 0.463023 0.746586 0.799241 0.533379 0.703676 0.333568 0.832770 0.499235 0.564933 48.348209
1.000000 0.485324 0.792376 0.954944 0.387541 0.710006 0.591872 0.800175 0.802895 0.612544 37.573637
0.777798 0.467462 0.791442 0.743466 0.506850 0.821791 0.349175 0.765818 0.577005 0.438024 46.811583
0.896791 0.452010 0.776734 0.881296 0.479408 0.514495 0.439918 0.777588 0.454853 0.453532 43.705710
0.907512 0.983186 0.925479 0.700225 0.357342 0.702280 0.958213 0.893200 0.311039 0.284975 0.000000
0.919846 0.433085 0.780149 0.840270 0.607312 0.701113 0.754023 0.823499 0.657564 0.537432 41.911689
0.709041 0.493700 0.734371 0.704707 0.391144 0.783905 0.394192 0.643859 0.440823 0.692387 46.663500
0.796117 0.465476 0.760870 0.797500 0.500000 0.745000 0.500000 0.692500 0.500000 0.640000 55.000000
0.612961 0.307296 0.926368 0.905433 0.939197 0.987245 0.501464 0.173876 0.945129 0.192675 23.428759
0.646739 0.717656 0.315243 0.239697 0.155880 0.025528 0.513064 0.834075 0.513766 0.163449 0.000000
0.796116 0.465476 0.760870 0.797500 0.500000 0.590506 0.500000 0.692500 0.500000 0.451694 48.345454
0.851701 0.480577 0.809453 0.803091 0.109848 0.753112 0.556814 0.687693 0.455235 0.664847 43.158803
0.803545 0.459779 0.771268 0.797153 0.593034 0.718092 0.388806 0.669972 0.702832 0.650383 48.066121
0.798570 0.469313 0.767422 0.803273 0.514808 0.523253 0.495781 0.822729 0.548794 0.651678 47.813480
0.796116 0.465476 0.760870 0.797500 0.500000 0.745000 0.500000 0.692500 0.500000 0.640000 55.000000
0.849496 0.468528 0.438295 0.825448 0.505185 0.705175 0.553088 0.595437 0.464633 0.625919 0.000000
0.296622 0.283790 0.894159 0.408739 0.172031 0.140238 0.893538 0.061654 0.141891 0.343025 0.000000
0.747702 0.441924 0.732532 0.627502 0.502173 0.595113 0.463836 0.599427 0.573602 0.440584 45.302809
0.824715 0.336115 0.589997 1.000000 0.471284 0.347389 0.623837 0.617663 0.404822 0.470320 36.732285
0.710685 0.475880 0.807343 0.980230 0.437162 0.753953 0.653439 0.667664 0.540086 0.640104 45.659512
0.817767 0.433570 0.788860 0.780243 0.395305 0.749377 0.656355 0.628950 0.576447 0.528761 47.895535
0.780123 0.922105 0.782078 0.756268 0.425119 0.671934 0.527293 0.351917 0.379339 0.477682 0.000000
0.797737 0.455150 0.757010 0.996004 0.564670 0.621840 0.588874 0.632910 0.475981 0.620055 47.688708
0.894831 0.474153 0.830750 1.000000 0.500664 0.922750 0.500705 0.800348 0.024478 0.695256 37.859413
0.927310 0.464577 0.332536 0.518829 0.850055 0.741856 0.019658 0.229316 0.717623 0.430411 0.000000
0.289648 0.606276 0.706501 0.106803 0.705090 0.021659 0.682140 0.704128 0.255076 0.608193 0.000000
0.825501 0.509219 0.718378 0.747796 0.404161 0.749752 0.461009 0.578606 0.602297 0.685461 48.410743
0.806142 0.433018 0.771702 0.754978 0.576042 0.687653 0.433202 0.607315 0.402011 0.751981 48.929536
0.474185 0.328747 0.977324 0.671587 0.844815 0.318556 0.542803 0.762093 0.139290 0.563056 0.000000
0.788291 0.450587 0.743453 0.878982 0.405898 0.699939 0.475884 0.887118 0.559513 0.745233 47.616722
0.528608 0.453301 0.812559 0.890681 0.474244 0.703530 0.369047 0.732143 0.438992 0.542252 0.000000
0.773379 0.469320 0.756929 0.570272 0.533882 0.892329 0.362381 0.737607 0.367962 0.634746 45.688982
0.885799 0.488336 0.746713 0.821737 0.396235 0.855816 0.446183 0.883747 0.499527 0.593860 45.685848
0.145511 0.129417 0.266828 0.610279 0.421806 0.988107 0.371637 0.495964 0.367811 0.893335 0.000000
0.800068 0.438906 0.745871 0.623749 0.509851 0.690104 0.202628 0.612147 0.530023 0.645929 45.053060
0.837067 0.485605 0.773431 0.614244 0.462405 0.728684 0.547891 0.521408 0.366150 0.576740 46.322843
0.805008 0.419014 0.767658 0.800526 0.511447 0.830896 0.362478 0.800311 0.444981 0.633481 48.952370
0.797311 0.452231 0.789733 0.684290 0.619879 0.693630 0.608247 0.777479 0.522770 0.618644 48.652684
0.780087 0.435345 0.755410 0.800311 0.388976 0.653072 0.568491 0.794005 0.438403 0.728006 48.768644
0.066973 0.515178 0.401297 0.681271 0.383177 0.644073 0.483059 0.491640 0.553459 0.049730 0.000000
0.792052 0.460572 0.732688 0.889974 0.667858 0.665456 0.404310 0.736879 0.457224 0.713362 48.032189
0.796117 0.465476 0.760870 0.797500 0.500000 0.745000 0.500000 0.692500 0.500000 0.640000 55.000000
0.806710 0.462155 0.734720 0.797450 0.596488 0.667759 0.485668 0.769386 0.464233 0.535991 49.731179
0.799318 0.474100 0.874598 0.806356 0.645038 0.656755 0.545180 0.780087 0.503930 0.664402 46.531417
0.013886 0.512509 0.561612 0.312187 0.965330 0.044278 0.345049 0.935342 0.245400 0.071517 0.000000
0.796116 0.465476 0.760870 0.797500 0.500000 0.745000 0.500000 0.692500 0.500000 0.640000 55.000000
0.771185 0.482968 0.781077 0.931553 0.383963 0.777418 0.734902 0.742861 0.460831 0.773461 45.691282
0.821581 0.482324 0.764042 0.516131 0.767970 0.674774 0.546856 0.812153 0.287613 0.389641 40.412240
0.794223 0.469130 0.754077 0.716756 0.546638 0.762521 0.573614 0.670001 0.418560 0.946725 45.698644
0.663730 0.330410 0.768403 1.000000 0.795741 0.534538 0.562987 0.518272 0.374114 0.626599 37.947017
0.754375 0.480814 0.741437 0.774195 0.440746 0.717882 0.508225 0.644003 0.711229 0.664133 48.017261
0.193056 0.388189 0.902665 0.991920 0.581394 0.099419 0.682939 0.705192 0.101348 0.759484 0.000000
0.207935 0.122727 0.547010 0.693587 0.648809 0.707182 0.577636 0.484781 0.525623 0.207755 0.000000
0.782277 0.490914 0.796183 0.802487 0.388057 0.710001 0.500666 0.800391 0.456853 0.569951 49.471216
0.978593 0.187925 0.829403 0.023087 0.378946 0.394467 0.818946 0.977646 0.191482 0.892528 20.910410
0.976104 0.353108 0.203501 0.978920 0.824268 0.940144 0.202606 0.057939 0.258289 0.794726 0.000000
0.799872 0.520438 0.755900 0.741754 0.544820 0.849103 0.499892 0.680058 0.558518 0.444021 47.864816
0.042914 0.693418 0.358063 0.218027 0.846082 0.751959 0.801715 0.194862 0.284521 0.864928 0.000000
0.881958 0.478698 0.764633 0.837689 0.612659 0.794594 0.442777 0.602472 0.557929 0.512276 46.678273
0.793426 0.037178 0.299444 0.526218 0.247833 0.281871 0.051551 0.154433 0.434789 0.276440 0.000000
0.813364 0.494979 0.783528 0.850167 0.370836 0.669275 0.447638 0.647082 0.576406 0.581139 49.125435
0.784988 0.458626 0.750077 0.694676 0.513304 0.866512 0.467512 0.724236 0.574801 0.685454 49.769723
0.611204 0.569405 0.087786 0.364916 0.585706 0.236495 0.185537 0.072470 0.607094 0.747249 0.000000
0.792471 0.500947 0.780860 0.754310 0.600095 0.816717 0.250330 0.609851 0.480871 0.595370 46.598109
0.736851 0.767278 0.916012 0.634101 0.438842 0.212327 0.408330 0.673416 0.198809 0.433243 0.000000
0.843105 0.477713 0.743684 0.833819 0.562205 0.795085 0.502948 0.629635 0.528686 0.636175 50.464041
0.789817 0.436944 0.754950 0.645043 0.746976 0.751681 0.691585 0.700873 0.548790 0.590784 45.188520
0.799237 0.511350 0.767505 0.893470 0.614831 0.629803 0.504408 0.654642 0.568503 0.687527 48.809644
0.736291 0.467623 0.737098 0.588504 0.459489 0.752178 0.552862 0.818954 0.898142 0.617605 41.416754
0.782583 0.453694 0.829020 0.752026 0.381030 0.774812 0.507200 0.555924 0.425530 0.626524 48.120185
0.814086 0.409163 0.768942 0.729613 0.832116 0.693867 0.397934 0.719729 0.603441 0.621873 44.330481
0.804815 0.383765 0.755721 0.781612 0.476490 0.719987 0.484398 0.606525 0.400427 0.636186 49.412235
0.749670 0.440894 0.733780 0.998938 0.507426 0.781672 0.641124 0.652873 0.617846 0.540000 46.123981
0.260062 0.544399 0.029260 0.675000 0.545595 0.506538 0.442360 0.862114 0.384236 0.665725 0.000000
0.791251 0.464657 0.761100 0.875160 0.321000 0.695707 0.438453 0.739047 0.444806 0.708676 48.629887
0.282023 0.280735 0.432745 0.463635 0.844008 0.744172 0.290194 0.112457 0.035062 0.274956 0.000000
0.904101 0.358474 0.804707 0.476960 0.270187 0.652282 0.542625 0.860382 0.338162 0.691917 39.075204
0.792048 0.486932 0.775508 0.831880 0.488412 0.919439 0.462738 0.636857 0.582433 0.588065 48.996063
0.737731 0.468589 0.735258 0.751026 0.564760 0.845414 0.594843 0.605230 0.582164 0.615138 48.098185
0.782940 0.646520 0.394800 0.785370 0.157410 0.761116 0.723522 0.745919 0.421052 0.411591 0.000000
0.879537 0.495796 0.793494 0.655983 0.316759 0.573723 0.579942 0.668967 0.533177 0.339139 41.866908
0.807814 0.486530 0.760391 0.801388 0.553926 0.710820 0.432963 0.521292 0.531910 0.642650 49.452852
0.832740 0.497921 0.786176 0.656643 0.413204 0.673945 0.426968 0.724436 0.523275 0.666142 48.629031
0.276927 0.409357 0.747698 0.491754 0.729691 0.820306 0.300503 0.587266 0.723444 0.659881 0.000000
0.793625 0.477920 0.735695 0.703049 0.677047 0.817540 0.570789 0.679495 0.555325 0.660079 48.448879
0.737525 0.489023 0.703791 0.716612 0.168689 0.781237 0.374897 0.667680 0.006154 0.834223 36.627307
0.789900 0.517582 0.727981 0.752644 0.612663 0.692235 0.555108 0.640592 0.467753 0.587812 49.468068
0.664974 0.339525 0.526691 0.267566 0.725784 0.548300 0.632764 0.654485 0.562577 0.637639 30.723332
0.784034 0.478359 0.799036 0.640732 0.351177 0.843287 0.386818 0.633741 0.496409 0.639272 47.250324
0.809345 0.453506 0.774681 0.819958 0.608100 0.754154 0.446235 0.714593 0.454456 0.669699 51.043401
0.796117 0.465476 0.760870 0.797500 0.500000 0.745000 0.500000 0.692500 0.500000 0.640000 55.000000
0.775444 0.448703 0.723344 0.746547 0.564317 0.721751 0.520120 0.785487 0.389540 0.702847 49.391548
0.885924 0.494795 0.464772 0.092819 0.987983 0.210405 0.958083 0.132262 0.215470 0.823028 0.000000
0.007436 0.602784 0.840439 0.514054 0.603888 0.042967 0.265681 0.301555 0.639691 0.083407 0.000000
0.938332 0.381539 0.780860 0.936793 0.472498 0.546133 0.494644 0.862789 0.441313 0.458089 40.747410
0.797721 0.471742 0.773852 0.898335 0.491165 0.759423 0.657360 0.660973 0.451273 0.610377 49.512364
0.796116 0.465476 0.760870 0.797500 0.500000 0.745000 0.500000 0.692500 0.500000 0.640000 55.000000
0.876066 0.464299 0.742282 0.878865 0.847997 0.853979 0.390336 0.796309 0.432522 0.589554 42.496319
0.808272 0.438413 0.755502 0.821689 0.425471 0.723209 0.422115 0.884498 0.478447 0.686332 48.557184
0.124326 0.566221 0.126525 0.968646 0.091739 0.220083 0.713749 0.185902 0.060396 0.811544 0.000000
0.788520 0.459574 0.758495 0.912413 0.372896 0.722413 0.391535 0.838819 0.487645 0.525727 47.431464
0.849974 0.419988 0.776957 0.869710 0.558017 0.671871 0.449928 0.625175 0.443527 0.695081 48.730089
0.347951 0.763050 0.216571 0.105377 0.381335 0.400734 0.864235 0.293661 0.671052 0.338987 0.000000
0.688443 0.375895 0.246230 0.505330 0.429351 0.192745 0.549902 0.786364 0.858082 0.507581 0.000000
0.781839 0.544173 0.857668 0.619701 0.480909 0.892247 0.497820 0.887289 0.147732 0.653735 40.576118
0.743072 0.466347 0.788535 0.837271 0.460666 0.740245 0.648429 0.755906 0.581943 0.648177 48.520046
0.790586 0.452093 0.714656 0.888441 0.473010 0.738232 0.471969 0.811677 0.469028 0.569336 49.528733
0.742682 0.471055 0.739017 0.800994 0.344325 0.840095 0.612142 0.556805 0.532565 0.589491 46.929809
0.229088 0.203376 0.102564 0.422854 0.270084 0.564587 0.771660 0.079365 0.387328 0.674427 0.000000
0.127604 0.926303 0.480639 0.158980 0.970078 0.842054 0.744970 0.083729 0.051978 0.592421 0.000000
0.888265 0.376119 0.804289 0.839206 0.502392 0.384197 0.165781 0.418279 0.316552 0.680906 36.875737
0.783570 0.524234 0.731992 0.894410 0.692416 0.607164 0.404519 0.595051 0.594000 0.569577 45.778397
0.792527 0.524360 0.750156 1.000000 0.450688 0.775970 0.414439 0.606524 0.413793 0.484147 46.232964
0.978335 0.578406 0.999262 0.145436 0.604953 0.276232 0.521873 0.125745 0.118853 0.330851 0.000000
0.804021 0.461623 0.771079 0.662875 0.547351 0.782186 0.440976 0.718471 0.402081 0.447150 47.589733
0.804298 0.180075 0.755018 0.874461 0.486617 0.743665 0.190552 0.666941 0.589947 0.766113 37.749479
0.005616 0.368225 0.802962 0.544057 0.654802 0.602551 0.390926 0.531631 0.051557 0.514372 0.000000
0.743046 0.443788 0.731589 0.613749 0.576370 0.825290 0.508997 0.628238 0.531492 0.623076 47.578645
0.796117 0.465476 0.760870 0.797500 0.500000 0.745000 0.500000 0.692500 0.500000 0.640000 55.000000
0.549255 0.534090 0.827844 0.607613 0.597641 0.788729 0.505310 1.000000 0.266873 0.591981 0.000000
0.790630 0.463159 0.798515 0.818231 0.569060 0.846692 0.465084 0.645305 0.453969 0.624598 50.449854
0.806840 0.456547 0.505491 0.209044 0.167249 0.854894 0.206910 0.366735 0.966174 0.293256 0.000000
0.051337 0.143240 0.967805 0.690072 0.784476 0.291672 0.391095 0.325821 0.624945 0.594369 0.000000
0.802939 0.464850 0.776634 0.580891 0.531664 0.894262 0.168226 0.770101 0.431912 0.671736 42.987991
0.796116 0.465476 0.760870 0.797500 0.500000 0.745000 0.500000 0.692500 0.500000 0.640000 55.000000
0.876499 0.939689 0.534781 0.016012 0.503144 0.189227 0.001956 0.179853 0.884399 0.933890 0.000000
0.011493 0.150425 0.326195 0.865456 0.053094 0.694615 0.933781 0.140757 0.698755 0.809399 0.000000
0.796116 0.465476 0.760870 0.797500 0.500000 0.745000 0.500000 0.692500 0.500000 0.640000 55.000000
0.619710 0.739130 0.591133 0.062629 0.733516 0.332565 0.431318 0.891342 0.450719 0.703289 0.000000
0.529392 0.254483 0.774405 0.290984 0.847034 0.715432 0.640846 0.092299 0.351185 0.034620 0.000000
0.819094 0.473460 0.786970 0.756253 0.533485 0.662675 0.521410 0.736560 0.469599 0.691880 50.949379
1.000000 0.501178 1.000000 0.738632 0.195026 0.654471 0.661107 1.000000 0.515445 0.515454 31.415731
0.849147 0.471272 0.724600 0.912203 0.636617 0.745942 0.559539 0.659015 0.530482 0.636539 48.296398
1.000000 0.199403 0.751720 0.919863 0.141841 0.651691 0.527351 0.958672 0.544093 0.765557 31.694027
0.792527 0.450965 0.750156 0.746674 0.450688 0.775970 0.414439 0.606524 0.413793 0.484147 48.669502
0.779708 0.461269 0.730076 0.773870 0.481660 0.643019 0.631413 0.791939 0.440762 0.572090 48.746187
0.794735 0.457896 0.756590 0.794166 0.490631 0.788312 0.485924 0.696905 0.401557 0.775546 50.225574
0.790311 0.539637 0.783658 0.837999 0.580775 0.822754 0.423490 0.885828 0.227298 0.651176 44.322413
0.831444 0.433798 0.719625 0.891161 0.534341 0.714210 0.529918 0.670551 0.385996 0.476838 47.762092
0.808100 0.467234 0.774484 0.869119 0.425157 0.664628 0.455655 0.797690 0.622037 0.542161 48.513347
0.751163 0.352785 0.774477 0.686107 0.578961 0.660634 0.299087 0.552035 0.616530 0.524006 43.795178
0.814135 0.533593 0.781190 0.707547 0.373445 0.779180 0.650248 0.739351 0.275422 0.708900 45.361655
0.780547 0.476099 0.804701 0.843978 0.433843 0.759266 0.507218 0.794771 0.445346 0.457424 48.098818
0.820038 0.455933 0.776658 0.963029 0.553501 0.775659 0.444063 0.694469 0.583957 0.587399 48.953201
0.850832 0.457971 0.804509 0.883255 0.530419 0.850117 0.272961 0.657713 0.390723 0.681571 45.845592
0.799004 0.330220 0.753292 0.756905 0.430855 0.877430 0.425928 0.655019 0.512755 0.728636 46.352555
0.140630 0.183205 0.845506 0.698434 0.898602 0.633661 0.970642 0.975956 0.270542 0.481896 0.000000
0.035868 0.398249 0.852377 0.068076 0.902430 0.102649 0.107036 0.459664 0.627599 0.402634 0.000000
0.796116 0.465476 0.760870 0.797500 0.500000 0.745000 0.500000 0.692500 0.500000 0.640000 55.000000
0.776817 0.410603 0.694469 0.846263 0.582923 0.739233 0.498656 0.808233 0.398428 0.593996 47.945479
0.816514 0.487104 0.786259 0.880590 0.357307 0.745936 0.425286 0.730622 0.453570 0.562437 48.930520
0.910628 0.857296 0.567069 0.328688 0.272744 0.459494 0.339722 0.355967 0.583595 0.548806 0.000000
0.805342 0.440879 0.772298 0.705720 0.572871 0.693452 0.437919 0.827028 0.696095 0.732516 46.874442
0.776832 0.447199 0.761363 0.728202 0.502862 0.733596 0.533712 0.706525 0.503401 0.622249 52.274516
0.701869 0.475791 0.800948 0.766824 0.061111 0.676612 0.410070 0.771133 0.311587 0.532194 39.534659
0.807529 0.446493 0.774992 0.851629 0.562529 0.729425 0.298008 0.679148 0.585087 0.697445 48.227007
0.801428 0.456113 0.759253 0.842915 0.507137 0.740457 0.422497 0.820655 0.467384 0.796501 48.854709
0.756390 0.452246 0.781030 0.794114 0.549822 0.795715 0.549647 0.806547 0.410536 0.770174 48.457948
0.707915 0.228703 0.425514 0.145059 0.330577 0.922377 0.670563 0.501287 0.390494 0.128944 0.000000
0.283383 0.220146 0.785720 0.000329 0.659611 0.705835 0.034330 0.767886 0.889504 0.258951 0.000000
0.776075 0.479918 0.785666 0.700915 0.420728 0.765829 0.574454 0.627640 0.441010 0.765162 48.845799
0.826003 0.504818 0.756773 0.822432 0.564745 0.657804 0.304700 0.634141 0.747103 0.677134 45.263348
1.000000 0.503103 0.765486 0.831515 0.433296 0.630506 0.382065 0.673948 0.665453 0.563185 39.519584
0.733553 0.458805 0.765821 0.815033 0.530652 0.859891 0.431096 0.702201 0.435532 0.514060 48.137007
0.512431 0.545922 0.239152 0.910444 0.970390 0.469153 0.725108 0.392174 0.543471 0.565569 0.000000
0.755491 0.454093 0.748383 0.821799 0.599251 0.806983 0.626171 0.633002 0.499370 0.594007 49.083476
0.855917 0.492692 0.866256 0.859142 0.101808 0.787782 0.468336 0.710100 0.479857 0.563707 41.497449
0.345465 0.826169 0.582029 0.166729 0.521221 0.789529 0.211256 0.215163 0.030628 0.615848 0.000000
1.000000 0.598901 0.746317 1.000000 0.396919 0.724378 0.769367 0.614435 0.339175 0.846884 0.000000
0.955444 0.264851 0.781118 0.753524 0.379456 0.646294 0.532824 0.813536 0.765387 0.446733 36.910517
0.331719 0.032374 0.648604 0.350531 0.661980 0.350484 0.301529 0.423724 0.672123 0.151499 0.000000
0.537531 0.385296 0.743820 0.832001 0.452848 0.699890 0.560842 0.634513 0.381420 0.622655 0.000000
0.846227 0.484612 0.758145 0.641261 0.458980 0.690289 0.623304 0.484749 0.327647 0.677728 44.964160
0.784943 0.535150 0.768384 0.684310 0.585828 0.829380 0.697669 0.695716 0.316504 0.696469 45.519039
0.810237 0.495279 0.780443 0.898684 0.426464 0.635701 0.480156 0.515178 0.542365 0.773004 47.046472
0.798496 0.461103 0.767654 0.840017 0.435149 0.636795 0.540179 0.860647 0.445639 0.562415 48.483983
0.798787 0.448107 0.738524 0.744227 0.471386 0.776142 0.577198 0.776405 0.530402 0.648135 50.961647
0.322697 0.910381 0.957641 0.370221 0.681512 0.176267 0.941697 0.194267 0.162000 0.887378 0.000000
0.790977 0.429942 0.728354 0.715285 0.579761 0.612701 0.569939 0.768761 0.453784 0.714407 48.420582
0.802491 0.458758 0.748941 0.940845 0.485821 0.748391 0.512332 0.863431 0.807502 0.611158 44.541648
0.808211 0.450339 0.721234 0.712464 0.497927 0.837034 0.435724 0.484554 0.464075 0.608739 47.575092
0.603481 0.491561 0.742474 0.793670 0.295595 0.691693 0.505528 0.879321 0.498815 0.732267 39.666102
0.141031 0.306113 0.176954 0.287256 0.412762 0.411340 0.704620 0.784535 0.216011 0.964357 0.000000
0.815757 0.538951 0.735591 0.827709 0.542676 0.725831 0.551130 0.726490 0.458289 0.681656 50.002345
0.762357 0.459071 0.750186 0.784739 0.676567 0.667299 0.384564 0.679443 0.383948 0.639018 47.677697
0.796116 0.465476 0.760870 0.797500 0.500000 0.745000 0.500000 0.692500 0.500000 0.640000 55.000000
0.518577 0.156904 0.090403 0.471581 0.114054 0.402931 0.473027 0.299812 0.849634 0.258388 0.000000
0.809176 0.429008 0.759188 0.733665 0.478180 0.741379 0.545478 0.712115 0.468665 0.505349 50.143189
0.792855 0.466660 0.755084 0.828490 0.434449 0.702523 0.997218 0.747275 0.637877 0.639545 40.633565
0.731604 0.512937 0.805187 0.732479 0.476657 0.751237 0.492240 0.695869 0.377685 0.540252 47.724216
0.649517 0.938358 0.058673 0.788590 0.339678 0.426462 0.652452 0.065164 0.247157 0.019339 0.000000
0.334059 0.634344 0.496951 0.929207 0.795782 0.244847 0.305295 0.345301 0.540666 0.314922 0.000000
0.065933 0.573692 0.953028 0.966849 0.531639 0.855450 0.886373 0.795846 0.279565 0.737099 0.000000
0.252009 0.876437 0.008737 0.201856 0.155979 0.414314 0.936229 0.417458 0.651862 0.460757 0.000000
0.792402 0.468325 0.755671 0.797673 0.453483 0.758461 0.555597 0.703764 0.398584 0.634808 51.533040
0.385058 0.529368 0.783134 0.935709 0.560267 0.773568 0.531590 0.869225 0.409925 0.619579 0.000000
0.793620 0.465263 0.823786 0.806668 0.456530 0.788939 0.491412 0.764179 0.444595 0.656975 50.282357
0.821108 0.420354 0.770573 0.998609 0.530543 0.659314 0.520209 0.821113 0.354301 0.670294 46.413640
0.796400 0.487513 0.744333 0.609439 0.551017 0.619989 0.486759 0.777423 0.497090 0.503715 47.158353
0.740783 0.897742 0.023025 0.439326 0.812556 0.758415 0.169261 0.712581 0.224174 0.224635 0.000000
0.806731 0.450954 0.755821 0.751562 0.399145 0.734985 0.627073 0.659104 0.505910 0.641488 50.176174
0.811773 0.466456 0.759150 0.823609 0.527751 0.768030 0.442899 0.725638 0.470815 0.650257 52.438804
0.825532 0.430799 0.720563 0.773715 0.497602 0.628939 0.641056 0.650260 0.606078 0.502640 47.168949
0.811637 0.463389 0.780206 0.855599 0.583722 0.679937 0.086281 0.209747 0.440057 0.599510 37.143850
0.794559 0.539416 0.774368 0.770425 0.508299 0.738592 0.617419 0.776262 0.431420 0.666433 49.134670
0.788153 0.502944 0.783359 0.744601 0.561101 0.869865 0.290265 0.668927 0.585274 0.612967 47.179236
0.781473 0.443842 0.726774 0.766202 0.361559 0.774814 0.594536 0.693645 0.419772 0.651222 49.238776
0.794359 0.470498 0.763739 0.787950 0.513073 0.738185 0.497188 0.807541 0.569068 0.648153 51.281335
0.776784 0.476222 0.737445 0.892850 0.516506 0.697663 0.516958 0.677610 0.506739 0.813435 49.059966
0.774151 0.428516 0.688425 0.763415 0.549625 0.734528 0.598057 0.738033 0.575477 0.688348 48.659558
0.844175 0.457804 0.808755 0.720661 0.563850 0.782638 0.508438 0.764736 0.402412 0.675164 48.796442
0.788456 0.398930 0.710780 0.831332 0.508188 0.776743 0.758903 0.660996 0.663337 0.522548 44.894838
0.832783 0.482976 0.753940 0.777230 0.492415 0.699015 0.422408 0.677785 0.582826 0.680287 50.542451
0.836562 0.444886 0.746067 0.892008 0.576363 0.666887 0.343230 0.702362 0.463439 0.719299 48.014573
0.725298 0.544908 0.953049 0.695460 0.050261 0.819492 0.467603 0.768278 0.460152 0.671057 36.872611
0.838425 0.495284 0.773790 0.572801 0.425637 0.581039 0.491064 0.727323 0.575412 0.354337 43.219008
0.778740 0.474189 0.720701 0.839216 0.445061 0.696319 0.630622 0.771244 0.389209 0.691065 48.627972
0.821841 0.457629 0.765820 0.880099 0.390887 0.864702 0.566858 1.000000 0.737944 0.853225 41.658742
0.756153 0.536420 0.708856 0.827782 0.434221 0.658397 0.516473 0.792018 0.467113 0.602237 48.107670
0.429625 0.009936 0.867755 0.715554 0.467869 0.995107 0.845724 0.568009 0.874110 0.002967 0.000000
0.779153 0.436077 0.765006 0.736388 0.641730 0.703017 0.460890 0.692614 0.435086 0.599280 49.697129
0.834695 0.445199 0.748288 0.803947 0.553006 0.707899 0.569062 0.636892 0.419777 0.751984 49.395620
0.949471 0.289159 0.048150 0.666683 0.456480 0.043987 0.077752 0.851023 0.844929 0.876409 0.000000
0.751613 0.480722 0.794222 0.726778 0.406864 0.690872 0.527264 0.594647 0.565257 0.573178 48.698601
0.796284 0.517870 0.741913 0.906964 0.393106 0.730071 0.462784 0.679215 0.513775 0.720459 49.362303
0.796116 0.465476 0.760870 0.797500 0.500000 0.745000 0.500000 0.692500 0.500000 0.640000 55.000000
0.802231 0.462987 0.759187 0.837030 0.483122 0.737801 0.488925 0.734183 0.488834 0.520419 51.289850
0.842231 0.486995 0.756613 0.746023 0.453449 0.664590 0.573064 0.611757 0.567853 0.672718 49.319709
0.749198 0.465389 0.727506 0.737237 0.488267 0.773182 0.550187 0.727965 0.640848 0.585009 48.933339
0.056181 0.112251 0.938954 0.885449 0.237713 0.848854 0.956770 0.229912 0.033200 0.730466 0.000000
0.820378 0.468653 0.751360 0.878049 0.501449 0.738120 0.553587 0.659004 0.405212 0.652684 50.798865
0.772721 0.461682 0.786447 0.789724 0.343076 0.878865 0.539686 0.782592 0.429983 0.513765 47.304745
0.780471 0.443864 0.754116 0.830543 0.499519 0.813936 0.642227 0.739182 0.589652 0.543999 48.968682
0.778489 0.534219 0.764564 0.721391 0.524283 0.681828 0.441360 0.628905 0.347431 0.575977 48.147001
0.813651 0.442928 0.762068 0.743827 0.514524 0.782369 0.593569 0.653736 0.564052 0.607414 50.815253
0.799444 0.455999 0.764107 0.674092 0.568391 0.764832 0.464002 0.799668 0.481368 0.727268 49.437327
0.794807 0.480434 0.758169 0.733154 0.562064 0.774737 0.369200 0.664673 0.554535 0.613914 50.174008
0.794198 0.481857 0.761154 0.780785 0.450767 0.704674 0.545366 0.599223 0.476264 0.623152 51.453290
0.747321 0.475752 0.805878 0.671239 0.409264 0.648999 0.450501 0.789854 0.408170 0.586904 47.267765
0.793161 0.518809 0.761213 0.835316 0.475138 0.819401 0.657574 0.801359 0.421726 0.725604 47.914704
0.800472 0.468619 0.789114 0.775757 0.436156 0.684815 0.425005 0.665533 0.485763 0.647961 51.291714
0.887359 0.516958 0.747193 0.779815 0.409302 0.677622 0.507263 0.692749 0.558576 0.666824 47.418485
0.789562 0.487249 0.762328 0.956800 0.600141 0.668866 0.588654 0.711512 0.344973 0.677596 47.432747
0.799359 0.446200 0.436373 0.739272 0.562633 0.750456 0.534183 0.652730 0.514206 0.597202 0.000000
0.948266 0.054789 0.230736 0.471631 0.030854 0.290675 0.836671 0.726501 0.936288 0.893602 0.000000
0.810491 0.211992 0.759251 0.438943 0.549689 0.808094 0.515383 0.715041 0.513453 0.625345 38.798398
0.798976 0.420804 0.740837 0.718509 0.538618 0.768703 0.337115 0.566921 0.507313 0.604302 48.286659
0.791064 0.472430 0.769984 0.780414 0.562672 0.713582 0.407439 0.713286 0.495513 0.649023 51.655494
0.761994 0.455495 0.777816 0.816467 0.507713 0.830495 0.622543 0.558307 0.424002 0.769647 47.672778
0.764822 0.298036 0.753044 0.710737 0.662982 0.693525 0.635933 0.722369 0.403823 0.747061 43.523070
0.541809 0.404809 0.018639 0.495887 0.507482 0.769185 0.554203 0.466813 0.097545 0.645911 0.000000
0.534694 0.298372 0.159227 0.948404 0.328287 0.540673 0.478563 0.339328 0.706993 0.335959 0.000000
0.014336 0.084620 0.407664 0.053871 0.300000 0.962065 0.435491 0.351007 0.653709 0.332995 0.000000
0.792102 0.519919 0.751692 0.887253 0.533267 0.727301 0.378685 0.792930 0.473730 0.604962 49.105711
0.809072 0.422858 0.737679 0.932237 0.505291 0.769247 0.537171 0.633595 0.601087 0.619568 49.290377
0.796116 0.465476 0.760870 0.797500 0.500000 0.745000 0.500000 0.692500 0.500000 0.640000 55.000000
0.822918 0.505784 0.784392 0.717224 0.333834 0.639562 0.495060 0.605037 0.664397 0.592283 46.609988
0.820932 0.523370 0.752854 0.869096 0.430776 0.821842 0.711660 0.773498 0.414072 0.810757 45.579869
# OSA solutions
0.796148 0.465436 0.760812 0.797631 0.500477 0.745076 0.499620 0.692500 0.499872 0.639791 54.981051
0.785687 0.471499 0.777998 0.809369 0.506886 0.735574 0.496909 0.711481 0.459945 0.624037 53.154281
0.803510 0.470531 0.768905 0.808901 0.499549 0.739567 0.479988 0.696522 0.528655 0.685799 53.231250
0.796117 0.465476 0.760870 0.797500 0.439377 0.745000 0.500000 0.692500 0.500000 0.640000 53.343732
0.785930 0.457343 0.757706 0.805437 0.512333 0.730890 0.495744 0.711686 0.514097 0.677081 53.439480
0.796117 0.465476 0.760870 0.797500 0.500000 0.745000 0.525572 0.692500 0.466550 0.640000 53.849669
0.796660 0.468607 0.759829 0.813145 0.497422 0.756011 0.496143 0.700839 0.501682 0.640128 54.389625
0.808873 0.444969 0.776139 0.801647 0.488005 0.774881 0.495648 0.693361 0.503249 0.635078 53.165486
0.788455 0.469511 0.747348 0.831085 0.508068 0.769692 0.477104 0.695139 0.512880 0.606884 53.106546
0.798671 0.465412 0.752144 0.756031 0.460159 0.740267 0.523493 0.700185 0.501651 0.657009 53.146105
0.788664 0.463884 0.764655 0.791243 0.484077 0.750746 0.519027 0.689932 0.526496 0.641321 53.839848
0.782352 0.459113 0.760011 0.835258 0.496279 0.725994 0.510301 0.680800 0.483078 0.674747 53.104196
0.796152 0.465200 0.760874 0.866210 0.499805 0.745361 0.499916 0.692520 0.499936 0.640364 53.122675
0.796117 0.428574 0.768677 0.797500 0.500000 0.745000 0.500000 0.692500 0.500000 0.640000 53.105723
0.803185 0.462423 0.757087 0.802452 0.498409 0.743063 0.474018 0.702107 0.514569 0.594206 53.383296
0.793201 0.468934 0.775841 0.788250 0.521621 0.772520 0.517291 0.683680 0.502703 0.670398 53.340541
0.806596 0.457644 0.762024 0.813597 0.476949 0.708699 0.496456 0.658944 0.491779 0.654850 53.186578
0.792332 0.455785 0.757560 0.786868 0.509999 0.752411 0.458894 0.683729 0.481055 0.668949 53.342931
0.796117 0.465476 0.760870 0.784081 0.500000 0.780540 0.490712 0.692500 0.500000 0.640000 53.931551
0.793053 0.450081 0.759174 0.832027 0.502923 0.718029 0.504824 0.710511 0.506770 0.607907 53.227138
0.806475 0.457606 0.760183 0.813031 0.499953 0.784515 0.507329 0.722918 0.526473 0.626170 53.161662
0.796116 0.484940 0.760870 0.797500 0.500000 0.745000 0.500000 0.692500 0.500000 0.640000 54.028975
0.792755 0.467629 0.762385 0.815103 0.485002 0.720308 0.551732 0.713416 0.503255 0.642661 53.194092
0.795788 0.470239 0.753927 0.790221 0.484420 0.749500 0.496439 0.719610 0.532434 0.669955 53.430582
0.796116 0.465476 0.760870 0.797500 0.500000 0.745000 0.500000 0.692500 0.500000 0.640000 55.000000
0.800283 0.467950 0.761079 0.805094 0.539350 0.749437 0.523495 0.689342 0.504931 0.644819 53.672706
0.802640 0.456740 0.744515 0.789282 0.538888 0.773624 0.513727 0.703304 0.492403 0.647560 53.167490
0.800140 0.461062 0.756427 0.796034 0.504793 0.773094 0.461679 0.653490 0.508552 0.641963 53.244169
0.799881 0.450218 0.755738 0.829312 0.499422 0.756452 0.480665 0.727775 0.479997 0.659345 53.164702
0.796116 0.465476 0.760870 0.797500 0.500000 0.745000 0.500000 0.667108 0.500000 0.640000 54.306277
0.795578 0.467801 0.775205 0.833659 0.480451 0.747535 0.487943 0.708835 0.493659 0.601486 53.157115
0.793115 0.476227 0.759115 0.787683 0.495197 0.759050 0.500982 0.685154 0.500005 0.624469 54.107961
0.799333 0.456232 0.763272 0.809053 0.491000 0.720680 0.478324 0.684989 0.469158 0.621355 53.502727
0.796116 0.465476 0.760870 0.797500 0.500000 0.792682 0.500000 0.692500 0.500000 0.640000 53.697300
0.787336 0.465857 0.762262 0.811190 0.491040 0.729289 0.482824 0.695028 0.518778 0.642950 53.890279
0.787157 0.475071 0.760959 0.799317 0.501770 0.713547 0.503084 0.704983 0.484034 0.659478 53.610897
0.797988 0.450605 0.768606 0.742995 0.510104 0.748161 0.485243 0.686370 0.512102 0.655591 53.117452
0.779733 0.465476 0.760870 0.797500 0.499998 0.745000 0.500000 0.692500 0.500000 0.640000 53.902287
0.796117 0.465476 0.742547 0.797500 0.500000 0.745000 0.500000 0.692500 0.500000 0.640000 53.953328
0.796116 0.465476 0.760870 0.797500 0.500000 0.745000 0.500000 0.751411 0.500000 0.640000 53.390500
0.791015 0.462693 0.761360 0.789359 0.468489 0.748339 0.513711 0.647020 0.504649 0.656497 53.314970
0.794504 0.467950 0.768462 0.805094 0.529601 0.749437 0.472888 0.689342 0.511921 0.644819 53.732622
0.794095 0.460924 0.763643 0.776341 0.497849 0.745134 0.484070 0.670089 0.477411 0.619453 53.698855
0.797335 0.458391 0.767313 0.790456 0.466712 0.754246 0.507395 0.695170 0.482182 0.678679 53.389151
0.802189 0.461162 0.761576 0.820546 0.494906 0.743155 0.518312 0.685271 0.505266 0.700008 53.094835
0.793053 0.440943 0.759174 0.789300 0.502923 0.736091 0.504824 0.717111 0.506770 0.610716 53.323924
0.797974 0.470624 0.755573 0.808375 0.494867 0.723645 0.497410 0.708250 0.450028 0.623253 53.301526
0.793053 0.476605 0.759174 0.754530 0.502923 0.771781 0.504824 0.674469 0.506770 0.645265 53.389198
0.793053 0.479760 0.759174 0.779310 0.502923 0.784453 0.504824 0.685419 0.506770 0.612467 53.378482
0.796117 0.465476 0.760870 0.797500 0.482533 0.745000 0.500000 0.692500 0.500000 0.640000 54.522797
0.801075 0.460706 0.762564 0.795157 0.488630 0.732779 0.455746 0.696968 0.486856 0.647101 53.574593
0.798408 0.465666 0.766316 0.805330 0.492279 0.707961 0.512075 0.687172 0.536003 0.669423 53.274191
0.795061 0.466858 0.761576 0.838857 0.497905 0.739667 0.519417 0.729967 0.487434 0.632329 53.325602
0.792757 0.478005 0.763997 0.808494 0.539961 0.751847 0.538529 0.671214 0.495792 0.645007 53.192065
0.789804 0.466918 0.758827 0.825480 0.516454 0.751849 0.473019 0.695890 0.485474 0.659762 53.578710
0.791991 0.467950 0.762407 0.805094 0.519213 0.749437 0.494933 0.689342 0.496188 0.644819 54.301843
0.796117 0.465476 0.760870 0.797500 0.500000 0.745000 0.500000 0.692500 0.433101 0.640000 53.172270
0.797846 0.480292 0.752351 0.756009 0.503568 0.745058 0.493447 0.698120 0.511507 0.658374 53.419657
0.802284 0.466990 0.754684 0.786168 0.513103 0.756780 0.481522 0.704267 0.499530 0.609139 53.696868
0.787695 0.467848 0.753504 0.766855 0.496531 0.751008 0.502815 0.662124 0.540548 0.632949 53.209670
0.795019 0.466635 0.759634 0.793037 0.499047 0.736556 0.499813 0.688271 0.498199 0.644498 54.663239
0.800646 0.460408 0.754820 0.832791 0.503535 0.735471 0.503754 0.672374 0.462910 0.664364 53.249314
0.793053 0.476475 0.759174 0.808352 0.502923 0.695462 0.504824 0.712463 0.506770 0.647784 53.365089
0.796174 0.467950 0.755203 0.805094 0.494868 0.749437 0.485470 0.689342 0.476207 0.644819 54.104252
0.800786 0.470776 0.757258 0.805658 0.456858 0.748405 0.475044 0.669620 0.518273 0.643192 53.335538
0.775882 0.465476 0.760870 0.797500 0.500000 0.713894 0.500000 0.692497 0.500000 0.640000 53.399938
0.796116 0.465476 0.760870 0.797500 0.500000 0.805843 0.500000 0.714947 0.500000 0.640000 53.228204
0.794277 0.463849 0.758446 0.770788 0.458250 0.752978 0.505919 0.694075 0.499050 0.627522 53.562289
0.805510 0.460596 0.756968 0.803111 0.487697 0.735719 0.483748 0.644957 0.534106 0.636783 53.138247
0.800124 0.466095 0.765637 0.826618 0.521953 0.728500 0.502218 0.674870 0.513970 0.623682 53.613242
0.792444 0.495232 0.758954 0.796468 0.498753 0.740446 0.511576 0.671469 0.502312 0.649104 53.329761
0.789844 0.472481 0.761714 0.793721 0.499997 0.752063 0.476379 0.692458 0.517321 0.600465 53.531652
0.793053 0.481739 0.759174 0.784236 0.502923 0.749473 0.504824 0.701952 0.506770 0.602764 53.580248
0.802462 0.465032 0.760041 0.818990 0.469260 0.743431 0.486261 0.697345 0.502144 0.655409 53.745243
0.796175 0.464177 0.764719 0.801276 0.454500 0.716886 0.470292 0.685685 0.474511 0.654810 53.118368
0.801827 0.460104 0.765044 0.850703 0.479432 0.743326 0.505856 0.684681 0.483000 0.651422 53.242149
0.796116 0.465476 0.760870 0.797500 0.500000 0.756986 0.461852 0.692500 0.500000 0.680941 53.436474
0.793706 0.463884 0.756460 0.791243 0.482087 0.750746 0.487082 0.689932 0.550094 0.641321 53.453035
0.796117 0.475347 0.760869 0.765674 0.549468 0.745000 0.500001 0.692500 0.500000 0.639998 53.319214
0.789858 0.471988 0.756970 0.790953 0.478714 0.690168 0.485623 0.699416 0.510409 0.656157 53.153105
0.791781 0.465974 0.758310 0.795258 0.506698 0.745564 0.527558 0.691087 0.486617 0.634294 54.067141
0.792369 0.468786 0.763269 0.810842 0.492969 0.712963 0.501987 0.686015 0.483025 0.658114 53.759312
0.793027 0.466747 0.763687 0.791241 0.525341 0.740849 0.482755 0.741591 0.522200 0.613570 53.128046
0.790774 0.469619 0.754154 0.742082 0.507289 0.749055 0.511325 0.686771 0.525398 0.626597 53.156611
0.796116 0.465476 0.760870 0.797500 0.500000 0.745000 0.500000 0.692500 0.566794 0.640000 53.175138
0.792893 0.450255 0.759806 0.796055 0.504272 0.736389 0.507058 0.691249 0.530769 0.621216 53.693887
0.793053 0.481308 0.759174 0.759567 0.502923 0.754301 0.504824 0.656686 0.506770 0.621312 53.242158
0.799640 0.462293 0.754200 0.779112 0.498487 0.735550 0.494960 0.677963 0.502876 0.617628 53.949618
0.784732 0.476062 0.768763 0.763561 0.488842 0.736543 0.470081 0.681422 0.526564 0.642641 53.166491
0.791298 0.466969 0.764109 0.767846 0.501043 0.775345 0.527937 0.704242 0.512038 0.668682 53.298175
0.797196 0.473461 0.763801 0.804857 0.518431 0.723267 0.465988 0.692537 0.542450 0.655474 53.203977
0.789565 0.468928 0.767822 0.832047 0.522447 0.749870 0.486998 0.681947 0.536401 0.654705 53.260902
0.796067 0.466206 0.760660 0.797449 0.500890 0.744888 0.499690 0.691840 0.499130 0.683041 53.822792
0.803123 0.467950 0.763755 0.805094 0.518251 0.749437 0.512553 0.689342 0.471224 0.644819 53.846911
0.803475 0.468003 0.768949 0.826875 0.515757 0.749925 0.511178 0.687791 0.459734 0.618590 53.273276
0.796116 0.465476 0.760870 0.797500 0.500000 0.745000 0.500000 0.692500 0.500000 0.697742 53.422459
0.803290 0.463884 0.766146 0.791243 0.509210 0.750746 0.483715 0.689932 0.512086 0.641321 54.129065
0.796800 0.475418 0.744673 0.789060 0.494519 0.761954 0.540407 0.713200 0.523297 0.621655 53.105502
0.793053 0.458021 0.759174 0.808472 0.502923 0.770781 0.504824 0.748553 0.506770 0.629749 53.195151
0.798856 0.468727 0.734593 0.807651 0.501093 0.748352 0.512193 0.717043 0.491616 0.662193 53.161512
0.797045 0.459034 0.754570 0.848029 0.486432 0.751065 0.498682 0.705780 0.485430 0.618428 53.283594
0.790183 0.460264 0.750567 0.791519 0.474544 0.762782 0.494088 0.689342 0.448476 0.658275 53.107191
0.794937 0.467457 0.762397 0.812117 0.510897 0.790137 0.516879 0.670700 0.510122 0.675278 53.165533
0.796117 0.465476 0.760870 0.797500 0.461834 0.745000 0.500000 0.692500 0.500000 0.640000 53.957288
0.793053 0.470521 0.759174 0.768991 0.502923 0.751047 0.504824 0.701352 0.506770 0.638183 54.068468
0.796116 0.465476 0.760870 0.797500 0.519941 0.745000 0.500000 0.692500 0.537870 0.640000 53.830702
0.796567 0.467445 0.749009 0.765357 0.514298 0.746820 0.469561 0.720663 0.485274 0.666780 53.162426
0.796117 0.465476 0.760870 0.797500 0.530312 0.745000 0.500000 0.692500 0.500000 0.641492 54.170864
0.791332 0.460743 0.763230 0.829423 0.480508 0.736801 0.454819 0.688871 0.513240 0.636778 53.284427
0.795849 0.461090 0.763487 0.863679 0.486560 0.739548 0.496949 0.694399 0.500732 0.628394 53.100744
0.796116 0.492469 0.760870 0.797500 0.500000 0.745000 0.500000 0.692500 0.478917 0.640000 53.535330
0.793053 0.467967 0.759174 0.786323 0.502923 0.727573 0.504824 0.747424 0.506770 0.612428 53.193344
0.801923 0.464963 0.756758 0.817599 0.498150 0.759678 0.503913 0.680380 0.457484 0.672880 53.282625
0.799439 0.472337 0.769401 0.833924 0.503807 0.732091 0.508711 0.703195 0.547280 0.650468 53.150129
0.811172 0.467950 0.751815 0.805094 0.529707 0.749437 0.470394 0.689342 0.532869 0.644819 53.128575
0.791603 0.474409 0.778687 0.822512 0.506233 0.724251 0.478630 0.714885 0.485048 0.640215 53.260719
0.788674 0.469125 0.765461 0.792629 0.502941 0.759842 0.495480 0.721919 0.500247 0.587201 53.188554
0.796115 0.465499 0.760868 0.797524 0.499989 0.744997 0.499999 0.723494 0.499992 0.639998 54.153235
0.795161 0.474144 0.763138 0.781117 0.525656 0.740005 0.508505 0.643605 0.488427 0.643118 53.307709
0.793053 0.470130 0.759174 0.781991 0.502923 0.779185 0.504824 0.690871 0.506770 0.659374 53.776337
