# gen=200 x0..xd f
0.805228 0.476708 0.695310 0.721829 0.643514 0.798716 0.628259 0.821857 0.526639 0.688114 47.028773
0.796117 0.465476 0.760870 0.797500 0.500000 0.745000 0.500000 0.692500 0.500000 0.640000 54.999997
0.818014 0.501695 0.764570 0.518788 0.503109 0.840826 0.443951 0.745270 0.572262 0.817369 44.895107
0.746787 0.486912 0.205180 0.433138 0.899729 0.422385 0.488881 0.549019 0.940523 0.577687 0.000000
0.818726 0.447118 0.757340 0.753175 0.650050 0.862172 0.485696 0.658456 0.459835 0.630107 49.169974
0.787623 0.450946 0.730343 0.799150 0.502989 0.760453 0.410901 0.759821 0.504919 0.700237 50.986029
0.906755 0.210170 0.264704 1.000000 0.599481 0.784827 0.787342 0.821323 0.642354 0.990405 0.000000
0.830937 0.501215 0.776866 0.666123 0.408616 0.739541 0.525455 0.867528 0.464250 0.446699 46.011663
0.797288 0.405006 0.723968 0.670750 0.669892 0.705720 0.494157 0.616456 0.539526 0.633052 47.666333
0.819157 0.453335 0.786011 0.771880 0.583813 0.914851 0.438274 0.696791 0.525659 0.778101 47.952713
0.794240 0.464550 0.741263 0.992547 0.435720 0.757080 0.679026 0.746625 0.503517 0.566426 47.061414
0.787910 0.489817 0.764103 0.837687 0.418875 0.473840 0.474333 0.713680 0.484740 0.658189 46.996332
0.776545 0.520642 0.765816 0.751425 0.434345 0.863646 0.617060 0.728739 0.324940 0.736570 46.892776
0.852601 0.493065 0.779921 0.738162 0.512112 0.889061 0.319713 0.680479 0.446294 0.823335 45.659758
0.644734 0.725729 0.782888 0.327671 0.473994 0.235911 0.188386 0.473104 0.333458 0.401243 0.000000
0.954775 0.407270 0.671911 0.486500 0.480880 0.665553 0.468788 0.602296 0.718753 0.334033 36.646987
0.850898 0.476396 0.708953 0.794114 0.453548 0.872500 0.572633 0.674748 0.519360 0.701839 48.395128
0.751123 0.409450 0.692601 0.688905 0.525717 0.700716 0.377005 0.724681 0.588457 0.813286 45.879265
0.759652 0.454117 0.715956 0.722267 0.675757 0.680123 0.536793 0.855569 0.546616 0.742727 46.417781
0.790518 0.485190 0.699364 0.731350 0.462335 0.732812 0.545671 0.877387 0.544398 0.734070 47.717343
0.778120 0.502320 0.751824 0.807148 0.624988 0.741470 0.515579 0.653288 0.618993 0.515781 48.655384
0.772545 0.499968 0.757206 0.644315 0.565293 0.791720 0.425642 0.752068 0.457552 0.574666 48.744406
0.241538 0.999007 0.068408 0.524653 0.214989 0.840536 0.750301 0.264940 0.103140 0.264160 0.000000
0.798380 0.442390 0.734478 0.769061 0.321867 0.614743 0.445990 0.624485 0.582980 0.625033 47.822772
0.816036 0.545346 0.774808 0.728242 0.499548 0.248533 0.524452 0.631378 0.688536 0.614963 39.634940
0.829557 0.489659 0.782723 0.675246 0.464063 0.703886 0.526982 0.836298 0.439547 0.591453 48.528492
0.125578 0.614116 0.367096 0.674223 0.079813 0.216649 0.491815 0.263689 0.194546 0.631110 0.000000
0.446842 0.395653 0.559437 0.902744 0.419354 0.193468 0.039114 0.654542 0.023232 0.682533 0.000000
0.830999 0.481576 0.802661 0.685507 0.480582 0.837459 0.478659 0.700904 0.518842 0.535575 48.947903
0.779130 0.440942 0.680103 0.696250 0.505977 0.839090 0.415491 0.652593 0.434346 0.506932 47.169227
0.203236 0.479471 0.914197 0.914167 0.857869 0.573538 0.265051 0.034273 0.142708 0.829765 0.000000
0.778767 0.478802 0.762370 0.867564 0.402972 0.729716 0.584130 0.679160 0.471488 0.708207 50.292400
0.734105 0.504419 0.797716 0.697673 0.397095 0.647647 0.545829 0.889658 0.507360 0.775321 45.399245
0.776918 0.427938 0.761078 0.622181 0.611868 0.760861 0.512238 0.637052 0.321685 0.529145 46.459171
0.792672 0.445056 0.778370 0.850080 0.438002 0.555694 0.499687 0.698241 0.344978 0.556466 47.453910
0.245513 0.617395 0.704620 0.092373 0.364075 0.142881 0.800832 0.102329 0.126030 0.723095 0.000000
0.784820 0.520293 0.816144 0.869029 0.461655 0.741738 0.611716 0.588748 0.652153 0.633118 47.409704
0.974643 0.246080 0.364704 0.115778 0.525869 0.676885 0.043908 0.671449 0.039332 0.887788 0.000000
0.755472 0.701925 0.778453 0.897405 0.141563 0.437072 0.397274 0.719963 0.229643 0.536743 0.000000
0.772955 0.487307 0.681935 0.586509 0.517530 0.794385 0.476649 0.769670 0.172800 0.711457 42.843521
0.812400 0.475554 0.416702 0.068704 0.723545 0.203924 0.174615 0.396872 0.748702 0.559242 0.000000
0.932929 0.534243 0.172378 0.882901 0.297966 0.327647 0.001217 0.123073 0.376456 0.604749 0.000000
0.794052 0.534050 0.706984 0.721328 0.380841 0.796735 0.455494 0.662492 0.388435 0.658253 47.941955
0.846076 0.467961 0.746568 0.598429 0.422746 0.740762 0.437316 0.577727 0.593498 0.515801 46.239882
0.095236 0.720796 0.055566 0.723884 0.213952 0.073925 0.868457 0.095276 0.632368 0.142377 0.000000
0.794171 0.456748 0.728810 0.791966 0.379472 0.724534 0.512738 0.854483 0.611000 0.673909 48.329148
0.782036 0.455160 0.730482 1.000000 0.707699 0.967400 0.381255 0.837024 0.537982 0.783648 42.896733
0.746192 0.498625 0.805512 0.345589 0.546741 0.681844 0.657463 0.709278 0.611094 0.741174 40.404077
0.795681 0.442751 0.782163 0.819295 0.603014 0.661971 0.377646 0.767492 0.516311 0.648207 49.360168
0.796116 0.465476 0.760870 0.797500 0.500000 0.745000 0.500000 0.692500 0.500000 0.640000 54.999997
0.771147 0.448080 0.753524 0.790276 0.365928 0.723747 0.530482 0.703133 0.521548 0.517202 49.531791
0.225816 0.951517 0.675963 0.980381 0.133214 0.861409 0.664047 0.910843 0.343487 0.868541 0.000000
0.978608 0.646545 0.914473 0.831198 0.018338 0.036337 0.924032 0.505013 0.210307 0.806078 0.000000
0.779408 0.443574 0.793518 0.964439 0.566059 0.761301 0.442794 0.561219 0.386932 0.731929 47.168017
0.854957 0.546538 0.868297 0.446793 0.164229 0.138384 0.140840 0.406614 0.479225 0.898671 28.023317
0.787835 0.446978 0.755100 0.831217 0.430987 0.672275 0.485513 0.644209 0.486999 0.659859 51.544936
0.895542 0.387639 0.980262 0.720657 0.833108 0.485981 0.676601 0.467642 0.350933 0.002505 27.893084
0.829945 0.506960 0.170011 0.869339 0.039752 0.774619 0.490739 0.587848 0.675862 0.827276 0.000000
0.796116 0.465477 0.760870 0.797506 0.500000 0.745001 0.500000 0.692516 0.500000 0.640000 54.999516
0.788524 0.407280 0.756923 0.840878 0.589012 0.777102 0.529970 0.746628 0.642442 0.475303 47.578709
0.507181 0.963416 0.286933 0.979497 0.060625 0.555339 0.674068 0.827086 0.276756 0.379794 0.000000
0.787531 0.470646 0.744756 0.822601 0.486687 0.760529 0.380372 0.649499 0.529342 0.653957 51.142866
0.764331 0.483170 0.775425 0.819164 0.530382 0.755116 0.607951 0.660781 0.473674 0.581002 50.563064
0.858512 0.470992 1.000000 1.000000 0.163710 0.850230 0.291874 0.708425 0.337109 0.736540 35.334625
0.796116 0.465476 0.760870 0.797500 0.500000 0.745000 0.500000 0.692500 0.500000 0.640000 54.999998
0.830928 0.446944 0.809045 0.793962 0.429133 0.790777 0.496189 0.617640 0.489646 0.594992 50.002364
0.775908 0.427292 0.695766 0.711556 0.572410 0.669740 0.508778 0.661863 0.416163 0.489196 47.521513
0.728802 0.257568 0.541453 0.882554 0.435858 0.187790 0.511186 0.786259 0.655542 0.586373 31.502823
0.017900 0.444988 0.343526 0.602920 0.783763 0.572479 0.031010 1.000000 0.586659 0.346664 0.000000
0.789418 0.470061 0.749240 0.681403 0.510867 0.691726 0.471232 0.795947 0.459262 0.861479 47.291523
0.797560 0.487234 0.764338 0.726017 0.454895 0.806458 0.490580 0.661223 0.425464 0.609124 51.122669
0.772874 0.406822 0.761007 0.961875 0.679221 0.824740 0.457617 0.782323 0.524285 0.597422 46.691383
0.712333 0.674212 1.000000 0.902615 0.369272 0.737361 0.370325 0.523612 0.619789 0.464786 0.000000
0.771718 0.490661 0.767531 0.785198 0.420731 0.866682 0.757150 0.664853 0.432627 0.677258 46.362701
0.796557 0.459403 0.726120 0.919819 0.543327 0.775054 0.584318 0.710585 0.328909 0.608879 48.262084
0.857994 0.459848 0.791521 0.737458 0.409807 0.701683 0.440322 0.757393 0.446404 0.588585 48.642746
0.764717 0.459689 0.754984 0.699071 0.477420 0.648432 0.375972 0.692536 0.518389 0.802455 47.884623
0.228330 0.250482 0.537472 0.417676 0.898074 0.146846 0.696736 0.611284 0.186407 0.061963 0.000000
0.818729 0.459536 0.812375 0.787811 0.389499 0.851618 0.624764 0.603816 0.455959 0.613621 48.059866
0.934119 0.287507 0.804203 0.808407 0.408823 0.886960 0.479486 0.642192 0.505662 0.830504 40.130323
0.793154 0.876907 0.635649 0.657791 0.687991 0.388241 0.016188 0.810154 0.260742 0.818847 0.000000
0.725993 0.128483 0.184709 0.460370 0.142805 0.223260 0.226391 0.697021 0.455440 0.155128 0.000000
0.763019 0.429239 0.744876 0.855053 0.486331 0.900500 0.419270 0.688917 0.398623 0.562526 48.165770
0.787865 0.471778 0.773127 0.789941 0.432216 0.709554 0.361373 0.540411 0.401753 0.598108 48.259880
0.785430 0.453358 0.748061 0.781579 0.693411 0.730482 0.541971 0.697433 0.435460 0.743408 48.511106
0.913285 0.459297 0.484660 0.127518 0.048854 0.176145 0.248359 0.802133 0.597957 0.971054 0.000000
0.256955 0.722789 0.990190 0.781960 0.184135 0.321780 0.984473 0.139482 0.914727 0.968790 0.000000
0.789235 0.057758 0.684204 0.580578 0.433152 0.663194 0.973686 0.867779 0.475970 0.926682 28.003849
0.796116 0.465476 0.760870 0.797500 0.500000 0.745000 0.500000 0.692500 0.500000 0.640000 54.999998
0.345702 0.900832 0.865884 0.115915 0.711177 0.465967 0.502695 0.881218 0.580677 0.290039 0.000000
0.797393 0.421371 0.758662 0.809838 0.492996 0.685731 0.643093 0.648532 0.608661 0.585887 49.053368
0.751893 0.458422 0.165508 0.995797 0.469505 0.638858 0.339307 0.669712 0.360508 0.612208 0.000000
0.781989 0.494229 0.788553 0.811558 0.411950 0.801558 0.617843 0.813197 0.590667 0.769162 47.678538
0.985628 0.004038 0.888382 0.849044 0.666723 0.148175 0.509489 0.602827 0.670515 0.963749 21.252922
0.826717 0.159613 0.927766 0.980835 0.333159 0.772338 0.624872 0.876048 0.402716 0.827750 33.915967
0.807482 0.445334 0.698409 0.773701 0.572284 0.691229 0.537512 0.696078 0.609531 0.766065 48.467112
0.187330 0.713116 0.788764 0.882813 0.375401 0.468069 0.612578 0.481991 0.833426 0.436744 0.000000
0.252174 0.617261 0.940108 0.875905 0.652973 0.763516 0.959818 0.488641 0.604651 0.747490 0.000000
0.511337 0.470234 0.861898 0.323728 0.999928 0.717994 0.985180 0.683352 0.252830 0.959910 0.000000
0.852478 0.016653 0.724034 0.070176 0.170417 0.086051 0.828875 0.545382 0.207410 0.863618 16.035518
0.804420 0.469974 0.732079 0.719385 0.708747 0.703480 0.534245 0.683523 0.579193 0.644564 48.139681
0.793936 0.425157 0.738088 0.880950 0.551949 0.832148 0.608975 0.668215 0.476671 0.620648 49.649045
0.792384 0.461064 0.792266 0.691432 0.589331 0.833261 0.594249 0.667542 0.507769 0.756952 48.608909
0.796116 0.465476 0.760870 0.797500 0.500000 0.745000 0.500000 0.692500 0.500000 0.640000 54.999996
0.781388 0.456172 0.784982 0.793158 0.437771 0.694813 0.567980 0.575322 0.621617 0.670933 49.227335
0.836153 0.507833 0.803012 0.845151 0.397049 0.962982 0.538688 0.504876 0.488333 0.257206 40.879148
0.812040 0.435038 0.735386 0.770087 0.490746 0.669621 0.574103 0.953080 0.566794 0.619635 46.702341
0.178561 0.333310 0.449938 0.936546 0.724167 0.592638 0.874173 0.905540 0.093289 0.024023 0.000000
0.279273 0.153580 0.275071 0.330259 0.367282 0.603203 0.513260 0.838734 0.385124 0.202180 0.000000
0.991791 0.436317 0.777345 0.824220 0.331641 0.607485 0.684127 0.743566 0.272376 0.523926 38.068652
0.474586 0.537679 0.187535 0.853478 0.910391 0.439928 0.174542 0.733676 0.863199 0.712733 0.000000
0.764744 0.510229 0.630132 0.983522 0.414914 0.928052 0.287732 0.941411 0.147006 0.143453 33.128883
0.146276 0.850224 0.065082 0.709458 0.996145 0.645367 0.522850 0.587967 0.347851 0.110393 0.000000
0.786384 0.424289 0.736981 0.737186 0.589415 0.736594 0.584477 0.720199 0.550374 0.628127 50.189155
0.796798 0.463318 0.773391 0.759527 0.522021 0.806189 0.504912 0.740105 0.561865 0.697234 51.569310
0.796116 0.465476 0.760870 0.797500 0.500000 0.745000 0.500000 0.692500 0.500000 0.640000 54.999997
0.719602 0.289056 0.908931 0.890318 0.697349 0.486655 0.234147 0.522542 0.946094 0.161193 29.415237
0.549618 0.823997 0.754691 0.457568 0.728668 0.489110 0.895472 0.749451 0.334077 0.443681 0.000000
0.192159 0.814029 0.771097 0.778433 0.931268 0.018379 0.174375 0.031297 0.822249 0.986693 0.000000
0.172711 0.095002 0.145262 0.890024 0.043173 0.381607 0.805078 0.873688 0.787397 0.366603 0.000000
0.902051 0.241896 0.678563 0.677456 0.540153 0.671945 0.499980 0.788355 0.590532 0.838073 39.027889
0.785642 0.495909 0.757052 0.924541 0.438286 0.784576 0.465479 0.802469 0.433799 0.746493 48.631624
0.785921 0.448246 0.786858 0.821669 0.632236 0.708602 0.534180 0.693621 0.541833 0.746615 49.656755
0.737181 0.195561 0.331233 0.645978 0.348428 0.413133 0.462140 0.414038 0.710805 0.581951 0.000000
0.809189 0.473703 0.756306 0.899734 0.429271 0.727144 0.662622 0.703905 0.392398 0.679049 48.488922
0.806604 0.485549 0.744618 0.697831 0.495499 0.760465 0.585980 0.632698 0.516488 0.690888 50.495526
0.778989 0.494667 1.000000 0.661112 0.319486 0.555134 0.587827 0.684880 0.766038 0.542168 37.085464
0.762413 0.433884 0.712781 0.817206 0.664759 0.652992 0.483670 0.766970 0.628235 0.690234 47.222027
0.801827 0.495855 0.762754 0.838109 0.511024 0.690060 0.493476 0.684966 0.598097 0.649748 51.345206
0.180941 0.757654 0.869030 0.881994 0.778024 0.115453 0.231436 0.177357 0.793017 0.832558 0.000000
0.837646 0.410323 0.810734 0.922966 0.519992 0.783046 0.491817 0.785496 0.539525 0.755709 47.636512
0.740931 0.509176 0.803960 0.800292 0.393750 0.718988 0.534498 0.735814 0.506066 0.709162 48.730488
0.796116 0.465476 0.760870 0.797500 0.500000 0.745000 0.500000 0.692500 0.500000 0.640000 54.999997
0.804640 0.441321 0.743015 0.785356 0.423804 0.793216 0.379636 0.584037 0.412153 0.730962 48.633804
0.786951 0.905891 0.707770 0.605571 0.858126 0.387675 0.566642 0.357395 0.759169 0.093117 0.000000
0.767991 0.429021 0.697763 0.747932 0.539454 0.608072 0.450314 0.742270 0.528058 0.659714 48.564570
0.324754 0.893482 0.509148 0.460657 0.317057 0.885616 0.384798 0.615068 0.043077 0.574108 0.000000
0.849693 0.952890 0.796121 0.589664 0.437381 0.775242 0.365852 0.707512 0.260000 0.948287 0.000000
0.801262 0.518816 0.844543 0.947500 0.493202 0.694750 0.529561 0.700779 0.429859 0.699743 47.530020
0.769935 0.452655 0.765514 0.882950 0.463126 0.740754 0.449960 0.663577 0.590761 0.646517 50.674635
0.898876 0.859680 0.615827 0.032682 0.675444 0.358383 0.197873 0.314838 0.819381 0.185589 0.000000
0.805174 0.465753 0.737574 0.719188 0.486940 0.812597 0.583330 0.657367 0.610438 0.566364 49.567657
0.860575 0.431017 0.659963 0.784887 0.399625 0.824461 0.654347 0.794902 0.605862 0.519679 44.418589
0.791489 0.447632 0.785195 0.810446 0.528442 0.708435 0.457768 0.618462 0.464314 0.487301 49.677969
0.779489 0.461786 0.731320 0.725364 0.568874 0.695310 0.532030 0.821467 0.628149 0.659757 48.745240
0.831807 0.480260 0.760612 0.816868 0.512249 0.867648 0.447980 0.684449 0.450968 0.669953 50.265556
0.463919 0.149865 0.429816 0.955588 0.735463 0.993675 0.391266 0.472168 0.631611 0.456916 0.000000
0.775824 0.439315 0.762170 0.968900 0.275837 0.789060 0.420332 0.876047 0.445160 0.587998 45.070819
0.619289 0.298023 0.785300 0.447173 0.217312 0.911412 0.370596 0.418854 0.587736 0.554244 33.467284
0.218247 0.923044 0.962775 0.192943 0.287942 0.222763 0.030994 0.636301 0.727385 0.643027 0.000000
0.812118 0.456707 0.759485 0.806753 0.475612 0.735500 0.540600 0.654394 0.382891 0.607019 51.090373
0.802818 0.474870 0.822984 0.831115 0.554700 0.761590 0.591305 0.726450 0.585975 0.689694 49.455891
0.805253 0.420224 0.718880 0.799163 0.488984 0.115427 0.525953 0.749552 0.546788 0.613364 37.328957
0.781362 0.481466 0.764186 0.710613 0.461547 0.639676 0.589394 0.696526 0.541045 0.677108 50.006953
0.782200 0.461584 0.780738 0.827385 0.480633 0.745429 0.485633 0.676691 0.623845 0.527947 50.070220
0.276346 0.111032 0.838728 0.912457 0.045990 0.999358 0.399309 0.551936 0.145925 0.920235 0.000000
0.811585 0.512803 0.051551 0.624881 0.194261 0.298337 0.541002 0.780324 0.292113 0.016715 0.000000
0.863381 0.451315 0.759548 0.768477 0.474237 0.722445 0.428589 0.789724 0.572983 0.718541 48.537662
0.834571 0.422925 0.760408 0.749760 0.478001 0.898657 0.331844 0.643324 0.549258 0.719252 47.238471
0.823323 0.490304 0.829921 0.933874 0.466719 0.813489 0.471215 0.678975 0.406974 0.777112 47.262213
0.779749 0.525299 0.811796 0.739008 0.363135 0.901391 0.406023 0.081382 0.379455 0.621388 36.296445
0.334224 0.358985 0.383584 0.021790 0.345797 0.563665 0.355184 0.274122 0.752603 0.922352 0.000000
0.779270 0.496207 0.787115 0.814635 0.424328 0.861826 0.453689 0.584222 0.451686 0.775604 48.190230
0.850742 0.468031 0.725190 0.598161 0.395615 0.623235 0.546070 0.682332 0.401459 0.611998 46.286756
1.000000 0.465745 0.746114 1.000000 0.564465 0.867222 0.658570 0.729189 0.567010 0.749722 38.743132
0.820238 0.488799 0.742466 0.684076 0.494704 0.692153 0.488926 0.699363 0.515846 0.676678 50.745864
0.792554 0.452589 0.766066 0.766893 0.464902 0.940600 0.411359 0.639594 0.582658 0.570170 48.113204
0.789580 0.467031 0.739422 0.839145 0.544239 0.855883 0.416064 0.686798 0.553801 0.600647 50.285034
0.112260 0.230858 0.798392 0.993931 0.696815 0.732785 0.527826 0.424934 0.934191 0.855659 0.000000
0.767957 0.482719 0.747145 0.805620 0.516535 0.658028 0.306756 0.608311 0.530134 0.666631 48.278020
0.809130 0.519453 0.780414 0.796161 0.445035 0.724602 0.462579 0.705731 0.629099 0.661149 49.923084
0.830168 0.984716 0.628456 0.881848 0.200048 0.036489 0.497247 0.063378 0.430024 0.196880 0.000000
0.842608 0.438877 0.748597 0.754237 0.393764 0.756074 0.452736 0.713364 0.562194 0.675434 49.738340
0.789664 0.436511 0.820695 0.721342 0.566456 0.704516 0.420388 0.586763 0.472696 0.586545 48.789617
0.775523 0.412034 0.837969 0.779082 0.659184 0.638979 0.515875 0.789954 0.404162 0.490287 45.681702
0.779396 0.453385 0.749943 0.858627 0.517969 0.765557 0.486509 0.620601 0.422023 0.664273 51.214944
0.783876 0.526759 0.798151 0.736284 0.531413 0.778845 0.391580 0.824838 0.386327 0.621061 47.879382
0.637591 0.299392 0.689728 0.178065 0.643714 0.670661 0.591326 0.742245 0.370547 0.582446 32.043974
0.794573 0.508522 0.810209 0.802299 0.328776 0.852908 0.604437 0.888538 0.398815 0.747429 45.189727
0.787019 0.479071 0.750940 0.574659 0.474515 0.731138 0.442878 0.642430 0.505363 0.583759 48.251920
0.806499 0.491060 0.791377 0.858704 0.383939 0.739546 0.482432 0.671933 0.541046 0.658941 50.517375
1.000000 0.402160 1.000000 1.000000 0.274555 0.774874 0.040357 0.767565 0.566802 0.827609 29.624740
0.796116 0.465476 0.760870 0.797500 0.500000 0.745000 0.500000 0.692500 0.500000 0.640000 54.999997
0.797539 0.449179 0.803714 1.000000 0.086135 0.719866 0.568738 0.702962 0.541655 0.615294 41.925271
0.483266 0.053178 0.678678 0.623228 0.614704 0.534624 0.875419 0.409956 0.763795 0.033817 0.000000
0.572122 0.419986 0.152228 0.740372 0.896485 0.232242 0.174451 0.677908 0.159262 0.005688 0.000000
0.808258 0.498202 0.760153 0.774748 0.465101 0.790838 0.512053 0.689200 0.524651 0.523687 50.893771
0.759126 0.393224 0.786997 0.693299 0.734289 0.767906 0.647261 0.497932 0.699428 0.560168 42.764046
0.776678 0.430750 0.734231 0.074074 0.641616 0.726167 0.776800 0.813658 0.534732 0.893945 31.976896
0.797183 0.440980 0.732369 0.889599 0.675530 0.844991 0.440983 0.668076 0.507226 0.751003 47.704639
0.793161 0.476386 0.747314 0.883573 0.432090 0.750903 0.547153 0.740309 0.530476 0.628878 51.247056
0.810542 0.541607 0.804551 0.928114 0.435481 0.718439 0.379971 0.617847 0.527126 0.634473 47.689745
0.780125 0.424285 0.769063 0.806279 0.526357 0.715812 0.627480 0.767369 0.495786 0.302234 44.593982
0.788350 0.525214 0.790507 0.731154 0.536450 0.737521 0.712782 0.832512 0.471604 0.573294 46.712124
0.803507 0.457381 0.786235 0.841546 0.590519 0.786316 0.421720 0.690113 0.442263 0.804787 48.780588
0.331750 0.491228 0.397313 0.756067 0.520528 0.974138 0.599593 0.455364 0.551380 0.487633 0.000000
0.786095 0.531073 0.766732 0.748293 0.480792 0.769393 0.671565 0.719254 0.403542 0.576390 48.197823
0.792223 0.464726 0.766537 0.713168 0.428708 0.706263 0.147646 0.492731 0.564183 0.497801 42.710884
0.814145 0.458175 0.746133 0.843770 0.503630 0.636825 0.637227 0.685009 0.700041 0.624422 47.464032
0.435938 0.324827 0.768135 0.125323 0.109329 0.153621 0.574232 0.476108 0.506011 0.446104 0.000000
0.971183 0.042437 0.157469 0.397597 0.406326 0.329624 0.002916 0.996283 0.446442 0.232183 0.000000
0.886182 0.419656 0.938234 0.783984 0.484504 1.000000 0.474824 0.654779 0.317609 0.860234 39.008846
0.812086 0.447600 0.753170 0.860506 0.605205 0.234668 0.489052 0.674711 0.503361 0.610133 40.551658
0.796116 0.465476 0.760870 0.797500 0.500000 0.745000 0.500000 0.692500 0.500000 0.640000 54.999997
0.791197 0.423746 0.753839 0.535013 0.987048 0.744232 0.546710 0.595813 0.529360 0.680678 39.392979
0.022152 0.786302 0.984136 0.845471 0.145422 0.034392 0.898414 0.087306 0.527803 0.343641 0.000000
0.760977 0.439371 0.643731 0.772714 0.599396 0.661659 0.519279 0.872593 0.521078 0.725769 45.235643
0.832992 0.451426 0.724995 0.685609 0.351045 0.815432 0.401817 0.702815 0.620561 0.676286 47.285646
0.798328 0.454608 0.758117 0.741665 0.715430 0.728917 0.509412 0.771538 0.533078 0.772412 47.507692
0.814048 0.520604 0.765400 0.780888 0.525047 0.601923 0.508740 0.631807 0.478643 0.632667 49.688116
1.000000 0.399580 0.839607 0.119078 0.303732 0.989980 0.384462 0.485553 0.798591 0.694019 27.698102
0.776906 0.524713 0.773852 0.781243 0.499530 0.839526 0.415230 0.686647 0.381787 0.740660 48.582027
0.775026 0.518118 0.731571 0.572707 0.525932 0.830036 0.441098 0.808573 0.507092 0.599302 46.679380
0.796116 0.465476 0.760870 0.797500 0.500000 0.745000 0.500000 0.692500 0.500000 0.640000 54.999997
0.766199 0.481113 0.745600 0.719715 0.583853 0.805121 0.538098 0.587133 0.487675 0.504197 48.589120
0.745213 0.501115 0.822321 0.816657 0.343087 0.810363 0.552511 0.777233 0.495634 0.654378 47.480516
0.784801 0.470341 0.741851 1.000000 0.459392 0.761181 0.540408 0.704360 0.491487 0.641015 49.064790
0.726322 0.462672 0.805033 0.739178 0.426203 0.812920 0.407144 0.785806 0.442162 0.057283 37.473364
0.787945 0.165672 0.735825 0.881600 0.824743 0.811905 0.456984 0.873931 0.533816 0.858244 35.615506
0.725751 0.513077 0.827723 0.713263 0.373747 0.819955 0.699589 0.870518 0.327889 0.587100 43.107707
0.905679 0.446803 0.657037 0.790728 0.407095 1.000000 0.489851 0.656996 0.538720 0.763678 42.410163
0.834139 0.467426 0.801517 0.672572 0.498556 0.829353 0.558788 0.697927 0.457233 0.564650 48.912501
0.718762 0.409525 0.705027 0.862774 0.569806 0.672307 0.521433 0.728846 0.586275 0.732248 46.703727
0.714944 0.489777 0.959330 0.911765 0.731801 0.526960 0.541515 0.427449 0.870649 0.341763 33.376550
0.797057 0.426443 0.763497 0.811541 0.532505 0.754271 0.454512 0.581582 0.612181 0.588296 49.810125
0.786147 0.494649 0.748473 0.789772 0.478547 0.821799 0.481312 0.564123 0.558370 0.757383 49.234038
0.773178 0.521731 0.779105 0.711321 0.538142 0.824888 0.532829 0.733422 0.539736 0.585405 49.692037
0.779274 0.523342 0.771026 0.811013 0.414070 0.836208 0.468322 0.709166 0.438988 0.701458 49.674997
0.849448 0.443548 0.754542 0.834666 0.538449 0.935651 0.471327 0.620425 0.520634 0.748474 47.453329
0.743541 0.439854 0.861358 0.749812 0.328549 0.868917 0.499838 0.687050 0.344656 0.735781 44.657019
0.774463 0.483683 0.691539 0.809465 0.564369 0.898100 0.417685 0.953394 0.463369 0.813683 44.105419
0.909787 0.659120 0.561445 0.333797 0.845498 0.470437 0.826912 0.756300 0.475215 0.225380 0.000000
0.844360 0.439561 0.724062 0.570656 0.489407 0.871468 0.477852 0.706229 0.531692 0.713352 46.500296
0.805988 0.491291 0.787488 0.894524 0.499306 0.712945 0.459414 0.650318 0.493086 0.694199 50.878359
0.787534 0.734993 0.936389 0.975786 0.888695 0.183306 0.750422 0.901052 0.009801 0.471511 0.000000
0.806608 0.460659 0.727778 0.903182 0.592359 0.666924 0.457674 0.690485 0.478599 0.615290 49.948584
0.791259 0.440329 0.748146 0.807121 0.470461 0.622430 0.475474 0.640634 0.583883 0.692553 50.109931
0.833595 0.540382 0.723235 0.780971 0.384573 0.829012 0.548856 0.676091 0.501274 0.591662 48.363903
0.798212 0.418025 0.789779 0.991818 0.698913 0.786924 0.513572 0.766964 0.565386 0.737617 45.946765
0.824411 0.450940 0.779971 0.897354 0.545522 0.733819 0.438273 0.784895 0.537040 0.600697 49.922016
0.839587 0.467813 0.748929 0.795627 0.555559 0.750067 0.482138 0.754463 0.490014 0.637214 51.195814
0.818048 0.470952 0.748174 0.844085 0.617429 0.708999 0.529179 0.817212 0.466777 0.752776 48.819255
0.827684 0.482447 0.749984 0.849327 0.500242 0.697375 0.458477 0.711168 0.471962 0.552714 50.865323
0.769910 0.969959 0.402668 0.244332 0.008358 0.369270 0.805586 0.796925 0.059489 0.034454 0.000000
0.767115 0.466892 0.711119 0.881300 0.506045 0.661292 0.475496 0.653535 0.642390 0.665134 48.711644
0.794037 0.440205 0.785105 0.777773 0.632914 0.734879 0.507965 0.677643 0.351341 0.509684 48.183680
0.753318 0.525423 0.778005 0.940714 0.592591 0.826287 0.396795 0.667570 0.369554 0.644407 46.882372
0.763112 0.473860 0.770168 0.772820 0.480833 1.000000 0.614424 0.853015 0.291190 0.662673 44.204403
0.763203 0.351370 0.744468 0.720040 0.720250 0.795000 0.462103 0.689991 0.516248 0.622995 45.934064
0.415351 0.348763 0.576411 0.644280 0.109116 0.616779 0.366361 0.300569 0.979375 0.102168 0.000000
0.560112 0.138636 0.608540 0.345375 0.018128 0.148395 0.591983 0.749187 0.996408 0.328606 0.000000
0.003705 0.970647 0.762848 0.421454 0.218482 0.094196 0.404588 0.963086 0.886390 0.114384 0.000000
0.841071 0.491843 0.731821 0.842378 0.373869 0.724948 0.510416 0.834310 0.487533 0.697667 48.297437
0.796116 0.465476 0.760870 0.797500 0.500000 0.745000 0.500000 0.692500 0.500000 0.640000 54.999998
0.785921 0.448246 0.786858 0.821669 0.464815 0.708602 0.534180 0.693621 0.541833 0.746615 50.947567
0.839180 0.456023 0.740276 0.766433 0.524244 0.888454 0.380204 0.763945 0.587936 0.684433 48.056039
0.788206 0.447816 0.742481 0.945111 0.578900 0.829990 0.652140 0.563577 0.483452 0.629736 47.356125
0.710218 0.169373 0.492280 0.787702 0.544827 0.350850 0.858041 0.024024 0.697257 0.445820 0.000000
0.815509 0.491214 0.731727 0.845185 0.459504 0.790054 0.585980 0.597389 0.676470 0.725140 47.825714
0.796116 0.465476 0.760870 0.797498 0.500000 0.745000 0.500000 0.692500 0.500000 0.639999 54.999946
0.801463 0.477637 0.744727 0.902163 0.517969 0.765557 0.445011 0.737054 0.409278 0.680289 50.398542
0.802115 0.469097 0.736946 0.680436 0.455745 0.739161 0.518505 0.726468 0.493073 0.575086 50.748418
0.808785 0.488720 0.795463 0.802092 0.399922 0.892218 0.492594 0.727049 0.402537 0.894759 45.720690
0.796213 0.493554 0.746179 0.822902 0.437073 0.825829 0.507834 0.778127 0.542102 0.700708 50.464250
0.830122 0.472826 0.783323 0.772750 0.387804 0.589497 0.440729 0.717187 0.549325 0.596530 48.583103
1.000000 0.450976 0.805142 0.787171 0.228034 0.680139 0.694952 0.767331 0.262513 0.535260 36.702798
0.949594 0.264118 0.533008 0.155871 0.596427 0.037215 0.036532 0.474461 0.899336 0.492484 17.645759
0.515183 0.338205 0.119522 0.807313 0.223478 0.500602 0.771040 0.091350 0.137771 0.121265 0.000000
0.414517 0.895808 0.476650 0.922145 0.994491 0.274098 0.453563 0.614791 0.524265 0.216021 0.000000
0.742214 0.483429 0.842883 0.830752 0.478424 0.840438 0.538054 0.846126 0.457682 0.671540 46.966211
0.805693 0.433226 0.705061 0.830008 0.596798 0.732459 0.487238 0.592483 0.551938 0.666203 49.416223
0.817321 0.499810 0.732747 0.802076 0.544270 0.859165 0.466674 0.915592 0.492311 0.595325 47.367659
0.796116 0.465476 0.760870 0.797500 0.500000 0.745000 0.500000 0.692500 0.500000 0.640000 54.999997
0.770018 0.489206 0.796930 0.833598 0.547880 0.698546 0.602838 0.492502 0.522689 0.570261 47.599890
0.802266 0.440451 0.768597 0.868887 0.518431 0.863452 0.484895 0.699096 0.414897 0.677925 50.190011
0.339633 0.239312 0.869802 0.806330 0.261296 0.896535 0.886523 0.127097 0.203346 0.855208 0.000000
0.823709 0.443627 0.739325 0.796104 0.553125 0.758006 0.657609 0.670843 0.496967 0.605419 49.694719
0.798142 0.470740 0.762480 0.757485 0.510153 0.760013 0.574910 0.733318 0.426217 0.656581 51.647838
0.812243 0.449975 0.721301 0.769539 0.389087 1.000000 0.318188 0.663048 0.610818 0.689749 44.924738
0.066590 0.564563 0.428620 0.181739 0.955543 0.281179 0.476494 0.884634 0.805311 0.288279 0.000000
0.836901 0.463794 0.761209 0.923999 0.542680 0.765223 0.430613 0.808580 0.462490 0.740472 48.418196
0.235599 0.732702 0.518491 0.688408 0.085079 0.771439 0.953823 0.189006 0.517565 0.561171 0.000000
0.777257 0.440933 0.752579 0.696970 0.505707 0.705680 0.467482 0.703304 0.610477 0.592381 50.129562
0.842608 0.438877 0.748597 0.128803 0.393764 0.756074 0.452736 0.713364 0.562194 0.675434 36.024937
0.802802 0.493116 0.775068 0.720131 0.489072 0.801424 0.486111 0.632237 0.536506 0.611984 51.241170
0.796116 0.465476 0.760870 0.797500 0.500000 0.745000 0.500000 0.692500 0.500000 0.640000 54.999997
0.782274 0.415247 0.741776 0.794284 0.461886 0.617137 0.402669 0.822272 0.429427 0.656025 48.278732
0.790746 0.439831 0.698970 0.791258 0.589332 0.642489 0.839676 0.796370 0.544225 0.664256 43.856708
0.826482 0.463271 0.786710 0.791574 0.420207 0.746180 0.544029 0.591420 0.260947 0.645409 47.071574
0.812661 0.520489 0.810591 0.805640 0.353916 0.720969 0.518527 0.694795 0.519622 0.617630 49.155401
0.819256 0.456007 0.803375 0.672264 0.523631 0.860056 0.490330 0.561210 0.540600 0.556004 47.931800
0.802497 0.513472 0.763645 0.858697 0.595220 0.624135 0.493260 0.622366 0.576566 0.542230 48.548301
0.765688 0.477148 0.783262 0.810155 0.506359 0.797225 0.567742 0.607567 0.535188 0.587545 50.516157
0.821673 0.488649 0.754535 0.788904 0.465238 0.696994 0.563167 0.808661 0.528540 0.674983 50.347250
0.802374 0.931403 0.636739 0.677460 0.303227 0.911252 0.132258 0.351627 0.551274 0.705597 0.000000
0.810321 0.464317 0.776901 0.825518 0.408043 0.738174 0.493511 0.775688 0.417018 0.793420 48.951389
0.817099 0.472078 0.754046 0.783177 0.400132 0.804487 0.597803 0.801332 0.457446 0.617102 49.504592
0.761031 0.476861 0.891914 0.794016 0.502639 0.780100 0.535880 0.654352 0.451174 0.704045 46.650795
0.789585 0.602219 0.529778 0.700181 0.672228 0.719719 0.935348 0.261476 0.560519 0.698076 0.000000
0.835278 0.490557 0.746425 0.856004 0.413485 0.721457 0.467127 0.714947 0.552187 0.709050 50.054187
# OSA solutions
0.796148 0.465436 0.760812 0.797631 0.500477 0.745076 0.499620 0.692500 0.499872 0.639791 54.981051
0.785687 0.471499 0.777998 0.809369 0.506886 0.735574 0.496909 0.711481 0.459945 0.624037 53.154281
0.780475 0.454767 0.768371 0.783486 0.497472 0.721517 0.474728 0.724287 0.476556 0.664804 52.943155
0.793029 0.467950 0.742854 0.805094 0.471215 0.749437 0.536809 0.689342 0.453452 0.644819 52.891273
0.785930 0.457343 0.757706 0.805437 0.512333 0.730890 0.495744 0.711686 0.514097 0.677081 53.439480
0.794159 0.449295 0.742300 0.786877 0.528661 0.767799 0.524616 0.689752 0.522606 0.606046 52.860045
0.796660 0.468607 0.759829 0.813145 0.497422 0.756011 0.496143 0.700839 0.501682 0.640128 54.389625
0.808873 0.444969 0.776139 0.801647 0.488005 0.774881 0.495648 0.693361 0.503249 0.635078 53.165486
0.793053 0.461879 0.759174 0.771944 0.502923 0.799502 0.504824 0.714930 0.506770 0.614719 53.076714
0.798671 0.465412 0.752144 0.756031 0.460159 0.740267 0.523493 0.700185 0.501651 0.657009 53.146105
0.788664 0.463884 0.764655 0.791243 0.484077 0.750746 0.519027 0.689932 0.526496 0.641321 53.839848
0.796518 0.463541 0.768575 0.767828 0.505288 0.704340 0.483002 0.706260 0.552887 0.649195 52.849727
0.796152 0.465200 0.760874 0.866210 0.499805 0.745361 0.499916 0.692520 0.499936 0.640364 53.122675
0.790491 0.453605 0.753302 0.796144 0.463880 0.765361 0.479532 0.662454 0.485828 0.602800 52.966829
0.810247 0.467950 0.741776 0.805094 0.481701 0.749437 0.546657 0.689342 0.486455 0.644819 52.951712
0.793201 0.468934 0.775841 0.788250 0.521621 0.772520 0.517291 0.683680 0.502703 0.670398 53.340541
0.806596 0.457644 0.762024 0.813597 0.476949 0.708699 0.496456 0.658944 0.491779 0.654850 53.186578
0.792332 0.455785 0.757560 0.786868 0.509999 0.752411 0.458894 0.683729 0.481055 0.668949 53.342931
0.794450 0.467950 0.769394 0.805094 0.481547 0.749437 0.452932 0.689342 0.544013 0.644819 53.076204
0.793053 0.450081 0.759174 0.832027 0.502923 0.718029 0.504824 0.710511 0.506770 0.607907 53.227138
0.806475 0.457606 0.760183 0.813031 0.499953 0.784515 0.507329 0.722918 0.526473 0.626170 53.161662
0.793115 0.465937 0.759115 0.791243 0.495197 0.750746 0.500982 0.762671 0.500005 0.641321 53.050774
0.792755 0.467629 0.762385 0.815103 0.485002 0.720308 0.551732 0.713416 0.503255 0.642661 53.194092
0.793367 0.471097 0.766454 0.845008 0.485230 0.731244 0.502754 0.721029 0.538420 0.633881 53.013549
0.796116 0.465476 0.760870 0.797500 0.500000 0.745000 0.500000 0.692500 0.500000 0.640000 54.999998
0.800283 0.467950 0.761079 0.805094 0.539350 0.749437 0.523495 0.689342 0.504931 0.644819 53.672706
0.810594 0.446879 0.766609 0.782223 0.481274 0.754866 0.529869 0.729455 0.473092 0.645951 52.838962
0.800140 0.461062 0.756427 0.796034 0.504793 0.773094 0.461679 0.653490 0.508552 0.641963 53.244169
0.790772 0.479090 0.752380 0.798984 0.532913 0.789736 0.511557 0.686710 0.495094 0.678983 52.901012
0.796163 0.465458 0.760970 0.797411 0.499481 0.744896 0.499817 0.654068 0.500756 0.640007 53.949682
0.796665 0.455339 0.769041 0.781444 0.516293 0.703887 0.498917 0.667366 0.493322 0.593746 52.943339
0.793115 0.476227 0.759115 0.787683 0.495197 0.759050 0.500982 0.685154 0.500005 0.624469 54.107961
0.794234 0.476646 0.754155 0.761153 0.508158 0.715568 0.497468 0.714179 0.481317 0.599988 53.008252
0.796082 0.465509 0.760917 0.797594 0.500025 0.818894 0.499922 0.692539 0.500064 0.639984 52.981172
0.793332 0.448549 0.756865 0.807145 0.503906 0.796574 0.525445 0.688505 0.519796 0.619728 53.009800
0.794152 0.472707 0.762425 0.805446 0.517967 0.783354 0.531001 0.651661 0.490190 0.610197 52.941243
0.797988 0.450605 0.768606 0.742995 0.510104 0.748161 0.485243 0.686370 0.512102 0.655591 53.117452
0.799903 0.467432 0.759259 0.789735 0.494234 0.793473 0.535339 0.726389 0.500357 0.655233 53.033097
0.811826 0.467014 0.757498 0.810331 0.531528 0.743724 0.546869 0.691812 0.522765 0.651798 52.963419
0.790639 0.474006 0.760878 0.779244 0.456022 0.749769 0.513933 0.665762 0.546105 0.659940 52.858249
0.791781 0.465396 0.758310 0.792396 0.506698 0.747950 0.527558 0.681981 0.486617 0.571342 52.886487
0.794504 0.467950 0.768462 0.805094 0.529601 0.749437 0.472888 0.689342 0.511921 0.644819 53.732622
0.794095 0.460924 0.763643 0.776341 0.497849 0.745134 0.484070 0.670089 0.477411 0.619453 53.698855
0.802189 0.461162 0.761576 0.820546 0.494907 0.743154 0.479762 0.685271 0.505265 0.700008 53.080349
0.802189 0.461162 0.761576 0.820546 0.494906 0.743155 0.518312 0.685271 0.505266 0.700008 53.094835
0.793053 0.440943 0.759174 0.789300 0.502923 0.736091 0.504824 0.717111 0.506770 0.610716 53.323924
0.806400 0.463201 0.769193 0.778844 0.496212 0.774256 0.521925 0.679186 0.458226 0.678570 52.872287
0.793053 0.476605 0.759174 0.754530 0.502923 0.771781 0.504824 0.674469 0.506770 0.645265 53.389198
0.793053 0.479760 0.759174 0.779310 0.502923 0.784453 0.504824 0.685419 0.506770 0.612467 53.378482
0.796154 0.465484 0.760969 0.797498 0.476571 0.744974 0.499942 0.692540 0.500056 0.639995 54.359880
0.798520 0.468786 0.758728 0.818433 0.453060 0.780492 0.468038 0.689012 0.490216 0.665883 52.920759
0.802481 0.451715 0.764886 0.813520 0.500100 0.729566 0.539736 0.649528 0.504518 0.643043 53.088401
0.802669 0.469629 0.764833 0.759926 0.458063 0.783946 0.501500 0.714217 0.495231 0.623239 52.910495
0.800240 0.464209 0.759198 0.772171 0.532963 0.763089 0.495817 0.638694 0.511970 0.627348 52.994014
0.792898 0.450450 0.757073 0.830386 0.508090 0.789229 0.524705 0.659815 0.501999 0.660476 52.869119
0.791991 0.467950 0.762407 0.805094 0.519213 0.749437 0.494933 0.689342 0.496188 0.644819 54.301843
0.796248 0.472970 0.754812 0.761446 0.494585 0.737467 0.506006 0.662375 0.536828 0.680081 52.948201
0.803636 0.475259 0.764009 0.752329 0.500530 0.738680 0.476686 0.732885 0.534213 0.651286 52.839196
0.794738 0.450308 0.761772 0.824958 0.517317 0.747320 0.507571 0.663781 0.448238 0.656471 52.942029
0.797497 0.458773 0.777223 0.798137 0.497264 0.787840 0.509024 0.683379 0.492379 0.601428 53.090652
0.795019 0.466635 0.759634 0.793037 0.499047 0.736556 0.499813 0.688271 0.498199 0.644498 54.663239
0.801195 0.469770 0.753764 0.782109 0.468677 0.758326 0.495784 0.739780 0.460468 0.625258 52.907471
0.793053 0.476475 0.759174 0.808352 0.502923 0.695462 0.504824 0.712463 0.506770 0.647784 53.365089
0.796174 0.467950 0.755203 0.805094 0.494868 0.749437 0.485470 0.689342 0.476207 0.644819 54.104252
0.800786 0.470776 0.757258 0.805658 0.456858 0.748405 0.475044 0.669620 0.518273 0.643192 53.335538
0.795849 0.474594 0.759036 0.801832 0.538141 0.780173 0.497252 0.662415 0.505912 0.593749 52.867985
0.806289 0.460518 0.763501 0.834700 0.515337 0.727471 0.453982 0.699598 0.496862 0.625420 53.058225
0.791521 0.466880 0.762150 0.821321 0.465254 0.726518 0.502340 0.748992 0.488133 0.633102 52.947801
0.796426 0.465829 0.758343 0.782917 0.448965 0.735024 0.474541 0.679625 0.517730 0.679747 52.945717
0.800124 0.466095 0.765637 0.826618 0.521953 0.728500 0.502218 0.674870 0.513970 0.623682 53.613242
0.792444 0.495232 0.758954 0.796468 0.498753 0.740446 0.511576 0.671469 0.502312 0.649104 53.329761
0.789844 0.472481 0.761714 0.793721 0.499997 0.752063 0.476379 0.692458 0.517321 0.600465 53.531652
0.793053 0.481739 0.759174 0.784236 0.502923 0.749473 0.504824 0.701952 0.506770 0.602764 53.580248
0.803558 0.461899 0.775724 0.802386 0.497039 0.730257 0.504515 0.663132 0.499738 0.692924 53.015875
0.793053 0.446071 0.761294 0.763323 0.507797 0.735339 0.504824 0.716961 0.520740 0.674583 53.090903
0.801827 0.460104 0.765044 0.850703 0.479432 0.743326 0.505856 0.684681 0.483000 0.651422 53.242149
0.786883 0.481465 0.755559 0.838216 0.517140 0.753264 0.463482 0.687920 0.504185 0.625165 53.048822
0.793706 0.463884 0.756460 0.791243 0.482087 0.750746 0.487082 0.689932 0.550094 0.641321 53.453035
0.796117 0.475347 0.760869 0.765674 0.549468 0.745000 0.500001 0.692500 0.500000 0.639998 53.319214
0.792435 0.461040 0.752323 0.838661 0.529566 0.731130 0.503477 0.737640 0.509503 0.639932 52.998451
0.791781 0.465974 0.758310 0.795258 0.506698 0.745564 0.527558 0.691087 0.486617 0.634294 54.067141
0.788173 0.494871 0.757529 0.805094 0.528733 0.720540 0.516814 0.699284 0.508536 0.644819 53.026858
0.795610 0.465714 0.761005 0.796814 0.499789 0.734492 0.572941 0.693627 0.499857 0.639694 52.985934
0.790774 0.469619 0.754154 0.742082 0.507289 0.749055 0.511325 0.686771 0.525398 0.626597 53.156611
0.791550 0.461161 0.745780 0.783888 0.540822 0.738515 0.507961 0.725535 0.484366 0.682340 52.836902
0.791002 0.475425 0.762961 0.833871 0.530138 0.697191 0.517983 0.677624 0.513173 0.618361 52.847066
0.793053 0.481308 0.759174 0.759567 0.502923 0.754301 0.504824 0.656686 0.506770 0.621312 53.242158
0.799360 0.455178 0.769844 0.782975 0.507265 0.774937 0.512109 0.733817 0.480002 0.672562 53.021758
0.784732 0.476062 0.768763 0.763561 0.488842 0.736543 0.470081 0.681422 0.526564 0.642641 53.166491
0.791298 0.466969 0.764109 0.767846 0.501043 0.775345 0.527937 0.704242 0.512038 0.668682 53.298175
0.800631 0.466807 0.774972 0.754569 0.505500 0.702390 0.493282 0.691083 0.524403 0.625517 52.966645
0.789565 0.468928 0.767822 0.832047 0.522447 0.749870 0.486998 0.681947 0.536401 0.654705 53.260902
0.796067 0.466206 0.760660 0.797449 0.500890 0.744888 0.499690 0.691840 0.499130 0.683041 53.822792
0.803123 0.467950 0.763755 0.805094 0.518251 0.749437 0.512553 0.689342 0.471224 0.644819 53.846911
0.803475 0.468003 0.768949 0.826875 0.515757 0.749925 0.511178 0.687791 0.459734 0.618590 53.273276
0.800982 0.452663 0.746761 0.827550 0.493061 0.762210 0.532441 0.662844 0.482416 0.637630 53.057690
0.803290 0.463884 0.766146 0.791243 0.509210 0.750746 0.483715 0.689932 0.512086 0.641321 54.129065
0.807222 0.466577 0.754811 0.812167 0.497567 0.754642 0.504621 0.712433 0.547552 0.592118 52.850008
0.793053 0.458021 0.759174 0.808472 0.502923 0.770781 0.504824 0.748553 0.506770 0.629749 53.195151
0.798856 0.468727 0.734593 0.807651 0.501093 0.748352 0.512193 0.717043 0.491616 0.662193 53.161512
0.797045 0.459034 0.754570 0.848029 0.486432 0.751065 0.498682 0.705780 0.485430 0.618428 53.283594
0.790183 0.460264 0.750567 0.791519 0.474544 0.762782 0.494088 0.689342 0.448476 0.658275 53.107191
0.795991 0.464124 0.754861 0.785636 0.550804 0.796262 0.501398 0.704287 0.514931 0.651674 52.881337
0.796833 0.455065 0.762032 0.804943 0.512172 0.691268 0.477515 0.676887 0.472122 0.642828 53.068980
0.793053 0.470521 0.759174 0.768991 0.502923 0.751047 0.504824 0.701352 0.506770 0.638183 54.068468
0.791452 0.448132 0.761854 0.831418 0.511079 0.774274 0.518940 0.734750 0.503037 0.647198 52.978781
0.796116 0.502979 0.760870 0.803404 0.500000 0.745000 0.500000 0.692500 0.500000 0.673839 52.906827
0.802524 0.453894 0.770177 0.795297 0.535675 0.745059 0.508512 0.735790 0.513689 0.664995 53.047161
0.791332 0.460743 0.763230 0.829423 0.480508 0.736801 0.454819 0.688871 0.513240 0.636778 53.284427
0.802733 0.464544 0.757821 0.776446 0.489544 0.689009 0.519417 0.712304 0.491527 0.622732 53.042513
0.806110 0.451758 0.756435 0.786122 0.497135 0.718638 0.516490 0.737850 0.509379 0.670448 52.975629
0.793053 0.467967 0.759174 0.786323 0.502923 0.727573 0.504824 0.747424 0.506770 0.612428 53.193344
0.801923 0.464963 0.756758 0.817599 0.498150 0.759678 0.503913 0.680380 0.457484 0.672880 53.282625
0.802563 0.452974 0.768473 0.785791 0.458933 0.748061 0.494496 0.734726 0.510250 0.613435 52.977375
0.811172 0.467950 0.751815 0.805094 0.529707 0.749437 0.470394 0.689342 0.532869 0.644819 53.128575
0.807667 0.456435 0.753925 0.813923 0.451218 0.751157 0.469885 0.694656 0.502622 0.666946 52.952280
0.788674 0.469125 0.765461 0.792629 0.502941 0.759842 0.495480 0.721919 0.500247 0.587201 53.188554
0.796115 0.465499 0.760868 0.797524 0.499989 0.744997 0.499999 0.723494 0.499992 0.639998 54.153235
0.795161 0.474144 0.763138 0.781117 0.525656 0.740005 0.508505 0.643605 0.488427 0.643118 53.307709
0.793053 0.470130 0.759174 0.781991 0.502923 0.779185 0.504824 0.690871 0.506770 0.659374 53.776337
