# gen=100 party=1
# sp x0..x(D-1) party_fit
0 0.137691 0.792229 0.269480 0.165346 0.791566 88.461688
1 0.249683 0.988438 0.316578 0.065299 0.462834 82.718365
2 0.123002 0.857869 0.256986 0.410489 0.360267 82.170535
3 0.058755 0.801926 0.420165 0.109504 0.307174 81.629192
4 0.024898 0.963640 0.635433 0.098543 0.836181 81.616578
5 0.223825 0.508856 0.086620 0.282984 0.445089 81.616310
6 0.234270 0.786567 0.992166 0.610947 0.975223 81.616310
7 0.026709 0.627245 0.883351 0.778917 0.090696 81.616310
