# gen=100 CA size=200
# x0..x(D-1) consensus
0.188538 0.048907 0.325295 0.301601 0.394619 8.877650
0.140948 0.122443 0.801108 0.706226 0.809864 23.295391
0.044559 0.077894 0.742435 0.802923 0.921373 23.295391
0.164743 0.085675 0.563201 0.503913 0.602241 23.295391
0.267676 0.142945 0.659732 0.351751 0.565258 25.111994
0.181211 0.163998 0.548848 0.849168 0.706168 23.295391
0.267676 0.142945 0.681485 0.411403 0.565258 25.111994
0.280913 0.139683 0.736328 0.245537 0.556500 23.330263
0.280913 0.163671 0.727394 0.418329 0.537359 25.111994
0.250353 0.156695 0.653796 0.396526 0.442755 23.557876
0.290524 0.139683 0.741114 0.334488 0.502687 23.718359
0.230414 0.144305 0.585287 0.462793 0.553531 25.111994
0.257608 0.162132 0.653257 0.543961 0.453411 23.325495
0.258987 0.157779 0.694550 0.339341 0.535010 25.111994
0.241913 0.151874 0.632940 0.462793 0.492112 25.111994
0.314468 0.156527 0.661548 0.512543 0.531059 23.295680
0.238144 0.146987 0.578655 0.547303 0.624033 24.196842
0.271929 0.145122 0.639086 0.402742 0.514403 25.111994
0.207140 0.141481 0.698908 0.310629 0.669265 23.638330
0.107633 0.000000 0.548367 0.061595 0.979972 23.295391
0.151135 0.160367 0.630200 0.997297 0.461511 23.295391
0.124259 0.108153 0.330888 0.656804 0.053269 8.877650
0.060568 0.018437 0.777866 0.010697 0.452571 23.295391
0.000000 0.000000 0.795109 0.017418 0.528156 23.295391
0.000000 0.143162 1.000000 0.191019 0.843659 23.295391
0.179320 0.070371 0.571156 0.718085 0.462077 23.295391
0.000000 0.078406 0.601579 0.164860 0.636333 23.295391
0.057781 0.078406 0.601579 0.454921 0.576327 23.295391
0.256314 0.000000 0.678932 0.000000 0.820873 23.295391
0.031358 0.000000 0.907184 0.000000 0.359070 23.295391
0.234570 0.000000 0.776553 0.426550 0.409797 23.295391
0.102058 0.112943 0.685586 0.725623 0.714447 23.295391
0.232653 0.085415 0.736328 0.381106 0.439117 23.295391
0.000000 0.000000 0.689084 0.120247 0.326207 23.295391
0.255202 0.077438 0.544435 1.000000 0.964302 23.295391
0.059165 0.016228 1.000000 0.312477 0.177035 23.295391
0.306320 0.175657 0.932166 0.311138 0.306433 23.295391
0.125553 0.171459 0.645831 0.557861 0.396657 23.295391
0.000000 0.000000 0.917488 0.573841 0.871168 23.295391
0.102332 0.030290 1.000000 0.993314 0.658756 23.295391
0.000000 0.000000 0.865390 0.274392 0.568938 23.295391
0.336504 0.147446 0.536799 0.208723 0.595036 23.295391
0.000000 0.000000 0.894253 1.000000 1.000000 23.295391
0.015942 0.000000 1.000000 0.948301 0.782956 23.295391
0.122239 0.168746 0.684698 0.244654 0.362084 23.295391
0.070410 0.000000 1.000000 0.469332 0.807291 23.295391
0.056249 0.170371 0.827301 0.264105 0.394619 23.295391
0.000000 0.000000 1.000000 0.464246 1.000000 23.295391
0.071548 0.032975 0.814098 0.298907 0.490578 23.295391
0.014490 0.000000 1.000000 0.384652 0.712292 23.295391
0.035767 0.118997 0.556264 0.891513 1.000000 23.295391
0.213063 0.000000 0.837370 0.402949 0.261413 23.295391
0.000000 0.000000 0.976826 1.000000 1.000000 23.295391
0.053283 0.000000 0.989717 0.508488 0.797023 23.295391
0.045766 0.000000 0.988198 0.567702 0.564705 23.295391
0.000000 0.000000 0.724283 0.324114 0.469500 23.295391
0.168522 0.022624 0.556929 0.127709 0.531243 23.295391
0.117603 0.028676 0.616713 0.878067 0.630251 23.295391
0.046605 0.000000 0.734346 0.275571 0.507648 23.295391
0.075178 0.000000 0.670324 0.676577 0.737302 23.295391
0.000000 0.000000 0.652435 0.683790 0.754494 23.295391
0.000000 0.023890 0.866815 0.364790 0.078246 23.295391
0.000000 0.000000 0.887301 0.274416 1.000000 23.295391
0.000000 0.000000 0.535446 0.000000 0.697708 23.295391
0.151135 0.160367 0.682585 0.692127 0.555343 23.295391
0.295635 0.081816 0.708659 0.821745 0.633933 23.295391
0.000000 0.000000 0.593240 0.000000 0.822168 23.295391
0.000000 0.000000 1.000000 0.344524 0.614968 23.295391
0.217884 0.000000 1.000000 0.403273 0.706062 23.295391
0.000000 0.000000 0.648985 1.000000 0.480845 23.295391
0.265516 0.074902 1.000000 0.148969 0.056560 23.295391
0.084209 0.033047 0.714768 0.774035 0.805612 23.295391
0.099466 0.026439 0.596705 0.430404 0.000000 23.295391
0.000000 0.100296 0.878652 0.207323 0.180272 23.295391
0.052675 0.000000 1.000000 0.709638 0.960647 23.295391
0.000000 0.000000 1.000000 0.616284 0.649772 23.295391
0.000000 0.000000 1.000000 0.119023 1.000000 23.295391
0.250167 0.001864 0.910375 0.195396 0.000000 23.295391
0.000000 0.000000 0.784421 0.000000 0.620419 23.295391
0.000000 0.000000 0.533416 0.292083 0.652208 23.295391
0.000000 0.000000 0.815859 0.189683 0.777749 23.295391
0.019631 0.082187 0.601579 0.409636 0.676532 23.295391
0.000000 0.000286 0.799430 0.359030 0.360029 23.295391
0.007998 0.001083 0.846461 0.000000 0.258742 23.295391
0.001315 0.000000 0.658890 1.000000 0.875698 23.295391
0.295635 0.062355 0.797792 0.952618 1.000000 23.295391
0.000000 0.000000 0.747895 1.000000 0.823046 23.295391
0.044148 0.000000 0.918685 0.241701 0.000000 23.295391
0.227003 0.025387 0.634134 0.209088 0.589023 23.295391
0.000000 0.000000 1.000000 0.847887 0.413049 23.295391
0.006335 0.000000 0.599018 1.000000 0.512533 23.295391
0.105473 0.000000 1.000000 0.144606 0.893422 23.295391
0.000000 0.000000 1.000000 0.326462 0.694876 23.295391
0.009413 0.000000 0.986873 0.059213 1.000000 23.295391
0.000000 0.013871 0.876679 0.489097 0.900167 23.295391
0.061120 0.000000 1.000000 0.352438 0.901813 23.295391
0.000000 0.029781 0.637260 0.465788 0.452294 23.295391
0.246420 0.108536 0.935643 0.304941 0.770801 23.295391
0.041140 0.000000 0.679788 0.422431 0.137689 23.295391
0.055191 0.000000 1.000000 0.366797 0.000000 23.295391
0.073329 0.000000 0.753166 1.000000 0.471631 23.295391
0.000000 0.000000 1.000000 0.503802 0.892523 23.295391
0.254579 0.000000 0.941214 0.632652 0.839871 23.295391
0.047362 0.000000 0.857244 0.174955 1.000000 23.295391
0.000000 0.000000 0.816113 0.595122 0.825254 23.295391
0.110786 0.021097 0.789675 0.695993 0.290538 23.295391
0.044724 0.000000 0.649937 0.405245 0.093256 23.295391
0.000000 0.000000 0.967223 0.000000 0.589508 23.295391
0.000000 0.000000 0.656424 0.953837 0.555425 23.295391
0.000000 0.000000 0.784726 0.592732 0.838593 23.295391
0.007998 0.001083 0.951164 0.000000 0.116195 23.295391
0.000000 0.000000 0.821479 0.237002 0.000000 23.295391
0.223868 0.002429 1.000000 0.369570 0.500879 23.295391
0.143096 0.065377 0.718421 0.000000 0.587305 23.295391
0.000000 0.000000 1.000000 1.000000 0.596458 23.295391
0.000000 0.000000 1.000000 0.647062 0.763712 23.295391
0.029084 0.000000 0.919850 0.254312 0.036119 23.295391
0.028845 0.074430 0.975746 0.838427 0.962360 23.295391
0.141212 0.000000 1.000000 0.285967 0.765233 23.295391
0.289812 0.000000 1.000000 0.854276 0.314500 23.295391
0.000000 0.000000 0.833808 0.902350 0.763328 23.295391
0.243489 0.026105 0.965887 0.854929 1.000000 23.295391
0.058358 0.000000 0.888769 0.748296 0.256266 23.295391
0.000000 0.000000 0.951880 0.193479 0.088988 23.295391
0.249693 0.000000 1.000000 0.310629 0.356383 23.295391
0.128098 0.108655 1.000000 0.132600 0.793108 23.295391
0.000000 0.036972 0.956441 0.295342 0.093300 23.295391
0.000000 0.000000 1.000000 0.271336 0.593490 23.295391
0.000000 0.000000 1.000000 0.687592 0.150696 23.295391
0.000000 0.000000 1.000000 0.608784 0.412627 23.295391
0.127441 0.009632 0.790588 0.788800 0.744404 23.295391
0.144281 0.000000 1.000000 0.861118 0.600758 23.295391
0.263738 0.000000 0.601053 0.738515 0.853463 23.295391
0.063859 0.000000 0.863241 0.242810 0.351785 23.295391
0.106052 0.000000 1.000000 0.255310 0.450417 23.295391
0.000000 0.000000 0.571481 0.313065 0.926398 23.295391
0.000000 0.009003 0.720753 0.090263 0.104217 23.295391
0.000000 0.054995 1.000000 0.067182 0.962847 23.295391
0.189388 0.000000 0.958149 1.000000 0.748915 23.295391
0.122847 0.117689 1.000000 0.821941 0.781762 23.295391
0.325690 0.114364 0.688362 0.590184 0.908304 23.295391
0.028366 0.059939 0.822955 1.000000 0.570650 23.295391
0.000000 0.000000 0.982362 0.439271 0.322352 23.295391
0.293812 0.067535 1.000000 0.530004 0.497948 23.295391
0.000000 0.000000 0.750365 0.904636 0.803404 23.295391
0.000000 0.000000 0.883176 1.000000 0.766353 23.295391
0.000000 0.000000 1.000000 0.378945 0.000000 23.295391
0.000000 0.000000 0.664118 0.839564 0.006005 23.295391
0.283334 0.000000 1.000000 0.746659 0.990695 23.295391
0.000000 0.000000 1.000000 0.445784 0.830922 23.295391
0.347939 0.165267 0.867670 1.000000 0.617518 23.295391
0.074604 0.174471 0.545227 0.000000 0.053885 23.295391
0.009623 0.000000 0.814556 0.317608 0.773764 23.295391
0.000000 0.000000 1.000000 0.557460 0.341201 23.295391
0.000000 0.000000 0.950400 0.195914 0.718597 23.295391
0.000000 0.169426 0.587773 0.803093 0.655304 23.295391
0.000000 0.000000 0.578241 0.954592 0.536672 23.295391
0.267606 0.146594 0.544279 0.010715 0.644125 23.295391
0.098426 0.023788 1.000000 0.802030 1.000000 23.295391
0.000000 0.000000 0.642978 0.047866 0.847439 23.295391
0.062340 0.000000 0.979671 1.000000 1.000000 23.295391
0.000000 0.000000 0.895231 0.881677 0.405826 23.295391
0.237732 0.108536 1.000000 0.014828 1.000000 23.295391
0.004045 0.000000 0.854644 1.000000 0.658247 23.295391
0.225408 0.043024 1.000000 0.852858 0.910710 23.295391
0.003999 0.000542 0.907427 0.000000 0.000000 23.295391
0.000000 0.009003 0.973889 0.430357 0.658902 23.295391
0.047158 0.000000 1.000000 0.437390 0.184604 23.295391
0.000000 0.000000 0.602533 0.765622 1.000000 23.295391
0.000000 0.000000 0.956262 0.757131 0.570534 23.295391
0.000000 0.000000 0.932470 0.000000 0.060237 23.295391
0.000000 0.000000 0.885383 0.455711 0.592718 23.295391
0.000000 0.000000 0.803134 0.290118 0.652950 23.295391
0.040034 0.052566 0.536732 0.628777 0.447523 23.295391
0.121668 0.000000 0.581906 1.000000 1.000000 23.295391
0.000000 0.000000 0.869944 0.648543 0.571985 23.295391
0.073933 0.000000 1.000000 0.409093 0.500087 23.295391
0.000000 0.174471 0.626542 0.102917 0.129492 23.295391
0.000000 0.000000 0.781692 0.189311 1.000000 23.295391
0.000000 0.000000 0.937831 1.000000 0.977196 23.295391
0.119941 0.172441 0.646414 0.958030 1.000000 23.295391
0.149080 0.063018 0.860404 0.356831 1.000000 23.295391
0.000000 0.000000 0.537775 0.060380 0.093780 23.295391
0.000000 0.000000 1.000000 0.169199 0.252867 23.295391
0.000000 0.000000 1.000000 0.531367 0.578742 23.295391
0.000000 0.000000 0.809316 0.452256 0.153126 23.295391
0.225858 0.000000 0.988425 0.124754 0.368230 23.295391
0.000000 0.000000 0.766708 0.306047 1.000000 23.295391
0.266372 0.000000 1.000000 1.000000 1.000000 23.295391
0.133186 0.000000 1.000000 0.424732 0.623764 23.295391
0.000000 0.000000 0.709978 0.420037 0.000000 23.295391
0.277757 0.052519 0.642052 0.985320 0.841981 23.295391
0.171681 0.054328 0.604716 0.000000 0.876527 23.295391
0.318902 0.000000 0.954941 0.482756 0.585627 23.295391
0.000000 0.000000 1.000000 1.000000 0.562508 23.295391
0.000000 0.000000 1.000000 0.003439 0.020816 23.295391
0.000000 0.000000 0.658033 0.897606 0.100634 23.295391
0.199878 0.000000 1.000000 1.000000 0.370341 23.295391
0.000000 0.000000 1.000000 0.280994 0.720771 23.295391
0.093012 0.000000 0.762421 0.121718 0.698011 23.295391
