# gen=0 CA size=200
# x0..x(D-1) consensus
0.281182 0.263771 0.445037 0.106046 0.367976 44.030574
0.206081 0.287832 0.635734 0.353916 0.487002 40.961788
0.819294 0.312180 0.898368 0.888276 0.470134 48.592108
0.694555 0.237184 0.940612 0.515225 0.785893 48.592108
0.476100 0.360643 0.220233 0.867120 0.518312 42.944801
0.808483 0.105465 0.769865 0.501907 0.998760 50.071295
0.759514 0.408627 0.288369 0.403659 0.200015 44.983992
0.649799 0.114273 0.159624 0.629405 0.754245 47.002082
0.597079 0.147125 0.672668 0.297468 0.821526 49.057573
0.859300 0.065173 0.714872 0.368941 0.702039 49.711451
0.682802 0.082049 0.281384 0.224173 0.955507 49.963419
0.126509 0.903292 0.730363 0.612065 0.141395 39.418438
0.994354 0.038695 0.830849 0.052236 0.876624 48.620063
0.916598 0.050435 0.583914 0.771078 0.971531 48.601933
0.664464 0.011214 0.724022 0.168346 0.062086 48.598296
0.439131 0.205448 0.558853 0.201757 0.594751 42.944801
0.570241 0.164472 0.579955 0.237494 0.535007 49.057573
0.481992 0.172910 0.363211 0.165110 0.661741 42.944801
0.203845 0.583532 0.587700 0.359056 0.254686 39.418438
0.637768 0.151233 0.637943 0.079141 0.622300 49.057573
0.598890 0.157103 0.514476 0.438562 0.669754 47.518999
0.472823 0.137492 0.584529 0.137196 0.215031 42.944801
0.401580 0.217479 0.654201 0.325692 0.654264 39.523314
0.532690 0.176503 0.675303 0.361428 0.594520 49.057573
0.444441 0.184941 0.458559 0.289044 0.721254 42.944801
0.192277 0.243539 0.846461 0.235865 0.582829 39.542620
0.479166 0.471334 0.588650 0.045295 0.122430 47.114100
0.600217 0.163263 0.733292 0.203076 0.681813 49.057573
0.561339 0.169134 0.609824 0.562497 0.729266 49.057573
0.435273 0.149523 0.679878 0.261131 0.274544 39.523314
0.708186 0.229653 0.785518 0.592872 0.645830 48.771449
0.839297 0.188677 0.806620 0.628609 0.586086 48.592108
0.751048 0.197115 0.589876 0.556225 0.712820 49.057573
0.472901 0.607736 0.814366 0.750171 0.305765 46.443853
0.485755 0.552900 0.719132 0.669239 0.455267 46.443853
0.906824 0.175438 0.864608 0.470256 0.673379 48.592108
0.867946 0.181308 0.741141 0.829677 0.720832 48.592108
0.741879 0.161697 0.811195 0.528311 0.266110 48.592108
0.645817 0.192155 0.806640 0.406346 0.803710 49.057573
0.776927 0.151178 0.827742 0.442083 0.743966 50.824446
0.688678 0.159617 0.610998 0.369699 0.870700 49.057573
0.578004 0.782597 0.840352 0.592426 0.857677 41.864962
0.124259 0.108153 0.330888 0.656804 0.053269 39.713481
0.844454 0.137939 0.885730 0.283730 0.831259 49.130909
0.805576 0.143810 0.762263 0.643152 0.878712 49.414108
0.679510 0.124199 0.832317 0.341786 0.423990 49.057573
0.536590 0.253884 0.446451 0.582294 0.669919 47.137545
0.667700 0.212908 0.467553 0.618031 0.610176 49.057573
0.579451 0.221346 0.250809 0.545647 0.736909 47.002082
0.735227 0.199669 0.525541 0.459678 0.697468 49.057573
0.696349 0.205539 0.402074 0.819099 0.744922 47.002082
0.570282 0.185928 0.472128 0.517733 0.290199 47.043915
0.702781 0.126295 0.721267 0.399687 0.910143 49.057573
0.833891 0.085319 0.742369 0.435424 0.850399 51.122278
0.745642 0.093757 0.525625 0.363040 0.977133 49.057573
0.467496 0.504378 0.750114 0.556986 0.570078 46.443853
0.480350 0.449542 0.654881 0.476055 0.719580 39.523314
0.901418 0.072080 0.800357 0.277071 0.937692 49.057573
0.862540 0.077950 0.676890 0.636493 0.985146 49.315318
0.736474 0.058339 0.746944 0.335127 0.530423 49.057573
0.678296 0.277876 0.480519 0.350563 0.510771 47.617972
0.809407 0.236900 0.501621 0.386300 0.451027 47.497650
0.721158 0.245338 0.284877 0.313916 0.577761 49.904399
0.876934 0.223661 0.559609 0.227947 0.538320 48.592108
0.838056 0.229531 0.436142 0.587368 0.585773 48.553162
0.711989 0.209920 0.506196 0.286002 0.131050 47.002082
0.623439 0.130699 0.416146 0.463436 0.787886 49.057573
0.754550 0.089723 0.437248 0.499173 0.728142 49.057573
0.666301 0.098161 0.220504 0.426789 0.854876 47.860886
0.822077 0.076484 0.495236 0.340820 0.815434 49.057573
0.783199 0.082354 0.371769 0.700241 0.862888 47.002082
0.657132 0.062743 0.441823 0.398875 0.408165 48.952789
0.360836 0.144310 0.654539 0.857700 0.481699 39.713481
0.555407 0.146689 0.763206 0.475892 0.092439 48.592108
0.577731 0.667548 0.616929 0.178625 0.192167 46.604261
0.561920 0.540135 0.922073 0.521787 0.979696 43.441966
0.663257 0.764647 0.780584 0.208723 0.479803 44.401042
0.782475 0.185309 0.420884 0.141465 0.261921 47.828949
0.060568 0.018437 0.777866 0.010697 0.452571 39.523314
0.645110 0.616285 0.225955 0.790612 0.372499 39.749708
0.578493 0.146018 0.383116 0.370916 0.774133 49.057573
0.020743 0.091919 0.797516 0.147716 0.419255 39.654354
0.203114 0.180325 0.168339 0.902760 0.211513 39.713481
0.925480 0.516356 0.776020 0.231892 0.148986 43.441966
0.718450 0.064552 0.495207 0.487908 0.122755 47.002082
0.150223 0.136924 0.168569 0.243156 0.830940 39.713481
0.808546 0.233249 0.871840 0.677550 0.233699 48.592108
0.887267 0.851624 0.715444 0.275306 0.016564 43.441966
0.637772 0.474835 0.025592 0.493006 0.087552 44.983992
0.643064 0.170633 0.568502 0.295466 0.913153 49.057573
0.980980 0.613369 0.890150 0.543021 0.316875 41.892946
0.383977 0.054134 0.958763 0.131551 0.669922 39.523314
0.088753 0.248792 0.248574 0.967941 0.021653 39.713481
0.965477 0.349535 0.702426 0.687612 0.092667 48.592108
0.093775 0.132714 0.896682 0.048951 0.557986 39.523314
0.603892 0.755765 0.107102 0.647783 0.641327 44.983992
0.610947 0.533471 0.747996 0.301379 0.241733 46.443853
0.273617 0.034625 0.308431 0.661106 0.948950 39.713481
0.840464 0.908925 0.905527 0.445285 0.934997 43.441966
0.550871 0.553765 0.281996 0.706244 0.935113 39.974030
0.470649 0.913793 0.974325 0.551215 0.749219 46.443853
0.439142 0.088807 0.577522 0.423513 0.651735 39.928754
0.627552 0.829172 0.342736 0.721078 0.690867 40.432815
0.344458 0.286942 0.617691 0.576970 0.930058 39.523314
0.852636 0.569358 0.850760 0.084727 0.558418 43.441966
0.033963 0.001297 0.213221 0.942258 0.979662 39.713481
0.801818 0.138612 0.249312 0.829200 0.540434 47.012205
0.975018 0.520519 0.929672 0.037493 0.524545 43.441966
0.796611 0.689539 0.796913 0.293925 0.470307 43.909327
0.765450 0.593635 0.257465 0.150922 0.694042 41.379145
0.694927 0.669282 0.678835 0.893754 0.314755 41.864962
0.325660 0.126319 0.448530 0.756084 0.608435 40.677386
0.206390 0.018685 0.033330 0.153425 0.660019 39.713481
0.185781 0.171366 0.931506 0.650029 0.532858 39.523314
0.539158 0.662127 0.911858 0.906064 0.349570 41.864962
0.542606 0.128376 0.505637 0.326150 0.895581 47.002082
0.535022 0.986921 0.898099 0.340684 0.996261 43.441966
0.450654 0.855647 0.774357 0.398624 0.580983 47.114100
0.375878 0.144419 0.045477 0.954093 0.876479 39.713481
0.543699 0.680628 0.681042 0.449739 0.045510 43.441966
0.221638 0.278701 0.339248 0.315547 0.550948 54.022543
0.230438 0.028855 0.145341 0.969303 0.372891 39.713481
0.539254 0.079052 0.427107 0.615180 0.267713 47.002082
0.251298 0.491868 0.946949 0.017927 0.469343 42.946806
0.113759 0.246243 0.507315 0.503407 0.646471 42.944801
0.628450 0.216997 0.331164 0.419150 0.268699 47.002082
0.111599 0.490509 0.848122 0.778566 0.698011 39.475626
0.236609 0.476923 0.976826 0.419451 0.424492 41.038999
0.184977 0.159570 0.413863 0.097169 0.479435 44.127714
0.751922 0.278492 0.276138 0.322973 0.608086 48.384089
0.759069 0.427977 0.969582 0.582561 0.189864 41.864962
0.974374 0.336786 0.540765 0.582853 0.900167 48.592108
0.016870 0.133746 0.790631 0.172085 0.626907 39.523314
0.670874 0.023135 0.554481 0.598032 0.020614 48.592108
0.254094 0.111265 0.707321 0.217464 0.115440 39.523314
0.774197 0.744839 0.836769 0.543627 0.539888 42.142116
0.830388 0.461056 0.693804 0.203224 0.073106 45.033830
0.686861 0.454020 0.058200 0.616852 0.217368 44.983992
0.668017 0.364417 0.824109 0.411793 0.453957 48.592108
0.810093 0.206061 0.388569 0.831066 0.107617 47.002082
0.950581 0.822458 0.622014 0.980999 0.985896 41.864962
0.703870 0.165899 0.033507 0.661696 0.548360 47.002082
0.087389 0.252486 0.686781 0.660423 0.743058 40.504268
0.620508 0.278328 0.564908 0.038977 0.141078 48.592108
0.730870 0.051381 0.281975 0.558480 0.361195 47.002082
0.782216 0.126668 0.371900 0.317473 0.629254 49.963419
0.574576 0.063132 0.491462 0.500298 0.101788 47.002082
0.394425 0.854621 0.946162 0.486683 0.232268 39.418438
0.459356 0.139217 0.143441 0.648430 0.269793 42.944801
0.780240 0.226626 0.262015 0.661136 0.402684 47.010235
0.071011 0.183343 0.160664 0.663181 0.479397 39.713481
0.112967 0.876353 0.725927 0.091481 0.169201 39.418438
0.623014 0.601539 0.024847 0.547267 0.670253 44.983992
0.803971 0.652600 0.604436 0.362777 0.261307 43.878855
0.668899 0.434789 0.857807 0.387473 0.293219 43.441966
0.052575 0.674537 0.616713 0.483190 0.295781 39.418438
0.666136 0.939354 0.609457 0.530657 0.265686 41.864962
0.840318 0.171696 0.970135 0.535293 0.400090 48.592108
0.939525 0.444401 0.543629 0.979427 0.728974 41.864962
0.151135 0.160367 0.630200 0.997297 0.461511 39.713481
0.225858 0.281963 0.656593 0.735850 0.754751 40.859383
0.451103 0.704728 0.751415 0.348085 0.119264 46.443853
0.060062 0.195845 0.085302 0.025442 0.321684 39.744022
0.762140 0.577113 0.282128 0.469218 0.781353 43.337536
0.600560 0.603183 0.025716 0.135371 0.773378 41.483628
0.517396 0.643413 0.300184 0.625564 0.672244 44.983992
0.733362 0.236256 0.803133 0.656086 0.841201 48.697487
0.181649 0.132027 0.961654 0.760975 0.798659 39.523314
0.676860 0.057963 0.519689 0.169653 0.040179 47.002082
0.863970 0.487710 0.771953 0.486310 0.813855 43.441966
0.461341 0.016943 0.660717 0.029214 0.055277 39.523314
0.670672 0.612469 0.059814 0.692538 0.480536 42.226838
0.833479 0.113020 0.058704 0.552712 0.269250 47.002082
0.181138 0.631962 0.861729 0.351653 0.207767 40.583507
0.939873 0.924028 0.831687 0.478602 0.484270 43.441966
0.813176 0.249719 0.720685 0.078853 0.566161 49.057573
0.658339 0.948013 0.691574 0.534319 0.840500 41.864962
0.797938 0.274276 0.593240 0.413333 0.396571 48.592108
0.895070 0.073473 0.257705 0.550982 0.578073 47.030889
0.931822 0.443234 0.297531 0.035530 0.295758 44.983992
0.358950 0.287084 0.576243 0.893261 0.062823 39.713481
0.762447 0.595102 0.138591 0.754702 0.711064 41.435807
0.279032 0.915796 0.704262 0.778493 0.967336 39.418438
0.761400 0.131796 0.731446 0.875150 0.859671 48.593537
0.578558 0.489009 0.947962 0.427512 0.347649 43.441966
0.361470 0.151987 0.292911 0.802019 0.340062 39.713481
0.951356 0.185561 0.187751 0.797937 0.852604 47.002082
0.544107 0.074230 0.011149 0.969632 0.311247 47.002082
0.896368 0.242579 0.701825 0.410273 0.874526 49.057573
0.666267 0.005373 0.828101 0.510587 0.715474 49.652579
0.954047 0.432463 0.405682 0.438096 0.045329 43.441966
0.493312 0.127242 0.019538 0.498095 0.936092 42.944801
0.649939 0.772187 0.048510 0.825808 0.786112 39.944983
0.634196 0.617995 0.684519 0.382528 0.660058 43.441966
0.375157 0.702932 0.871399 0.004159 0.419407 39.506552
0.614529 0.618801 0.363524 0.239255 0.677736 43.441966
0.745064 0.783950 0.925292 0.613113 0.643852 41.864962
0.065679 0.212215 0.005562 0.213515 0.458345 40.337187
0.102705 0.859158 0.654675 0.985344 0.255298 39.418438
0.539376 0.900260 0.975884 0.538298 0.046333 41.864962
