# gen=0 mediating population
# x0..x(D-1) f0 f1 consensus
0.130393 0.797573 81.173613 73.949402 73.949402
0.871599 0.222370 77.665337 24.409330 24.409330
0.824036 0.185629 77.526385 62.604301 62.604301
0.742403 0.202853 61.971746 5.561087 5.561087
0.780186 0.088021 57.611293 7.903864 7.903864
0.497255 0.647685 54.463831 0.956486 0.956486
0.672797 0.077456 51.195390 2.208460 2.208460
0.149169 0.713539 66.352225 59.492615 59.492615
0.537018 0.159407 4.086374 54.736405 4.086374
0.580644 0.529122 4.393960 38.747224 4.393960
0.997712 0.516478 4.393960 34.843553 4.393960
0.547031 0.451885 4.393960 32.826843 4.393960
0.333706 0.478490 0.894445 0.238804 0.238804
0.478618 0.473339 39.229894 18.021696 18.021696
0.355519 0.663347 2.325284 0.904827 0.904827
0.564052 0.657025 4.393960 0.956486 0.956486
0.726122 0.375746 4.393960 0.173741 0.173741
0.934655 0.369424 4.393960 0.173741 0.173741
0.680527 0.172518 31.355441 16.793617 16.793617
0.685533 0.318757 4.393960 0.455129 0.455129
0.870057 0.359665 4.393960 0.173741 0.173741
0.665700 0.389235 4.393960 0.956486 0.956486
0.464677 0.400780 0.636006 10.123210 0.636006
0.888949 0.302249 4.393960 0.173741 0.173741
0.538950 0.588404 4.393960 29.551102 4.393960
0.747483 0.582082 4.393960 0.173741 0.173741
0.300769 0.690286 5.576951 1.239640 1.239640
0.604907 0.118432 4.357902 18.595777 4.357902
0.626720 0.303289 4.393960 0.455129 0.455129
0.388540 0.405172 0.636006 0.238804 0.238804
0.481328 0.706277 4.086374 0.956486 0.956486
0.879348 0.545253 4.393960 0.173741 0.173741
0.139821 0.462023 1.063677 0.238804 0.238804
0.499631 0.695851 10.977874 0.956486 0.956486
0.044207 0.471847 1.804249 0.349699 0.349699
0.120692 0.468614 1.184143 0.721914 0.721914
0.036106 0.440881 0.636006 0.238804 0.238804
0.288606 0.977504 0.636006 0.238804 0.238804
0.077035 0.653894 18.448844 5.979363 5.979363
0.497959 0.656989 54.082312 0.956486 0.956486
0.087938 0.498856 3.759592 0.238804 0.238804
0.898837 0.521208 4.393960 0.173741 0.173741
0.322176 0.858557 0.636006 0.238804 0.238804
0.733986 0.010444 4.357902 0.389294 0.389294
0.357577 0.477870 0.855008 0.238804 0.238804
0.729486 0.827705 4.393960 2.374591 2.374591
0.730482 0.934274 4.393960 2.297881 2.297881
0.672214 0.132605 16.253402 9.112691 9.112691
0.892540 0.302260 4.393960 0.173741 0.173741
0.719258 0.694425 4.393960 0.173741 0.173741
0.301758 0.550800 2.057004 0.942576 0.942576
0.305847 0.866437 0.636006 0.238804 0.238804
0.984249 0.385561 4.393960 8.307523 4.393960
0.837937 0.415501 4.393960 0.173741 0.173741
0.872544 0.230818 76.510277 32.650797 32.650797
0.075386 0.224683 0.636006 2.888650 0.636006
0.721482 0.301429 4.393960 0.173741 0.173741
0.061708 0.346221 0.636006 2.888650 0.636006
0.232032 0.332235 0.636006 0.455129 0.455129
0.746447 0.412183 4.393960 0.173741 0.173741
0.535364 0.877042 4.086374 0.956486 0.956486
0.541883 0.780128 4.393960 0.956486 0.956486
0.735456 0.366721 4.393960 0.173741 0.173741
0.848457 0.694867 4.393960 0.173741 0.173741
0.390261 0.547826 0.636006 0.238804 0.238804
0.587678 0.933663 4.393960 0.956486 0.956486
0.309645 0.055116 0.277714 0.802222 0.277714
0.095300 0.680537 27.194431 9.262526 9.262526
0.384699 0.829439 1.283902 0.238804 0.238804
0.781610 0.341276 4.393960 0.173741 0.173741
0.905015 0.927030 4.393960 0.255726 0.255726
0.955257 0.513538 4.393960 0.173741 0.173741
0.172377 0.570194 7.779780 7.374576 7.374576
0.015804 0.504468 2.256609 0.453148 0.453148
0.587737 0.294089 4.393960 0.455129 0.455129
0.587283 0.606732 4.393960 0.956486 0.956486
0.984203 0.867991 4.393960 15.387891 4.393960
0.819744 0.377402 4.393960 0.173741 0.173741
0.644752 0.725312 4.393960 0.956486 0.956486
0.090952 0.949264 0.636006 0.238804 0.238804
0.612264 0.220152 16.113349 0.455129 0.455129
0.173959 0.949119 0.636006 0.238804 0.238804
0.437374 0.904638 0.636006 0.956486 0.636006
0.965844 0.412944 4.393960 0.173741 0.173741
0.165966 0.763483 78.119759 59.145092 59.145092
0.711273 0.182721 45.622393 0.409963 0.409963
0.239146 0.379979 0.636006 0.238804 0.238804
0.358595 0.193877 0.636006 1.412469 0.636006
0.520272 0.546477 5.678693 81.018797 5.678693
0.711042 0.089562 74.038318 0.407509 0.407509
0.893247 0.292472 4.393960 0.173741 0.173741
0.900950 0.374187 4.393960 0.173741 0.173741
0.225011 0.956235 0.636006 0.238804 0.238804
0.700315 0.585704 4.393960 0.173741 0.173741
0.748209 0.614570 4.393960 0.173741 0.173741
0.724078 0.046984 13.395429 1.383489 1.383489
0.100545 0.141923 0.277714 2.888650 0.277714
0.712601 0.586394 4.393960 0.173741 0.173741
0.276272 0.513767 1.349190 0.341802 0.341802
0.145197 0.927631 0.636006 0.238804 0.238804
0.032836 0.795246 23.648654 21.243391 21.243391
0.587455 0.359703 4.393960 3.527867 3.527867
0.024037 0.718883 8.178515 1.455444 1.455444
0.509200 0.676146 22.277703 0.956486 0.956486
0.453734 0.686595 0.636006 0.956486 0.636006
0.284197 0.860986 0.636006 0.238804 0.238804
0.066187 0.199447 0.636006 2.888650 0.636006
0.290413 0.001833 13.038241 0.455129 0.455129
0.373048 0.782684 2.624691 0.339745 0.339745
0.349898 0.455770 0.715160 0.238804 0.238804
0.570445 0.082129 32.278120 9.522033 9.522033
0.875609 0.945804 4.393960 2.297881 2.297881
0.392514 0.744465 0.636006 0.238804 0.238804
0.263275 0.513947 1.582261 0.395257 0.395257
0.233249 0.974673 0.636006 0.238804 0.238804
0.538921 0.570248 4.393960 78.025547 4.393960
0.442487 0.285652 0.636006 0.455129 0.455129
0.826694 0.509154 4.393960 0.173741 0.173741
0.734566 0.168539 39.080446 1.926858 1.926858
0.918424 0.415110 4.393960 0.173741 0.173741
0.289560 0.409340 0.636006 0.238804 0.238804
0.035433 0.649722 6.277612 2.350467 2.350467
0.283075 0.418666 0.743527 0.238804 0.238804
0.950076 0.695035 4.393960 0.173741 0.173741
0.564209 0.018022 4.357902 1.265638 1.265638
0.252402 0.788191 38.627311 28.674305 28.674305
0.597415 0.050455 11.047384 3.506742 3.506742
0.249825 0.415758 0.636006 0.238804 0.238804
0.556942 0.057372 8.506613 2.674529 2.674529
0.140272 0.623057 20.887927 3.052844 3.052844
0.051118 0.160850 0.277714 6.139333 0.277714
0.713000 0.961919 4.393960 2.297881 2.297881
0.740095 0.809992 4.393960 2.881435 2.881435
0.582222 0.449770 4.393960 21.228450 4.393960
0.417640 0.772992 0.636006 0.956486 0.636006
0.419809 0.767351 0.636006 0.956486 0.636006
0.391951 0.124004 0.277714 5.670321 0.277714
0.803858 0.489281 4.393960 0.173741 0.173741
0.529807 0.415943 4.086374 14.121014 4.086374
0.983023 0.156614 10.336850 1.664870 1.664870
0.876617 0.188456 54.412485 9.438715 9.438715
0.776668 0.727168 4.393960 0.173741 0.173741
0.481828 0.143994 8.395726 29.922325 8.395726
0.250155 0.990063 0.636006 0.238804 0.238804
0.692467 0.166487 23.951227 11.184378 11.184378
0.910795 0.496330 4.393960 0.173741 0.173741
0.865067 0.725731 4.393960 0.173741 0.173741
0.697804 0.733313 4.393960 0.956486 0.956486
0.529192 0.583825 4.086374 67.738903 4.086374
0.440853 0.923496 0.636006 0.956486 0.636006
0.828707 0.041031 7.923482 5.664933 5.664933
0.332309 0.859780 0.636006 0.238804 0.238804
0.907478 0.936993 4.393960 0.255726 0.255726
0.306429 0.939298 0.636006 0.238804 0.238804
0.844176 0.692088 4.393960 0.173741 0.173741
0.092268 0.055401 0.277714 2.888650 0.277714
0.160447 0.348224 0.636006 0.455129 0.455129
0.495829 0.018450 4.357902 1.122804 1.122804
0.923136 0.185913 25.144185 3.324813 3.324813
0.271427 0.384131 0.636006 0.238804 0.238804
0.744229 0.440076 4.393960 0.173741 0.173741
0.154514 0.732099 73.419155 66.834614 66.834614
0.123123 0.010268 0.277714 0.455129 0.277714
0.836176 0.660893 4.393960 0.173741 0.173741
0.614114 0.196679 6.724432 0.455129 0.455129
0.950935 0.847635 4.393960 31.447298 4.393960
0.754928 0.154076 50.560153 13.895144 13.895144
0.977687 0.714618 4.393960 1.664870 1.664870
0.167335 0.979818 0.636006 0.238804 0.238804
0.382776 0.433853 0.636006 0.238804 0.238804
0.167691 0.810846 87.063909 84.028612 84.028612
0.384308 0.099571 0.277714 3.767104 0.277714
0.370458 0.101857 0.277714 3.212004 0.277714
0.038119 0.745264 12.919306 3.169490 3.169490
0.933978 0.052634 5.083160 0.287689 0.287689
0.586966 0.094552 18.174297 13.058094 13.058094
0.052296 0.721887 14.219458 3.910229 3.910229
0.762764 0.167225 54.979569 14.871092 14.871092
0.395175 0.080276 0.277714 2.252856 0.277714
0.710787 0.606396 4.393960 0.173741 0.173741
0.263015 0.149505 0.277714 0.473795 0.277714
0.699209 0.576772 4.393960 0.956486 0.956486
0.304455 0.617058 2.056221 0.813286 0.813286
0.122571 0.847272 0.636006 0.238804 0.238804
0.904000 0.287755 4.393960 0.173741 0.173741
0.751502 0.440242 4.393960 0.173741 0.173741
0.498522 0.917250 4.086374 0.956486 0.956486
0.168906 0.263596 0.636006 0.455129 0.455129
0.506154 0.062734 7.685346 6.146831 6.146831
0.950266 0.820439 4.393960 12.921826 4.393960
0.892663 0.287801 4.393960 0.173741 0.173741
0.802747 0.200844 82.443620 64.987127 64.987127
0.861253 0.972957 4.393960 2.297881 2.297881
0.929490 0.398455 4.393960 0.173741 0.173741
0.093128 0.453112 2.623660 0.247231 0.247231
0.827157 0.312058 4.393960 0.173741 0.173741
0.556530 0.661565 4.393960 0.956486 0.956486
0.546562 0.518716 4.393960 52.594725 4.393960
0.914832 0.720979 4.393960 0.173741 0.173741
0.486045 0.376998 7.264885 3.640536 3.640536
0.349262 0.013077 46.544589 0.482452 0.482452
0.897202 0.855173 4.393960 0.255726 0.255726
0.092651 0.750328 42.893826 28.728980 28.728980
0.627710 0.757154 4.393960 0.956486 0.956486
0.471546 0.787870 0.636006 0.956486 0.636006
0.559901 0.173692 4.393960 58.666206 4.393960
0.427771 0.104628 0.277714 7.702647 0.277714
0.583665 0.853467 4.393960 0.956486 0.956486
0.580140 0.904304 4.393960 0.956486 0.956486
0.182824 0.629177 25.409959 11.441717 11.441717
0.546104 0.897295 4.393960 0.956486 0.956486
0.590541 0.179571 4.393960 52.662561 4.393960
0.863950 0.790743 4.393960 0.173741 0.173741
0.028561 0.163245 0.277714 6.752700 0.277714
0.122739 0.757445 66.560192 58.125803 58.125803
0.324327 0.101596 0.277714 1.477560 0.277714
0.319394 0.359140 0.636006 0.238804 0.238804
0.283402 0.842696 2.083418 0.238804 0.238804
0.595532 0.690364 4.393960 0.956486 0.956486
0.115818 0.601861 17.643038 1.117811 1.117811
0.296789 0.010922 26.731580 0.455129 0.455129
0.228470 0.322221 0.636006 0.455129 0.455129
0.142914 0.454427 3.768575 0.238804 0.238804
0.648519 0.711813 4.393960 0.956486 0.956486
0.104268 0.851436 0.636006 0.238804 0.238804
0.366306 0.721635 0.777157 0.238804 0.238804
0.400134 0.455705 0.646042 0.238804 0.238804
0.125827 0.489826 1.515869 1.500319 1.500319
0.226255 0.321457 0.636006 0.455129 0.455129
0.421328 0.777206 0.636006 0.956486 0.636006
0.819027 0.756091 4.393960 0.173741 0.173741
0.111274 0.945435 0.636006 0.238804 0.238804
0.822609 0.558814 4.393960 0.173741 0.173741
0.983869 0.793711 4.393960 1.664870 1.664870
0.344946 0.434706 0.636006 0.238804 0.238804
0.104129 0.681497 36.760114 7.392647 7.392647
0.147972 0.428822 2.452476 0.332235 0.332235
0.059951 0.960134 0.636006 0.238804 0.238804
0.411006 0.199204 0.636006 0.455129 0.455129
0.604501 0.921445 4.393960 0.956486 0.956486
0.812311 0.559334 4.393960 0.173741 0.173741
0.622267 0.589948 4.393960 0.956486 0.956486
0.726770 0.925743 4.393960 2.297881 2.297881
0.472091 0.583074 0.636006 29.786841 0.636006
0.633076 0.356842 4.393960 0.455129 0.455129
0.214577 0.884660 0.636006 0.238804 0.238804
0.136701 0.869075 0.636006 0.238804 0.238804
0.574841 0.534756 4.393960 34.604881 4.393960
0.162020 0.930883 0.636006 0.238804 0.238804
0.800955 0.994682 4.393960 2.297881 2.297881
0.412172 0.987500 0.636006 0.238804 0.238804
0.427989 0.331135 0.636006 0.455129 0.455129
0.400912 0.809477 1.250590 0.238804 0.238804
0.445286 0.861048 0.636006 0.956486 0.636006
0.774244 0.765103 4.393960 0.173741 0.173741
0.090354 0.507034 4.557562 0.726214 0.726214
0.044339 0.959423 0.636006 0.238804 0.238804
0.638554 0.523969 4.393960 1.503822 1.503822
0.376818 0.836662 0.636006 0.238804 0.238804
0.565591 0.202521 10.574317 0.455129 0.455129
0.859142 0.052567 9.575582 7.353600 7.353600
0.587447 0.078343 32.930536 4.949505 4.949505
0.622545 0.235705 18.788273 0.455129 0.455129
0.062375 0.035432 0.277714 2.888650 0.277714
0.873711 0.608314 4.393960 0.173741 0.173741
0.601266 0.079352 43.301590 4.369410 4.369410
0.380501 0.924910 0.636006 0.238804 0.238804
0.511083 0.419744 10.019091 16.748274 10.019091
0.425183 0.599157 0.636006 0.956486 0.636006
0.241471 0.949542 0.636006 0.238804 0.238804
0.742786 0.352782 4.393960 0.173741 0.173741
0.879623 0.375356 4.393960 0.173741 0.173741
0.999911 0.401269 4.393960 11.189582 4.393960
0.393298 0.528189 0.636006 0.259731 0.259731
0.647999 0.607773 4.393960 0.956486 0.956486
0.233050 0.983504 0.636006 0.238804 0.238804
0.511844 0.963883 4.086374 0.956486 0.956486
0.731366 0.917293 4.393960 2.297881 2.297881
0.340394 0.313493 0.636006 0.455129 0.455129
0.021520 0.742192 8.445187 4.441229 4.441229
0.239260 0.878668 0.636006 0.238804 0.238804
0.227217 0.428169 1.526841 0.297271 0.297271
0.885064 0.284952 4.393960 0.173741 0.173741
0.080075 0.454756 2.137147 0.238804 0.238804
0.144919 0.497713 4.274854 0.238804 0.238804
0.382740 0.226804 0.636006 0.455129 0.455129
0.692105 0.659228 4.393960 0.956486 0.956486
0.629626 0.368325 4.393960 1.075294 1.075294
0.764863 0.151258 45.699172 24.972597 24.972597
0.883141 0.394722 4.393960 0.173741 0.173741
0.051262 0.389173 0.636006 0.238804 0.238804
0.561788 0.205776 4.393960 0.455129 0.455129
0.487764 0.518713 43.065073 33.899672 33.899672
0.080336 0.577905 8.670273 0.834627 0.834627
0.335089 0.717380 1.649838 0.370017 0.370017
0.881461 0.284014 4.393960 0.173741 0.173741
0.678429 0.333396 4.393960 0.455129 0.455129
0.817954 0.080326 35.543505 31.564776 31.564776
0.149832 0.964196 0.636006 0.238804 0.238804
0.279691 0.810287 23.180616 22.246057 22.246057
