# Party-1 optima (Phase 1b)
# x0..x(D-1) party_fit f0 f1 consensus
0.889050 0.834043 88.151552 87.357019 88.151552 87.357019
0.573906 0.891234 68.432428 8.593847 68.432428 8.593847
0.481609 0.927276 64.104786 5.864722 64.104786 5.864722
0.462700 0.276415 57.568928 6.957427 57.568928 6.957427
0.440642 0.180098 49.742694 6.957427 49.742694 6.957427
0.516857 0.896443 46.295159 6.058538 46.295159 6.058538
0.231671 0.304856 40.932425 26.540802 40.932425 26.540802
0.470134 0.130950 40.217383 6.957427 40.217383 6.957427
