# gen=0 mediating population
# x0..x(D-1) f0 f1 consensus
0.515863 0.228389 85.075693 58.775802 58.775802
0.530106 0.289734 83.639860 65.443824 65.443824
0.473575 0.117042 78.147913 58.775802 58.775802
0.587818 0.317607 74.346764 60.632525 60.632525
0.621618 0.180836 72.350591 84.016792 72.350591
0.417550 0.398251 69.239341 68.635055 68.635055
0.395010 0.278316 69.133814 73.803988 69.133814
0.660933 0.519162 53.978805 84.485071 53.978805
0.614187 0.455630 62.232273 83.260860 62.232273
0.349192 0.726737 0.000003 82.848357 0.000003
0.565790 0.145567 80.352294 81.955682 80.352294
0.307294 0.261375 0.000017 81.166110 0.000017
0.681451 0.133034 59.809253 80.847660 59.809253
0.643703 0.603766 53.978805 80.468829 53.978805
0.432528 0.477563 65.672698 63.182332 63.182332
0.554362 0.381889 76.444440 65.459873 65.459873
0.413768 0.216227 71.689010 64.171661 64.171661
0.470889 0.316509 80.157373 58.775802 58.775802
0.576804 0.231587 79.384541 76.386257 76.386257
0.641275 0.349999 64.218896 74.357673 64.218896
0.539241 0.458706 71.267821 63.865729 63.865729
0.383371 0.562494 56.747549 60.594609 56.747549
0.362422 0.329813 62.129956 81.695697 62.129956
0.372101 0.502526 57.384510 67.220975 57.384510
0.212040 0.883277 0.000003 55.401078 0.000003
0.699482 0.220017 57.570020 68.830242 57.570020
0.383213 0.883076 53.978805 67.257588 53.978805
0.307111 0.672590 0.000003 74.700300 0.000003
0.576874 0.990493 53.978805 57.040680 53.978805
0.401311 0.035539 62.360149 58.775802 58.775802
0.494901 0.039229 75.536031 58.775802 58.775802
0.108458 0.766675 0.000597 52.903621 0.000597
0.601041 0.712958 53.978805 64.462216 53.978805
0.950018 0.459394 0.000810 0.000593 0.000593
0.972092 0.187748 0.000006 60.632525 0.000006
0.700364 0.002674 52.457345 65.425400 52.457345
0.644202 0.143669 67.932837 84.975453 67.932837
0.055574 0.771120 0.000059 52.903621 0.000059
0.700647 0.039972 53.978805 69.966767 53.978805
0.075068 0.356056 18.334098 1.026164 1.026164
0.210695 0.338618 0.147098 0.000008 0.000008
0.873062 0.428029 2.501618 0.575314 0.575314
0.311828 0.778901 0.000003 84.323824 0.000003
0.073082 0.872688 0.000003 52.903621 0.000003
0.913387 0.218946 0.000077 60.632525 0.000077
0.876939 0.768044 1.945430 0.500072 0.500072
0.818446 0.684384 10.056400 1.452386 1.452386
0.046224 0.346644 1.664479 0.000531 0.000531
0.598990 0.334351 71.664230 60.632525 60.632525
0.869627 0.745992 4.430197 1.879683 1.879683
0.616483 0.296099 70.276191 64.256836 64.256836
0.514914 0.136245 82.381878 58.775802 58.775802
0.861965 0.975760 0.000421 0.000593 0.000421
0.045133 0.284674 1.596611 0.000556 0.000556
0.452238 0.605141 59.024440 58.775802 58.775802
0.466867 0.449274 70.208645 60.323042 60.323042
0.194064 0.258992 0.388877 0.000008 0.000008
0.291139 0.264231 0.000047 77.586132 0.000047
0.383317 0.653097 54.583369 64.892467 54.583369
0.484277 0.460431 70.206880 59.104818 59.104818
0.996337 0.188738 0.000006 72.641899 0.000006
0.641841 0.195306 68.025699 80.098873 68.025699
0.078728 0.086226 0.036736 0.000091 0.000091
0.850655 0.906386 0.007331 0.000593 0.000593
0.903586 0.532047 1.836260 0.422416 0.422416
0.372566 0.420430 61.044536 77.049766 61.044536
0.792084 0.948828 0.000117 0.000593 0.000117
0.950696 0.471317 0.000888 0.000593 0.000593
0.751703 0.548768 0.002868 60.940681 0.002868
0.236764 0.591399 0.000825 58.775802 0.000825
0.787617 0.947179 0.000080 0.000593 0.000080
0.744104 0.731185 0.000152 57.040680 0.000152
0.633937 0.186377 69.744504 82.186327 69.744504
0.515884 0.519539 65.523546 58.775802 58.775802
0.284648 0.042101 0.000003 64.229672 0.000003
0.611228 0.890507 53.978805 57.040680 53.978805
0.960037 0.002589 65.144791 60.632525 60.632525
0.211329 0.117391 0.003781 0.000008 0.000008
0.010623 0.915482 0.000003 60.229301 0.000003
0.855550 0.684589 24.712165 27.424397 24.712165
0.700987 0.657156 53.978805 67.662477 53.978805
0.317539 0.805022 0.000003 80.754229 0.000003
0.930572 0.342305 0.000804 60.632525 0.000804
0.534711 0.025147 73.364195 63.655270 63.655270
0.300450 0.933027 0.000003 55.210138 0.000003
0.390916 0.253721 68.004943 74.311014 68.004943
0.179112 0.622849 0.027745 0.000113 0.000113
0.140028 0.035426 0.009259 0.000008 0.000008
0.338298 0.860956 0.000003 70.572332 0.000003
0.567371 0.217668 81.194671 77.321685 77.321685
0.624149 0.556777 53.978805 83.408541 53.978805
0.307851 0.982611 52.248162 52.903621 52.248162
0.189262 0.478047 1.547507 0.000540 0.000540
0.664788 0.269277 62.827817 66.025611 62.827817
0.730365 0.681602 53.978805 60.469640 53.978805
0.558405 0.818340 53.978805 57.040680 53.978805
0.993285 0.615398 0.000022 0.000593 0.000022
0.849265 0.454313 10.626698 9.539774 9.539774
0.628582 0.221343 70.204633 77.899196 70.204633
0.734735 0.790952 53.978805 57.040680 53.978805
0.989003 0.268126 0.000006 49.980038 0.000006
0.539027 0.175825 83.440806 77.741091 77.741091
0.738633 0.489483 53.978805 63.029891 53.978805
0.132830 0.255153 24.633377 0.705030 0.705030
0.576761 0.446548 68.307613 73.484761 68.307613
0.558052 0.380672 75.925997 66.162394 66.162394
0.352782 0.846542 53.978805 75.012176 53.978805
0.486150 0.603546 59.029794 58.775802 58.775802
0.513401 0.203826 84.913401 58.775802 58.775802
0.601451 0.222465 75.357360 79.538824 75.357360
0.074791 0.159454 0.459334 0.004836 0.004836
0.002254 0.117107 0.000604 0.000008 0.000008
0.040085 0.316968 0.959417 0.000106 0.000106
0.512776 0.494936 67.822199 58.775802 58.775802
0.128894 0.162884 1.491256 0.004862 0.004862
0.074210 0.068128 0.016124 0.000026 0.000026
0.896612 0.246478 0.000798 60.632525 0.000798
0.354499 0.230773 61.046418 80.313993 61.046418
0.360155 0.718542 53.978805 80.519824 53.978805
0.932920 0.807048 0.001439 0.002381 0.001439
0.390861 0.277956 68.267242 75.002837 68.267242
0.317459 0.856890 0.000003 69.894535 0.000003
0.769390 0.723112 0.014105 0.000935 0.000935
0.345582 0.153519 0.000003 73.529155 0.000003
0.283263 0.954652 0.000003 52.957106 0.000003
0.369184 0.220456 63.523849 76.906936 63.523849
0.551996 0.901382 53.978805 57.040680 53.978805
0.894752 0.888991 0.005149 0.001203 0.001203
0.039737 0.804080 0.000003 52.903621 0.000003
0.387296 0.636464 55.152886 58.775802 55.152886
0.142248 0.489757 9.743223 0.972395 0.972395
0.687903 0.484378 54.121886 78.695395 54.121886
0.548255 0.023233 72.617734 64.330393 64.330393
0.756938 0.874396 0.000014 0.000593 0.000014
0.618273 0.880080 53.978805 57.040680 53.978805
0.744659 0.752194 0.000099 57.040680 0.000099
0.262941 0.167441 0.000106 70.029833 0.000106
0.745800 0.899466 0.000006 57.040680 0.000006
0.356892 0.534864 54.158659 63.732636 54.158659
0.444552 0.826386 53.978805 70.614198 53.978805
0.790630 0.413477 0.101542 0.039494 0.039494
0.926278 0.074287 0.000006 60.632525 0.000006
0.094927 0.300831 42.834131 9.157342 9.157342
0.880107 0.088269 0.000022 60.632525 0.000022
0.141661 0.002149 0.002236 0.000008 0.000008
0.299253 0.533169 0.000003 59.455164 0.000003
0.314225 0.409462 0.000005 71.965465 0.000005
0.615872 0.347540 68.239882 60.632525 60.632525
0.455420 0.901720 53.978805 58.416511 53.978805
0.370130 0.972312 53.978805 52.903621 52.903621
0.914270 0.013291 55.087607 60.632525 55.087607
0.575682 0.823395 53.978805 57.040680 53.978805
0.196780 0.668424 0.001789 62.616174 0.001789
0.361125 0.050443 58.508534 61.996186 58.508534
0.924340 0.001940 61.501387 60.632525 60.632525
0.621533 0.834673 53.978805 57.127475 53.978805
0.065997 0.874255 0.000003 52.903621 0.000003
0.567582 0.357903 75.692002 66.791167 66.791167
0.948857 0.123566 0.000006 60.632525 0.000006
0.514465 0.159422 83.553922 58.775802 58.775802
0.456493 0.412427 72.257279 61.634435 61.634435
0.656255 0.719364 53.978805 66.272994 53.978805
0.593620 0.377193 70.301074 74.251279 70.301074
0.335623 0.300910 0.000005 84.107216 0.000005
0.844898 0.920675 0.004030 0.000593 0.000593
0.429619 0.935792 53.978805 52.903621 52.903621
0.394437 0.068834 63.157437 58.775802 58.775802
0.617144 0.033460 67.503175 71.997771 67.503175
0.536480 0.140138 81.757497 76.496369 76.496369
0.471221 0.035304 72.878394 58.775802 58.775802
0.149804 0.662827 0.020815 57.569281 0.020815
0.413859 0.595753 58.072354 58.775802 58.072354
0.532570 0.072316 77.299340 68.373699 68.373699
0.074196 0.241463 6.589816 0.102508 0.102508
0.170989 0.860052 0.000024 52.903621 0.000024
0.874093 0.847439 0.074089 0.018048 0.018048
0.542245 0.693033 53.978805 57.040680 53.978805
0.476826 0.521803 65.062651 58.775802 58.775802
0.640706 0.672049 53.978805 72.032961 53.978805
0.193956 0.883586 0.000006 53.332675 0.000006
0.759122 0.311639 0.000090 60.632525 0.000090
0.773697 0.282421 0.000179 60.632525 0.000179
0.546244 0.732176 53.978805 57.040680 53.978805
0.116791 0.318737 68.486179 55.949889 55.949889
0.442866 0.362929 74.592080 63.367934 63.367934
0.517064 0.228730 85.074095 58.775802 58.775802
0.960454 0.136538 0.000006 60.632525 0.000006
0.038542 0.240929 0.703678 0.000098 0.000098
0.781487 0.884723 0.000334 0.000692 0.000334
0.010760 0.052476 0.000134 0.000008 0.000008
0.453404 0.369739 75.117176 61.496794 61.496794
0.396267 0.738581 54.103557 80.366244 54.103557
0.653721 0.007674 61.868942 67.397502 61.868942
0.508794 0.180727 84.463628 58.775802 58.775802
0.007953 0.950151 0.000003 56.494943 0.000003
0.113622 0.510392 8.439173 0.469081 0.469081
0.518021 0.090944 79.301998 58.775802 58.775802
0.279615 0.687611 0.000003 75.479397 0.000003
0.809913 0.864525 0.009151 0.002126 0.002126
0.157981 0.330741 17.077261 0.277134 0.277134
0.814456 0.706566 4.251401 0.473231 0.473231
0.014850 0.093524 0.000900 0.000008 0.000008
0.721451 0.586406 53.978805 67.184101 53.978805
0.169447 0.157727 0.809899 0.000045 0.000045
0.297843 0.633064 0.000003 58.775802 0.000003
0.473903 0.190563 81.113646 58.775802 58.775802
0.381005 0.670034 54.204191 68.459420 54.204191
0.489551 0.407082 74.804578 58.775802 58.775802
0.450331 0.306878 79.118274 59.356335 59.356335
0.872426 0.419103 1.880981 0.436586 0.436586
0.941818 0.505580 0.005740 0.000593 0.000593
0.084356 0.495870 13.214344 0.013152 0.013152
0.443806 0.072215 70.821086 58.775802 58.775802
0.989786 0.948628 0.000006 0.000593 0.000006
0.944982 0.361815 0.000189 0.000593 0.000189
0.491581 0.676034 53.978805 55.140256 53.978805
0.201487 0.338702 0.380759 0.000008 0.000008
0.453802 0.760912 53.978805 72.571360 53.978805
0.954443 0.840370 0.000040 0.000593 0.000040
0.440042 0.360704 74.455277 63.907742 63.907742
0.266947 0.150018 0.000052 70.337525 0.000052
0.231408 0.855371 0.000003 60.912434 0.000003
0.444687 0.317858 77.868885 61.351304 61.351304
0.290836 0.851063 0.000003 68.646080 0.000003
0.193485 0.179831 0.114078 0.000008 0.000008
0.987570 0.418551 0.000006 0.000593 0.000006
0.413065 0.579062 58.705252 58.775802 58.705252
0.466820 0.004263 52.457345 58.775802 52.457345
0.319299 0.796580 0.000003 82.364177 0.000003
0.715313 0.684488 53.978805 62.538282 53.978805
0.972890 0.340356 0.000006 60.632525 0.000006
0.814672 0.203683 0.000222 60.632525 0.000222
0.312240 0.939834 0.000003 54.306191 0.000003
0.340629 0.632681 0.000003 58.775802 0.000003
0.873545 0.772921 1.645636 0.537463 0.537463
0.257160 0.230955 0.000520 69.043974 0.000520
0.769822 0.009829 73.059944 62.196735 62.196735
0.194839 0.007965 0.000264 0.000008 0.000008
0.386737 0.864615 53.978805 72.440312 53.978805
0.563380 0.296751 79.242768 65.093975 65.093975
0.196382 0.289805 0.434746 0.000008 0.000008
0.385887 0.114661 63.825035 62.357023 62.357023
0.534012 0.343755 81.259874 60.632525 60.632525
0.986476 0.985678 0.000006 0.000593 0.000006
0.392496 0.776460 53.978805 82.229116 53.978805
0.447203 0.652680 56.594254 58.673333 56.594254
0.771145 0.236289 0.000014 60.632525 0.000014
0.448600 0.302540 79.232934 59.510277 59.510277
0.265591 0.141813 0.000048 69.749616 0.000048
0.650443 0.462300 57.781935 85.072169 57.781935
0.527222 0.662859 53.978805 57.040680 53.978805
0.001329 0.316274 0.013609 0.000008 0.000008
0.638364 0.444155 60.052106 84.616919 60.052106
0.742999 0.413049 0.000245 57.858836 0.000245
0.192112 0.767974 0.000094 65.447998 0.000094
0.852961 0.119433 0.000048 60.632525 0.000048
0.903686 0.531108 1.811695 0.406054 0.406054
0.388348 0.740794 53.978805 81.619960 53.978805
0.029117 0.330712 0.301037 0.000008 0.000008
0.926341 0.956820 0.000006 0.000593 0.000006
0.132516 0.732530 0.002249 55.245776 0.002249
0.186216 0.055789 0.005311 0.000008 0.000008
0.506554 0.488686 68.354096 58.775802 58.775802
0.381083 0.138876 63.883273 65.580941 63.883273
0.698117 0.898882 53.978805 57.040680 53.978805
0.824165 0.373244 0.666896 0.176299 0.176299
0.904920 0.629579 1.120722 0.682625 0.682625
0.390669 0.456827 62.092898 71.595852 62.092898
0.038722 0.777055 0.000012 52.903621 0.000012
0.936912 0.208563 0.000006 60.632525 0.000006
0.998449 0.798585 0.000006 0.000593 0.000006
0.270922 0.341162 0.000306 69.082876 0.000306
0.226487 0.475978 0.021395 0.000008 0.000008
0.428936 0.992061 53.978805 52.903621 52.903621
0.565251 0.101369 77.474240 76.696372 76.696372
0.325024 0.400845 0.000003 74.629146 0.000003
0.505494 0.588243 59.692551 58.775802 58.775802
0.955255 0.717923 0.000638 0.000593 0.000593
0.686484 0.669643 53.978805 69.785801 53.978805
0.341222 0.308080 0.000004 84.085226 0.000004
0.496822 0.397386 75.928171 58.775802 58.775802
0.043374 0.131172 0.035229 0.000086 0.000086
0.194950 0.351406 0.787227 0.000029 0.000029
0.496943 0.710910 53.978805 58.203946 53.978805
0.148717 0.014737 0.003219 0.000008 0.000008
0.119792 0.075491 0.052356 0.000013 0.000013
0.271866 0.255407 0.000194 72.592167 0.000194
0.908854 0.265769 0.000565 60.632525 0.000565
0.416118 0.394493 69.304021 69.004019 69.004019
0.022028 0.223514 0.090438 0.000008 0.000008
0.699382 0.397242 56.334848 70.711715 56.334848
0.743164 0.651435 0.000539 60.568811 0.000539
0.580019 0.650081 53.978805 66.501464 53.978805
0.935188 0.406876 0.004039 0.000593 0.000593
0.217690 0.474407 0.062878 0.000008 0.000008
0.733907 0.301454 54.305780 60.632525 54.305780
0.332492 0.894027 0.000003 62.765558 0.000003
0.498714 0.470437 69.831892 58.775802 58.775802
0.288755 0.063674 0.000003 66.950960 0.000003
0.100369 0.036472 0.009830 0.000008 0.000008
