# Party-0 optima (Phase 1b)
# x0..x(D-1) party_fit f0 f1 consensus
0.981778 0.125458 0.351694 42.414154 42.414154 1.407918 1.407918
0.998617 0.322000 0.540867 42.414154 42.414154 1.407918 1.407918
0.993453 0.784421 0.429400 36.410336 36.410336 0.911554 0.911554
0.655893 0.817832 0.364485 16.332377 16.332377 9.943122 9.943122
0.746191 0.057090 0.615530 12.793099 12.793099 1.407918 1.407918
0.801387 0.834631 0.290618 4.940153 4.940153 7.894707 4.940153
0.562103 0.915954 0.154498 0.728560 0.728560 1.077804 0.728560
0.570608 0.145231 0.216761 0.481114 0.481114 1.407918 0.481114
