# Consensus Archive (v3 basin-tagged)
# x0..x(D-1) f0 f1 consensus
0.771907 0.397892 89.998688 89.993646 89.993646
0.599308 0.948581 82.138211 82.586693 82.138211
0.757163 0.463862 72.947536 31.433373 31.433373
0.354033 0.125219 89.973700 89.997022 89.973700
0.559001 0.974482 67.577534 63.641819 63.641819
0.219531 0.716455 57.296576 57.047619 57.047619
0.010195 0.381906 43.984755 44.744495 43.984755
0.919334 0.020301 89.916956 89.984658 89.916956
0.234757 0.608987 89.978232 89.991559 89.978232
0.228890 0.583087 69.958715 79.796357 69.958715
0.361536 0.140277 86.903363 73.775824 73.775824
0.573476 0.984119 48.210048 51.030139 48.210048
0.274655 0.941817 69.757381 80.115429 69.757381
0.651392 0.934831 64.212161 37.328734 37.328734
0.229556 0.563121 51.935947 57.101982 51.935947
0.242314 0.652530 54.834849 61.626102 54.834849
0.764593 0.380312 83.418982 70.146957 70.146957
0.727585 0.357479 40.019528 41.586384 40.019528
0.208261 0.654863 75.499682 32.663807 32.663807
0.151202 0.874450 35.939089 43.079725 35.939089
0.232498 0.000000 31.433373 31.433373 31.433373
0.417862 0.938619 31.433373 31.433373 31.433373
0.622056 0.642560 31.433373 34.806040 31.433373
0.062140 0.675561 31.433373 31.433373 31.433373
0.560403 0.310920 31.433373 32.126240 31.433373
0.753669 0.433103 79.777677 31.433373 31.433373
0.850491 0.332092 31.433373 31.433373 31.433373
0.718331 0.431482 41.873382 31.433373 31.433373
0.316186 0.388503 31.433373 31.433373 31.433373
0.083487 0.811864 31.433373 31.433373 31.433373
0.313485 0.547501 31.433373 31.433373 31.433373
0.905440 0.015928 61.424817 62.569705 61.424817
0.135813 0.510464 31.433373 46.927571 31.433373
0.188376 0.274634 32.236661 31.880976 31.880976
0.385154 0.386948 31.433373 31.433373 31.433373
0.319814 0.515459 31.433373 31.433373 31.433373
0.133112 0.669462 31.433373 31.433373 31.433373
0.349816 0.385327 31.433373 31.433373 31.433373
0.256937 0.604875 55.314434 67.161003 55.314434
0.304113 0.320270 65.453443 31.433373 31.433373
0.744650 0.000000 31.433373 31.433373 31.433373
0.240036 0.516502 49.494452 31.433373 31.433373
0.136779 0.258322 31.433373 31.433373 31.433373
0.000000 0.647327 31.433373 31.433373 31.433373
0.386444 0.671463 31.433373 31.433373 31.433373
0.422574 0.436904 31.433373 31.433373 31.433373
0.728909 0.386652 45.856396 81.367767 45.856396
0.358497 0.633136 31.433373 31.433373 31.433373
0.383743 0.830461 31.433373 31.433373 31.433373
0.572076 0.552833 31.433373 56.810610 31.433373
0.254291 0.961643 45.024861 53.727892 45.024861
0.645637 0.072713 31.433373 31.433373 31.433373
0.638522 0.285302 31.433373 31.433373 31.433373
0.612272 0.462276 31.433373 31.433373 31.433373
0.961932 0.069516 31.433373 31.433373 31.433373
0.550160 0.798712 31.433373 31.433373 31.433373
0.134871 0.811004 31.433373 31.433373 31.433373
0.625320 0.753927 31.433373 31.433373 31.433373
0.917968 0.385628 31.433373 31.433373 31.433373
0.055032 0.279372 31.433373 31.433373 31.433373
0.281360 0.142691 31.433373 31.433373 31.433373
0.137923 0.708711 31.433373 31.433373 31.433373
0.675055 0.962105 31.433373 31.433373 31.433373
0.418717 0.561327 31.433373 31.433373 31.433373
0.218014 0.890917 31.433373 31.433373 31.433373
0.082514 0.366983 31.433373 31.433373 31.433373
0.220488 0.440504 31.433373 31.433373 31.433373
0.142099 0.565182 31.433373 32.352637 31.433373
0.013411 0.829184 56.135730 31.433373 31.433373
0.306426 0.073694 31.433373 31.433373 31.433373
0.112123 0.084316 31.433373 31.433373 31.433373
0.349126 0.122301 88.740074 82.850192 82.850192
0.649884 0.873049 31.433373 33.321311 31.433373
0.929693 0.716646 31.433373 37.238833 31.433373
0.751194 0.267385 32.997189 31.433373 31.433373
0.148942 0.760625 31.433373 31.433373 31.433373
0.788468 0.981290 31.433373 31.433373 31.433373
0.171401 0.908721 31.433373 68.982082 31.433373
0.339179 0.860883 31.433373 31.433373 31.433373
0.734475 0.196333 54.169029 31.433373 31.433373
0.817168 0.331776 53.525729 31.433373 31.433373
0.205824 0.625376 51.616513 47.527831 47.527831
1.000000 0.465902 31.433373 31.433373 31.433373
0.119787 0.856218 31.433373 31.433373 31.433373
0.371307 0.599118 31.433373 31.433373 31.433373
0.825128 0.399203 38.712866 79.321049 38.712866
0.132243 0.213330 31.433373 31.433373 31.433373
0.429653 0.982060 31.433373 31.433373 31.433373
0.948832 0.351240 31.433373 31.433373 31.433373
0.545469 1.000000 43.847838 49.911034 43.847838
0.657738 0.322984 31.433373 31.433373 31.433373
0.570676 0.844927 31.433373 31.433373 31.433373
0.169322 0.794116 43.635050 31.433373 31.433373
0.243004 0.995061 31.433373 31.433373 31.433373
0.764679 1.000000 31.433373 31.433373 31.433373
0.227519 0.402792 31.433373 31.433373 31.433373
0.116244 0.316562 31.433373 31.433373 31.433373
0.235603 0.573026 77.648153 60.503508 60.503508
0.760292 0.819617 31.433373 31.433373 31.433373
0.965437 0.035036 31.433373 64.703694 31.433373
0.625972 0.363050 31.433373 44.915860 31.433373
0.627032 0.000000 31.433373 31.433373 31.433373
0.576470 0.940938 79.835574 49.536392 49.536392
0.110923 0.633076 31.433373 31.433373 31.433373
0.356120 0.437168 31.433373 31.433373 31.433373
0.588799 0.808123 31.433373 31.433373 31.433373
0.581916 0.952294 85.062306 77.645828 77.645828
0.164431 0.382291 31.433373 31.433373 31.433373
0.334008 0.578318 31.433373 31.433373 31.433373
0.706271 0.784726 31.433373 31.433373 31.433373
0.344458 0.052596 31.433373 31.433373 31.433373
0.429029 0.390836 31.433373 31.433373 31.433373
0.791680 0.392880 77.513074 81.785128 77.513074
0.671939 0.039752 31.433373 31.433373 31.433373
0.173157 0.144887 31.433373 31.433373 31.433373
0.237259 0.321656 31.794591 31.433373 31.433373
0.757716 0.397354 81.611660 88.774146 81.611660
0.783613 0.000000 31.433373 34.629552 31.433373
0.716675 0.879098 31.433373 31.433373 31.433373
0.231384 0.620984 89.556948 81.540985 81.540985
0.727989 0.315720 34.636669 31.433373 31.433373
0.515440 0.086062 67.197812 31.433373 31.433373
0.240353 0.147621 31.433373 31.433373 31.433373
0.250646 0.075788 31.433373 31.433373 31.433373
0.552434 0.489839 31.433373 33.641448 31.433373
0.772350 0.072919 31.433373 31.433373 31.433373
0.627219 0.314110 31.433373 31.433373 31.433373
0.715617 0.250751 31.433373 31.433373 31.433373
0.013712 0.695623 31.433373 31.433373 31.433373
0.199051 0.384676 31.433373 31.433373 31.433373
0.302471 0.638718 31.433373 44.230711 31.433373
0.981995 0.367872 31.433373 31.433373 31.433373
0.011802 0.246550 60.299700 56.321712 56.321712
0.217346 0.052815 31.433373 31.433373 31.433373
0.680568 0.857073 31.433373 32.011053 31.433373
0.055729 0.000000 31.433373 31.433373 31.433373
0.037499 0.641113 31.433373 31.433373 31.433373
0.165939 0.070783 31.433373 31.433373 31.433373
0.312438 1.000000 31.433373 31.433373 31.433373
0.390907 0.985552 31.433373 31.433373 31.433373
0.077341 0.730031 36.142746 31.433373 31.433373
0.405269 0.045069 31.433373 31.433373 31.433373
0.112454 0.772864 31.433373 55.358614 31.433373
0.045650 0.761630 89.953653 89.932682 89.932682
0.758173 0.311631 51.092276 31.433373 31.433373
0.286294 0.375172 31.433373 31.433373 31.433373
0.551548 0.061058 53.123278 51.300697 51.300697
0.379479 0.076985 31.433373 31.433373 31.433373
0.010238 0.140024 85.507320 89.111037 85.507320
0.745084 0.752215 31.433373 31.433373 31.433373
0.375256 0.482652 31.433373 31.433373 31.433373
0.407767 0.849776 31.433373 31.433373 31.433373
0.295190 0.609377 31.433373 35.711219 31.433373
0.392132 0.000000 31.433373 31.433373 31.433373
0.353370 0.979793 31.433373 31.433373 31.433373
0.793611 0.428408 63.587628 31.433373 31.433373
0.062672 0.250100 31.433373 31.433373 31.433373
0.414470 0.135913 31.433373 31.433373 31.433373
0.978706 0.294206 31.433373 31.433373 31.433373
0.955089 0.398352 31.433373 31.433373 31.433373
0.292401 0.027452 31.433373 31.433373 31.433373
0.253501 0.849666 31.433373 31.433373 31.433373
0.895589 0.356552 31.433373 31.433373 31.433373
0.010676 0.194897 82.700717 81.228772 81.228772
0.138207 0.351085 31.433373 31.433373 31.433373
0.933937 0.424855 31.433373 31.433373 31.433373
0.842417 0.287981 31.433373 31.433373 31.433373
0.289969 0.525626 38.752461 31.433373 31.433373
0.057334 0.491488 33.612361 31.433373 31.433373
0.399518 0.511832 31.433373 31.433373 31.433373
1.000000 0.000000 37.090620 31.433373 31.433373
0.324597 0.925355 54.050431 60.374815 54.050431
0.861087 0.245727 31.433373 31.433373 31.433373
0.081930 0.172884 31.433373 31.433373 31.433373
0.176349 0.443425 31.433373 31.433373 31.433373
0.087149 0.121498 31.433373 31.433373 31.433373
0.603608 0.980773 36.014078 32.469109 32.469109
0.138554 0.426365 31.433373 31.433373 31.433373
0.035373 0.449120 40.190354 31.433373 31.433373
0.599324 0.610914 31.433373 57.880068 31.433373
0.010790 0.024965 31.433373 31.433373 31.433373
0.363221 0.528221 31.433373 31.433373 31.433373
0.117300 0.602763 31.433373 31.433373 31.433373
0.043572 0.223681 31.433373 31.433373 31.433373
0.830329 0.674479 31.433373 40.836623 31.433373
0.613861 0.930913 89.987401 89.962462 89.962462
0.818765 0.377480 47.860971 46.303476 46.303476
0.060717 0.055256 31.433373 31.433373 31.433373
0.664466 1.000000 31.433373 31.433373 31.433373
0.049031 0.756221 89.512501 80.887729 80.887729
0.244031 0.633009 64.747001 84.292277 64.747001
0.206100 0.018049 31.433373 31.433373 31.433373
0.303637 0.924306 89.997311 89.997666 89.997311
0.414883 0.639746 31.433373 31.433373 31.433373
0.049648 0.135614 31.433373 31.433373 31.433373
1.000000 0.039862 31.433373 49.739674 31.433373
0.316084 0.835788 31.433373 31.433373 31.433373
0.121093 0.000000 31.433373 31.433373 31.433373
0.009964 0.223313 67.053616 81.183882 67.053616
0.223530 0.841191 31.433373 31.433373 31.433373
