# Consensus Archive (v3 basin-tagged)
# x0..x(D-1) f0 f1 consensus
0.069307 0.877910 0.411296 77.022848 53.124721 53.124721
0.722599 0.409324 0.196568 40.734525 28.068679 28.068679
0.131561 0.806318 0.861214 39.940653 39.680446 39.680446
0.067094 0.816188 0.526885 29.270228 54.718960 29.270228
0.817072 0.882233 0.578005 32.588475 26.053191 26.053191
0.706397 0.458294 0.192937 62.287591 63.924693 62.287591
0.081016 0.683860 0.825690 60.043445 29.977827 29.977827
0.359147 0.818415 0.500710 37.998470 37.720539 37.720539
0.304426 0.160666 0.125615 89.980025 89.965445 89.965445
0.440101 0.078171 0.534385 34.670649 71.850725 34.670649
0.056249 0.949938 0.390121 26.371825 65.206948 26.371825
0.000000 0.744570 0.892044 29.448157 32.302627 29.448157
0.869253 0.371974 0.278415 31.606648 27.251000 27.251000
0.118090 0.547193 0.049431 26.053191 26.053191 26.053191
0.292894 0.081769 0.123901 45.741208 30.600748 30.600748
0.709651 0.472119 0.228137 85.620695 84.085090 84.085090
0.124639 0.380058 0.654944 84.665079 84.808724 84.665079
0.722458 0.421225 0.336368 31.324305 44.256344 31.324305
0.060480 0.929901 0.449023 53.534969 54.772501 53.534969
0.959838 0.365306 0.750336 27.967376 26.574177 26.574177
0.726658 0.430645 0.298952 47.526151 38.953721 38.953721
0.184717 0.330822 0.829498 31.613201 33.323967 31.613201
0.718136 0.469461 0.290493 77.722865 78.630294 77.722865
0.404345 0.754178 0.313137 29.549423 28.592155 28.592155
0.728416 0.513001 0.190381 28.530935 50.202538 28.530935
0.929701 0.315063 0.761329 89.864986 89.974575 89.864986
0.318207 0.100181 0.044479 62.857167 27.020054 27.020054
0.090799 0.820058 0.888529 71.179935 45.807595 45.807595
0.937337 0.318803 0.833603 50.546721 29.492384 29.492384
0.697056 0.468111 0.337831 38.397279 42.516996 38.397279
0.919267 0.363300 0.823001 28.177180 58.815220 28.177180
0.072394 0.783927 0.841740 36.301358 27.927331 27.927331
0.714979 0.445582 0.255764 73.214771 67.279590 67.279590
0.139230 0.368468 0.690517 70.679956 77.975777 70.679956
0.408459 0.067721 0.620589 34.488134 45.153562 34.488134
0.854211 0.340495 0.264983 60.027318 31.701424 31.701424
0.391800 0.759475 0.391949 34.544146 33.733415 33.733415
0.892763 0.939522 0.098460 82.615066 46.425804 46.425804
0.710550 0.546952 0.308981 31.356627 33.724822 31.356627
0.289428 0.172434 0.037864 41.907450 47.375126 41.907450
0.813241 0.392844 0.161424 27.523942 28.387294 27.523942
0.692564 0.477423 0.167868 47.527003 57.534410 47.527003
0.705620 0.353752 0.329493 28.204322 35.293056 28.204322
0.716926 0.515053 0.340381 40.600018 45.378394 40.600018
0.715827 0.442631 0.168573 46.851613 38.869193 38.869193
0.148842 0.369569 0.664742 73.581443 62.087685 62.087685
0.695124 0.413163 0.138281 27.867066 42.802533 27.867066
0.326664 0.615738 0.393008 39.484292 32.030186 32.030186
0.737781 0.503140 0.226701 32.981639 39.697363 32.981639
0.069851 0.720888 0.866439 84.206281 69.688881 69.688881
0.579530 0.263826 0.944236 50.251206 29.455391 29.455391
0.868540 0.574372 0.789829 38.477031 49.772939 38.477031
0.413417 0.082180 0.551673 89.169577 89.447110 89.169577
0.489901 0.259284 0.121554 48.020935 35.820441 35.820441
0.345144 0.611201 0.463538 43.055584 66.250211 43.055584
0.710964 0.476245 0.254733 89.945163 89.959966 89.945163
0.353680 0.788638 0.604147 27.942497 27.319220 27.319220
0.725626 0.490600 0.143227 28.847255 38.309601 28.847255
0.111945 0.688397 0.838274 38.838764 42.780905 38.838764
0.074343 0.884994 0.518344 29.042514 33.389887 29.042514
0.914183 0.344003 0.258802 30.585017 36.609212 30.585017
0.283806 0.175322 0.110186 57.554753 55.464137 55.464137
0.020371 0.813347 0.907331 30.844030 39.051439 30.844030
0.273356 0.102724 0.091473 29.040569 45.948307 29.040569
0.093207 0.721200 0.837929 69.390211 51.244317 51.244317
0.383200 0.590755 0.519790 82.547927 86.751936 82.547927
0.058395 0.864501 0.453078 89.946886 89.923842 89.923842
0.064267 0.894241 0.449492 77.699945 70.391760 70.391760
0.302634 0.144785 0.000000 40.040863 40.470660 40.040863
0.926366 1.000000 0.168056 34.231252 39.082600 34.231252
0.468360 0.222330 0.131454 33.828694 27.664217 27.664217
0.742208 0.514033 0.285508 28.809550 47.966554 28.809550
0.047155 0.781438 0.899072 64.313040 65.277337 64.313040
0.061571 0.636057 0.859767 42.729900 28.182724 28.182724
0.686887 0.510689 0.318509 58.713241 26.593658 26.593658
0.017519 0.757224 0.923715 35.516232 42.882079 35.516232
0.910073 0.940560 0.122690 89.970454 89.864507 89.864507
0.069767 0.815515 0.873798 45.803210 43.835025 43.835025
0.041111 0.910418 0.485596 28.468106 29.519900 28.468106
0.918340 0.582653 0.800591 37.313613 30.803808 30.803808
0.375861 0.595978 0.504420 89.873270 89.229793 89.229793
0.824921 0.587822 0.821736 35.546885 31.046409 31.046409
0.414813 0.574137 0.497016 26.487666 42.547097 26.487666
0.257638 0.870635 0.766263 26.408122 33.976358 26.408122
0.574754 0.275517 0.902323 45.702896 54.659392 45.702896
0.063603 0.944143 0.490206 39.839160 32.460547 32.460547
0.124573 0.766871 0.836750 46.828401 55.333008 46.828401
0.916451 0.273771 0.761592 33.875034 40.219071 33.875034
0.043459 0.691779 0.868570 53.424368 43.638504 43.638504
0.575085 0.350683 0.799130 26.106483 33.685209 26.106483
0.828468 0.586127 0.851485 31.307415 32.485750 31.307415
0.061090 0.822279 0.560332 30.597612 45.499415 30.597612
0.918682 1.000000 0.822306 26.573079 28.163906 26.573079
0.048524 0.807393 0.505857 65.570948 62.591551 62.591551
0.566605 0.220930 0.823478 46.039564 29.974321 29.974321
0.707840 0.463840 0.135511 32.754769 41.794545 32.754769
0.119290 0.388342 0.619838 89.822809 89.918623 89.822809
0.875382 0.916217 0.083461 72.708557 31.497476 31.497476
0.052820 0.828111 0.475555 79.884656 78.789423 78.789423
0.917309 1.000000 0.108086 39.487606 29.739609 29.739609
0.805698 0.817483 0.107278 28.314665 27.518831 27.518831
0.890874 1.000000 0.155681 26.303124 32.055320 26.303124
0.729690 0.410630 0.261228 46.868084 29.732052 29.732052
0.376703 0.758618 0.548151 28.517183 27.470112 27.470112
0.184130 0.335227 0.779848 35.379142 32.333638 32.333638
0.868097 0.941929 0.770883 30.728873 27.504137 27.504137
0.378548 0.771547 0.420229 39.228586 40.585489 39.228586
0.309009 0.831930 0.518590 68.906327 76.077217 68.906327
0.169644 0.320755 0.752120 42.106549 26.302552 26.302552
0.000000 0.649833 0.902797 27.272471 26.488292 26.488292
0.661971 0.486041 0.196514 40.468551 26.274746 26.274746
0.377100 0.797783 0.542748 28.222479 26.493573 26.493573
0.305434 0.150203 0.077371 77.755686 75.307284 75.307284
0.922701 0.326713 0.864020 30.604007 26.112677 26.112677
0.145029 0.356136 0.739002 54.553381 57.461228 54.553381
0.943417 1.000000 0.152708 46.142822 35.165120 35.165120
0.042395 0.760665 0.447577 37.405819 30.662534 30.662534
0.700099 0.419325 0.156962 31.837604 38.939887 31.837604
0.503203 0.225239 0.100648 26.138223 30.749358 26.138223
0.722599 0.442306 0.228216 71.027717 41.752838 41.752838
0.712025 0.504786 0.372089 32.952614 37.169552 32.952614
0.846499 0.965834 0.747095 58.868860 52.638814 52.638814
0.061051 0.854194 0.898688 42.522855 32.946060 32.946060
0.012774 0.709978 0.904840 33.028839 38.441697 33.028839
0.266845 0.046628 0.120637 26.137868 26.731084 26.137868
0.299649 0.825903 0.573407 38.556085 51.310420 38.556085
0.502706 0.161120 0.169082 58.496408 34.255351 34.255351
0.054515 0.806191 0.907772 73.543721 46.810644 46.810644
0.731704 0.528056 0.378908 27.410033 37.722547 27.410033
0.248940 0.884009 0.789621 30.243162 50.050283 30.243162
0.337238 0.803289 0.629717 26.983244 26.719465 26.719465
0.711827 0.526020 0.271255 46.789900 55.603028 46.789900
0.140876 0.727173 0.802035 28.047780 33.276923 28.047780
0.341880 0.599260 0.431241 59.624852 41.458089 41.458089
0.831574 0.599131 0.765314 47.146449 27.286114 27.286114
0.177701 0.363898 0.683979 34.399669 36.615595 34.399669
0.062739 0.945510 0.282831 26.055659 29.508580 26.055659
0.112550 0.631802 0.830079 30.984360 27.038755 27.038755
0.680807 0.496513 0.281374 64.558279 27.821199 27.821199
0.087096 0.699556 0.856313 58.032036 51.480130 51.480130
0.110060 0.402490 0.598248 74.074146 74.666221 74.074146
0.051172 0.847382 0.534186 66.436665 35.318060 35.318060
0.565054 0.212309 0.903101 89.180138 88.901994 88.901994
0.324077 0.793345 0.511079 43.673454 48.291322 43.673454
0.119529 0.363217 0.814016 31.317691 26.066464 26.066464
0.892834 0.325375 0.792144 28.940160 28.568789 28.568789
0.030012 0.861424 0.931585 31.047271 28.682765 28.682765
0.099764 0.801030 0.842533 37.296095 37.997443 37.296095
0.375578 0.799117 0.472109 31.269570 43.324477 31.269570
0.260978 0.172785 0.141348 27.832365 32.050565 27.832365
0.036728 0.837248 0.892088 29.173034 30.888899 29.173034
0.070445 0.879696 0.347006 57.525844 27.806898 27.806898
0.111917 0.747434 0.880777 36.727431 32.578311 32.578311
0.000000 0.785349 0.954862 27.215496 27.389837 27.215496
0.727569 0.495249 0.384493 27.335286 42.972753 27.335286
0.055424 0.840260 0.929634 56.707499 28.278207 28.278207
0.000000 0.824042 0.928303 26.200177 28.685686 26.200177
0.315354 0.797264 0.581320 32.329797 36.228609 32.329797
0.931336 0.367353 0.764040 29.817612 48.104442 29.817612
0.163719 0.383576 0.714108 33.678696 43.691699 33.678696
0.337804 0.821743 0.424626 77.880758 83.010354 77.880758
0.314622 0.100049 0.079798 67.537999 30.265773 30.265773
0.896425 0.368279 0.751511 26.320719 28.072841 26.320719
0.682634 0.453377 0.227312 43.459682 45.273338 43.459682
0.061526 0.890443 0.305529 29.972085 26.631046 26.631046
0.703523 0.519011 0.131695 26.517662 42.679383 26.517662
0.060550 0.913986 0.419745 57.338494 75.083187 57.338494
0.724298 0.430461 0.137474 32.890019 26.222995 26.222995
0.068219 0.843319 0.480120 43.921491 56.426060 43.921491
0.910024 1.000000 0.198035 26.476220 28.496149 26.476220
0.296594 0.842191 0.598467 43.467639 40.724083 40.724083
0.351534 0.571751 0.465972 30.746643 31.866853 30.746643
0.801266 0.811440 0.174955 30.532732 31.782445 30.532732
0.066602 0.799121 0.426616 32.724786 34.014458 32.724786
0.257457 0.848225 0.813950 29.791973 55.272849 29.791973
0.053649 0.885291 0.910345 34.190518 27.308615 27.308615
0.300339 0.112246 0.000000 35.310885 28.074519 28.074519
0.668373 0.447449 0.196774 29.289100 30.738871 29.289100
0.850048 0.591019 0.811424 50.227312 44.867740 44.867740
0.131611 0.721813 0.865184 26.363432 29.188659 26.363432
0.699132 0.506473 0.188606 45.113637 54.940979 45.113637
0.380917 0.797201 0.300703 26.404095 36.564317 26.404095
0.492071 0.229715 0.158551 89.778750 89.661555 89.661555
0.322704 0.830675 0.459251 89.758718 89.792315 89.758718
0.078467 0.755556 0.869854 89.985899 89.992214 89.985899
0.283159 0.870326 0.834903 88.133297 88.504318 88.133297
0.877710 0.312664 0.237080 89.521321 89.672070 89.521321
0.816036 0.942744 0.717263 89.069639 88.766388 88.766388
0.899724 0.599084 0.756849 89.735988 88.391250 88.391250
0.313950 0.836928 0.493284 84.451088 83.329056 83.329056
0.824669 0.380221 0.873662 26.053191 26.053191 26.053191
0.365173 0.794075 0.209242 26.053191 26.053191 26.053191
0.742916 0.486324 0.203638 34.634980 29.266050 29.266050
0.262893 0.044516 0.309541 26.053191 26.053191 26.053191
0.891391 0.639077 0.885404 26.053191 26.053191 26.053191
0.508247 0.093272 0.372519 26.053191 26.053191 26.053191
0.509324 0.370280 0.680857 26.053191 26.053191 26.053191
0.242604 0.690351 0.632138 26.053191 26.053191 26.053191
0.691883 0.107756 0.254461 26.053191 26.053191 26.053191
0.893841 0.269920 0.267036 26.053191 66.522453 26.053191
