# gen=50 CA size=200
# x0..x(D-1) consensus
0.524906 0.866758 0.867327 0.186112 0.778679 0.091483 0.848541 0.344425 0.873804 0.221292 6.112784
0.461807 0.771180 0.954565 0.044411 0.372685 0.842349 0.665530 0.126922 0.404505 0.317142 1.662772
0.869012 0.844694 0.873236 0.451523 0.205162 0.224327 0.349176 0.240883 0.540212 0.859736 6.112784
0.568121 0.952274 0.972400 0.231537 0.252500 0.270876 0.975301 0.363002 0.987116 0.584807 6.112784
0.987365 0.763952 0.831089 0.150854 0.173455 0.118493 0.535395 0.283564 0.387638 0.653586 6.112784
0.451644 0.891568 0.660093 0.401015 0.861560 0.427528 0.502515 0.179883 0.310177 0.115756 1.662772
0.997009 0.712085 0.541785 0.063980 0.995507 0.470647 0.420231 0.551796 0.459334 0.962211 6.112784
0.436834 0.727889 0.755388 0.282741 0.874791 0.215892 0.904389 0.338783 0.653424 0.121644 1.662772
0.716179 0.756404 0.613156 0.174477 0.663320 0.202351 0.519823 0.397566 0.556150 0.374214 6.112784
0.684630 0.708615 0.656775 0.103626 0.460323 0.577784 0.428318 0.288814 0.321501 0.422139 6.112786
0.115582 0.351038 0.168738 0.772349 0.820084 0.508489 0.677778 0.370477 0.606030 0.995564 8.930903
0.046073 0.357036 0.139184 0.794391 0.587565 0.648681 0.654322 0.385797 0.506498 1.000000 8.930996
0.186500 0.392974 0.143743 0.725773 0.820084 0.681120 0.685468 0.045824 0.563886 1.000000 8.935552
0.217354 0.358118 0.190574 0.772349 0.566256 0.976035 0.496573 0.240580 0.375682 0.799074 8.931963
0.373922 0.348369 0.153361 0.787674 0.372971 0.651132 0.646424 0.000000 0.375682 0.550898 8.930739
0.198044 0.410015 0.059374 0.735147 0.783897 0.426876 0.655742 0.104984 0.450117 0.976650 8.931522
0.358817 0.339964 0.123571 0.787674 0.226933 0.630193 0.882761 0.004326 0.508177 0.723002 8.930840
0.000000 0.439686 0.060769 1.000000 0.134830 0.966862 0.532998 0.582833 1.000000 0.136879 8.930718
0.720994 0.668742 0.577593 0.109873 0.307295 0.694703 0.824143 0.389450 0.212479 0.533350 6.112784
0.355592 0.433662 0.259754 1.000000 0.904824 0.000000 0.476179 0.663226 0.615304 0.117406 8.930718
0.301771 0.465069 0.230877 1.000000 0.629889 0.021406 0.000000 0.354410 0.479074 0.530957 8.930718
0.188837 0.451438 0.000000 0.979312 0.460876 0.324267 1.000000 0.079508 1.000000 1.000000 8.930718
0.520409 0.783914 0.559422 0.299497 0.826061 0.134627 0.473509 0.343461 0.850385 0.365451 6.112784
0.032722 0.367215 0.000000 0.705807 0.969005 0.000000 0.485830 0.822017 1.000000 0.840612 8.930718
0.350975 0.428349 0.263674 1.000000 0.590682 0.592196 0.384723 0.162072 0.231118 0.330889 8.930718
0.000000 0.454521 0.000000 1.000000 0.631893 0.552564 0.191357 0.333726 1.000000 1.000000 8.930718
0.384005 0.462979 0.000000 1.000000 0.000000 0.137653 0.476246 0.442736 0.799137 1.000000 8.930718
0.011076 0.410836 0.099259 1.000000 0.000000 0.000000 0.902231 0.347224 0.496164 0.499855 8.930718
0.665076 0.684540 0.624459 0.102693 0.196772 0.597664 0.666544 0.480838 0.683434 0.244566 6.112784
0.208940 0.391119 0.148364 0.839130 0.097819 0.119253 0.863298 0.504088 0.699327 0.783700 8.930718
0.212547 0.393825 0.000000 1.000000 0.415848 0.069260 0.874016 0.223830 0.594113 0.509826 8.930718
0.298433 0.358599 0.065805 1.000000 0.836232 0.725282 0.297100 0.708042 0.620101 0.292748 8.930718
0.091522 0.456491 0.259454 0.804507 0.573928 0.409391 1.000000 1.000000 0.579337 0.416681 8.930718
0.049845 0.418560 0.183314 1.000000 0.542074 0.345128 0.390155 0.345047 0.846161 0.786595 8.930718
0.334109 0.362154 0.000000 1.000000 0.066247 0.000000 0.877037 0.870804 0.724649 0.426966 8.930718
0.000000 0.439211 0.018483 1.000000 0.000000 0.645307 0.907436 0.845365 0.264162 0.349072 8.930718
0.324029 0.374124 0.000000 1.000000 0.369560 0.000000 0.508473 0.334463 0.821252 0.303288 8.930718
0.143144 0.349974 0.000000 0.970706 0.077505 0.175922 0.545302 1.000000 0.456665 0.520165 8.930718
0.993961 0.152446 0.432394 0.964518 0.327551 0.672508 0.075317 0.356052 0.630280 0.711483 1.664323
0.337053 0.455806 0.273887 0.815524 0.645935 0.174613 1.000000 0.775653 0.259467 0.553039 8.930718
0.273557 0.408656 0.018211 0.757003 0.854057 0.213497 0.804371 0.000000 0.127634 0.774464 8.930718
0.110092 0.431188 0.067357 0.934447 0.315789 0.146238 0.539509 0.184180 0.923316 0.829597 8.930718
0.087240 0.466995 0.000000 1.000000 0.419357 0.392812 0.890321 0.079321 0.965333 1.000000 8.930718
0.271756 0.370420 0.000000 0.970706 0.227318 0.053899 0.762556 0.851145 0.492455 0.520165 8.930718
0.347009 0.457500 0.232732 1.000000 0.525458 0.000000 0.434509 0.006530 0.926095 1.000000 8.930718
0.046073 0.357036 0.055027 0.760905 0.857539 0.751125 0.142904 0.614101 1.000000 0.737351 8.930718
0.197151 0.376146 0.000000 0.969183 0.000000 0.478510 0.764536 0.174362 0.786232 0.988783 8.930718
0.382181 0.391764 0.100165 0.787871 0.440438 0.748824 0.081234 0.939457 0.147936 0.076389 8.930718
0.000000 0.339453 0.111459 1.000000 0.798200 0.000000 0.951294 0.500439 0.832285 1.000000 8.930718
0.148237 0.407927 0.141564 0.779652 0.734181 0.952859 0.154094 0.771463 0.288969 0.826257 8.930718
0.393295 0.377946 0.167467 0.988849 0.119766 0.000000 0.881794 0.306372 1.000000 0.335405 8.930718
0.126148 0.476183 0.097903 1.000000 0.758936 0.171890 0.975610 0.502021 0.790275 0.660641 8.930718
0.000000 0.386735 0.013345 0.954740 0.474622 0.000000 0.585628 0.929686 0.441105 0.751540 8.930718
0.000000 0.416358 0.012374 0.744880 0.765709 0.101712 0.789224 0.486919 1.000000 1.000000 8.930718
0.188552 0.443926 0.000000 0.983509 0.392879 0.000000 0.161923 0.753531 0.696470 1.000000 8.930718
0.057242 0.377167 0.000000 0.946935 0.623783 0.201868 0.894942 0.018493 0.649006 0.509409 8.930718
0.313137 0.386412 0.142564 1.000000 0.000000 0.000000 0.299702 0.328785 1.000000 0.503648 8.930718
0.345590 0.353254 0.029842 0.917602 0.000000 0.160130 1.000000 0.847224 0.602469 0.623372 8.930718
0.050535 0.403473 0.000000 0.902175 0.196142 0.244047 0.000000 0.936069 0.523356 0.963341 8.930718
0.144916 0.367215 0.000000 0.785789 0.469005 0.000000 0.878307 0.112032 0.489227 0.665954 8.930718
0.000000 0.377167 0.000000 0.950928 0.742438 0.195419 0.832299 0.317036 0.992217 0.429244 8.930718
0.000000 0.384720 0.000000 0.973289 0.148372 0.090364 0.495263 0.237411 0.437170 0.806413 8.930718
0.313659 0.412381 0.132733 1.000000 0.000000 0.900262 0.856220 0.259788 0.830790 0.060108 8.930718
0.187275 0.477382 0.131532 1.000000 1.000000 0.254728 0.350952 0.774137 0.624627 0.311582 8.930718
0.347009 0.457500 0.232732 0.902484 0.393972 0.000000 0.816312 0.000000 1.000000 0.589223 8.930718
0.036075 0.396764 0.146048 0.823944 0.325499 0.672251 0.577275 0.457717 0.862013 0.992633 8.930718
0.378393 0.393596 0.135222 1.000000 0.467979 0.000000 0.443068 1.000000 0.905989 0.764098 8.930718
0.000000 0.439211 0.018483 0.952368 0.357005 0.731417 0.697881 0.790199 0.000000 0.667782 8.930718
0.025369 0.445454 0.130867 0.776589 0.068337 1.000000 0.070192 0.746932 1.000000 0.526803 8.930718
0.201174 0.400371 0.144277 1.000000 0.723753 0.000000 0.758882 0.705664 0.577773 0.985553 8.930718
0.156628 0.387704 0.102805 0.814326 0.456965 0.771232 0.445781 1.000000 0.491511 0.386266 8.930718
0.120959 0.339787 0.012374 1.000000 1.000000 0.051673 0.782118 0.841880 0.799489 1.000000 8.930718
0.000000 0.430924 0.000000 0.815643 0.292409 0.227202 0.161923 1.000000 0.865577 0.833997 8.930718
0.000000 0.424848 0.026691 0.909479 0.366879 0.036708 0.654692 0.537868 0.679490 0.523223 8.930718
0.031366 0.344204 0.048509 0.958623 0.921752 0.835141 0.740411 0.587206 1.000000 0.459772 8.930718
0.131048 0.363328 0.000234 0.815643 0.235971 0.134189 0.000000 1.000000 1.000000 0.485425 8.930718
0.272509 0.370159 0.213555 1.000000 0.000000 0.307857 0.601711 0.018203 0.772681 0.359887 8.930718
0.197161 0.425360 0.236991 0.779652 0.914788 1.000000 0.554166 0.609101 0.238836 0.550647 8.930718
0.151349 0.394186 0.161407 0.943927 0.758979 0.000000 0.615378 0.000000 1.000000 0.868923 8.930718
0.074002 0.417834 0.000000 0.803516 0.161530 0.000000 1.000000 0.000000 0.924956 0.691484 8.930718
0.383332 0.403710 0.188010 0.991240 0.701677 0.293511 0.615905 0.941973 0.613652 0.000000 8.930718
0.046134 0.373168 0.139066 0.701067 0.489465 0.825474 0.912570 0.193847 1.000000 0.631932 8.930718
0.257338 0.390915 0.141175 0.861995 0.415676 0.738386 0.000000 0.381741 0.876091 0.545795 8.930718
0.000000 0.366432 0.024255 0.706337 0.197812 0.688418 0.129477 0.843373 0.816242 0.643577 8.930718
0.110903 0.477825 0.259454 0.705251 0.697625 0.050032 0.933904 0.984555 0.497231 0.273917 8.930718
0.142703 0.391447 0.000000 1.000000 0.753683 0.013384 0.215110 0.659883 0.194770 0.107144 8.930718
0.086086 0.389404 0.059092 0.698321 0.223438 0.288496 0.412470 1.000000 0.434996 0.536003 8.930718
0.055356 0.386803 0.000000 0.771405 0.883538 0.183036 0.000000 0.975205 0.000000 0.321017 8.930718
0.000000 0.406003 0.155293 0.852115 0.383407 1.000000 0.000000 1.000000 0.855790 0.457145 8.930718
0.091375 0.464323 0.195806 1.000000 1.000000 0.621031 0.000000 0.867439 1.000000 0.709936 8.930718
0.232822 0.390915 0.006893 0.812291 0.473796 1.000000 0.000000 0.255686 0.807844 0.545795 8.930718
0.038762 0.387704 0.000000 0.763356 0.367801 0.687432 0.445781 1.000000 0.341510 0.298819 8.930718
0.343725 0.409105 0.258456 1.000000 0.000000 0.405246 0.111453 0.015026 0.793173 0.336629 8.930718
0.317241 0.386205 0.172566 1.000000 0.535282 0.634506 0.611539 0.500348 0.255537 0.279468 8.930718
0.000000 0.347479 0.040777 0.881758 0.377857 0.000000 0.839816 0.221418 1.000000 0.477673 8.930718
0.337428 0.369989 0.251055 1.000000 0.117495 0.176689 0.488647 0.509102 0.715077 0.519548 8.930718
0.056316 0.382891 0.060229 1.000000 0.310524 0.000000 0.790692 0.412069 0.521347 0.619491 8.930718
0.064150 0.377094 0.070420 0.720857 0.000000 0.000000 0.494075 0.847224 0.466149 0.614090 8.930718
0.356742 0.429317 0.000234 0.836492 0.332369 0.357998 0.153860 1.000000 1.000000 0.815650 8.930718
0.000000 0.414681 0.000000 0.897950 0.192338 0.600897 0.000000 1.000000 1.000000 1.000000 8.930718
0.000000 0.413724 0.156265 1.000000 0.194444 0.001172 1.000000 0.631981 1.000000 0.211167 8.930718
0.066882 0.387403 0.050561 0.770070 0.197303 0.694667 0.912570 0.000000 1.000000 0.404829 8.930718
0.063748 0.383281 0.110736 0.798803 0.817442 0.123093 0.316223 0.654844 0.472098 0.064452 8.930718
0.032722 0.413090 0.005524 0.728457 1.000000 0.446258 0.000000 1.000000 1.000000 1.000000 8.930718
0.000000 0.339453 0.005494 0.701343 0.896207 0.352162 1.000000 0.900814 0.501688 1.000000 8.930718
0.042745 0.388158 0.167392 1.000000 0.069458 0.213045 0.141213 0.435113 0.769081 0.808271 8.930718
0.101879 0.440839 0.244145 0.909549 0.302845 1.000000 0.099787 0.608253 0.449575 0.651999 8.930718
0.089785 0.416608 0.000000 1.000000 0.225832 0.244047 0.000000 0.674362 0.854515 1.000000 8.930718
0.090019 0.339453 0.175325 1.000000 1.000000 0.480157 0.984620 0.649306 0.934814 0.709325 8.930718
0.291725 0.369444 0.000000 0.970706 0.069197 0.003358 0.567479 1.000000 0.496632 0.626868 8.930718
0.000000 0.454521 0.025201 1.000000 0.937117 0.000000 0.308495 0.161666 1.000000 1.000000 8.930718
0.236352 0.387078 0.199838 0.839130 0.272896 0.040723 0.846434 0.755692 0.732281 0.815081 8.930718
0.172299 0.466168 0.000000 1.000000 0.132615 0.128268 0.145946 0.000000 0.608544 1.000000 8.930718
0.013086 0.454253 0.094139 1.000000 0.803666 0.000000 0.992198 0.792803 1.000000 0.796937 8.930718
0.192989 0.362593 0.095427 1.000000 0.000000 0.671160 0.104823 1.000000 0.418875 0.574985 8.930718
0.000000 0.425126 0.077013 1.000000 0.430748 0.796127 0.326344 0.563313 1.000000 0.735960 8.930718
0.349995 0.380959 0.100449 1.000000 0.301105 0.812674 0.000000 0.796482 0.000000 0.517038 8.930718
0.105016 0.367215 0.000000 0.907862 0.617471 0.000000 1.000000 0.000000 0.194709 0.744325 8.930718
0.255729 0.456196 0.008122 0.757003 0.000000 0.135855 0.560047 0.000000 1.000000 0.780169 8.930718
0.000000 0.378709 0.000000 1.000000 0.703763 0.449353 0.618134 0.085943 0.723445 0.800856 8.930718
0.201046 0.408112 0.241490 0.972893 0.000000 0.609390 0.681884 0.000000 0.742206 0.434179 8.930718
0.077567 0.401295 0.000000 1.000000 0.382724 0.069260 0.682535 0.212040 0.729119 0.603388 8.930718
0.362070 0.443832 0.273770 0.980736 0.831996 0.000000 0.872788 0.289486 0.439924 0.783045 8.930718
0.000000 0.443926 0.000000 1.000000 1.000000 0.251699 0.211791 0.391132 0.604620 1.000000 8.930718
0.000000 0.405910 0.216990 0.969350 0.386570 0.649807 0.000000 1.000000 1.000000 1.000000 8.930718
0.035622 0.365376 0.000000 1.000000 0.303629 0.000000 0.718154 0.430361 0.562893 0.728308 8.930718
0.281949 0.452333 0.000000 1.000000 0.535361 0.000000 0.975610 0.322963 0.615394 0.482960 8.930718
0.000000 0.464323 0.195806 1.000000 0.677619 0.796127 0.376238 0.367439 1.000000 0.561959 8.930718
0.268509 0.431230 0.000000 0.706833 0.334591 0.000000 0.439093 0.523415 0.337683 0.515905 8.930718
0.047815 0.397451 0.176272 1.000000 0.250122 0.669196 0.000000 0.622154 0.931630 0.647660 8.930718
0.045328 0.394048 0.158618 1.000000 1.000000 0.152666 0.000000 0.661666 0.961954 1.000000 8.930718
0.077642 0.474087 0.171729 1.000000 0.546858 0.616390 0.671436 0.320104 1.000000 1.000000 8.930718
0.160518 0.349171 0.002041 0.921854 0.953449 0.215872 0.210115 0.963014 0.000000 0.226423 8.930718
0.106843 0.425620 0.000000 1.000000 0.533324 0.059013 0.981121 0.255494 0.859063 0.843345 8.930718
0.000000 0.447456 0.026789 1.000000 0.546858 0.419296 0.816905 0.292819 1.000000 0.899113 8.930718
0.410751 0.738858 0.439193 0.926005 0.564509 0.110719 0.075324 0.999799 0.164879 0.375983 1.171979
0.378342 0.420868 0.082598 0.857199 0.346718 0.000000 1.000000 0.000000 0.426828 0.000000 8.930718
0.047561 0.476565 0.078783 0.757971 0.250946 0.000000 0.352762 1.000000 0.693713 0.152221 8.930718
0.055356 0.386803 0.000000 0.771405 0.383538 0.664791 0.000000 0.802635 0.000000 0.113421 8.930718
0.000000 0.346156 0.000000 1.000000 0.495091 0.850775 0.138562 1.000000 0.148750 0.463450 8.930718
0.000000 0.380794 0.000000 0.692787 0.159963 0.318239 0.692819 1.000000 0.136539 0.332966 8.930718
0.047561 0.424848 0.078783 0.740723 0.257700 0.036708 0.654692 0.559182 0.800870 0.465056 8.930718
0.000000 0.395829 0.000000 1.000000 0.246277 0.257313 0.675636 0.023884 0.778373 0.440239 8.930718
0.000000 0.454521 0.000000 0.892335 0.332916 0.271879 0.512414 0.000000 0.922910 1.000000 8.930718
0.032722 0.454657 0.018125 0.794810 1.000000 0.000000 0.000000 0.880263 1.000000 0.584807 8.930718
0.019200 0.352161 0.017449 1.000000 0.866879 0.000000 0.654692 0.537868 0.662968 0.748798 8.930718
0.201174 0.400371 0.144277 1.000000 0.847450 0.136361 0.268753 1.000000 0.601161 0.756603 8.930718
0.381451 0.410423 0.273770 0.862414 0.699950 0.011034 1.000000 0.622622 0.110678 0.432454 8.930718
0.000000 0.454521 0.025201 1.000000 0.654460 0.000000 0.133907 0.161666 1.000000 1.000000 8.930718
0.000000 0.398902 0.025741 0.911972 0.000000 0.854069 1.000000 0.687155 0.382855 0.689597 8.930718
0.230084 0.370159 0.213555 1.000000 0.404118 0.079151 0.183588 0.373425 0.557907 0.087222 8.930718
0.059373 0.433746 0.125527 1.000000 0.000000 0.000000 1.000000 0.000000 1.000000 1.000000 8.930718
0.085691 0.366423 0.128866 0.948269 1.000000 0.000000 0.352248 0.882573 0.439505 0.103149 8.930718
0.063104 0.381597 0.142564 1.000000 0.314406 0.000000 0.633142 0.001476 0.918715 0.263317 8.930718
0.313137 0.416608 0.000000 1.000000 0.000000 0.010360 0.334798 0.633523 0.840081 0.974610 8.930718
0.064970 0.369076 0.000000 1.000000 0.966072 0.619608 0.000000 1.000000 0.908593 0.259554 8.930718
0.355542 0.393690 0.216078 0.748051 0.516657 0.448809 0.488966 0.000000 0.684277 0.441170 8.930718
0.066912 0.400850 0.000000 0.902175 0.079053 0.333131 0.000000 0.735106 1.000000 1.000000 8.930718
0.016004 0.442197 0.049513 1.000000 0.958002 0.145268 1.000000 0.000000 0.748082 0.842103 8.930718
0.377606 0.399459 0.064784 1.000000 0.568022 0.651399 0.437856 0.726534 1.000000 0.269098 8.930718
0.000000 0.388466 0.114554 0.974531 0.210048 1.000000 0.492310 0.739956 0.967407 0.483289 8.930718
0.331983 0.370159 0.118402 0.941786 0.000000 0.079500 0.241987 0.000000 0.595541 0.110401 8.930718
0.021939 0.336737 0.009242 0.867293 0.225845 1.000000 0.834582 0.563138 0.659764 0.245649 8.930718
0.158050 0.388062 0.000000 1.000000 0.218525 0.149649 0.362130 0.108654 1.000000 0.681655 8.930718
0.215841 0.362444 0.006559 0.723990 1.000000 1.000000 0.000000 1.000000 0.059821 1.000000 8.930718
0.352310 0.337653 0.101147 0.812291 0.467253 0.527245 0.049390 0.414535 0.933989 0.716015 8.930718
0.000000 0.420845 0.289930 0.727442 0.664720 0.352762 1.000000 0.000000 0.659497 1.000000 8.930718
0.357641 0.363902 0.128389 1.000000 0.650373 1.000000 0.036374 1.000000 0.324478 0.381154 8.930718
0.317609 0.457063 0.000000 1.000000 0.495768 0.059835 0.741435 0.500000 1.000000 0.928791 8.930718
0.335759 0.419529 0.020384 1.000000 0.000000 0.385928 1.000000 0.540862 0.652202 0.230263 8.930718
0.033419 0.341011 0.000000 0.958801 0.153076 0.000000 1.000000 0.041674 0.751245 0.537257 8.930718
0.000000 0.460767 0.000000 1.000000 0.212695 0.027439 0.228706 1.000000 0.660505 0.598636 8.930718
0.200022 0.362154 0.147233 1.000000 0.400700 0.064234 0.430877 1.000000 0.814110 0.678062 8.930718
0.198261 0.421380 0.116366 0.898177 0.337733 0.000000 1.000000 0.000000 0.694709 0.674243 8.930718
0.000000 0.406273 0.089066 0.790016 0.301875 0.000000 0.621981 0.572994 1.000000 0.552375 8.930718
0.161089 0.393824 0.000000 0.971446 0.717216 0.211832 0.189351 0.913320 0.089640 0.195338 8.930718
0.046287 0.372024 0.143622 1.000000 0.405384 0.669196 0.000000 0.828188 0.692303 0.457405 8.930718
0.160946 0.383535 0.037025 0.994670 0.778679 0.000000 0.088982 0.953205 0.000000 0.083696 8.930718
0.000000 0.426391 0.055027 0.760905 0.146452 0.951960 0.000000 0.614101 1.000000 0.542478 8.930718
0.138234 0.375171 0.000000 0.881919 0.205758 0.951960 0.077855 0.092786 1.000000 0.618012 8.930718
0.133877 0.409105 0.152491 1.000000 0.038013 0.617857 0.000000 0.505532 0.812909 0.426869 8.930718
0.318864 0.430890 0.000000 0.792820 0.417029 0.068108 0.491628 1.000000 0.759798 0.179122 8.930718
0.323569 0.401679 0.032275 1.000000 0.117826 0.157061 0.476796 0.496791 0.840081 0.701334 8.930718
0.000000 0.371388 0.000000 0.867293 0.359831 0.906697 0.958311 0.401140 0.591537 0.684513 8.930718
0.091004 0.367758 0.058723 0.900815 0.633995 0.008081 1.000000 0.099390 0.820721 0.989869 8.930718
0.344967 0.345588 0.023869 1.000000 0.000000 0.257001 0.646253 0.000000 0.517294 0.192864 8.930718
0.119447 0.361283 0.070420 0.771401 0.332929 0.000000 0.153766 0.818837 0.408282 0.554965 8.930718
0.157079 0.445513 0.000000 0.700642 0.504320 0.103178 0.334191 1.000000 0.772546 0.245453 8.930718
0.000000 0.364857 0.000000 1.000000 1.000000 0.000000 0.673759 0.779992 1.000000 0.500000 8.930718
0.092147 0.457063 0.000000 1.000000 0.161530 0.000000 0.994339 0.000000 1.000000 0.927699 8.930718
0.287689 0.437370 0.144088 1.000000 0.502238 0.186607 0.845044 0.518704 0.441422 0.336945 8.930718
0.154864 0.417666 0.000000 1.000000 0.872841 0.302628 0.602168 0.573783 0.919404 0.242328 8.930718
0.184516 0.344035 0.000000 0.776279 1.000000 0.000000 0.886705 0.388900 0.393926 0.549371 8.930718
0.000000 0.412284 0.025201 0.697014 1.000000 0.000000 0.308495 0.204014 0.826871 0.914259 8.930718
0.171214 0.451666 0.000000 1.000000 0.000000 0.000000 0.991553 0.226084 1.000000 0.897645 8.930718
0.287874 0.415750 0.190854 1.000000 0.485994 1.000000 0.000000 0.675276 0.417538 0.176830 8.930718
0.000000 0.425285 0.155293 0.838760 0.210048 1.000000 0.000000 0.915303 1.000000 0.628627 8.930718
0.156164 0.340092 0.048754 0.987266 0.000000 0.431302 0.673480 0.006711 0.500998 0.299960 8.930718
0.264715 0.373168 0.229108 1.000000 0.048212 0.836318 0.763350 0.417867 1.000000 0.631932 8.930718
0.268509 0.477106 0.005524 0.725365 0.132860 0.097366 0.152687 0.382246 0.468755 0.789197 8.930718
