# gen=0 party=1
# sp x0..x(D-1) party_fit
0 0.524906 0.866758 0.867327 0.186112 0.778679 0.091483 0.848541 0.344425 0.873804 0.221292 64.297998
1 0.461807 0.771180 0.954565 0.044411 0.372685 0.842349 0.665530 0.126922 0.404505 0.317142 64.297998
2 0.869012 0.844694 0.873236 0.451523 0.205162 0.224327 0.349176 0.240883 0.540212 0.859736 64.297998
3 0.568121 0.952274 0.972400 0.231537 0.252500 0.270876 0.975301 0.363002 0.987116 0.584807 64.297998
4 0.987365 0.763952 0.831089 0.150854 0.173455 0.118493 0.535395 0.283564 0.387638 0.653586 64.297998
5 0.451644 0.891568 0.660093 0.401015 0.861560 0.427528 0.502515 0.179883 0.310177 0.115756 64.297998
6 0.997009 0.712085 0.541785 0.063980 0.995507 0.470647 0.420231 0.551796 0.459334 0.962211 64.297998
7 0.436834 0.727889 0.755388 0.282741 0.874791 0.215892 0.904389 0.338783 0.653424 0.121644 64.297998
