# gen=0 mediating population
# x0..x(D-1) f0 f1 consensus
0.447425 0.059449 14.391726 30.001889 14.391726
0.744409 0.486175 5.091220 0.080386 0.080386
0.629259 0.536997 5.091220 2.146026 2.146026
0.114092 0.371675 4.819749 0.869364 0.869364
0.334987 0.524783 3.745173 0.120151 0.120151
0.508822 0.503715 3.745173 2.146026 2.146026
0.900545 0.053083 0.219805 64.667811 0.219805
0.109424 0.648581 0.168219 29.956724 0.168219
0.966174 0.715364 1.057106 12.406876 1.057106
0.004738 0.216059 0.273870 7.187602 0.273870
0.915842 0.422007 0.116050 5.682797 0.116050
0.087482 0.739627 0.168219 4.215374 0.168219
0.955953 0.263455 2.312182 3.183507 2.312182
0.673985 0.056266 0.024792 0.211844 0.024792
0.278424 0.354015 0.710801 0.120151 0.120151
0.706799 0.387407 1.203524 0.080386 0.080386
0.226081 0.137754 0.273870 0.136729 0.136729
0.681634 0.240728 48.832946 0.080386 0.080386
0.606045 0.278509 3.225704 2.146026 2.146026
0.701689 0.161452 0.033915 0.456925 0.033915
0.822477 0.269629 0.116050 0.080386 0.080386
0.426916 0.567378 0.104729 0.177333 0.104729
0.855291 0.600770 0.355044 0.548406 0.355044
0.374573 0.351117 3.225704 0.120151 0.120151
0.830126 0.454091 0.116050 0.080386 0.080386
0.850181 0.374815 0.116050 0.080386 0.080386
0.764902 0.295040 0.818138 0.080386 0.080386
0.369342 0.592789 0.104729 0.002334 0.002334
0.797717 0.626181 0.313785 0.708927 0.313785
0.792606 0.400226 0.116050 41.295513 0.116050
0.507318 0.212379 3.225704 0.211844 0.211844
0.111758 0.510128 0.154270 0.809476 0.154270
0.059415 0.293867 0.710801 0.869364 0.710801
0.514967 0.396841 3.225704 2.146026 2.146026
0.439379 0.434622 3.225704 2.146026 2.146026
0.535022 0.317565 3.225704 38.765409 3.225704
0.222206 0.586682 1.100868 2.866222 1.100868
0.650581 0.620074 0.787140 0.177333 0.177333
0.625415 0.473395 1.203524 2.146026 1.203524
0.645470 0.394119 1.203524 2.146026 1.203524
0.737498 0.609540 0.787140 0.177333 0.177333
0.298152 0.621671 1.100868 2.866222 1.100868
0.673311 0.124345 0.024792 0.211844 0.024792
0.753618 0.603375 0.787140 0.177333 0.177333
0.270729 0.789238 1.100868 2.866222 1.100868
0.013762 0.828258 0.168219 0.362246 0.168219
0.007358 0.824025 0.168219 0.362246 0.168219
0.067465 0.928697 0.168219 0.809476 0.168219
0.137720 0.175898 0.273870 0.315099 0.273870
0.398364 0.567004 0.104729 0.120151 0.104729
0.437855 0.905938 0.540902 0.111582 0.111582
0.463335 0.516010 3.745173 2.146026 2.146026
0.806162 0.979200 0.313785 0.708927 0.313785
0.250384 0.460485 0.154270 0.120151 0.120151
0.742911 0.971659 0.787140 0.758996 0.758996
0.536303 0.847566 0.024294 27.143479 0.024294
0.515144 0.022818 0.159016 0.211844 0.159016
0.195422 0.393256 0.710801 0.120151 0.120151
0.258800 0.988555 1.100868 2.866222 1.100868
0.709520 0.016827 0.024792 0.456925 0.024792
0.306438 0.413127 0.098866 0.120151 0.098866
0.006888 0.497828 0.154270 0.362246 0.154270
0.809274 0.608948 0.313785 0.708927 0.313785
0.758720 0.639046 0.787140 0.708927 0.708927
0.958675 0.219704 2.312182 0.456925 0.456925
0.045461 0.257389 0.710801 0.315099 0.315099
0.657149 0.560994 0.787140 0.177333 0.177333
0.189769 0.521241 0.154270 0.120151 0.120151
0.006527 0.457977 0.154270 0.869364 0.154270
0.355719 0.991222 0.104729 2.866222 0.104729
0.835075 0.564130 0.313785 0.548406 0.313785
0.009087 0.959775 0.168219 0.362246 0.168219
0.406948 0.449745 3.745173 2.146026 2.146026
0.571323 0.593670 0.024294 0.177333 0.024294
0.536595 0.580730 0.024294 0.177333 0.024294
0.262974 0.440089 0.710801 0.120151 0.120151
0.864929 0.525177 0.355044 0.080386 0.080386
0.076408 0.249280 0.710801 0.315099 0.315099
0.650381 0.933657 0.787140 0.111582 0.111582
0.253075 0.612354 1.100868 2.866222 1.100868
0.885896 0.718897 1.498282 0.953706 0.953706
0.652574 0.090695 0.024792 0.211844 0.024792
0.922506 0.007542 0.219805 0.456925 0.219805
0.353914 0.767991 0.104729 2.866222 0.104729
0.478465 0.943259 0.024294 0.111582 0.024294
0.372977 0.994110 0.104729 0.002334 0.002334
0.557184 0.042834 0.159016 0.211844 0.159016
0.819713 0.251658 0.116050 0.080386 0.080386
0.709440 0.601293 0.787140 0.177333 0.177333
0.895981 0.791783 1.498282 0.953706 0.953706
0.746320 0.410738 1.203524 0.080386 0.080386
0.654441 0.760739 0.787140 0.111582 0.111582
0.746544 0.452821 1.203524 0.080386 0.080386
0.304894 0.009645 0.159016 0.381361 0.159016
0.355758 0.839266 3.618314 2.866222 2.866222
0.054492 0.335450 0.710801 0.869364 0.710801
0.347347 0.577434 0.104729 0.120151 0.104729
0.385644 0.367355 3.225704 0.120151 0.120151
0.687843 0.257812 0.024792 0.080386 0.024792
0.437019 0.133092 0.159016 0.211844 0.159016
0.555195 0.603579 0.024294 0.177333 0.024294
0.790826 0.837496 0.313785 0.708927 0.313785
0.815385 0.859327 0.313785 0.708927 0.313785
0.741062 0.251074 0.024792 0.080386 0.024792
0.934675 0.817657 0.782513 0.953706 0.782513
0.424331 0.746889 0.104729 0.177333 0.104729
0.114712 0.916921 0.168219 0.809476 0.168219
0.285416 0.032185 0.273870 0.381361 0.273870
0.504053 0.600161 0.024294 0.177333 0.024294
0.850410 0.488740 0.355044 0.080386 0.080386
0.438096 0.171161 0.159016 0.211844 0.159016
0.122838 0.878678 0.168219 0.809476 0.168219
0.179336 0.664227 1.100868 0.809476 0.809476
0.488594 0.561814 0.024294 0.177333 0.024294
0.832928 0.377165 0.116050 0.080386 0.080386
0.039337 0.402359 0.710801 0.869364 0.710801
0.166017 0.229400 0.273870 0.315099 0.273870
0.280059 0.458708 0.154270 0.120151 0.120151
0.543066 0.157516 0.159016 0.211844 0.159016
0.973555 0.388934 2.312182 3.183507 2.312182
0.971029 0.691720 0.782513 0.953706 0.782513
0.705885 0.633026 15.974196 0.177333 0.177333
0.135892 0.355144 0.710801 0.869364 0.710801
0.978240 0.426815 2.312182 12.524478 2.312182
0.652765 0.272496 0.024792 0.211844 0.024792
0.676723 0.165836 0.024792 0.456925 0.024792
0.184184 0.199339 0.273870 0.315099 0.273870
0.965444 0.297731 2.312182 3.183507 2.312182
0.436426 0.792111 0.104729 0.111582 0.104729
0.773278 0.199052 0.116050 0.456925 0.116050
0.452367 0.076702 0.159016 0.211844 0.159016
0.587409 0.633862 0.024294 0.177333 0.024294
0.007514 0.766475 0.168219 0.362246 0.168219
0.343852 0.013760 0.159016 0.381361 0.159016
0.132803 0.949094 0.168219 0.809476 0.168219
0.858062 0.753491 1.498282 0.953706 0.953706
0.317964 0.362645 0.098866 0.120151 0.098866
0.537981 0.055396 0.159016 0.211844 0.159016
0.688314 0.403609 1.203524 0.080386 0.080386
0.988960 0.591106 0.355044 0.548406 0.355044
0.525530 0.388024 3.225704 2.146026 2.146026
0.032510 0.541542 0.154270 0.362246 0.154270
0.082108 0.367471 0.710801 0.869364 0.710801
0.983644 0.655622 0.782513 0.953706 0.782513
0.344303 0.089479 0.159016 0.381361 0.159016
0.463951 0.428976 3.225704 2.146026 2.146026
0.366271 0.897807 0.104729 0.002334 0.002334
0.659739 0.878261 0.787140 0.111582 0.111582
0.310100 0.908753 1.100868 2.866222 1.100868
0.357417 0.753771 0.104729 2.866222 0.104729
0.327107 0.159635 0.159016 0.120376 0.120376
0.219580 0.125126 0.273870 0.136729 0.136729
0.366013 0.312426 3.225704 0.120151 0.120151
0.206452 0.905645 1.100868 2.866222 1.100868
0.142721 0.879911 0.168219 0.809476 0.168219
0.681871 0.728042 0.787140 0.177333 0.177333
0.476219 0.660218 0.024294 0.177333 0.024294
0.189539 0.552665 0.154270 0.120151 0.120151
0.429455 0.504776 3.745173 2.146026 2.146026
0.502889 0.813714 0.024294 0.111582 0.024294
0.166702 0.933187 1.100868 0.809476 0.809476
0.492544 0.953178 0.024294 0.111582 0.024294
0.032857 0.622655 0.168219 0.532291 0.168219
0.851872 0.954974 52.763335 0.953706 0.953706
0.361077 0.043055 0.159016 0.381361 0.159016
0.048177 0.154586 0.273870 0.333437 0.273870
0.009961 0.230011 0.273870 0.315099 0.273870
0.807003 0.442854 0.116050 0.080386 0.080386
0.784983 0.781571 0.787140 0.708927 0.708927
0.841617 0.387155 0.116050 0.080386 0.080386
0.260244 0.860473 4.405772 2.866222 2.866222
0.905966 0.535666 0.355044 3.183507 0.355044
0.203341 0.142173 0.273870 0.136729 0.136729
0.326634 0.223433 0.098866 0.120376 0.098866
0.493938 0.091546 7.589807 0.211844 0.211844
0.665223 0.085092 0.024792 0.211844 0.024792
0.873743 0.123351 0.116050 0.456925 0.116050
0.554766 0.296092 3.225704 2.146026 2.146026
0.861676 0.109318 0.116050 0.456925 0.116050
0.585372 0.493538 3.745173 2.146026 2.146026
0.642090 0.150250 0.024792 0.211844 0.024792
0.100272 0.676471 0.168219 35.958803 0.168219
0.408802 0.574732 0.104729 0.177333 0.104729
0.940093 0.474738 2.312182 3.183507 2.312182
0.944536 0.758959 1.806082 2.749920 1.806082
0.246385 0.328668 0.710801 0.120151 0.120151
0.459094 0.220655 3.225704 0.211844 0.211844
0.125278 0.173834 0.273870 0.315099 0.273870
0.780102 0.815199 0.787140 0.708927 0.708927
0.524595 0.138276 0.159016 0.211844 0.159016
0.026205 0.827182 0.168219 0.362246 0.168219
0.097346 0.819662 0.168219 0.809476 0.168219
0.644531 0.724481 0.787140 0.177333 0.177333
0.101555 0.242640 0.710801 0.315099 0.315099
0.881004 0.756798 1.498282 0.953706 0.953706
0.551684 0.654666 0.024294 0.177333 0.024294
0.835666 0.940310 0.313785 0.708927 0.313785
0.132412 0.742482 0.168219 0.809476 0.168219
0.576534 0.002338 0.159016 0.211844 0.159016
0.595858 0.214848 3.225704 0.211844 0.211844
0.632746 0.542603 5.091220 0.177333 0.177333
0.027147 0.634570 0.168219 4.232344 0.168219
0.975268 0.845154 0.782513 0.953706 0.782513
0.414034 0.660862 0.104729 0.177333 0.104729
0.308608 0.275992 0.098866 0.136729 0.098866
0.805135 0.256691 0.116050 0.080386 0.080386
0.084086 0.237285 0.710801 0.315099 0.315099
0.777231 0.921521 0.787140 0.708927 0.708927
0.766776 0.498098 5.091220 1.443762 1.443762
0.086971 0.747567 0.168219 13.323764 0.168219
0.623329 0.529256 5.091220 2.146026 2.146026
0.738136 0.927884 0.787140 0.758996 0.758996
0.000730 0.685750 0.168219 0.362246 0.168219
0.206846 0.287604 0.710801 0.120151 0.120151
0.374856 0.077495 0.159016 0.381361 0.159016
0.062088 0.977891 0.168219 0.809476 0.168219
0.682633 0.206451 0.165104 0.456925 0.165104
0.582126 0.865558 0.024294 0.111582 0.024294
0.073798 0.499238 0.154270 0.809476 0.154270
0.816903 0.289338 0.116050 0.080386 0.080386
0.243838 0.631230 1.100868 2.866222 1.100868
0.802507 0.172649 0.116050 0.456925 0.116050
0.981108 0.366009 2.312182 3.183507 2.312182
0.277757 0.294429 0.710801 0.120151 0.120151
0.804638 0.043363 0.219805 0.456925 0.219805
0.171363 0.552170 0.154270 0.809476 0.154270
0.349741 0.158589 0.159016 0.120376 0.120376
0.479142 0.806936 0.024294 0.111582 0.024294
0.400275 0.277656 3.225704 0.120151 0.120151
0.550938 0.634560 0.024294 0.177333 0.024294
0.240013 0.957414 1.100868 2.866222 1.100868
0.562804 0.885392 0.024294 0.111582 0.024294
0.371306 0.135232 0.159016 0.120376 0.120376
0.004342 0.253239 0.710801 0.315099 0.315099
0.541203 0.863962 0.024294 0.111582 0.024294
0.674425 0.633484 0.787140 0.177333 0.177333
0.876025 0.292885 0.116050 0.080386 0.080386
0.930700 0.332410 0.116050 3.183507 0.116050
0.878811 0.424271 0.116050 0.080386 0.080386
0.459153 0.540228 0.104729 0.177333 0.104729
0.520269 0.108563 1.184828 0.211844 0.211844
0.156724 0.008915 0.273870 0.333437 0.273870
0.645332 0.188109 0.024792 0.211844 0.024792
0.640754 0.531603 5.091220 2.146026 2.146026
0.515928 0.965933 0.024294 0.111582 0.024294
0.644544 0.072914 0.024792 0.211844 0.024792
0.853463 0.304806 0.116050 0.080386 0.080386
0.198793 0.055006 0.273870 0.381361 0.273870
0.351707 0.118133 0.159016 0.381361 0.159016
0.827923 0.098491 0.219805 0.456925 0.219805
0.474749 0.136595 0.159016 0.211844 0.159016
0.581999 0.137261 0.159016 0.211844 0.159016
0.784531 0.809052 0.787140 0.708927 0.708927
0.763168 0.154531 0.116050 0.456925 0.116050
0.734368 0.404928 1.203524 0.080386 0.080386
0.957180 0.693030 0.782513 0.953706 0.782513
0.879036 0.382540 0.116050 0.080386 0.080386
0.105548 0.694882 18.302000 0.809476 0.809476
0.549995 0.646894 0.024294 0.177333 0.024294
0.003543 0.986366 0.168219 0.362246 0.168219
0.121960 0.205798 0.273870 0.315099 0.273870
0.924470 0.642807 0.782513 0.953706 0.782513
0.292460 0.847265 1.100868 55.142717 1.100868
0.602361 0.886517 0.024294 0.111582 0.024294
0.602124 0.353450 3.225704 2.146026 2.146026
0.957528 0.380969 2.312182 3.183507 2.312182
0.284981 0.665601 1.100868 19.288363 1.100868
0.316214 0.596569 1.100868 2.866222 1.100868
0.440448 0.899840 0.254687 0.111582 0.111582
0.467416 0.883583 0.104729 0.111582 0.104729
0.009467 0.887522 0.168219 0.362246 0.168219
0.116158 0.724239 0.168219 0.809476 0.168219
0.265067 0.284137 0.710801 0.120151 0.120151
0.784860 0.964784 0.787140 0.708927 0.708927
0.927502 0.503604 0.355044 3.183507 0.355044
0.729413 0.441895 1.203524 0.080386 0.080386
0.380074 0.826565 0.104729 1.336249 0.104729
0.766711 0.234038 0.116050 0.080386 0.080386
0.626518 0.071827 0.024792 0.211844 0.024792
0.768543 0.087606 0.219805 0.456925 0.219805
0.806610 0.174619 0.116050 0.456925 0.116050
0.795063 0.440174 0.116050 0.080386 0.080386
0.646600 0.268591 0.024792 0.211844 0.024792
0.667033 0.941444 0.787140 0.111582 0.111582
0.271779 0.327570 0.710801 0.120151 0.120151
0.384152 0.648242 0.104729 0.002334 0.002334
0.842643 0.011890 0.219805 0.456925 0.219805
0.897889 0.965089 1.498282 0.953706 0.953706
0.098377 0.911047 0.168219 0.809476 0.168219
0.856664 0.290951 0.116050 0.080386 0.080386
0.655324 0.168564 0.024792 0.211844 0.024792
0.940201 0.853216 0.782513 0.953706 0.782513
0.077409 0.413704 0.710801 0.869364 0.710801
0.450653 0.405195 3.225704 2.146026 2.146026
0.333450 0.242987 0.098866 0.120376 0.098866
0.262270 0.363982 0.710801 0.120151 0.120151
0.613194 0.773473 0.024294 0.111582 0.024294
0.325703 0.864030 0.104729 2.866222 0.104729
0.326624 0.723265 0.104729 2.866222 0.104729
0.669462 0.336903 1.203524 2.146026 1.203524
