# Party-1 optima (Phase 1b)
# x0..x(D-1) party_fit f0 f1 consensus
0.562870 0.114844 89.435616 39.384148 89.435616 39.384148
0.087482 0.739627 84.219546 87.748473 84.219546 84.219546
0.263130 0.800892 79.074289 75.840584 79.074289 75.840584
0.612025 0.083934 74.364925 39.384148 74.364925 39.384148
0.935000 0.047360 72.107309 39.384148 72.107309 39.384148
0.489598 0.890541 69.071441 39.384148 69.071441 39.384148
0.395710 0.979807 67.412671 74.095846 67.412671 67.412671
0.094717 0.288539 66.586258 45.242849 66.586258 45.242849
