# gen=0 CA size=26
# x0..x(D-1) consensus
0.135723 0.101521 0.618446 0.042818 0.427526 23.295391
0.196199 0.003377 0.745468 0.465776 0.102952 23.295391
0.126680 0.045850 0.798640 0.866761 0.661024 23.295391
0.188684 0.140126 0.785719 0.209400 0.690121 23.295391
0.309432 0.114896 0.924491 0.138966 0.860690 23.295391
0.333864 0.074545 0.852342 0.703809 0.734556 23.295391
0.093225 0.164698 0.553617 0.077805 0.472355 23.295391
0.123463 0.115625 0.617128 0.289284 0.310068 23.295391
0.088704 0.136862 0.643714 0.489777 0.589104 23.295391
0.180080 0.171385 0.706640 0.125880 0.688937 23.295391
0.192296 0.151210 0.670565 0.408301 0.625870 23.536152
0.068604 0.179992 0.738030 0.367618 0.644010 23.295391
0.098841 0.130920 0.801542 0.579097 0.481723 23.295391
0.064082 0.152157 0.828128 0.779590 0.760759 23.295391
0.167674 0.166504 0.854979 0.698114 0.797525 23.295391
0.017072 0.102127 0.801405 0.511036 0.285514 23.295391
0.034665 0.161983 0.446806 0.201860 0.228144 8.877650
0.242751 0.124494 0.174116 0.821788 0.273230 8.877650
0.174096 0.004389 0.661840 0.678241 0.221284 23.295391
0.130454 0.026080 0.017260 0.486023 0.855033 8.877650
0.067436 0.129776 0.832970 0.535049 0.468537 23.295391
0.254206 0.131963 0.798167 0.911798 0.251752 23.295391
0.010270 0.085375 0.475073 0.930069 0.065139 8.877650
0.289926 0.030257 0.584849 0.643431 0.442487 23.295391
0.207293 0.072427 0.804352 0.558657 0.385647 23.295391
0.005722 0.086670 0.411587 0.857709 0.504820 8.877650
