# gen=10 CA size=200
# x0..x(D-1) consensus
0.384773 0.000000 0.179529 9.241343
0.257651 0.838947 0.810870 9.709317
0.276417 0.146629 0.592366 13.077017
0.668688 0.313047 0.964147 11.013082
0.674303 0.069488 0.145881 10.733378
0.270423 0.804930 0.440339 8.140221
0.259884 0.742499 0.513004 8.140221
0.545058 0.639180 0.403274 7.994694
0.673673 0.294076 0.191214 8.038143
0.551973 0.546547 0.812257 35.602693
0.750894 0.624470 0.663746 8.637038
0.521800 0.465173 0.914872 10.534985
0.235104 0.497588 0.832871 9.844033
0.702413 0.035683 0.000000 9.241343
0.604260 0.654230 0.634298 8.637038
0.844616 0.640488 0.731392 8.637038
0.637945 0.173046 1.000000 10.719881
0.876589 0.000000 0.185885 9.241343
0.603183 0.025716 0.135371 10.475922
0.565832 0.331569 0.836438 24.962739
0.360457 0.530906 0.613777 8.637038
0.531801 0.387044 0.262291 8.637038
0.837550 0.000000 0.016040 9.241343
0.992278 0.000000 0.003259 9.241343
0.733057 0.071658 0.000000 9.241343
0.650870 0.361185 0.913760 10.266833
0.575871 0.450412 0.891953 15.161969
0.903236 0.000000 0.000000 9.241343
0.874728 0.000000 0.132953 9.241343
0.881866 0.000000 0.029214 9.241343
0.629586 0.386558 0.949917 9.191166
0.669373 0.234085 1.000000 13.988038
0.464432 0.512592 0.832871 9.884644
0.610121 0.236702 1.000000 19.139706
0.800118 0.042608 0.179224 9.241343
0.950597 0.006161 0.000000 9.241343
0.653464 0.000000 0.029015 9.241343
0.394812 0.000000 0.033791 9.241343
0.990029 0.055783 0.101945 9.241343
0.326177 0.563413 0.814876 8.662255
0.484961 0.563334 0.797321 14.857292
0.481630 0.071758 0.000000 9.241343
0.339069 0.145343 0.689265 13.693121
0.770137 0.000000 0.124390 9.241343
0.269771 0.423709 0.800326 14.661840
0.529765 0.381012 0.798233 33.110650
0.609153 0.308089 1.000000 36.111245
0.522322 0.481929 0.828563 27.129196
1.000000 0.063558 0.000000 9.241343
0.773877 0.000000 0.000000 9.241343
0.792210 0.037549 0.000000 9.241343
0.860879 0.072646 0.000000 9.241343
1.000000 0.000000 0.049753 9.241343
0.573835 0.596908 0.850128 8.658940
0.563406 0.350458 0.954586 35.922283
0.568866 0.349600 0.883603 74.550508
0.275803 0.192287 0.634847 19.337148
0.671763 0.190995 1.000000 11.073810
0.287890 0.090675 0.772874 16.138635
0.964593 0.067834 0.000000 9.241343
0.521150 0.000000 0.000000 9.241343
0.239514 0.198045 0.724245 14.671663
0.750956 0.000000 0.198080 10.606961
0.226182 0.116093 0.631143 13.939336
0.999969 0.000000 0.149426 9.241343
0.227267 0.402420 0.814889 11.133861
0.362466 0.000000 0.126147 9.241343
0.593064 0.419623 0.957543 14.014983
0.303529 0.334861 0.786361 28.659707
0.578073 0.257031 0.964473 19.307346
0.299825 0.219577 0.768034 47.698758
0.492713 0.638402 0.805271 10.865724
0.707108 0.000000 0.184332 10.733378
0.616090 0.060440 0.027265 9.241343
0.251245 0.308205 0.748263 11.689866
0.748934 0.052313 0.959273 8.835588
0.576198 0.382278 1.000000 9.893894
0.303816 0.209829 0.550162 10.798826
1.000000 0.032104 0.129899 9.241343
0.265975 0.122634 0.848748 23.466468
0.279850 0.153787 0.548678 10.434731
0.475353 0.442831 0.839522 14.731536
0.679397 0.048102 0.039738 9.241343
1.000000 0.000000 0.202153 9.241343
0.310564 0.257994 0.526231 10.254444
0.579217 0.000000 0.069953 9.241343
0.528653 0.309642 0.959273 11.174744
0.271698 0.232930 0.667709 25.398605
0.613542 0.005576 0.000000 9.241343
0.264245 0.422420 0.844027 14.560768
0.590823 0.000000 0.149831 10.053587
0.738673 0.031353 0.176220 10.733378
0.804330 0.000000 0.129544 9.241343
0.841261 0.000000 0.071027 9.241343
0.938285 0.000000 0.064827 9.241343
0.523346 0.064867 0.038786 9.241343
0.647779 0.000000 0.129899 10.491036
0.707668 0.000000 0.106156 9.241343
0.872590 0.000000 0.095685 9.241343
0.553560 0.287520 0.884140 11.374315
0.569616 0.000000 0.163777 9.640001
0.349300 0.541874 0.855361 10.241081
0.263384 0.524089 0.799720 10.349345
0.315195 0.096935 0.754757 18.335272
0.477464 0.451253 0.880224 8.648467
0.824406 0.000000 0.178077 9.241343
0.336020 0.288410 0.676664 19.764444
0.266131 0.101901 0.696329 17.463896
0.524279 0.406833 0.904590 20.493317
0.210261 0.114816 0.737150 9.320619
1.000000 0.062150 0.050255 9.241343
0.670564 0.061136 0.000000 9.241343
0.507132 0.428035 0.716675 9.484352
0.879608 0.035120 0.000000 9.241343
0.679422 0.000000 0.171392 10.733378
0.985371 0.000000 0.084179 9.241343
0.326317 0.835721 0.806311 16.274862
0.503466 0.498209 0.714183 11.723826
0.436852 0.000000 0.000000 9.241343
0.331256 0.170316 0.729206 26.073020
0.635541 0.000000 0.058644 9.241343
0.313821 0.586865 0.863754 8.945583
0.638072 0.000000 0.107023 9.402507
0.578036 0.000000 0.000000 9.241343
0.784605 0.000000 0.177974 9.241343
0.395476 0.000000 0.124856 9.241343
0.980945 0.037457 0.000000 9.241343
0.333643 0.279249 0.642317 16.471607
0.582911 0.362176 0.916436 65.849901
0.450722 0.423265 0.763816 8.647294
0.628400 0.000000 0.140903 10.706997
0.623250 0.382468 0.995901 11.004410
0.291999 0.803707 0.821079 17.759377
0.507945 0.000000 0.190756 9.241343
0.887833 0.000000 0.069788 9.241343
0.644365 0.277009 1.000000 15.848642
0.775568 0.000000 0.034856 9.241343
0.318573 0.249581 0.723722 34.351537
0.851402 0.000000 0.163968 9.241343
0.218437 0.117738 0.488779 9.288723
0.589359 0.022666 0.045974 9.241343
0.538663 0.373509 0.939422 17.799914
0.397398 0.000000 0.000000 9.241343
0.571547 0.618190 0.786352 16.284457
0.940061 0.000000 0.134790 9.241343
0.680507 0.318454 1.000000 8.722599
0.664812 0.000000 0.000000 9.241343
0.603176 0.200065 1.000000 11.441494
0.586734 0.601573 0.817747 11.816699
0.402684 0.071011 0.183343 9.241343
0.648699 0.030334 0.000000 9.241343
0.905541 0.061877 0.000000 9.241343
0.560120 0.000000 0.116323 9.241343
0.563101 0.465173 0.798604 16.480387
0.259161 0.206704 0.789299 27.349901
0.591986 0.048299 0.000000 9.241343
0.457789 0.000000 0.156012 9.241343
0.737146 0.000000 0.116832 9.241343
0.392056 0.045333 0.060750 9.241343
0.539271 0.000000 0.093871 9.241343
0.367392 0.000000 0.000000 9.241343
0.259590 0.258898 0.776226 28.939494
0.457537 0.000000 0.061985 9.241343
0.867226 0.003882 0.000000 9.241343
0.538572 0.000000 0.142802 9.241343
0.286108 0.240025 0.791603 56.341912
0.774357 0.398624 0.580983 8.637038
0.404599 0.184934 0.539867 8.637038
0.693649 0.676197 0.696378 8.637038
0.964448 0.228129 0.620387 8.637038
0.737518 0.228029 0.716477 8.637038
0.530657 0.265686 0.840318 8.637038
0.672966 0.407073 0.758805 8.637038
0.866337 0.295520 0.729892 8.637038
0.506772 0.367798 0.889845 22.926116
1.000000 0.441004 0.999974 8.637038
0.644093 0.034393 0.191214 10.733378
0.695113 0.266007 0.635349 8.637038
0.615180 0.267713 0.410758 8.637038
0.934719 0.425655 0.747549 8.637038
0.400090 0.377553 0.770274 8.637038
0.878710 0.064696 1.000000 8.637038
0.374935 0.208941 0.681209 8.637038
0.762851 0.038735 0.700621 8.637038
0.586544 0.405815 0.363180 8.637038
0.468763 0.217428 0.366635 8.637038
0.950337 0.073729 0.072962 9.241343
1.000000 0.240180 0.759555 8.637038
0.616290 0.348157 0.313515 8.637038
0.710910 0.000000 0.927309 8.637038
0.479435 0.107887 0.943620 8.637038
0.531882 0.319935 0.563154 8.637038
0.698844 0.000000 0.000000 9.241343
0.692971 0.291322 0.902601 8.637038
0.779649 0.287363 1.000000 8.637038
0.439078 0.016870 0.133746 9.241343
0.790631 0.172085 0.626907 8.637038
0.670874 0.023135 0.554481 8.637038
0.598032 0.020614 0.254094 8.637038
0.891628 0.504663 0.550964 8.637038
