# Consensus Archive (v3 basin-tagged)
# x0..x(D-1) f0 f1 consensus
0.836069 0.983242 0.467369 0.297459 0.769091 0.447273 0.357756 0.996075 0.496037 0.176382 27.032300 13.453183 13.453183
0.786310 0.943336 0.541179 0.176204 0.628723 0.460754 0.739121 0.435924 0.517455 0.499388 27.032300 4.619368 4.619368
0.789333 0.842592 0.799898 0.308732 0.939951 0.194326 0.746028 0.265122 0.950619 0.261432 27.032300 4.619368 4.619368
0.411797 0.709227 0.870529 0.936359 0.648634 0.197253 0.312773 0.459143 0.681575 0.589148 16.257884 35.820578 16.257884
0.214282 0.613991 0.909658 0.689273 0.584943 0.747858 0.578424 0.213612 0.238057 0.843033 16.278412 35.820578 16.278412
0.256751 0.684979 0.913199 0.694228 0.627593 0.823956 0.946799 0.073849 0.238057 1.000000 16.258366 35.820578 16.258366
0.362797 0.692316 0.915827 0.678512 0.591900 0.769876 0.863055 0.000000 0.320117 1.000000 16.258060 35.820578 16.258060
0.236396 0.779328 0.852830 0.665687 0.642233 0.757371 0.761482 0.164231 0.000000 1.000000 16.257901 35.820578 16.257901
0.247471 0.690656 1.000000 0.821080 0.581130 0.771694 0.803261 0.169310 0.320117 0.935629 16.257886 35.820578 16.257886
0.237835 0.681545 0.906090 0.636825 0.474010 0.926499 0.650458 0.256865 0.331886 1.000000 16.261633 35.820578 16.261633
0.129693 0.675022 1.000000 0.691856 0.680454 0.884398 0.742582 0.199084 0.215563 1.000000 16.257971 35.820578 16.257971
0.550904 0.601609 0.711326 0.088331 0.703944 0.585373 0.866088 0.435183 0.397751 0.746295 16.257884 4.619368 4.619368
0.116838 0.648402 1.000000 0.639848 0.375847 0.870691 0.712664 0.379164 0.237906 0.768637 16.258002 35.820578 16.258002
0.237835 0.622517 0.906090 0.626512 0.466639 0.884334 0.593780 0.418227 0.388799 1.000000 16.257905 35.820578 16.257905
0.288148 0.712126 0.900721 0.747996 0.549570 0.850751 0.843277 0.242913 0.285983 1.000000 16.258889 35.820578 16.258889
0.488584 0.927517 0.556928 0.692224 0.767046 0.855973 0.879999 0.558416 0.455342 0.703235 16.257884 4.619368 4.619368
0.441014 0.867674 0.329940 0.682648 0.680799 0.817885 0.869855 0.712330 0.710895 0.330676 16.257884 13.453183 13.453183
0.222845 0.638181 0.898149 0.696538 0.502321 0.786837 0.700013 0.409069 0.112161 0.932702 16.260259 35.820578 16.260259
0.593449 0.846745 0.613082 0.968013 0.639428 0.780551 0.468494 0.437590 0.315599 0.695878 16.257884 10.364330 10.364330
0.545879 0.786902 0.386095 0.958437 0.553181 0.742463 0.458350 0.591504 0.571152 0.323320 16.257884 28.386817 16.257884
0.555709 0.641671 0.548024 0.961886 0.373825 0.635552 0.308447 0.393208 0.599157 0.444465 16.257884 10.364330 10.364330
0.290482 0.655692 0.863749 0.637004 0.595705 0.705925 0.761482 0.324671 0.109225 1.000000 16.282164 35.820578 16.282164
0.332721 0.690827 0.915827 0.747756 0.483378 0.663713 0.878706 0.157836 0.320117 1.000000 16.259193 35.820578 16.259193
0.265418 0.676487 0.910448 0.733144 0.685610 0.726686 0.684801 0.287612 0.352266 0.811833 16.258735 35.820578 16.258735
0.588497 0.806770 0.623830 0.961769 0.493614 0.919347 0.792142 0.483343 0.304394 0.680737 16.257884 10.364330 10.364330
0.178893 0.624025 0.853632 0.640184 0.628211 0.731352 0.592185 0.367594 0.112161 0.992013 16.260726 35.820578 16.260726
0.179528 0.688668 0.914513 0.632170 0.359585 0.674824 0.825422 0.584907 0.148166 1.000000 16.257914 35.820578 16.257914
0.141795 0.610148 0.906090 0.585619 0.570722 0.839331 0.718123 0.183440 0.388799 0.786527 16.361257 35.820578 16.361257
0.574555 0.863854 0.215677 0.509307 0.855053 0.900083 0.442470 0.586977 0.437550 0.303131 16.257884 13.453183 13.453183
0.212788 0.719778 0.852830 0.614467 0.585278 0.724856 0.628332 0.143613 0.177927 0.980556 16.270462 35.820578 16.270462
0.290482 0.655692 0.863749 0.707670 0.623589 0.802804 0.726281 0.285293 0.000000 0.805080 16.259096 35.820578 16.259096
0.237835 0.626918 0.906090 0.632377 0.582231 0.553750 0.740306 0.249620 0.134968 0.854253 16.285528 35.820578 16.285528
0.111899 0.871347 0.980578 0.994032 0.998386 0.361436 0.486775 0.525602 0.077917 0.231622 16.257884 35.820578 16.257884
0.288148 0.710370 0.900721 0.709291 0.499007 0.736744 0.794885 0.339465 0.231546 1.000000 16.268583 35.820578 16.268583
0.145270 0.608450 1.000000 0.585619 0.602806 0.721070 0.718123 0.183440 0.448394 0.887069 16.271504 35.820578 16.271504
0.229626 0.684979 0.914634 0.749602 0.477491 0.823956 0.846719 0.204193 0.180986 1.000000 16.261312 35.820578 16.261312
0.285822 0.710370 1.000000 0.664804 0.566427 0.736744 0.643874 0.225830 0.233505 0.877418 16.259321 35.820578 16.259321
0.260715 0.607743 0.861908 0.631766 0.647785 0.697375 0.711182 0.000000 0.397092 1.000000 16.262574 35.820578 16.262574
0.238954 0.700164 0.906090 0.614524 0.474010 0.764733 0.658347 0.277214 0.252108 0.837019 16.445753 35.820578 16.445753
0.265887 0.660801 0.913199 0.717555 0.708283 0.762963 0.720766 0.173463 0.269620 0.746048 16.259042 35.820578 16.259042
0.244205 0.647544 0.889934 0.664464 0.572787 0.957238 0.853814 0.078446 0.133916 0.906683 16.258644 35.820578 16.258644
0.229441 0.649689 0.878449 0.582031 0.530091 0.742797 0.674281 0.262679 0.282132 0.815029 17.986497 35.820578 17.986497
0.207558 0.650903 0.852046 0.586564 0.584402 0.856960 0.737078 0.183974 0.395940 0.791056 16.843579 35.820578 16.843579
0.237253 0.668655 0.864553 0.597886 0.567083 0.626621 0.695415 0.226405 0.181798 0.872444 16.938635 35.820578 16.938635
0.246289 0.700154 0.853598 0.581137 0.587111 0.712679 0.756637 0.355425 0.104457 0.897098 16.619597 35.820578 16.619597
0.208171 0.656519 0.872673 0.582934 0.589588 0.743952 0.674689 0.282824 0.197952 0.810841 18.012516 35.820578 18.012516
0.176957 0.652645 0.919871 0.584565 0.578976 0.758823 0.787574 0.242864 0.397918 0.932194 17.006472 35.820578 17.006472
0.248048 0.648328 0.852119 0.580533 0.608036 0.686051 0.761714 0.236102 0.300669 0.919394 18.351654 35.820578 18.351654
0.175296 0.679649 0.892038 0.585080 0.562857 0.790604 0.738287 0.355918 0.246292 0.939132 17.369859 35.820578 17.369859
0.164491 0.663119 0.851805 0.583211 0.626260 0.725468 0.736285 0.144867 0.383997 0.968582 16.826099 35.820578 16.826099
0.156798 0.633408 0.899718 0.587525 0.573739 0.956107 0.680126 0.256632 0.264851 0.941365 16.568820 35.820578 16.568820
0.204405 0.672501 0.877884 0.581230 0.546267 0.807280 0.764361 0.225186 0.313170 0.916812 17.637696 35.820578 17.637696
0.210941 0.671338 0.899213 0.581637 0.665975 0.782477 0.658801 0.312763 0.185998 0.933646 16.676819 35.820578 16.676819
0.206449 0.642008 0.853156 0.580941 0.567668 0.817284 0.670653 0.328821 0.164393 0.876974 17.943566 35.820578 17.943566
0.209229 0.652408 0.854939 0.583048 0.578491 0.776743 0.674401 0.224469 0.284557 0.783441 18.817996 35.820578 18.817996
0.230757 0.659259 0.857656 0.592568 0.570750 0.795491 0.841595 0.212059 0.235463 0.979996 16.802836 35.820578 16.802836
0.225866 0.677689 0.858172 0.584629 0.600328 0.813821 0.702775 0.285902 0.063089 0.814963 16.782400 35.820578 16.782400
0.252746 0.658644 0.891149 0.582890 0.597158 0.777032 0.737602 0.176422 0.241265 0.865455 17.646258 35.820578 17.646258
0.223132 0.654571 0.885808 0.597146 0.551786 0.813263 0.778008 0.264665 0.233034 0.899476 17.247216 35.820578 17.247216
0.184425 0.665861 0.861476 0.581798 0.593645 0.719036 0.746472 0.289983 0.372565 0.859893 17.674259 35.820578 17.674259
0.230681 0.659568 0.856807 0.634796 0.548174 0.843906 0.808182 0.131527 0.172412 0.966572 16.385293 35.820578 16.385293
0.244134 0.659296 0.853151 0.582691 0.664935 0.690441 0.834725 0.144203 0.291374 0.868784 17.498359 35.820578 17.498359
0.253209 0.668348 0.857780 0.615175 0.596929 0.686818 0.831674 0.135295 0.368091 0.919049 17.228838 35.820578 17.228838
0.457846 0.527670 0.089701 0.999449 0.579832 0.774885 0.592156 0.543772 0.308788 0.072458 10.953207 28.386817 10.953207
0.208282 0.655568 0.904468 0.594337 0.509688 0.846247 0.665759 0.280550 0.238831 0.838746 16.920176 35.820578 16.920176
0.185299 0.673285 0.895709 0.581988 0.649310 0.716096 0.729320 0.241077 0.220457 0.883155 17.335197 35.820578 17.335197
0.221605 0.677647 0.900423 0.595164 0.390096 0.694751 0.765352 0.475562 0.132952 1.000000 16.266444 35.820578 16.266444
0.198781 0.623005 0.914028 0.585656 0.478846 0.949462 0.598575 0.411765 0.385041 0.980074 16.260630 35.820578 16.260630
0.266018 0.682373 0.858248 0.609687 0.580917 0.767006 0.787353 0.173893 0.146857 0.877639 16.746772 35.820578 16.746772
0.235590 0.663426 0.908640 0.764389 0.560952 0.788830 0.802385 0.187376 0.336627 0.915058 16.273880 35.820578 16.273880
0.108501 0.910836 0.943333 0.760156 0.848882 1.000000 0.542361 0.559682 0.736653 0.000000 16.257884 35.820578 16.257884
0.050280 0.748986 0.858008 1.000000 0.757862 0.306862 0.000000 0.346495 0.616323 0.199155 16.257884 35.820578 16.257884
0.504961 0.665672 0.266816 1.000000 0.357823 1.000000 0.362854 0.724194 0.130539 0.544842 16.257884 28.386817 16.257884
0.167604 1.000000 1.000000 0.939030 0.070259 1.000000 0.306171 1.000000 0.228164 0.781701 16.257884 35.820578 16.257884
0.216282 1.000000 0.879263 0.804901 0.279716 0.395070 0.260228 0.694017 0.263802 0.891987 16.257884 35.820578 16.257884
0.000000 0.860151 1.000000 1.000000 0.652084 0.780737 0.000000 0.000000 0.533220 0.321806 16.257884 35.820578 16.257884
0.324701 0.930394 1.000000 0.622666 0.287147 1.000000 0.425108 0.000000 1.000000 0.000000 16.257884 35.820578 16.257884
0.402522 1.000000 0.978630 0.741082 0.276254 1.000000 0.960619 0.000000 0.309285 0.223740 16.257884 35.820578 16.257884
0.000000 0.730260 1.000000 0.775806 0.579991 0.471583 0.000000 0.639251 0.369665 0.985204 16.257884 35.820578 16.257884
0.349256 1.000000 0.995752 1.000000 0.169273 0.600380 0.369107 0.804923 0.010096 1.000000 16.257884 35.820578 16.257884
0.440170 0.729804 0.103991 1.000000 0.000000 0.181400 0.000000 0.884968 0.000000 0.330581 16.257884 28.386817 16.257884
0.000000 0.837672 1.000000 0.686803 0.508827 0.480631 0.180104 0.000000 0.765575 0.212592 16.257884 35.820578 16.257884
0.180271 0.909103 1.000000 1.000000 0.502136 0.225140 0.398514 0.557178 0.156003 0.792388 16.257884 35.820578 16.257884
0.011034 0.879662 1.000000 0.777747 1.000000 1.000000 1.000000 0.685399 0.194324 0.755169 16.257884 35.820578 16.257884
0.000000 0.846805 1.000000 0.871662 0.725837 1.000000 1.000000 1.000000 0.000000 1.000000 16.257884 35.820578 16.257884
0.602244 0.869166 0.811085 0.340452 1.000000 0.980839 0.969257 0.978998 0.319974 1.000000 16.257884 4.619368 4.619368
0.025440 1.000000 1.000000 1.000000 0.107045 0.576821 0.181699 0.701405 0.031571 0.317099 16.257884 35.820578 16.257884
0.003971 0.637459 0.893364 0.753000 0.755744 1.000000 0.497865 0.396917 0.886294 0.247003 16.257884 35.820578 16.257884
0.356120 0.815944 0.895426 1.000000 0.767485 1.000000 1.000000 0.000000 0.201670 0.694992 16.257884 35.820578 16.257884
0.682126 0.641671 0.060291 0.932694 0.448867 0.000000 0.504266 0.548296 0.494898 0.813219 16.257884 28.386817 16.257884
0.350429 0.772933 1.000000 1.000000 0.782957 0.593921 1.000000 0.315673 0.447375 0.602235 16.257884 35.820578 16.257884
0.092554 0.966559 0.947630 0.945081 0.101090 0.419937 1.000000 0.492452 0.950619 0.261432 16.257884 35.820578 16.257884
0.421936 0.680362 0.213302 1.000000 0.410865 0.370776 0.512807 0.620782 0.436952 0.431839 16.257884 28.386817 16.257884
0.491839 0.724355 0.491113 0.950970 0.415448 0.854775 0.874450 0.555612 0.738900 0.451821 16.257884 28.386817 16.257884
0.000000 0.901726 1.000000 1.000000 1.000000 0.561039 0.398387 0.598846 0.000000 0.134980 16.257884 35.820578 16.257884
0.000000 0.734529 1.000000 1.000000 0.909606 0.436074 0.638440 0.441197 0.000751 1.000000 16.257884 35.820578 16.257884
0.016039 1.000000 1.000000 1.000000 0.318257 1.000000 0.026818 0.835572 0.432379 1.000000 16.257884 35.820578 16.257884
0.057458 0.900746 0.904642 0.979112 0.781983 1.000000 1.000000 0.399392 0.069149 1.000000 16.257884 35.820578 16.257884
0.146380 0.904854 1.000000 0.662021 0.307603 0.710570 0.626719 0.226486 0.381975 1.000000 16.257884 35.820578 16.257884
0.362668 0.889829 0.942515 1.000000 0.131625 0.302992 0.278251 0.651885 0.350156 0.652277 16.257884 35.820578 16.257884
0.018271 0.812820 1.000000 1.000000 1.000000 0.295561 0.380188 0.531406 0.063127 0.254062 16.257884 35.820578 16.257884
0.000000 0.863751 1.000000 1.000000 0.090876 0.972940 0.085826 0.270821 0.721739 1.000000 16.257884 35.820578 16.257884
0.055949 1.000000 0.990289 0.870037 0.901234 0.966917 0.000000 0.000000 0.752887 0.592962 16.257884 35.820578 16.257884
0.109115 0.877781 1.000000 1.000000 0.446816 0.327618 0.272490 0.359223 0.165907 0.267232 16.257884 35.820578 16.257884
0.337481 0.818898 1.000000 0.974112 0.424175 0.481016 0.253514 0.134346 0.251246 0.182257 16.257884 35.820578 16.257884
0.000000 0.910299 1.000000 1.000000 0.443776 0.912761 0.000000 0.863280 0.700400 0.882483 16.257884 35.820578 16.257884
0.519466 0.676795 0.280932 0.933559 0.143773 1.000000 0.104561 0.300166 0.368610 0.899854 16.257884 28.386817 16.257884
0.201945 0.805363 1.000000 0.738765 0.326163 0.331389 0.582672 0.587555 0.165108 1.000000 16.257884 35.820578 16.257884
0.061422 0.731725 0.874490 1.000000 0.675524 0.452896 0.101538 0.226921 0.555951 0.207342 16.257884 35.820578 16.257884
0.699070 1.000000 0.210051 1.000000 0.597234 0.842134 0.471658 0.622838 0.153147 0.357627 16.257884 28.386817 16.257884
0.081855 0.867489 1.000000 1.000000 0.444907 1.000000 0.519326 0.315776 0.000000 0.832514 16.257884 35.820578 16.257884
0.358451 1.000000 1.000000 0.735321 0.509774 0.000000 0.209407 0.606776 0.000000 0.651369 16.257884 35.820578 16.257884
0.185108 0.764771 1.000000 0.607327 0.000000 0.542738 0.621892 0.411982 0.238057 0.895770 16.257884 35.820578 16.257884
0.000000 0.688571 1.000000 1.000000 0.147060 0.453626 0.172800 0.622257 0.128773 0.323330 16.257884 35.820578 16.257884
0.276895 1.000000 1.000000 0.689375 0.798383 0.963016 0.937395 0.074215 0.000000 0.640649 16.257884 35.820578 16.257884
0.204426 0.953553 0.990289 1.000000 0.554405 0.261416 0.283039 0.334133 0.186387 0.177850 16.257884 35.820578 16.257884
0.038117 0.761761 0.936201 1.000000 0.564314 0.051805 0.511454 0.075904 0.247460 0.776284 16.257884 35.820578 16.257884
0.000000 0.986953 0.942343 1.000000 0.442166 0.475458 0.370948 0.378630 0.242389 1.000000 16.257884 35.820578 16.257884
0.156591 0.677627 1.000000 0.966352 0.358566 0.538363 1.000000 1.000000 0.000000 1.000000 16.257884 35.820578 16.257884
0.000000 0.625281 0.956347 0.778988 0.042223 0.511795 0.167004 0.537191 0.000000 0.908510 16.257884 35.820578 16.257884
0.651265 1.000000 0.386847 0.972388 0.228400 0.840011 0.879667 0.928603 0.223085 0.790123 16.257884 28.386817 16.257884
0.000000 0.950525 1.000000 0.616143 0.286145 0.916801 0.531699 0.000000 0.088702 0.800087 16.257884 35.820578 16.257884
0.465315 0.852670 0.438854 1.000000 0.000000 0.428277 0.000267 0.213552 0.028829 0.527802 16.257884 28.386817 16.257884
0.000000 1.000000 1.000000 0.664848 0.027010 0.582646 0.247644 0.455706 0.396892 1.000000 16.257884 35.820578 16.257884
0.252535 0.861031 1.000000 1.000000 0.996254 0.129103 0.163113 1.000000 0.731950 0.390879 16.257884 35.820578 16.257884
0.022284 0.812304 0.912366 1.000000 0.018947 0.594256 0.623200 0.047285 0.143927 0.978521 16.257884 35.820578 16.257884
0.161189 0.902472 0.902860 0.694428 1.000000 0.312587 0.299712 0.878566 0.000000 0.204049 16.257884 35.820578 16.257884
0.000000 0.722041 1.000000 1.000000 0.874830 1.000000 1.000000 0.156348 0.946872 1.000000 16.257884 35.820578 16.257884
0.455394 0.753491 0.430744 1.000000 0.322533 0.645150 0.896880 0.892305 0.370801 0.897814 16.257884 28.386817 16.257884
0.073619 0.928846 0.978122 0.662021 0.000000 0.841668 0.210612 0.000000 0.125521 1.000000 16.257884 35.820578 16.257884
0.000000 0.774273 1.000000 0.928838 0.450919 0.746193 0.000000 0.171028 0.559625 0.402980 16.257884 35.820578 16.257884
0.209129 0.971997 0.932596 0.982499 1.000000 0.848505 0.927998 0.531777 0.644846 0.111643 16.257884 35.820578 16.257884
0.174702 0.641359 1.000000 0.695249 1.000000 0.808314 0.102524 0.339053 0.565684 0.696210 16.257884 35.820578 16.257884
0.022395 0.859322 0.955911 0.616036 0.907448 1.000000 1.000000 0.950400 0.000000 0.840231 16.257884 35.820578 16.257884
0.000000 0.836882 1.000000 0.832586 0.155308 0.667129 0.743930 0.404433 0.678100 0.712332 16.257884 35.820578 16.257884
0.087472 0.808448 0.863736 0.917190 0.161649 0.463802 0.097232 0.519324 0.263216 0.591099 16.257884 35.820578 16.257884
0.677251 0.761869 0.043859 1.000000 0.424176 1.000000 0.606211 0.546908 0.532560 0.312836 16.257884 28.386817 16.257884
0.071053 0.988399 0.910965 1.000000 0.198626 0.510058 0.000000 0.369050 0.000000 0.433267 16.257884 35.820578 16.257884
0.000000 0.652449 0.893592 1.000000 0.000000 0.560266 0.000000 0.549065 0.124142 0.512181 16.257884 35.820578 16.257884
0.245623 1.000000 1.000000 0.677533 0.558812 0.831389 0.770953 0.355533 0.451563 0.708850 16.257884 35.820578 16.257884
0.252048 0.916121 1.000000 1.000000 0.643517 0.720816 0.583834 0.866961 0.135417 0.408956 16.257884 35.820578 16.257884
0.522174 0.915640 0.473250 1.000000 0.315186 0.910101 0.950681 0.906674 0.194189 0.992013 16.257884 28.386817 16.257884
0.000000 0.600258 0.949075 1.000000 0.343576 0.227129 0.142039 0.597659 0.000000 0.171061 16.257884 35.820578 16.257884
0.000000 0.722896 1.000000 0.790679 0.681355 1.000000 1.000000 0.520519 0.200007 1.000000 16.257884 35.820578 16.257884
0.346915 0.870229 1.000000 1.000000 0.273083 1.000000 0.203143 0.962434 0.337247 1.000000 16.257884 35.820578 16.257884
0.042762 1.000000 1.000000 0.664848 0.239098 0.802187 0.536706 0.229160 0.382172 0.860911 16.257884 35.820578 16.257884
0.000000 0.689051 0.904947 0.851271 0.470145 0.743143 0.764111 0.342753 0.230102 0.391247 16.257884 35.820578 16.257884
0.000000 0.933521 1.000000 0.894714 0.364542 0.562366 0.895037 0.572700 0.585163 0.228730 16.257884 35.820578 16.257884
0.146050 1.000000 1.000000 0.958795 0.161245 0.351930 0.000000 0.116055 0.000000 1.000000 16.257884 35.820578 16.257884
0.000000 0.846826 0.879404 0.923481 0.183622 0.302187 0.420124 0.286432 0.264672 0.962146 16.257884 35.820578 16.257884
0.312062 0.829148 1.000000 0.600919 0.480416 1.000000 0.876492 0.000000 1.000000 0.094302 16.257884 35.820578 16.257884
0.343227 1.000000 1.000000 0.779712 0.394812 1.000000 0.730073 0.044189 0.630627 0.000000 16.257884 35.820578 16.257884
0.000000 0.966461 1.000000 0.906485 0.013334 1.000000 0.110862 0.867640 0.507662 0.821715 16.257884 35.820578 16.257884
0.261478 0.871591 1.000000 0.793445 0.394168 0.271516 0.320986 0.501419 0.274081 1.000000 16.257884 35.820578 16.257884
0.347466 1.000000 1.000000 0.799707 0.116507 0.434924 0.787088 0.491730 0.313748 0.786526 16.257884 35.820578 16.257884
0.438149 0.800213 0.468245 1.000000 0.339506 0.728835 0.654825 0.377117 0.870170 1.000000 16.257884 28.386817 16.257884
0.567895 1.000000 0.417620 1.000000 0.252256 0.564592 0.756889 1.000000 0.056172 1.000000 16.257884 28.386817 16.257884
0.296575 0.972097 0.897719 0.407234 0.641564 1.000000 0.618917 0.000000 0.914236 0.000000 16.257884 13.755416 13.755416
0.623933 0.634747 0.244332 1.000000 0.638779 0.387519 0.649772 0.842486 0.427478 0.000000 16.257884 28.386817 16.257884
0.000000 0.903350 0.876490 1.000000 0.949529 0.593532 0.569253 0.411612 0.118285 0.068148 16.257884 35.820578 16.257884
0.052810 0.943336 1.000000 0.943764 0.358478 0.460754 0.679481 0.871579 0.596824 0.499388 16.257884 35.820578 16.257884
0.182071 0.834199 1.000000 0.686874 1.000000 0.599494 0.073011 0.821179 0.548084 0.387428 16.257884 35.820578 16.257884
0.000000 0.613784 1.000000 0.732147 0.800424 0.348860 1.000000 0.649090 0.290709 1.000000 16.257884 35.820578 16.257884
0.331521 0.647868 0.956134 0.840453 0.522254 0.573383 0.444160 0.645334 0.439322 0.538846 16.257884 35.820578 16.257884
0.071059 0.707592 0.898149 0.719865 0.438178 0.691886 0.419478 0.592707 0.112161 0.456425 16.257884 35.820578 16.257884
0.256993 0.811302 1.000000 0.947020 0.000000 0.692830 0.557335 0.313427 0.062502 0.824805 16.257884 35.820578 16.257884
0.000000 0.610455 1.000000 0.803664 0.000000 0.323062 0.483231 0.702643 0.600673 1.000000 16.257884 35.820578 16.257884
0.080024 0.826281 1.000000 0.928929 0.536904 0.318038 0.257119 0.364548 0.015910 0.490481 16.257884 35.820578 16.257884
0.441342 0.861345 0.220222 0.992510 0.430204 0.743284 0.000000 0.230444 0.453874 0.114948 16.257884 28.386817 16.257884
0.181520 0.728070 1.000000 1.000000 0.000000 0.472760 0.408115 0.808071 0.558218 0.952625 16.257884 35.820578 16.257884
0.299064 0.628089 0.957874 0.715276 0.800428 0.140487 0.784537 0.710675 0.000000 1.000000 16.257884 35.820578 16.257884
0.177024 0.662500 1.000000 1.000000 0.063268 0.560930 0.289561 0.545953 0.000000 0.674828 16.257884 35.820578 16.257884
0.000000 0.669686 0.868500 1.000000 0.810421 0.335660 0.670670 0.425296 0.148166 0.266362 16.257884 35.820578 16.257884
0.096781 0.966494 1.000000 0.729560 1.000000 0.801866 1.000000 0.164022 0.000000 1.000000 16.257884 35.820578 16.257884
0.350084 0.640940 1.000000 0.723071 0.813371 0.546652 0.848469 0.741996 0.000000 1.000000 16.257884 35.820578 16.257884
0.528262 1.000000 0.080582 1.000000 0.000000 0.828115 0.931146 0.486174 0.906313 0.822166 16.257884 28.386817 16.257884
0.000000 0.788296 1.000000 1.000000 1.000000 0.893575 1.000000 0.034579 0.988542 1.000000 16.257884 35.820578 16.257884
0.000000 1.000000 1.000000 1.000000 0.498103 0.893402 0.086400 0.000000 0.597607 0.483471 16.257884 35.820578 16.257884
0.242245 0.691600 1.000000 0.808838 0.690573 0.766721 0.000000 0.555342 0.835773 0.760423 16.257884 35.820578 16.257884
0.159605 0.716793 1.000000 0.869794 0.280849 0.473914 0.025250 0.373238 0.240946 0.302805 16.257884 35.820578 16.257884
0.377695 0.989219 0.872629 1.000000 0.794625 0.591780 0.584616 0.208594 0.711103 0.614611 16.257884 35.820578 16.257884
0.000000 0.915536 1.000000 0.819945 0.333366 0.959502 0.000000 0.000000 0.839964 0.133557 16.257884 35.820578 16.257884
0.189485 1.000000 0.895261 0.869712 0.844031 0.505617 0.848805 0.666691 0.058501 1.000000 16.257884 35.820578 16.257884
0.341477 0.840245 1.000000 0.831638 0.353802 0.590878 0.000000 0.851498 0.458576 1.000000 16.257884 35.820578 16.257884
0.169882 0.735491 0.905419 1.000000 0.883366 0.046500 0.426741 0.287191 0.233172 0.425511 16.257884 35.820578 16.257884
0.000000 0.888048 1.000000 1.000000 0.853679 0.711294 1.000000 0.157808 0.099787 0.726121 16.257884 35.820578 16.257884
0.042767 0.861221 1.000000 0.777577 0.352361 0.750624 1.000000 0.201092 0.482952 0.910236 16.257884 35.820578 16.257884
0.206273 0.920678 0.968245 0.709844 0.452844 0.540335 0.774661 0.303670 0.740811 1.000000 16.257884 35.820578 16.257884
0.109372 0.938245 0.912987 1.000000 0.734875 0.832302 1.000000 0.085766 0.115904 0.667015 16.257884 35.820578 16.257884
0.195095 1.000000 1.000000 1.000000 0.710334 0.227646 0.271185 0.699454 0.000000 0.498999 16.257884 35.820578 16.257884
0.025621 0.969122 0.931446 0.948773 0.165112 1.000000 0.472738 0.000000 0.531197 0.161921 16.257884 35.820578 16.257884
0.000000 0.861177 1.000000 0.953347 0.838620 0.417548 0.832254 0.332178 0.000000 0.761965 16.257884 35.820578 16.257884
0.000000 0.971689 0.910965 1.000000 0.443141 0.344990 0.287446 0.527509 0.000000 0.933267 16.257884 35.820578 16.257884
0.337389 1.000000 0.903168 0.592730 0.871921 0.254141 0.599468 1.000000 0.131131 0.678798 16.257884 35.820578 16.257884
0.699142 0.612846 0.241906 1.000000 0.498516 0.989249 0.796278 0.559122 0.580953 0.238949 16.257884 28.386817 16.257884
0.172398 1.000000 1.000000 0.831638 0.574994 0.696522 0.000000 0.930770 0.344857 0.754855 16.257884 35.820578 16.257884
0.004377 0.740646 1.000000 0.644721 0.952468 1.000000 0.000000 0.490653 0.547522 0.789600 16.257884 35.820578 16.257884
0.084939 0.896975 1.000000 0.784601 0.776175 0.516424 1.000000 0.316918 0.000000 1.000000 16.257884 35.820578 16.257884
0.264602 0.990041 0.990289 1.000000 0.508967 0.160747 0.332214 0.698722 0.000000 0.177850 16.257884 35.820578 16.257884
0.000000 0.881629 0.879404 0.944572 0.159597 0.203281 0.353785 0.401012 0.000000 1.000000 16.257884 35.820578 16.257884
