# gen=0 CA size=28
# x0..x(D-1) consensus
0.137568 0.149688 0.230194 0.850903 0.998624 8.877650
0.057760 0.032758 0.339491 0.331850 0.356482 8.877650
0.342916 0.052812 0.558727 0.542621 0.761197 23.295391
0.254004 0.095005 0.640977 0.833074 0.514503 23.295391
0.276522 0.119804 0.633218 0.485126 0.354003 23.295391
0.181127 0.150729 0.115087 0.978304 0.496521 8.877650
0.240242 0.101250 0.394461 0.696762 0.879911 8.877650
0.195786 0.122347 0.435586 0.841989 0.756563 8.877650
0.207045 0.134746 0.431706 0.668014 0.676314 8.877650
0.159348 0.150208 0.172641 0.914603 0.747573 8.877650
0.200338 0.042785 0.449109 0.437235 0.558839 8.877650
0.155882 0.063881 0.490234 0.582462 0.435492 8.877650
0.167141 0.076281 0.486355 0.408488 0.355242 8.877650
0.119444 0.091743 0.227289 0.655077 0.426501 8.877650
0.140659 0.143581 0.968029 0.919654 0.832008 23.295391
0.043274 0.081256 0.047191 0.387758 0.612527 8.877650
0.290121 0.130812 0.431610 0.473169 0.292353 8.877650
0.328025 0.180988 0.681374 0.892562 0.009119 23.295391
0.130649 0.105333 0.018661 0.910653 0.077514 8.877650
0.135686 0.137900 0.647625 0.523534 0.098350 23.295391
0.128203 0.072493 0.739574 0.293495 0.495915 23.295391
0.001478 0.047175 0.024553 0.754575 0.369552 8.877650
0.187854 0.035569 0.558479 0.392799 0.762000 23.295391
0.053293 0.092900 0.238133 0.250841 0.573709 8.877650
0.063518 0.007450 0.850515 0.109964 0.354866 23.295391
0.199437 0.070304 0.240361 0.653564 0.260983 8.877650
0.127361 0.169454 0.266020 0.432490 0.591437 8.877650
0.083934 0.005571 0.546711 0.858893 0.621549 23.295391
