# Party-1 optima (Phase 1b)
# x0..x(D-1) party_fit f0 f1 consensus
0.668345 0.591126 0.546675 0.602117 0.906591 11.893521 11.400919 11.893521 11.400919
0.221932 0.596146 0.155741 0.088966 0.723190 11.864916 9.059689 11.864916 9.059689
0.406478 0.695407 0.811388 0.709121 0.065727 11.849244 11.400919 11.849244 11.400919
0.182996 0.720010 0.905191 0.565470 0.060218 11.726262 15.001352 11.726262 11.726262
0.265323 0.517902 0.232885 0.860812 0.850878 11.400919 11.400919 11.400919 11.400919
0.247673 0.401875 0.426072 0.617853 0.966394 11.400919 11.400919 11.400919 11.400919
0.675506 0.986697 0.847273 0.879619 0.147933 11.400919 11.400919 11.400919 11.400919
0.464719 0.482293 0.124428 0.483071 0.809103 11.400919 11.400919 11.400919 11.400919
