# Consensus Archive (v3 basin-tagged)
# x0..x(D-1) f0 f1 consensus
0.280732 0.891406 0.549172 9.802327 8.538563 8.538563
0.298901 0.851110 0.547504 12.410445 21.765236 12.410445
0.198840 0.338418 0.319807 9.505784 12.320852 9.505784
0.175772 0.364508 0.172351 85.984157 85.285517 85.285517
0.858222 0.909909 0.299411 66.654436 42.056865 42.056865
0.815960 0.567626 0.825518 8.650237 8.685525 8.650237
0.180461 0.336856 0.201604 28.661870 50.789925 28.661870
0.196507 0.336003 0.361478 6.301523 6.843897 6.301523
0.875353 0.883456 0.298195 89.944577 88.723125 88.723125
0.172004 0.385682 0.177383 40.980811 56.159573 40.980811
0.868229 0.938875 0.313468 6.611785 13.652211 6.611785
0.171585 0.373693 0.106408 56.096741 43.225729 43.225729
0.177673 0.363733 0.194058 88.213051 87.797695 87.797695
0.296673 0.831349 0.531505 28.966334 28.942943 28.942943
0.282138 0.857573 0.522264 20.540180 15.009752 15.009752
0.301214 0.790107 0.551790 5.926699 44.526058 5.926699
0.298354 0.831288 0.583393 6.690308 43.597354 6.690308
0.328332 0.783649 0.451527 7.701488 15.897781 7.701488
0.190378 0.385847 0.113572 10.620054 30.713336 10.620054
0.329711 0.836744 0.446173 9.459233 8.022108 8.022108
0.835309 0.562775 0.796352 5.233934 8.719135 5.233934
0.767699 0.553404 0.792888 9.697699 5.277447 5.277447
0.153369 0.334419 0.112191 7.671726 5.385616 5.385616
0.178673 0.385682 0.239146 18.181396 22.664210 18.181396
0.152854 0.368497 0.069017 8.858086 7.224449 7.224449
0.202484 0.387664 0.159059 5.043595 15.939436 5.043595
0.182343 0.362404 0.233893 77.220365 70.867611 70.867611
0.186620 0.366091 0.291069 38.283042 26.123267 26.123267
