# gen=500 CA size=200
# x0..x(D-1) consensus
0.591147 0.771288 0.366196 81.091265
0.340388 0.394191 0.790020 21.017507
0.517024 0.774008 0.533321 56.277349
0.035246 0.614998 0.427704 9.992821
0.289581 0.389475 0.754550 84.886328
0.005477 0.149252 0.526542 10.542107
0.048067 0.738061 0.410793 9.992821
0.126487 0.264976 0.269025 14.125163
0.559668 0.758833 0.403600 56.912802
0.125986 0.161734 0.437784 14.125163
0.259170 0.373287 0.766208 29.952808
0.346656 0.962660 0.231227 14.125163
0.857903 0.953310 0.321407 14.125163
0.602668 0.784359 0.351459 62.909962
0.689531 0.943084 0.705783 14.125163
0.843813 0.766765 0.997483 14.125163
0.554797 0.767392 0.482773 78.331179
0.515690 0.746023 0.576545 33.561747
0.569536 0.767001 0.424074 88.300015
0.277028 0.451574 0.759709 25.697971
0.522153 0.760001 0.476213 35.217239
0.578019 0.740605 0.387266 31.344916
0.577428 0.800948 0.361665 35.931527
0.530334 0.758719 0.555193 55.024805
0.587102 0.746378 0.481996 29.387609
0.501523 0.762099 0.587776 43.163241
0.539891 0.779621 0.553248 36.040935
0.535338 0.741062 0.583160 31.327498
0.525025 0.782953 0.488159 47.191445
0.301060 0.370010 0.802731 27.926429
0.595822 0.761175 0.311220 42.230014
0.559153 0.729795 0.478429 28.248304
0.644747 0.808927 0.146460 21.259649
0.531917 0.769202 0.520046 64.176261
0.496326 0.749957 0.614999 34.025411
0.580607 0.755323 0.327769 31.238564
0.597758 0.774015 0.339321 73.563667
0.511471 0.799733 0.456220 21.881966
0.567692 0.767533 0.438234 88.512741
0.321002 0.411536 0.783727 40.285628
0.275631 0.436185 0.720072 22.376315
0.477618 0.767504 0.685385 22.687196
0.278132 0.409935 0.710483 20.319287
0.508032 0.782298 0.600463 24.398571
0.564698 0.803983 0.310238 20.848437
0.646930 0.808068 0.281123 24.438669
0.313683 0.385352 0.715652 21.218839
0.486249 0.756677 0.669107 26.495468
0.546084 0.754960 0.452162 52.684713
0.593372 0.767886 0.376379 81.229109
0.630860 0.753631 0.308421 36.250042
0.596975 0.782022 0.305215 54.445030
0.630328 0.773260 0.351687 30.561834
0.552114 0.770321 0.558852 41.880740
0.578903 0.770749 0.396977 88.200884
0.548504 0.766765 0.507574 71.752665
0.323710 0.395925 0.761216 32.476618
0.558803 0.739185 0.527784 39.824457
0.325344 0.364810 0.779630 26.443455
0.536636 0.746330 0.508542 48.161815
0.290965 0.422595 0.753821 47.919807
0.653885 0.771990 0.214653 32.794776
0.514304 0.805838 0.552480 20.061336
0.469256 0.760137 0.724650 21.006966
0.577011 0.779755 0.461839 53.788957
0.546349 0.785644 0.409074 36.024742
0.570639 0.771585 0.319709 36.252110
0.697230 0.753354 0.151770 19.755900
0.610894 0.784822 0.389834 37.453405
0.660799 0.765385 0.280003 25.785248
0.615685 0.810044 0.201059 20.031654
0.626829 0.770228 0.283306 57.736051
0.534962 0.754377 0.432205 33.059540
0.841925 0.770237 0.056547 22.740510
0.614219 0.806313 0.439137 19.747716
0.621834 0.787408 0.312887 51.463084
0.307886 0.321186 0.780111 20.217671
0.510585 0.760680 0.629347 34.789815
0.542120 0.743181 0.381619 22.417009
0.508549 0.824076 0.661665 19.652317
0.283646 0.409286 0.777637 45.140792
0.530276 0.801764 0.581612 20.597659
0.674173 0.729457 0.197248 19.652317
0.465143 0.826222 0.767805 19.652317
0.622793 0.793766 0.252574 40.238448
0.803769 0.861987 0.069821 19.652317
0.588894 0.772229 0.421527 66.709450
0.646493 0.769946 0.189086 31.736880
0.618998 0.830461 0.384269 19.652317
0.530478 0.748677 0.487825 41.314565
0.506390 0.728000 0.595704 24.184405
0.579106 0.706483 0.498024 19.652317
0.568833 0.785095 0.504895 34.917442
0.569350 0.821881 0.542127 19.652317
0.548458 0.795669 0.376463 28.171284
0.616749 0.804346 0.228160 26.156934
0.563747 0.760934 0.479324 70.390156
0.521775 0.760531 0.606897 45.959550
0.486571 0.766879 0.649865 30.182599
0.590546 0.745984 0.371637 38.316029
0.558178 0.763100 0.461779 82.255526
0.518088 0.792061 0.652721 19.652317
0.312207 0.376779 0.741740 39.133072
0.616418 0.738548 0.360180 28.313414
0.577057 0.753540 0.241120 19.652317
0.582342 0.787242 0.540264 20.554796
0.474658 0.809757 0.734294 19.652317
0.524939 0.773551 0.582592 39.655518
0.869766 0.816985 0.065469 19.652317
0.512719 0.754041 0.547094 43.118111
0.598704 0.779087 0.405894 52.720433
0.574109 0.778094 0.390551 77.423611
0.481051 0.747894 0.704039 21.718331
0.643116 0.802660 0.244742 32.014208
0.528604 0.756931 0.566070 46.973149
0.274341 0.359102 0.791400 29.536405
0.608118 0.777854 0.283222 55.281721
0.638526 0.721309 0.230790 19.652317
0.625229 0.749028 0.372306 32.182138
0.278969 0.356509 0.746216 40.560051
0.580994 0.832353 0.293517 19.652317
0.545563 0.807934 0.450878 22.121445
0.607315 0.794494 0.356506 45.444593
0.300334 0.357504 0.778240 45.407490
0.357173 0.716817 1.000000 19.652317
0.586027 0.778887 0.334979 61.561365
0.671614 0.769197 0.193801 29.461844
0.594851 0.753455 0.424796 43.933772
0.550016 0.744355 0.348691 20.834146
0.492409 0.823879 0.586315 19.652317
0.553007 0.759880 0.490284 71.338944
0.487147 0.775125 0.594369 35.973224
0.649482 0.766709 0.237151 38.245468
0.515690 0.777918 0.505117 41.225124
0.301504 0.351011 0.108799 17.601957
0.266893 0.407566 0.776337 33.722387
0.587243 0.775945 0.481817 34.173940
0.607175 0.756849 0.362598 50.131707
0.502422 0.829618 0.614122 19.652317
0.576848 0.774432 0.414647 86.029242
0.509894 0.768111 0.566311 49.112088
0.663378 0.782660 0.161859 30.055146
0.761522 1.000000 0.096458 19.652317
0.559746 0.810141 0.441235 21.974051
0.294170 0.378836 0.078519 20.945736
0.540134 0.779035 0.448164 49.856422
0.831028 0.815103 0.057770 19.652317
0.356515 0.659597 0.922162 19.652317
0.577265 0.773328 0.272653 28.547087
0.597570 0.786430 0.241087 28.472015
0.635798 0.804437 0.308015 25.132640
0.619611 0.812776 0.318389 20.514112
0.634726 0.711296 0.309382 19.652317
0.593372 0.767730 0.402184 69.017208
0.564721 0.757102 0.435601 70.353552
0.542633 0.788037 0.503966 38.536932
0.595071 0.804784 0.266835 26.795679
0.371964 0.680643 0.974048 19.652317
0.590435 0.711076 0.452051 19.652317
0.632592 0.787986 0.184512 29.008478
0.477196 0.784985 0.620004 27.862048
0.550450 0.779444 0.442936 66.829165
0.555344 0.780191 0.459668 64.000212
0.547614 0.700336 0.440663 19.652317
0.617918 0.777371 0.216718 37.064848
0.341470 0.691136 0.961236 19.652317
0.652890 0.755542 0.290947 28.081076
0.540156 0.760583 0.534359 62.280323
0.780677 0.943084 0.088168 19.652317
0.315446 0.424832 0.763734 37.428279
0.531411 0.835933 0.593637 19.652317
0.630513 0.791086 0.219157 32.349764
0.647850 0.728415 0.144660 19.652317
0.687981 0.771651 0.123862 21.021592
0.582418 0.706265 0.334398 19.652317
0.664841 0.713992 0.167000 19.652317
0.265264 0.385369 0.740986 49.246236
0.497570 0.850495 0.643159 19.652317
0.324034 0.655721 0.929117 19.652317
0.507488 0.795476 0.716820 19.652317
0.483787 0.823927 0.647997 19.652317
0.336368 0.650752 0.892962 19.652317
0.568960 0.781687 0.375217 52.471419
0.582906 0.761898 0.454637 57.837342
0.305580 0.400399 0.770585 68.083572
0.561965 0.820612 0.571058 19.652317
0.624462 0.764805 0.321407 59.286002
0.504173 0.755518 0.649343 26.413846
0.483065 0.793328 0.778962 19.652317
0.583866 0.831164 0.399425 19.652317
0.865941 0.853488 0.061178 19.652317
0.515232 0.798693 0.493671 27.527538
0.307769 0.345457 0.751424 39.293406
0.487546 0.747950 0.634577 28.371029
0.560412 0.766889 0.568682 35.610787
0.517289 0.846411 0.572306 19.652317
0.473132 0.791104 0.647691 21.424958
0.580968 0.792076 0.484094 24.478807
0.659592 0.707557 0.212022 19.652317
0.630212 0.718499 0.201757 19.652317
