# gen=100 CA size=200
# x0..x(D-1) consensus
0.104214 0.951699 0.735300 0.565607 0.117781 5.386004
0.136547 0.437543 0.750883 0.593971 0.000000 8.102371
0.072441 0.214110 0.750883 0.313585 0.065555 9.592248
0.119679 0.180445 0.785714 0.261903 0.128548 16.870063
0.194125 0.418400 0.738189 0.598713 0.000000 10.479470
0.290847 0.716849 0.261469 0.711344 0.055674 12.497105
0.274684 0.344541 0.774504 0.525887 0.078944 19.451204
0.344626 0.763542 0.106487 0.722968 0.123110 11.867203
0.811857 0.572460 0.723398 0.899195 0.290997 8.580400
0.119849 0.959949 0.849516 0.703814 0.097559 32.125006
0.201239 0.391506 0.647599 0.562824 0.007899 11.682313
0.869178 0.154740 0.729433 0.782381 0.370126 21.901581
0.139459 0.167604 0.748139 0.290247 0.083142 20.673313
0.050554 0.203223 0.742144 0.281642 0.351786 7.868266
0.181646 0.255753 0.756830 0.233212 0.000000 10.785282
0.290138 0.346366 0.740984 0.553406 0.000000 10.418998
0.132253 0.879781 0.896034 0.655476 0.092666 11.417369
0.796063 0.733642 0.651143 0.873182 0.391215 8.673990
0.142134 0.171065 0.766333 0.252076 0.280988 33.703310
0.430785 0.130641 0.119430 0.798065 0.621524 9.286250
0.985723 0.175160 0.729197 0.825712 0.452180 9.806418
0.367648 0.762904 0.220722 0.757047 0.000000 7.961494
0.210094 0.413399 0.735992 0.427340 0.095261 12.599871
0.080078 0.128495 0.752334 0.305357 0.261713 13.541896
0.131625 0.880203 0.809102 0.670358 0.111911 21.819278
0.168544 0.391059 0.729849 0.538278 0.000000 26.494284
0.108159 0.231374 0.767692 0.329016 0.300468 7.765252
0.349941 0.663552 0.194173 0.684999 0.118866 10.062227
0.207013 0.322537 0.773339 0.524998 0.000000 16.773047
0.401878 0.802208 0.201878 0.708311 0.013420 6.299424
0.007961 0.892054 0.842989 0.691200 0.122525 14.777970
0.843484 0.221520 0.785487 0.803278 0.375807 15.356960
0.181646 0.255753 0.747024 0.230865 0.193795 23.292604
0.206523 0.357487 0.785701 0.540036 0.072223 45.128814
0.289191 0.347489 0.747984 0.515861 0.000000 8.660953
0.140703 0.414753 0.716509 0.492243 0.000000 10.116717
0.787366 0.544305 0.656001 0.918003 0.364157 14.525175
0.142490 0.406515 0.786021 0.500944 0.000000 11.590375
0.286141 0.810500 0.091490 0.755560 0.125411 6.445548
0.434820 0.317988 0.293641 0.265442 0.530361 6.826852
0.000000 0.885440 0.819259 0.650350 0.096525 12.014580
0.129222 0.235244 0.778856 0.211841 0.268382 8.303167
0.068676 0.145864 0.742699 0.282757 0.191106 11.969380
0.429208 0.788214 0.193866 0.698600 0.132732 18.277767
0.224311 0.799147 0.167457 0.783120 0.108035 7.971872
0.099992 0.225875 0.740617 0.326267 0.167244 9.813771
0.125021 0.914511 0.796792 0.772367 0.168300 11.531234
0.104797 0.120238 0.800916 0.321122 0.247516 9.287246
0.060580 0.148586 0.759660 0.307595 0.217870 10.841352
0.160823 0.135667 0.787716 0.323684 0.224576 7.850531
0.220912 0.203138 0.820557 0.208825 0.147997 10.742029
0.449286 0.721679 0.205290 0.687147 0.176292 9.626812
0.783634 0.694716 0.633958 0.913246 0.368261 16.158544
0.145236 0.235730 0.736891 0.261791 0.227036 37.975268
0.158191 0.387212 0.690608 0.452259 0.000000 8.477583
0.152109 0.240283 0.753641 0.237798 0.334259 14.801403
0.236507 0.740604 0.307399 0.695651 0.105346 7.720737
0.207245 0.151144 0.798058 0.232783 0.240971 10.227449
0.169442 0.227566 0.857525 0.245524 0.247914 8.674918
0.306218 0.827927 0.137206 0.781417 0.119873 9.139098
0.217153 0.910960 0.812700 0.724483 0.106838 8.176651
0.141668 0.906355 0.849530 0.793848 0.018382 8.966130
0.000000 0.887764 0.895647 0.770562 0.051946 8.417917
0.059631 0.204412 0.694165 0.302402 0.232042 9.710385
0.112876 0.227663 0.738874 0.291505 0.000000 10.887638
0.044896 0.900073 0.794834 0.779833 0.097559 24.259967
0.157527 0.297758 0.738132 0.279314 0.000000 7.778683
0.161487 0.398219 0.783786 0.427306 0.000000 8.056392
0.178768 0.468408 0.755865 0.552034 0.000000 7.911093
0.059998 0.177663 0.772970 0.312003 0.262831 8.141319
0.251992 0.375471 0.746034 0.492951 0.000000 12.635334
0.210391 0.425430 0.725594 0.565582 0.000000 14.111129
0.207554 0.372942 0.767116 0.494904 0.065955 40.181362
0.251149 0.289772 0.741411 0.553881 0.127212 8.486410
0.930662 0.247340 0.778698 0.834049 0.337412 10.175954
0.280866 0.705187 0.169728 0.745800 0.077636 8.845762
0.241475 0.672096 0.187098 0.729201 0.169130 8.251141
0.162518 0.335473 0.607898 0.557276 0.082072 14.093779
0.300538 0.772235 0.314534 0.753448 0.072605 9.759298
0.141119 0.396926 0.717636 0.605762 0.000000 9.614805
0.194608 0.261710 0.737278 0.259678 0.000000 10.103589
0.097809 0.141798 0.756458 0.260555 0.081525 8.964181
0.140730 1.000000 0.808439 0.826374 0.061086 7.751617
0.409178 0.152650 0.115744 0.740990 0.613092 15.283126
0.220855 0.761684 0.263864 0.753201 0.186996 11.177790
0.237164 0.255142 0.792892 0.264180 0.111532 7.815920
0.176367 0.252213 0.790891 0.278363 0.000000 9.106490
0.167342 0.364575 0.655415 0.552034 0.103726 34.181086
0.202748 0.257624 0.711472 0.461503 0.081271 9.578828
0.130883 0.904448 0.819484 0.766012 0.109102 38.764524
0.072840 0.840140 0.873400 0.792741 0.046826 12.292841
0.107575 0.937531 0.756155 0.785883 0.094521 18.207778
0.124460 0.226339 0.712197 0.275008 0.101868 20.957052
0.182272 0.261932 0.809708 0.271451 0.267289 12.644182
0.745809 0.658329 0.576525 0.873858 0.348899 16.576206
0.146212 0.375189 0.757141 0.549164 0.000000 33.628332
0.175288 0.389457 0.775126 0.563222 0.000000 33.703604
0.115242 0.256250 0.740736 0.493736 0.096032 11.329059
0.105056 0.360416 0.666941 0.506334 0.019101 9.668179
0.152223 0.340783 0.678176 0.503231 0.105198 19.416838
0.143549 0.403107 0.768507 0.611547 0.077133 15.309502
0.000000 0.890924 0.778729 0.714994 0.063366 10.505473
0.271748 0.730873 0.284987 0.741011 0.064201 13.193103
0.116200 0.189387 0.701504 0.256294 0.084860 10.706089
0.252284 0.299681 0.761416 0.494501 0.000000 8.452005
0.183371 0.311123 0.602050 0.577393 0.098633 9.580009
0.222237 0.421817 0.709042 0.519846 0.000000 9.057897
0.331948 0.793887 0.197789 0.694957 0.154977 43.324691
0.717669 0.588334 0.746277 0.892920 0.376320 27.345447
0.144227 0.340446 0.751266 0.455159 0.000000 11.961933
0.270115 0.828372 0.187171 0.754729 0.123178 16.042085
0.252737 0.821468 0.253075 0.735230 0.050547 11.722571
0.214788 0.230797 0.767660 0.569379 0.000000 7.806628
0.435743 0.066152 0.056092 0.768758 0.756663 11.559538
0.741065 0.610481 0.772889 0.835633 0.348751 11.940993
0.216985 0.307160 0.808557 0.592779 0.112166 7.720910
0.188345 0.211903 0.750775 0.281258 0.000000 10.896961
0.142134 0.238263 0.793147 0.265350 0.252247 30.993761
0.000000 0.910133 0.767599 0.671877 0.090592 7.888405
0.207526 0.229395 0.808608 0.195443 0.317099 8.262055
0.126362 0.175866 0.801918 0.257585 0.169471 12.140261
0.172198 0.320714 0.716837 0.600025 0.111154 20.213258
0.000000 0.831048 0.778729 0.756314 0.090755 10.576240
0.183396 0.365152 0.581669 0.551578 0.072172 8.029165
0.175113 0.250563 0.719832 0.553940 0.029795 16.185123
0.041996 0.891669 0.901615 0.670358 0.074958 19.580197
0.121398 0.211791 0.714389 0.304312 0.089208 15.585607
0.912844 0.158481 0.784857 0.793308 0.385257 21.149928
0.144267 0.891677 0.828413 0.657135 0.077928 15.709075
0.095758 0.897363 0.755918 0.755338 0.116081 20.507290
0.149753 0.292847 0.746986 0.472009 0.094182 21.306205
0.286371 0.372233 0.713284 0.524154 0.000000 8.069361
0.234299 0.419131 0.768276 0.592074 0.098431 17.565277
0.362311 0.801352 0.237565 0.741011 0.062581 27.751492
0.092134 0.149084 0.764109 0.269077 0.116553 10.608721
0.110275 0.385269 0.683029 0.571156 0.000000 12.026505
0.778137 0.607171 0.644241 0.912717 0.345752 33.861843
0.118791 0.222984 0.789625 0.261359 0.000000 7.851383
0.235503 0.953036 0.108519 0.194392 0.648540 17.977543
0.050220 0.398383 0.751820 0.487581 0.077437 9.531412
0.147736 0.193321 0.832160 0.279249 0.085810 8.640226
0.084287 0.898774 0.835155 0.833762 0.065214 16.574932
0.113417 0.915172 0.881245 0.625704 0.135736 12.660554
0.115446 0.833150 0.874320 0.690086 0.117727 12.193046
0.087008 0.839507 0.902949 0.714449 0.092184 13.984317
0.211170 0.443083 0.751266 0.425126 0.072686 7.952927
0.164309 0.437270 0.699706 0.594821 0.096786 12.375029
0.383018 0.748003 0.310735 0.691786 0.066842 8.229813
0.257267 0.796062 0.269994 0.712422 0.095774 20.252161
0.330371 0.734066 0.275410 0.702033 0.057074 16.099081
0.265028 0.411981 0.701800 0.505654 0.083896 12.032731
0.150169 0.368819 0.765222 0.431418 0.000000 12.099152
0.409178 0.091824 0.095154 0.659023 0.621524 19.388764
0.150166 0.214164 0.797431 0.264288 0.321013 26.446779
0.129881 0.946040 0.814216 0.675107 0.106838 39.144751
0.270146 0.781638 0.206368 0.710911 0.117328 25.472778
0.166518 0.200465 0.786826 0.309214 0.110070 14.177198
0.163523 0.228924 0.770234 0.308941 0.028981 9.646424
0.129780 0.371694 0.707719 0.464869 0.000000 10.400549
0.766586 0.624393 0.730279 0.873858 0.364157 57.611864
0.091814 0.843955 0.809963 0.686136 0.151529 13.557467
0.111779 0.868265 0.915458 0.776289 0.149496 9.568483
0.199823 0.185461 0.733214 0.224724 0.115311 9.492504
0.170948 0.207355 0.831321 0.262687 0.074025 13.229102
0.164245 0.374247 0.652833 0.586494 0.000000 12.916807
0.048199 0.145176 0.748387 0.302686 0.300086 8.971175
0.087601 0.399118 0.685416 0.569767 0.082754 17.118240
0.113060 0.236649 0.738351 0.254824 0.019212 8.196652
0.293861 0.348355 0.686805 0.556010 0.051793 11.504454
0.132691 0.129669 0.782287 0.249071 0.244201 11.002935
0.186822 0.192507 0.756040 0.247604 0.188804 30.066555
0.255272 0.368819 0.765222 0.431418 0.083963 13.243798
0.187130 1.000000 0.878335 0.678481 0.121202 8.909913
0.321232 0.774411 0.206662 0.787172 0.084978 17.670884
0.184770 0.243594 0.789985 0.280836 0.196665 19.819385
0.386830 0.754650 0.125698 0.680136 0.155927 11.614946
0.363756 0.165746 0.046096 0.753128 0.699663 12.166160
0.107132 0.107111 0.780432 0.272144 0.161619 7.808647
0.971307 0.192507 0.745088 0.728449 0.432911 21.627708
0.439620 0.191260 0.101171 0.680659 0.710732 8.874861
0.189139 0.190999 0.775476 0.255184 0.141067 35.957908
0.077906 0.425965 0.754027 0.563589 0.000000 9.877348
0.080765 0.384935 0.746253 0.463769 0.000000 7.879758
0.118133 0.154408 0.720577 0.289762 0.158410 14.561543
0.261277 0.341174 0.797795 0.460871 0.073260 8.565743
0.213081 0.292272 0.744689 0.537519 0.083248 34.126271
0.307209 0.753818 0.137063 0.778440 0.186203 7.860597
0.318133 0.763672 0.233768 0.740629 0.112622 52.961020
0.083047 0.907468 0.859234 0.578523 0.105962 7.807471
0.159288 0.239446 0.766338 0.515801 0.010576 8.773541
0.407459 0.099044 0.107366 0.827579 0.746996 9.512964
0.390823 0.819287 0.107835 0.567731 0.648992 8.649433
0.035576 0.946040 0.791232 0.675107 0.098094 10.297458
0.198433 0.428677 0.748774 0.509050 0.041979 17.721640
0.230403 0.380992 0.681311 0.575410 0.083963 27.068858
0.200367 0.188012 0.800259 0.201684 0.174756 8.300286
0.407459 0.117865 0.198524 0.732757 0.705503 11.975983
0.116364 1.000000 0.795717 0.646547 0.131360 8.236831
0.412817 0.849525 0.251514 0.759132 0.187023 8.070027
0.109309 0.991677 0.830667 0.832729 0.056311 8.566743
