# gen=100 mediating population
# x0..x(D-1) f0 f1 consensus
0.782717 0.403346 0.018766 0.543715 0.373708 4.223410 3.279089 3.279089
0.642617 0.317312 0.107705 0.421212 0.536773 8.689302 3.279089 3.279089
0.791781 1.000000 0.109887 0.000000 0.544113 2.815372 3.279089 2.815372
0.878058 1.000000 0.000000 0.822807 1.000000 2.815372 3.279089 2.815372
0.702810 0.224109 0.125437 0.549215 0.656840 3.926226 3.279089 3.279089
0.771986 0.177049 0.122168 0.389700 0.524444 5.328163 3.279089 3.279089
0.651804 0.888022 0.049459 0.277605 0.263931 10.173587 3.279089 3.279089
0.700021 0.465513 0.070552 0.198190 0.502424 9.547078 3.279089 3.279089
0.766622 0.884914 0.055902 0.000000 0.007519 3.249358 3.279089 3.249358
0.701388 0.961521 0.118500 0.919793 0.836825 2.815372 3.279089 2.815372
0.858446 0.393424 0.114830 0.297535 0.582059 5.159753 3.279089 3.279089
0.892763 1.000000 0.113232 0.540714 0.424950 2.815372 3.279089 2.815372
0.695717 0.542429 0.122267 0.539735 0.591664 9.425131 3.279089 3.279089
0.631236 0.452835 0.048048 0.524036 0.630488 9.229564 3.279089 3.279089
0.792855 0.470990 0.674940 0.620523 0.122741 9.876674 5.879424 5.879424
0.783438 0.364277 0.020145 0.392143 0.471313 6.170173 3.279089 3.279089
0.654425 0.432205 0.119965 0.467383 0.301764 5.101149 3.279089 3.279089
0.858660 1.000000 0.003692 1.000000 0.367377 2.815372 3.279089 2.815372
0.705708 0.528797 0.119312 0.416745 0.346318 7.345493 3.279089 3.279089
0.223817 0.149607 0.341837 0.894302 0.362083 2.693457 2.513182 2.513182
0.778345 0.337309 0.091315 0.478649 0.548321 7.488572 3.279089 3.279089
1.000000 1.000000 0.000000 1.000000 0.628874 2.815372 3.279089 2.815372
0.808981 0.431539 0.100329 0.469018 0.447540 6.364928 3.279089 3.279089
0.682741 0.351033 0.040732 0.234687 0.440872 3.376291 3.279089 3.279089
0.741403 0.367519 0.066983 0.245312 0.633538 4.011824 3.279089 3.279089
0.881478 0.641740 0.099759 0.347071 0.376572 1.736904 3.279089 1.736904
0.807903 0.188897 0.000000 0.407579 0.587397 1.874463 3.279089 1.874463
0.687461 0.261320 0.099349 0.226795 0.527249 6.121151 3.279089 3.279089
0.744416 0.507110 0.039906 0.288336 0.273205 3.556740 10.596683 3.556740
0.961612 0.407728 0.094755 0.520973 0.551190 4.573877 3.279089 3.279089
0.984257 1.000000 0.000000 0.484926 0.350102 2.815372 3.279089 2.815372
0.798164 0.951550 0.000000 0.415644 0.408547 2.815372 3.279089 2.815372
0.204162 0.631817 0.471467 0.581672 0.886255 2.693457 0.434652 0.434652
1.000000 0.960024 0.000000 0.565313 0.000000 2.815372 3.279089 2.815372
0.643192 0.887258 0.023237 0.441996 0.000000 6.052836 3.279089 3.279089
0.548400 0.000000 0.204226 0.000000 0.488074 1.736904 2.923919 1.736904
0.798844 0.888213 0.000000 0.351567 0.000000 3.435605 3.279089 3.279089
0.745681 0.522727 0.080942 0.336477 0.518027 4.312522 3.279089 3.279089
0.861731 0.410058 0.113007 0.283652 0.458275 3.514991 3.279089 3.279089
0.766521 0.872159 0.123663 0.266588 0.000000 3.739941 3.279089 3.279089
0.885517 0.396106 0.066888 0.414133 0.375722 4.078799 3.279089 3.279089
0.811316 1.000000 0.066983 0.731624 0.186318 2.815372 3.279089 2.815372
0.695479 1.000000 0.000000 1.000000 1.000000 2.815372 3.279089 2.815372
0.866992 1.000000 0.000000 0.000000 0.956061 2.815372 3.279089 2.815372
1.000000 0.990001 0.000000 0.004746 0.797323 2.815372 3.279089 2.815372
0.642355 0.890186 0.119534 0.000000 0.082363 3.865079 3.279089 3.279089
0.674389 0.897489 0.006332 0.162050 0.071786 4.816840 3.279089 3.279089
0.950774 0.519719 0.691246 0.608052 0.192572 35.372501 23.786915 23.786915
0.846542 0.930725 0.021061 0.034136 0.333162 2.815372 3.279089 2.815372
0.738573 0.470627 0.099315 0.071365 0.406503 4.926979 3.279089 3.279089
0.876008 0.877421 0.016229 0.371758 0.091014 2.815372 3.279089 2.815372
1.000000 1.000000 0.086313 1.000000 0.526663 2.815372 3.279089 2.815372
0.775094 1.000000 0.023764 1.000000 0.610191 2.815372 3.279089 2.815372
0.921367 0.873707 0.122620 0.616095 0.725958 2.815372 3.279089 2.815372
0.808059 0.876550 0.026579 0.698644 0.636047 2.815372 3.279089 2.815372
1.000000 1.000000 0.000000 0.835862 0.000000 2.815372 3.279089 2.815372
0.868267 0.873707 0.122620 0.785036 1.000000 2.815372 3.279089 2.815372
0.732798 0.402496 0.098878 0.369859 0.397728 4.957109 3.279089 3.279089
0.812282 1.000000 0.051085 0.574668 0.100596 2.815372 3.279089 2.815372
0.715138 0.381320 0.005436 0.550347 0.647360 4.869414 3.279089 3.279089
0.820020 0.948300 0.006808 1.000000 0.866488 2.815372 3.279089 2.815372
0.679805 0.479856 0.071630 0.040732 0.570823 4.401421 3.279089 3.279089
1.000000 1.000000 0.000000 0.785076 0.141025 2.815372 3.279089 2.815372
0.720076 1.000000 0.011348 0.622726 0.690226 2.815372 3.279089 2.815372
0.698222 0.174217 0.091426 0.483230 0.311002 4.831125 3.279089 3.279089
0.717881 0.423992 0.109259 0.170018 0.277099 3.378659 3.279089 3.279089
0.827498 1.000000 0.000000 0.425867 0.688593 2.815372 3.279089 2.815372
0.857615 1.000000 0.055817 0.000000 0.000000 2.815372 3.279089 2.815372
0.750573 0.495038 0.095244 0.162604 0.653794 3.954789 3.279089 3.279089
0.921401 1.000000 0.055423 1.000000 0.170486 2.815372 3.279089 2.815372
0.085080 0.087801 0.383437 0.512195 0.003028 2.693457 2.513182 2.513182
0.279425 0.609182 0.355916 0.130836 0.331768 20.113347 3.329102 3.329102
0.616192 1.000000 0.006864 0.377483 0.451821 2.815372 3.279089 2.815372
0.896833 0.504864 0.035552 0.508435 0.628415 3.727136 3.279089 3.279089
1.000000 0.984399 0.000000 0.000000 0.000000 2.815372 3.279089 2.815372
0.829502 0.455631 0.096207 0.011849 0.541964 3.181319 3.279089 3.181319
0.807098 0.504864 0.090059 0.226844 0.415741 3.575816 3.279089 3.279089
0.188744 0.602238 0.083582 0.801525 0.929009 2.693457 0.173741 0.173741
0.682982 0.343294 0.040032 0.076735 0.649812 2.883012 3.279089 2.883012
1.000000 0.901078 0.043383 0.524337 0.262232 2.815372 3.279089 2.815372
0.642355 0.890033 0.119534 0.290576 0.000000 6.933506 3.279089 3.279089
0.645142 0.897577 0.000000 0.840663 0.792864 2.815372 3.279089 2.815372
0.670604 0.916250 0.062039 1.000000 0.207229 2.815372 3.279089 2.815372
0.740814 0.366270 0.099127 0.144359 0.563040 3.878595 3.279089 3.279089
0.977248 0.884200 0.036928 0.367464 0.182258 2.815372 3.279089 2.815372
0.730338 0.982996 0.076335 0.539735 0.280173 2.815372 3.279089 2.815372
0.966235 1.000000 0.027913 0.275943 0.151669 2.815372 3.279089 2.815372
0.631207 0.888127 0.028760 0.074656 0.247507 4.798198 3.279089 3.279089
0.824418 0.292721 0.051369 0.515786 0.450923 3.432710 3.279089 3.279089
0.874082 1.000000 0.026353 0.693852 0.091260 2.815372 3.279089 2.815372
0.910137 0.381000 0.006178 0.482382 0.652492 2.340030 3.279089 2.340030
1.000000 1.000000 0.000000 0.179239 0.000000 2.815372 3.279089 2.815372
0.705764 0.946114 0.000000 0.842145 0.284025 2.815372 3.279089 2.815372
0.676700 0.277864 0.109015 0.258900 0.346455 3.597017 3.279089 3.279089
0.943751 0.370419 0.109575 0.517339 0.429509 4.631547 3.279089 3.279089
0.622072 0.526923 0.051033 0.316525 0.217007 3.041780 3.279089 3.041780
0.360205 0.089871 0.819276 0.105394 0.659997 2.693457 2.513182 2.513182
0.613284 0.920735 0.030261 0.232800 0.479864 2.815372 3.279089 2.815372
0.632572 0.338497 0.109230 0.403919 0.343296 5.185284 3.279089 3.279089
0.847941 0.512793 0.068886 0.473770 0.278342 4.797451 3.279089 3.279089
0.786221 0.884914 0.074144 0.143278 0.257671 3.819535 3.279089 3.279089
0.734550 0.478598 0.090535 0.458953 0.091354 3.688274 3.279089 3.279089
1.000000 1.000000 0.000000 1.000000 0.380227 2.815372 3.279089 2.815372
0.773977 1.000000 0.020860 0.486475 0.881428 2.815372 3.279089 2.815372
0.839870 0.224731 0.101252 0.516127 0.654575 4.399597 3.279089 3.279089
0.944206 1.000000 0.000000 0.258669 0.549573 2.815372 3.279089 2.815372
0.868382 0.485442 0.720260 0.522924 0.060887 10.995130 11.594799 10.995130
1.000000 0.460119 0.055754 0.329132 0.568465 3.345239 3.279089 3.279089
0.624715 0.903476 0.067142 0.253607 0.100725 9.013878 3.279089 3.279089
0.774368 1.000000 0.118722 0.979656 0.000000 2.815372 3.279089 2.815372
1.000000 1.000000 0.000000 0.773519 0.664572 2.815372 3.279089 2.815372
0.879587 0.203665 0.097161 0.489357 0.515772 3.852131 3.279089 3.279089
0.827051 1.000000 0.092069 0.229608 0.222238 2.815372 3.279089 2.815372
0.753484 0.705293 0.031357 0.451453 0.296966 1.736904 3.279089 1.736904
1.000000 1.000000 0.000000 0.539273 0.718029 2.815372 3.279089 2.815372
0.814472 1.000000 0.000000 0.319189 1.000000 2.815372 3.279089 2.815372
1.000000 0.939450 0.116029 1.000000 0.652545 2.815372 3.279089 2.815372
0.741385 0.906580 0.026990 0.140265 0.809294 2.815372 3.279089 2.815372
0.999995 1.000000 0.000000 1.000000 0.251210 2.815372 3.279089 2.815372
0.906566 0.984399 0.063943 0.494022 0.271618 2.815372 3.279089 2.815372
0.694204 0.872376 0.057935 0.358748 0.070684 5.322111 3.279089 3.279089
0.999947 0.886986 0.029938 0.702279 0.797889 2.815372 3.279089 2.815372
0.550571 0.349854 0.291296 0.523484 0.546398 1.736904 0.173741 0.173741
0.998894 0.513132 0.088288 0.476124 0.590652 3.796701 3.279089 3.279089
0.996256 1.000000 0.000000 0.625328 0.804525 2.815372 3.279089 2.815372
0.498320 0.297691 0.889588 0.203098 0.929244 0.279809 0.437624 0.279809
0.936203 0.884302 0.019442 0.801985 0.000000 2.815372 3.279089 2.815372
1.000000 1.000000 0.112053 0.254526 0.668654 2.815372 3.279089 2.815372
0.742641 0.198472 0.004360 0.404119 0.464754 3.973127 3.279089 3.279089
0.630032 1.000000 0.051044 0.538743 0.009911 2.815372 3.279089 2.815372
0.930002 1.000000 0.023924 0.000000 0.485484 2.815372 3.279089 2.815372
0.950787 0.906762 0.038262 0.618786 0.407452 2.815372 3.279089 2.815372
0.006441 0.161526 0.886846 0.373598 0.911718 0.388799 0.437624 0.388799
0.818238 0.934516 0.031214 0.475365 0.164279 2.815372 3.279089 2.815372
0.891358 0.708789 0.009383 0.494022 0.186854 1.736904 3.279089 1.736904
0.605702 0.877500 0.000000 0.460714 0.200987 13.840074 3.279089 3.279089
0.659561 0.984399 0.074203 0.544343 0.420275 2.815372 3.279089 2.815372
0.940711 0.253946 0.055754 0.394070 0.373431 2.890811 3.279089 2.890811
0.520003 0.221319 0.129592 0.200401 0.666625 1.736904 2.513182 1.736904
0.874463 1.000000 0.010034 0.271021 0.294781 2.815372 3.279089 2.815372
0.911239 0.756131 0.054629 1.000000 0.219282 1.736904 3.279089 1.736904
0.687436 0.971991 0.021150 0.487196 0.589614 2.815372 3.279089 2.815372
0.879975 0.876550 0.059432 0.391125 0.269181 3.165292 3.279089 3.165292
0.903126 0.499318 0.097473 0.236805 0.557314 4.701162 3.279089 3.279089
0.841333 1.000000 0.000000 0.214126 0.483819 2.815372 3.279089 2.815372
0.943305 1.000000 0.117284 0.280219 0.034127 2.815372 3.279089 2.815372
1.000000 0.457330 0.047196 0.163861 0.000000 1.736904 3.279089 1.736904
0.965388 0.499318 0.097473 0.517912 0.462357 3.945619 3.279089 3.279089
0.757570 0.902326 0.109127 0.775829 0.282923 2.815372 3.279089 2.815372
0.801442 0.887019 0.069066 0.516430 0.326043 2.815372 3.279089 2.815372
0.979209 0.966005 0.024942 0.768008 1.000000 2.815372 3.279089 2.815372
0.172261 0.083172 0.524022 0.497036 0.000000 2.693457 2.513182 2.513182
0.720267 0.897489 0.018221 0.365808 0.178642 6.796254 3.279089 3.279089
0.252904 0.217716 0.034064 0.000000 0.454966 2.693457 2.513182 2.513182
0.868570 1.000000 0.000000 0.874601 0.398142 2.815372 3.279089 2.815372
0.806102 0.993182 0.000000 1.000000 0.200046 2.815372 3.279089 2.815372
0.315093 0.306055 0.716230 0.099998 0.524661 2.693457 2.513182 2.513182
0.793771 0.235754 0.011228 0.385830 0.325622 1.821974 3.279089 1.821974
0.747302 1.000000 0.080153 0.983131 0.302451 2.815372 3.279089 2.815372
0.618026 0.884380 0.044936 0.387471 0.748067 2.815372 3.279089 2.815372
0.658671 1.000000 0.005420 0.000000 0.736135 2.815372 3.279089 2.815372
1.000000 1.000000 0.000000 0.851428 0.767424 2.815372 3.279089 2.815372
0.766969 0.279408 0.053753 0.535118 0.305123 4.322675 3.279089 3.279089
0.704643 0.536420 0.057408 0.632505 0.019103 1.736904 3.279089 1.736904
0.224307 0.253164 0.877995 0.723766 0.745422 0.388799 0.437624 0.388799
0.959415 1.000000 0.000000 0.200600 0.420275 2.815372 3.279089 2.815372
0.668123 1.000000 0.000000 0.295223 0.564006 2.815372 3.279089 2.815372
0.903419 1.000000 0.111302 0.528976 0.000000 2.815372 3.279089 2.815372
0.997548 0.404089 0.109575 0.321341 0.255758 1.755992 3.279089 1.755992
0.266410 0.140471 0.074727 0.217836 0.593073 2.693457 2.513182 2.513182
0.179878 0.760048 0.868672 0.674181 0.726138 0.388799 0.434652 0.388799
0.946801 0.495620 0.719364 0.647343 0.049545 28.223695 16.895539 16.895539
0.409779 0.935308 0.834586 0.753439 0.229787 2.821953 0.434652 0.434652
0.100124 0.117631 0.811795 0.497219 0.086551 2.693457 2.513182 2.513182
0.224501 0.467911 0.879823 0.999089 0.004900 0.388799 0.434652 0.388799
0.366946 0.303947 0.305333 0.465199 0.829760 2.693457 2.513182 2.513182
0.739205 0.546000 0.078588 0.482960 0.502291 5.019609 3.279089 3.279089
0.640892 0.360769 0.119525 0.044142 0.539121 3.790547 3.279089 3.279089
0.910333 1.000000 0.000000 0.202315 0.836978 2.815372 3.279089 2.815372
0.825909 0.915701 0.000000 0.552728 0.812505 2.815372 3.279089 2.815372
0.827311 0.936853 0.112058 0.863195 0.540020 2.815372 3.279089 2.815372
1.000000 1.000000 0.000000 0.418849 0.640864 2.815372 3.279089 2.815372
0.895656 0.552589 0.671677 0.391418 0.169142 6.092123 6.978575 6.092123
1.000000 1.000000 0.010100 0.000000 0.151669 2.815372 3.279089 2.815372
0.651577 0.976538 0.042175 0.423693 0.951221 2.815372 3.279089 2.815372
0.622246 1.000000 0.000000 0.701800 0.768166 2.815372 3.279089 2.815372
0.010923 0.158517 0.815939 0.007009 0.555744 2.693457 2.513182 2.513182
0.288979 0.934022 0.726443 0.959949 0.063769 2.693457 0.434652 0.434652
0.838800 1.000000 0.104093 0.130204 0.487125 2.815372 3.279089 2.815372
0.709383 1.000000 0.114716 0.117086 0.120071 2.815372 3.279089 2.815372
0.044631 0.116227 0.765470 0.721647 0.952088 2.693457 2.513182 2.513182
0.612412 0.172346 0.095850 0.408209 0.560381 4.065488 3.279089 3.279089
0.088853 0.949321 0.784103 0.460945 0.081694 2.693457 0.434652 0.434652
0.826509 0.188094 0.062577 0.041413 0.476393 1.842543 3.279089 1.842543
0.800151 1.000000 0.068832 1.000000 1.000000 2.815372 3.279089 2.815372
0.930788 1.000000 0.000000 0.169568 0.967266 2.815372 3.279089 2.815372
0.854625 0.908769 0.000000 0.767327 0.329070 2.815372 3.279089 2.815372
1.000000 0.905816 0.000000 1.000000 0.000000 2.815372 3.279089 2.815372
0.857621 1.000000 0.053904 0.382848 0.173678 2.815372 3.279089 2.815372
0.936203 0.183747 0.043311 0.357073 0.237850 1.787005 3.279089 1.787005
0.622295 0.452988 0.051404 0.384745 0.413713 5.260703 3.279089 3.279089
0.662097 1.000000 0.043311 0.615037 0.895336 2.815372 3.279089 2.815372
0.742421 0.338965 0.125140 0.354538 0.604481 12.804961 3.279089 3.279089
0.976107 0.945929 0.117335 0.442344 0.444549 2.815372 3.279089 2.815372
0.763078 0.453167 0.647317 0.878527 0.609249 0.279809 1.302807 0.279809
1.000000 0.923802 0.000169 0.795018 0.346302 2.815372 3.279089 2.815372
0.705022 1.000000 0.035627 0.645640 0.000000 2.815372 3.279089 2.815372
0.715386 1.000000 0.000000 0.103607 0.414251 2.815372 3.279089 2.815372
0.795122 0.896601 0.057935 0.650926 0.258835 2.815372 3.279089 2.815372
0.855090 0.970197 0.053131 0.689424 0.566241 2.815372 3.279089 2.815372
0.818085 0.796761 0.061772 0.890682 0.112551 1.736904 3.279089 1.736904
0.378679 0.430022 0.781538 0.092938 0.935802 0.279809 0.434652 0.279809
0.519637 0.666347 0.098935 0.729792 0.783771 1.736904 0.173741 0.173741
0.700670 0.362857 0.098878 0.556212 0.337086 3.554649 3.279089 3.279089
0.916710 0.951751 0.000000 0.575324 0.154235 2.815372 3.279089 2.815372
0.854913 1.000000 0.000000 0.145724 0.253830 2.815372 3.279089 2.815372
0.762704 1.000000 0.000000 0.207258 0.176409 2.815372 3.279089 2.815372
0.668808 0.328208 0.006178 0.136940 0.303227 2.259143 3.279089 2.259143
0.977325 0.872939 0.052525 0.367681 0.413505 2.815372 3.279089 2.815372
0.942090 0.036809 0.258473 0.733554 0.517396 1.736904 0.319564 0.319564
0.894112 1.000000 0.036483 0.914765 0.754134 2.815372 3.279089 2.815372
0.710642 0.903627 0.000000 0.038748 0.125997 3.330570 3.279089 3.279089
0.193559 0.405064 0.716031 0.941586 0.513627 2.693457 0.434652 0.434652
0.772553 1.000000 0.000000 0.093754 0.000000 2.815372 3.279089 2.815372
0.890543 0.224731 0.101252 0.439610 0.190112 1.813022 3.279089 1.813022
0.331408 0.072574 0.350324 0.489384 0.573461 2.693457 2.513182 2.513182
0.936203 0.516439 0.044146 0.357073 0.237850 1.814186 3.279089 1.814186
0.890590 0.538711 0.054085 0.208187 0.149481 1.824835 3.279089 1.824835
0.009194 0.072397 0.125097 0.573387 0.969459 2.693457 2.513182 2.513182
0.775760 0.397124 0.010100 0.131377 0.151669 1.883583 3.279089 1.883583
0.739938 1.000000 0.000000 1.000000 0.000000 2.815372 3.279089 2.815372
0.711171 0.845409 0.116875 0.549385 0.810989 1.736904 3.279089 1.736904
0.722166 1.000000 0.000000 0.869089 0.680580 2.815372 3.279089 2.815372
0.865458 0.469957 0.122994 0.331170 0.336382 4.649192 3.279089 3.279089
0.809219 0.356775 0.006178 0.264490 0.473054 3.442947 3.279089 3.279089
0.780231 0.920722 0.000000 0.844856 0.394290 2.815372 3.279089 2.815372
0.272584 0.128325 0.398063 0.964378 0.987324 2.693457 2.513182 2.513182
0.615415 1.000000 0.000000 0.437786 0.189914 2.815372 3.279089 2.815372
0.265845 0.125394 0.095892 0.593960 0.582281 2.693457 2.513182 2.513182
0.041359 0.429503 0.632344 0.921454 0.385124 2.693457 0.434652 0.434652
0.683487 0.895883 0.006194 0.000000 0.000000 3.321598 3.279089 3.279089
0.858057 1.000000 0.000000 1.000000 0.906832 2.815372 3.279089 2.815372
0.988290 0.881368 0.045268 0.000000 0.663936 2.815372 3.279089 2.815372
0.754837 0.543185 0.086336 0.313357 0.645138 4.759902 3.279089 3.279089
0.814487 0.419372 0.079315 0.599164 0.265415 1.736904 3.279089 1.736904
1.000000 1.000000 0.000000 0.617478 1.000000 2.815372 3.279089 2.815372
0.801442 0.575319 0.069066 0.516430 0.864942 1.736904 3.279089 1.736904
0.342456 0.556889 0.303368 0.249883 0.135312 13.479153 4.720521 4.720521
0.770952 1.000000 0.000000 0.853805 0.000000 2.815372 3.279089 2.815372
0.704666 0.424527 0.000000 0.434964 0.329713 2.057047 3.279089 2.057047
0.633674 0.957734 0.000000 0.943682 0.546656 2.815372 3.279089 2.815372
0.628238 0.933097 0.066332 0.626226 0.228841 2.815372 3.279089 2.815372
0.625125 1.000000 0.000000 0.072028 0.137544 2.815372 3.279089 2.815372
1.000000 0.979666 0.044052 0.351508 0.850579 2.815372 3.279089 2.815372
0.503943 0.317312 0.051089 0.369749 0.419255 2.144675 2.513182 2.144675
0.845150 0.762735 0.090535 0.643358 0.781879 1.736904 3.279089 1.736904
0.800839 0.444719 0.005407 0.511067 0.184723 3.952703 3.279089 3.279089
0.959537 0.971355 0.550151 0.340866 0.658192 2.821953 0.173741 0.173741
0.771703 0.453525 0.658896 0.659508 0.138250 2.875277 2.935326 2.875277
0.875301 0.492351 0.603546 0.629067 0.186088 29.204206 35.776138 29.204206
0.877474 1.000000 0.000000 0.947162 0.581052 2.815372 3.279089 2.815372
0.607619 1.000000 0.000000 0.277605 0.137968 2.815372 3.279089 2.815372
0.152480 0.308223 0.351186 0.341384 0.135376 3.125090 2.513182 2.513182
0.678522 0.957438 0.119590 0.525616 0.702790 2.815372 3.279089 2.815372
0.819579 0.042298 0.083098 0.493610 0.259540 1.791082 0.319564 0.319564
0.672202 0.948163 0.029601 0.676889 0.511552 2.815372 3.279089 2.815372
0.843837 0.278364 0.037667 0.285004 0.646095 3.706065 3.279089 3.279089
0.841046 1.000000 0.018232 0.703124 0.965666 2.815372 3.279089 2.815372
0.905530 0.991478 0.000000 0.516430 0.622766 2.815372 3.279089 2.815372
0.706725 0.177049 0.099374 0.527924 0.498187 8.931865 3.279089 3.279089
0.137282 0.412819 0.065607 0.475333 0.463184 2.693457 0.173741 0.173741
0.985582 0.889545 0.006543 0.452726 0.700204 2.815372 3.279089 2.815372
0.701340 0.734499 0.514117 0.759662 0.456510 1.736904 0.173741 0.173741
0.308203 0.604280 0.341536 0.343967 0.275398 55.723993 31.980826 31.980826
0.081274 0.154746 0.354910 0.672174 0.521366 2.693457 2.513182 2.513182
0.939821 0.884644 0.017072 0.224905 0.142162 2.815372 3.279089 2.815372
0.649912 0.381916 0.003466 0.380095 0.591395 6.420369 3.279089 3.279089
0.648214 0.893792 0.000000 0.164044 0.621877 2.815372 3.279089 2.815372
0.909597 1.000000 0.000000 0.873138 0.155424 2.815372 3.279089 2.815372
0.736683 1.000000 0.000000 0.274117 0.761660 2.815372 3.279089 2.815372
1.000000 0.935883 0.030886 0.363319 0.528603 2.815372 3.279089 2.815372
1.000000 1.000000 0.000000 1.000000 0.784849 2.815372 3.279089 2.815372
0.830752 0.794977 0.036443 0.014243 0.249665 1.736904 3.279089 1.736904
1.000000 0.883921 0.083157 0.617478 0.952088 2.815372 3.279089 2.815372
0.818839 0.925944 0.076185 0.212850 0.122300 2.815372 3.279089 2.815372
0.626929 0.902326 0.112559 0.490989 0.218308 41.757935 3.279089 3.279089
0.453805 0.549431 0.956797 0.328258 0.780884 0.279809 0.434652 0.279809
0.620172 0.523780 0.116156 0.418243 0.149269 2.950242 3.279089 2.950242
0.730338 0.982996 0.076335 0.539735 0.280173 2.815372 3.279089 2.815372
0.199660 0.200480 0.233379 0.340466 0.447371 2.693457 2.513182 2.513182
0.687505 0.582274 0.522223 0.147270 0.339988 0.279809 0.173741 0.173741
0.833750 0.599236 0.000000 0.789326 0.580221 1.736904 3.279089 1.736904
0.796455 1.000000 0.000000 0.398323 0.000000 2.815372 3.279089 2.815372
0.915006 1.000000 0.053904 0.752800 0.376000 2.815372 3.279089 2.815372
0.435434 0.542479 0.102844 0.788035 0.687850 1.736904 0.173741 0.173741
0.687292 1.000000 0.000000 0.840128 0.106637 2.815372 3.279089 2.815372
0.635853 0.393358 0.066868 0.262222 0.336115 4.107256 10.639967 4.107256
0.471082 0.000000 0.091686 0.447311 0.282609 1.736904 2.513182 1.736904
0.701293 0.918259 0.000000 0.725346 0.045323 2.815372 3.279089 2.815372
0.469278 0.742671 0.530965 0.601645 0.181466 0.279809 0.434652 0.279809
